-2.913322353336838394e-02 5.948238013706396154e-01 1.089471926645374684e-02 9.877951360917999746e-02
-5.910923720998846331e-01 -5.019929945479977285e-01 1.186624667019724744e-01 5.479867665472355487e-01
-1.478283766711200042e-01 -3.554609444448711408e-01 -8.423377168931173165e-02 -2.322021767671738901e-01
3.103133306887088591e-02 -1.680744112622749031e-01 -2.509543798393243375e-01 5.159026467866021509e-02
1.954212152163571550e-03 3.124886419895430908e-02 1.904025801806847606e-01 7.086461698260007602e-02
-3.815211581071126790e-01 1.749659637743437024e-01 6.828131348820136448e-02 3.267963300365641088e-01
1.271133360371650908e-02 -1.868629371764002900e-01 -3.316432519347107255e-01 1.500107407806445525e-01
-2.230728875227448171e-01 2.052298947559519915e-01 1.723518658376612667e-01 3.447203947625547271e-01
2.414796674157699413e-02 -3.105975087000593660e-01 4.349118777952695053e-02 -6.504657841259818551e-02
3.723555654037138951e-01 1.575799413454463116e-01 -4.058445701055505284e-01 1.522011540636773463e-01
-2.260113311062968838e-02 -3.120395201684664777e-01 -2.812176702082393454e-01 -7.259216919824398317e-01
5.438835647346370455e-02 -2.306407838482719408e-01 -7.692768001244924825e-02 -1.314427219481392739e-01
4.052871587809248610e-01 -4.263306880010807320e-02 -2.835986447849970782e-01 2.022561610437362545e-01
1.268541924626869488e-01 -2.425601462428781385e-01 2.647959473057895363e-01 3.656636949413550330e-01
1.965626087398400154e-02 -1.813704062449810472e-01 -1.945381424163672712e-01 -1.758472748853114331e-01
-3.943119891896025297e-01 3.961139565855853473e-01 -5.773072101360284675e-02 3.510547959730983547e-01
3.642429353511761891e-01 -6.644390878923274457e-02 4.868363842422877563e-01 2.765981705631380683e-01
2.643333115563583080e-01 1.990073331385558073e-03 5.043484579556872793e-02 4.507171446653535085e-01
3.711448380700481109e-01 -1.324712296451728555e-01 2.531228434093981683e-01 6.543521976333277479e-02
-1.564953168448407761e-01 -3.036915681276858847e-01 2.443477273514530479e-01 3.387305271816968277e-01
-6.362902052654109512e-03 -3.721627976205896249e-02 -4.328229363437517685e-02 -2.902024152666362045e-01
2.742528626120179225e-01 -1.766957762653867947e-01 8.015509836824439294e-01 -4.382891145166864511e-02
3.667249227712997550e-01 3.000881430364652630e-02 -1.868544701947014441e-01 -1.449263635373116699e-01
1.931438685702852043e-01 -3.521273902505818176e-01 -6.004613432080957436e-02 9.443355362613145565e-02
2.082347839953256619e-01 4.082910341120222775e-01 -3.288992962252420549e-01 -1.241044760362440503e-03
-2.118423053970006076e-01 -9.130684479727468883e-02 2.967418185760218319e-01 3.037505522353983051e-02
1.041614687252780808e-01 8.774482198984982773e-02 -8.140118408774174585e-02 2.589864356679872914e-01
-4.267168616587788121e-01 -1.041899443202142089e-01 -8.416601997398456825e-02 5.707696857858313849e-02
8.693224426046249065e-02 3.115592139560245388e-01 -2.726303389814804246e-01 -5.588238937934576073e-02
-2.588271609551898722e-01 -4.509899573341530910e-01 -1.412560537740112643e-01 5.469380367082104372e-02
