7.050234745101479072e-01 5.821475330917641466e-01 3.304124723508151118e-01 -4.391145405117145850e-02 5.326502444150494481e-02 4.255634785939261810e-01 9.140607416116429754e-03 3.296657266688233362e-02 -1.287869657979408444e+00 -5.965840453865334236e-02 1.042977682336823753e+00 -1.557834348051490458e+00
-1.078291337620371042e-02 5.767547482464266961e-01 5.210632340148009245e-01 5.790196888784664431e-01 6.704211745283232826e-01 1.756419512951419293e-01 -3.206779790572810152e-01 7.766281353947718236e-01 -4.716899893647288344e-01 5.758080530481799464e-01 -2.476103671363285297e-01 -5.136978402752988559e-01
7.797607485593169296e-02 -9.353521012233896592e-02 1.340258786635381283e-01 -1.583179362114621458e-01 -1.412201858914865493e-01 -9.752623553110748023e-02 -3.456537864605968569e-01 3.688861913714755469e-02 -5.118374265130302136e-01 -7.307957005207942058e-02 3.205977146446885584e-01 2.585298373871662281e-01
-9.207709005697077842e-01 8.726972167313072903e-01 -1.430776527280991084e-01 -3.663689381937854650e-01 1.983697856495056089e-01 -8.876614489806001762e-01 -2.164898266919784986e-01 -3.768061269131560143e-01 -6.904528212117629904e-01 -1.502042483435446496e-01 2.307658403776621237e-01 -1.231817728272708995e-01
4.022827880249331134e-01 9.717955952951662368e-02 1.714871115726225928e-02 -4.267615375793174515e-01 3.002985986922089845e-01 -1.412327643504986296e+00 -1.303646374928179585e-01 -9.142642315871914171e-02 -1.021917770152617200e+00 -3.948722658247673656e-01 5.491004747747066372e-02 -3.794409578562618623e-02
5.826056142126798676e-01 -5.243477822498076035e-01 -4.099002658213816985e-02 6.766754028741696070e-01 -8.053364553266666170e-02 6.243413792726643097e-01 3.562894750511490516e-01 5.881741774716833238e-01 2.565865032990350403e-01 4.268597427679465817e-01 1.319815958393203703e-01 2.787783528395434973e-02
4.384492568427771353e-01 -3.789571401258113870e-01 -1.011153236400820443e+00 -2.973374660292766314e-01 -9.264427734842938245e-01 -2.360573743234493926e-01 8.753371545132576648e-01 -3.057614490485524583e-01 2.988289261036337630e-01 -2.071120498214504002e-01 2.847206528205662446e-01 -4.988350278093197504e-02
-9.200492856920494678e-01 3.355004948079406413e-01 -1.716194153555529733e-01 5.454058913017988397e-01 -3.876643163777404033e-01 3.666794594794106077e-01 -3.943111541527249270e-03 1.061877536041012787e-01 -5.511886160336791907e-01 3.776540832715465368e-01 3.346763076621709354e-01 -9.340390545178570703e-01
-4.449004958873638560e-01 9.372370222093717729e-01 -7.664320587038456756e-01 -8.165088739368805970e-02 -3.915327984269088568e-01 -1.206145336689530972e-01 9.567098150856510885e-03 -3.187592664932322739e-01 -1.567292902483247374e+00 -2.203957334278962010e-01 6.738421915570675935e-01 -5.751488662823647235e-01
-9.358661687186031752e-02 1.507280159445253620e+00 -4.484267496035767575e-01 6.688288984722752517e-02 -1.339051710986505217e-01 -3.144808142024108077e-01 -2.766486586326167840e-01 -2.966470500001410771e-01 -9.392220678695749614e-01 1.247867568770348740e-01 -8.341788457013211699e-01 1.503145003418056569e-01
-6.635873732697540328e-01 1.370286750164786849e+00 3.130466511899268611e-01 5.771273673225049139e-01 -5.809510026800457361e-01 2.912358429980508312e-01 -2.656669929505597327e-01 1.236360640275036143e-01 -4.854285626928484670e-02 6.587568335019774457e-01 -5.091453185353343042e-02 -1.067230024846890668e+00
6.713987127696069424e-01 1.963279278397965233e-01 -1.105252319110756748e-01 1.548603947174051997e-02 -2.585522881406192575e-01 -3.833228401201462798e-01 -6.124216571283108701e-02 3.622152252692095731e-01 -2.458376710787123498e-01 3.254087645653015448e-01 -1.208576394071220333e-01 -1.810298980732523433e-01
-1.611391989030513255e-02 -3.789764193942284365e-01 1.457636840900889026e-02 2.226398476969504991e-01 -1.569685892466381530e-03 -6.255877699755860721e-01 3.605759841861102544e-01 1.017516704763336693e-01 4.253657604548698457e-01 3.176710888899216267e-01 -8.766591798856844253e-01 1.227733701760549412e+00
1.271657681974837362e-01 -8.425888412872023503e-01 4.811554411966214584e-01 4.678508709227003348e-01 -3.427856285964796523e-01 -6.965388007916616386e-01 2.134132523813466187e-01 3.744180100338065920e-01 -5.247701278121424950e-01 4.352214967980261306e-01 2.164508421019785134e-01 7.102488310106024327e-01
8.749305341478993414e-01 -3.546912252704962909e-01 2.638825508834640732e-01 6.305729447321759551e-01 -1.835888669941236062e-01 3.938195700575623515e-01 4.637094320814724169e-01 6.890906272157811818e-01 8.168788673717218840e-01 5.955754137593599618e-01 -5.137384931501510765e-01 5.399836784752874985e-01
3.608214132915852912e-01 4.840140200297841921e-02 6.154096516487475022e-01 9.882674073184614105e-01 6.234681324904337574e-01 3.185298120462279337e-01 -3.614792495411325302e-01 8.144251823818279279e-01 2.674295915661873968e-01 6.698742595703242042e-01 -4.555199496296708506e-01 2.879059510494518803e-01
-4.379177128162313748e-01 -8.150777490912461953e-01 -5.011479844365561431e-02 1.383737357804261103e+00 -5.846138589728963053e-01 5.355696075764547759e-01 -3.929955291636696296e-02 3.759056082944495225e-01 -8.170716473922078338e-01 9.560183700774240734e-01 3.207530000353743804e-01 -1.548224922717867658e-01
1.000865009741220613e+00 -8.718745396848206486e-01 -7.408378344758266287e-01 4.933260017734118485e-01 -3.354704903848798603e-01 -2.209034301126847066e-01 4.900644052972582543e-01 2.865451271438634318e-01 -7.212792085522971020e-01 6.948933090634171750e-01 1.621399765922540703e-01 4.389479028281536022e-01
-3.542121450588546216e-01 -4.848337954469076477e-02 -9.507310537130377048e-02 -5.920748577172539884e-01 1.739756440640455870e-01 -4.614979263374285878e-01 2.102637863484994180e-02 -6.223486420196578939e-01 4.477253365077490388e-01 -4.878710171988496214e-01 -3.405698564691411190e-01 5.294313276773940924e-01
-4.609321962026236008e-01 1.003984584867687047e-01 2.391712151325685043e-01 8.061463791242913235e-01 2.841113395881235126e-01 -3.503511763208536078e-02 -5.464652971218448840e-01 3.982642892566782833e-01 -1.738273330820741258e-01 7.093506508949365408e-01 1.162268582775727657e-02 3.344816043157453622e-01
1.962368707273175888e-02 -8.126738834250132881e-02 -5.685511571162220612e-01 -4.025120784980945055e-01 -5.800399279649681716e-01 -5.258550933084203960e-01 2.158420768351631269e-01 -6.340013343540522595e-01 5.741783123772800090e-01 -3.595131196926745210e-01 -5.910202662310335558e-02 -1.257533109360693679e-01
2.570546496061535957e-01 -5.505619148497180593e-01 2.448921861901853791e-01 1.559719757114673422e-01 -2.256431634069194503e-01 -1.952692407400533903e-01 3.974544872255909578e-01 -1.747498503415468307e-01 6.348209313645027940e-01 2.174002694583152262e-01 -4.526174873681191313e-01 4.159584477488426635e-01
5.611280319099151148e-01 3.419458312223197516e-01 -2.638498706434088681e-01 5.869691069115107185e-01 -5.703396723385205647e-01 7.119896920646924254e-01 3.562397275355217441e-01 5.490205534894261330e-01 7.057959525934793810e-01 4.049355999755435698e-01 -4.755456145120576239e-01 1.318327726525955201e-01
-5.108437369311391585e-01 1.600416255765854390e-01 1.198586987358422028e-02 9.527869373227224048e-02 5.429269427336107512e-01 -7.750699983239925928e-01 3.818968435236048866e-03 -1.548390174936332686e-01 2.579951126988372367e-01 3.948091660501714534e-02 -4.488252043598255359e-01 9.070706284472022096e-01
1.741268390904920638e-01 -8.478210502378010771e-01 -5.985733272432369224e-03 -3.365810451868459213e-03 -2.445782771216297169e-01 -2.247735142289463972e-01 3.881766309382330138e-01 1.325201282857053076e-01 -2.707146909959896597e-01 -9.124374185073345911e-02 6.276954757024506559e-01 2.430361039504365106e-01
1.143463991031160448e-01 3.299609077030431492e-01 7.649762923666217906e-01 1.009955829901545699e-01 -7.506989057096103979e-01 8.319993618934272417e-02 -1.211831416492191865e-01 3.256051288476301542e-01 -8.713383838971719975e-01 -1.505562562079085787e-01 1.118281988251411008e+00 9.914804740338536981e-02
2.035246735667104248e-02 9.518474020005389669e-01 9.924849537206901218e-01 2.390015632011531777e-01 3.775430458092194907e-01 -1.025138674449646015e-01 -6.221181608520874873e-01 1.718523909940075922e-01 2.567477548716295965e-01 2.119163346502547507e-01 -5.421124723558837788e-01 -4.586219678223545926e-01
-4.922542601089645031e-01 9.223982445983166523e-01 1.192980712112190755e-01 -2.972088906675385278e-01 6.391358683439893329e-02 8.344715463257199595e-01 -4.153775100457012814e-01 -1.590151184145280061e-01 2.996516308537820472e-01 -3.246424502705283488e-01 5.109355130540800261e-01 -1.824010834112744783e-01
-9.759521432531018115e-02 5.812667807801108477e-01 -4.555051411087850111e-02 -2.761077681745887080e-01 -4.922029408860209010e-01 -4.804881504905730502e-03 1.070798206837479810e-01 3.115932434891823810e-01 3.658991520798938191e-01 -1.625988803580379338e-01 -1.630281743698745178e-01 7.520685252341872129e-01
1.479982751573843680e-01 4.124149542338074736e-01 8.608900652697678568e-01 -2.554121566695630730e-01 8.683597377713755394e-01 8.421231070126941609e-02 -5.730027617441055821e-01 1.148470865708129118e-01 3.999780263599027053e-01 2.480581958085243122e-01 -1.000782218068248630e+00 -2.445842469917378914e-01
-2.865916333748241840e-01 -7.072450413267489244e-01 2.247695358097493989e-01 8.831752013199191398e-02 7.236125842603883251e-01 3.730311933766560784e-01 -3.430184593081806455e-01 2.197314594939002788e-02 2.357723193349282043e-01 1.766437629177136370e-01 -2.825616363779534512e-01 2.195615078023792355e-01
