9.665884435140614794e-02 4.619993805307739954e-02 -5.488554779591933719e-02 -1.616678519208019915e-01 -2.832041314257803880e-02 -2.330591055699677561e-01 4.253603098682395833e-02 -1.398999920481849013e-01 -5.210410905760889388e-01 -1.968812000530485717e-01 3.617063823507022519e-02 2.525340946227818684e-01
4.157319120802686202e-02 1.010855898707905681e-01 1.061937634588104281e-03 -9.520851568392835196e-02 1.318343099698855159e-01 -1.945117537011066544e-01 9.309423388572310443e-02 8.281156625477262279e-02 -4.160429128046315150e-01 -1.920126612352875519e-03 -1.778100367533734863e-02 3.212092282854216441e-01
2.104828342407918385e-01 5.339253756280540331e-02 1.522106411471980392e-01 4.356835395879950223e-03 -1.199774388972317876e-02 -3.537870040124352355e-01 -1.043279310294449869e-01 -3.390784337720823688e-02 -3.811914127386281659e-01 2.935420940572344012e-02 -5.380142887422113135e-02 5.136510088922032757e-01
9.122132412263619927e-02 1.629685516534574996e-01 -3.848928901704898320e-02 2.384816264937344304e-02 -1.662768500425662599e-01 -3.402523913409033485e-01 -2.081698271274885423e-02 1.455800386531448491e-02 -4.686114608889285216e-01 5.639549928300416348e-02 8.302789201823164433e-02 3.001063646839418064e-01
1.382907504566410935e-02 9.488067238950402549e-02 -3.941321244306369986e-02 3.354299105678801990e-02 9.052571636028071411e-02 -3.156930672817392369e-01 -1.458581548987711862e-01 -2.680565910146774644e-02 -4.998919212224700037e-01 -3.698376699026968695e-02 1.432160325495466235e-01 3.296047562949800946e-01
3.397621939721566162e-03 1.824693747128804666e-01 3.784110159825239406e-02 -2.604486108287511203e-02 -1.289742727804186195e-01 -4.597446037459149704e-01 -1.360290180519798664e-01 -6.219430958120868852e-02 -4.463593975752004339e-01 5.402108897702431745e-02 3.145403596659285955e-03 3.876331528678946814e-01
-4.395877463244896727e-02 1.811673072042171151e-01 -3.103796381013962380e-02 -6.277613195555441228e-02 -1.428550727925458341e-01 -4.525704817345713726e-01 7.862721116519374998e-02 -6.610193250526971709e-02 -6.708058214222702986e-01 -6.406818347342948562e-03 1.751665100394607100e-01 3.244959736682997420e-01
-7.651159290640371924e-02 -1.664071590613941040e-02 -1.104343655536424093e-02 5.528380503788905831e-03 5.509554649927667774e-02 -4.665221977867978209e-01 5.195696291660099886e-02 8.720763702628192907e-03 -5.124930281542356969e-01 7.204812377710854976e-02 -1.696587620406121988e-01 4.666762913402010549e-01
3.714629886309857992e-02 1.015346651060564515e-01 7.273712876187216070e-02 3.734151934146536650e-02 -5.824397229879437615e-02 -2.856023865629610525e-01 7.861448866296386062e-02 -3.522825314206836506e-02 -5.604303277014153206e-01 -1.094065150866776609e-01 -2.621617667158459772e-02 1.946038776233666445e-01
1.853915555996409103e-03 1.707234349590325551e-01 2.231004908610733153e-02 -7.711964142251019963e-03 1.668469053682461803e-02 -2.582200363926335229e-01 -1.034631827299050677e-01 -1.677191321541701419e-01 -4.485657927520855792e-01 -8.946160852127797714e-02 5.757661460758001920e-02 1.314223788451647501e-01
2.028186088354098637e-01 8.803181443446721210e-02 7.179300657614465231e-02 1.422254667676889073e-01 4.211838826479540748e-02 -3.129224386336338926e-01 -3.861628062704974829e-02 -1.486030964386980957e-01 -4.767053327211045466e-01 -1.354569731418070744e-01 -4.512247895301917805e-02 3.073427701083820129e-01
8.141164798723474205e-02 9.924416803703400847e-03 -7.061913485531939871e-02 3.231597531991480671e-02 4.615132977400556585e-02 -2.237498199360656026e-01 -2.106078535897790149e-01 -1.294816112737409187e-02 -4.005081650643806390e-01 -1.297514319644167691e-01 3.519678705848184458e-02 2.827388139037134152e-01
1.109840911058794510e-01 1.670077249683379617e-01 -1.520827442070838906e-02 5.716866694085492168e-02 -7.856809192724835411e-03 -2.159713343798846108e-01 3.926555180155770486e-02 1.499375014602487843e-01 -3.863395753365012619e-01 -9.473891298089577584e-02 6.851824274621844124e-02 3.694751671034402496e-01
1.326081036277297898e-01 2.098133362883781439e-01 -1.155898515088307488e-01 -6.120289925344344489e-02 -9.659859942894057777e-03 -4.005953917459392222e-01 -1.872467733283688651e-01 -1.627703597763840160e-01 -4.895734203894873127e-01 5.492494409663904731e-02 1.769625843532171006e-01 3.391503918644102611e-01
6.389143001623268092e-02 6.612513886943748032e-02 7.080292034943441726e-02 -4.392729946642730948e-02 8.108069406770516963e-02 -3.185999556812775246e-01 -1.890756679156642764e-02 1.731042829428179608e-01 -4.207383575414312404e-01 1.330743703252615026e-02 1.047388233971153909e-01 4.013899508297250063e-01
-2.456481356884997469e-01 1.309609034430224417e-01 -2.987925287211664824e-02 -5.877330143678530933e-02 -5.948074578059048961e-02 -2.606478006314567608e-01 5.715105413350685115e-02 -3.345034870264063098e-01 -5.782961426593546950e-01 1.464687200746060125e-01 -4.391208476159091240e-02 2.608635053636050305e-01
-1.209300493730910142e-01 -6.198499352222301695e-02 3.399446934888374072e-02 -9.052661118310889599e-02 -2.173953336903149958e-01 -4.723852027875878323e-01 -4.746992371009964296e-02 -1.150566510514849927e-01 -4.460271544410523981e-01 -8.578353229510300715e-02 -1.783231300758960150e-02 3.186367249778753186e-01
-3.882978910675084078e-02 9.817641381460510963e-02 -2.304594911073338040e-02 1.409060110590972525e-01 -8.127451031778647195e-02 -4.849109865792501362e-01 7.082985450555293050e-02 -5.467749629211400043e-03 -4.763990920662276030e-01 4.179360177401394809e-04 3.432960285952046248e-02 3.248165908792255419e-01
1.233879311650613875e-01 1.122671243691515525e-01 -8.967556526608896905e-02 7.634681251283927843e-04 -1.064072177319867335e-01 -3.009720158604724527e-01 -6.158133851034898465e-02 -1.139896567901429840e-02 -5.925413590746284598e-01 -7.440977707321676238e-02 2.387470921371708313e-02 3.950028784607341192e-01
3.205525438472309890e-02 -3.900124149656054862e-02 -1.791426104130177874e-02 1.479585876490913977e-02 -1.352087422337869271e-01 -3.514742005523073254e-01 -2.429344025454667835e-02 -1.968718263394978740e-01 -4.986632429228547436e-01 -1.832696568038541252e-01 1.692901474938707631e-03 3.605481121836340286e-01
5.911303180925835815e-02 3.949173498420925632e-02 5.532119311694265462e-02 -1.578716440303544466e-01 -6.828959333372468243e-02 -2.340246291904321263e-01 -1.092033525815900852e-01 -1.557985108080846282e-01 -4.724803432140268211e-01 -1.262638502269708696e-01 -5.794890549035958821e-02 5.591186316226388620e-01
3.461033986269741042e-02 1.375654226660697199e-01 4.430003740716231819e-02 -6.188964178376240438e-02 -6.576033547226274589e-02 -3.654600560746966709e-01 -9.763056616659690490e-02 9.129794873781940656e-02 -5.223963426411657451e-01 6.277250997814687317e-02 1.321557001645762286e-01 2.036925450186674869e-01
5.162792160487338772e-02 8.644879775741369510e-02 -1.451324345432156437e-01 -8.192801599562224077e-03 -1.005930411532254404e-01 -2.823585143361447836e-01 -5.332360552421215594e-02 -9.394882867258624870e-02 -4.903923496502874957e-01 9.802107038605502309e-02 2.265837645916051191e-01 4.392540583757431616e-01
7.073784924844248034e-02 1.401443800821399466e-01 -4.774859956933787120e-02 2.887678856608805883e-02 2.425948173307548514e-02 -3.166419090036627915e-01 9.375988615666253079e-02 -1.741750529290333194e-01 -4.936706030999134520e-01 6.008028710482851698e-02 -2.581516275997597712e-02 3.197200887304443295e-01
1.912434960233184156e-01 2.664235536793180606e-02 -3.415877188043635326e-02 -1.575547384082621669e-02 1.175662153317481168e-01 -1.950841655256659035e-01 9.830447745643952628e-02 -1.377583415594942629e-01 -4.540443907021129433e-01 3.540374127766694051e-02 9.802219664489698892e-02 5.155148061352103905e-01
-2.625564558399037015e-03 1.165809078701865037e-01 2.797926303213911850e-02 -7.738916391751968216e-02 -1.084053134459072726e-01 -3.699730791214149717e-01 1.379171306159683065e-02 -1.088899672189879986e-01 -5.497634090835599174e-01 4.394436625165126786e-02 1.108693706812281105e-01 4.000485766613289251e-01
5.581781553620012576e-02 1.503670498584790127e-01 9.528608012021386187e-02 -5.202425531446058099e-02 -8.013602842934085257e-02 -3.466459940696179354e-01 -2.576917626603933420e-01 -1.715804064305833376e-01 -5.116992843000585101e-01 -1.289041000573627194e-01 4.139670304335305723e-02 4.249041923997059489e-01
-2.857403840373736251e-02 1.748703160991150474e-01 -3.533763679140908276e-02 4.205862681694470112e-02 2.046570452878595514e-01 -3.885341136029389353e-01 1.207808976605489505e-02 -1.489384196401249694e-01 -5.608790819108762093e-01 1.169791922893217290e-01 7.226130816764377018e-02 3.814892146431581588e-01
-3.248144784077367647e-02 -3.298837360122233459e-03 6.162657319426954883e-02 2.263274329511506255e-01 4.674838977554311020e-02 -1.980344007148359398e-01 -9.947278267334114243e-02 -7.765992467226234819e-02 -5.823629178847571364e-01 1.885651554969102611e-02 9.075756315523420686e-03 5.046243374210586108e-01
-3.714911913742203423e-03 1.193981396866748146e-01 -5.643598104351779665e-02 -1.668672324099044341e-02 1.280638565087717853e-02 -2.025477897687235906e-01 3.962247578133538950e-02 -8.438337203798146335e-02 -4.682197823539440695e-01 -2.758733336192269181e-02 1.058785602616340998e-01 4.657783592793843797e-01
1.172727598573820584e-01 1.187830334907681029e-01 1.922877135409370095e-02 4.878772300998585748e-02 -9.794667823446505384e-03 -2.958395941233716298e-01 5.086809863073836480e-02 -5.954316408952532030e-02 -5.754262458372227940e-01 4.179881447715164122e-02 5.713740416961531760e-02 4.363350328647151444e-01
4.193760262064944594e-02 1.194001261151801940e-01 1.385873446170467205e-01 -2.298610267156318138e-02 4.479411593543834724e-03 -3.766262496989432051e-01 -6.376590557984970764e-02 -1.674275477373644849e-02 -6.266124846424612205e-01 -6.885027026777380821e-02 6.770196739236929509e-03 3.611293869940333523e-01
-2.254602607405708017e-02 -6.096227270648331420e-02 3.225971823272448698e-03 1.080738857806877451e-01 1.322446732403931846e-01 -1.789341495059871001e-01 -1.065825874335124268e-01 -2.057421594333066761e-01 -4.653376384426992085e-01 9.786428423426694889e-02 1.162190885579552219e-01 4.413386008084028145e-01
1.031380499618510249e-01 1.521515861011975834e-01 -7.124176413363048077e-02 -3.672359957800775537e-02 3.115248876977197824e-04 -3.560325890341250465e-01 -1.594251590019666875e-01 -1.215136730059422077e-01 -4.808691577187532151e-01 -1.620148570385335912e-02 -3.819885913946158978e-02 3.844323619923809554e-01
1.757144056559566403e-01 2.866378763924222750e-01 -3.137010654434937984e-02 6.684894471240893088e-02 7.613668179304751427e-02 -4.778322710454766531e-01 4.494775642043691843e-01 -3.362286206673151812e-01 -6.214017195977472596e-01 -2.056977662821436181e-01 1.426683908823481173e-01 5.611292899566238113e-01
8.518602016258064458e-02 4.765650412178318307e-02 1.050519997887748025e-01 -1.324707345500135414e-01 1.337945235303801828e-01 -4.166660474643080758e-01 1.901047251011221406e-01 -1.580884618895731786e-01 -5.865532979410075232e-01 -1.786218042354123792e-01 1.181753240634913632e-01 2.415613527507793068e-01
6.247118458790924117e-02 7.328519718153360396e-02 6.765568740566002548e-02 4.444594861877484288e-02 -8.120369942546466768e-02 -2.597357260596093176e-01 -1.267831218997164666e-01 -1.118809741996990292e-01 -6.648920563384594917e-01 -1.224302450035766321e-02 -7.302667020306259638e-02 3.284470407862078445e-01
8.979674484985503136e-02 8.760194194419347602e-02 -8.233851156363675150e-02 8.746594313397137999e-02 3.133060629472422115e-02 -2.260790013818345934e-01 2.553038433279532574e-02 -1.090246859942143043e-01 -5.500506624932621769e-01 -1.788565650703795307e-01 9.397480481215704506e-02 3.026444488518534870e-01
5.778488799452046604e-02 -2.200197282251050226e-02 2.744532853177116330e-02 1.663480582370649441e-02 2.143123692538516090e-01 -5.280150721888507981e-01 -7.107910815515250391e-02 -2.941854268720576343e-02 -3.343117667135380722e-01 6.537024976517606667e-02 -2.563800120783303257e-02 3.230805911859298551e-01
1.178238547731479680e-01 1.148496154544150771e-01 -5.313456676745879903e-02 -4.976849187417650006e-02 -4.003105147531512559e-02 -1.781175652553065591e-01 -1.275680433013975934e-01 -7.042016384103794158e-02 -4.984038462238685185e-01 -1.438393261683476865e-01 1.302697948726153770e-02 3.978136006285937221e-01
-8.070594131610911437e-02 1.272329570628636108e-01 1.274676242380463065e-01 -6.472738862910588920e-02 1.049477493951954526e-01 -3.307820216538606695e-01 -8.926324936880702943e-02 2.571338020786658688e-03 -5.285486679616639982e-01 -4.331705820226784687e-02 1.410438340072586727e-01 2.449025829459569870e-01
-1.485835292293032350e-01 1.036547429808172410e-01 1.624604599019760787e-01 1.926430320455153333e-01 1.421399489506167679e-01 -3.885514231715007094e-01 -1.457648700344226778e-01 -2.161944930937767257e-03 -6.914751355318937698e-01 9.378295032038959367e-02 -6.684089028103311347e-02 3.496616675345349257e-01
-1.572145022082926391e-01 7.114701750845457695e-02 -6.679388683977852126e-02 3.076546890574032717e-02 1.054389690355559545e-01 -3.343691226087160961e-01 -8.490959107152520544e-03 -8.574688356583637372e-02 -3.745705126328219836e-01 1.176549375663242109e-01 -1.134038498195450856e-01 4.603802197744648605e-01
1.672772323257044544e-02 -3.618434124273482710e-02 -9.790970159087020175e-02 -4.133027947547839726e-02 -1.470489878435278230e-01 -2.438299538606932548e-01 8.817427831264728136e-03 -2.026195066795584421e-01 -5.963788716159035275e-01 -1.741868530384183267e-01 -5.483846636906946487e-02 3.475272560211166706e-01
9.593410562203935621e-02 7.015981314294085502e-02 -8.916064843075205415e-02 1.331813319276459462e-01 4.471466119670022138e-02 -1.904889692511564647e-01 -5.872283403524439227e-02 9.855950886076205938e-03 -3.607799349204512951e-01 -6.273535123504779543e-02 -1.115298394413481373e-02 3.468883535601889889e-01
1.412550474658233468e-01 1.083036064345437449e-01 -6.104570060192006375e-02 2.043331841585779157e-02 5.707747535004583511e-02 -2.391316487285833070e-01 -4.610864600099882915e-02 -1.002956065292873915e-03 -3.838840270125461474e-01 -7.863506396330137427e-02 2.720235271010154263e-02 4.713974454080928078e-01
1.466797502722617663e-01 -1.789609691353942836e-02 3.465117498097380899e-02 -2.253734565690941865e-03 1.447319045109658059e-02 -4.393436451719066049e-01 7.551445827795161270e-02 -5.426473934139389860e-02 -4.637543696485259548e-01 -7.073288380352481773e-03 -9.164053209396964828e-02 3.972681472787186752e-01
-1.279800704873447770e-01 2.259668039225763148e-01 -5.708402601298846746e-02 6.188872461105567740e-02 5.941884037396374246e-02 -3.860300610528653031e-01 1.039510710299475227e-01 -6.939200919890931019e-02 -3.073719708062102041e-01 -2.744415508165187062e-02 4.913881398826915742e-02 2.765006974042956145e-01
1.399117665128228882e-01 8.494365670308000327e-02 1.222886236638632967e-01 -1.015065396486042500e-02 6.999198756212922368e-02 -2.309272175752706546e-01 5.290003023021148942e-02 1.610841892191884062e-01 -4.931091419953267940e-01 -7.754556320719928342e-02 -3.824186464133191160e-02 4.951461960600973544e-01
1.555598348423163635e-02 1.161814311415368534e-01 1.441892865946833580e-01 6.672120573283185641e-02 -2.302087737927543953e-01 -6.444247758342535048e-01 -1.453823539909511742e-01 -1.115248750504721220e-01 -4.917095556281975699e-01 -4.586884961363137114e-02 -3.766228255821143373e-02 6.091374522607970743e-01
-3.855680015622490325e-02 2.600723323219990557e-01 6.036185189883394586e-02 -1.192282401609370268e-01 -9.201507448724542682e-02 -2.526789995262756494e-01 3.550739081567967637e-02 2.223550259918820327e-02 -5.038173183646196263e-01 -9.174584784594162767e-02 1.051113809488115197e-01 1.676783378334363028e-01
1.278184973277228242e-01 1.860377793368137300e-01 1.879539899706211548e-01 5.227361727934388275e-02 -1.204954589169981577e-01 -2.858127364868990883e-01 -2.352385894534050337e-01 2.475186747668523674e-02 -5.071906445732927704e-01 -3.031793292725650651e-02 -3.088212637222410503e-02 1.746513499958751992e-01
9.195100268239880803e-02 1.222694123532421240e-01 3.729497701447276325e-02 2.132426296446279183e-03 -1.088954181050045961e-01 -2.111614937920557600e-01 -2.754336562580499571e-03 1.195524306424640137e-01 -5.431421566709859761e-01 -1.434413974343716480e-01 -1.054878347365539454e-01 1.507857738623059329e-01
1.864204757271654689e-01 2.274065674471340837e-01 -5.479724361991934745e-02 -1.538011396053141910e-01 -8.505477768618451007e-02 -3.142104685419251919e-01 5.907175325023943102e-02 -2.217900697576213054e-01 -4.248514788020108512e-01 -3.803506466339601384e-03 -1.621389058471507383e-01 3.617020665583424721e-01
1.782682684108351581e-02 1.346726226491738732e-01 1.429361630341295097e-01 5.658663395526377510e-02 -1.491409399127910929e-01 -3.688445134013945692e-01 1.378834662128298853e-02 -1.636818714576414868e-01 -4.344914713114891858e-01 1.783909672405254165e-01 3.542999502126018690e-02 3.278437600525914708e-01
2.714467792921720565e-02 -1.690152900582333681e-02 8.074493067624663456e-02 2.185282587821021222e-02 1.725655754113636364e-01 -2.795814424957536737e-01 -1.586717813067867189e-01 -6.252597379252793595e-03 -5.925697474787732233e-01 3.820122829479739857e-02 5.212420540192180124e-02 4.574819888779915189e-01
-7.947536683596681528e-02 9.108513402147457028e-02 1.535142138760542049e-02 2.396282118947291317e-01 -3.375782420142543067e-02 -3.347111810491728567e-01 -7.294201958349190093e-03 1.126198766029422593e-01 -5.365658147630878450e-01 -3.742150559173847146e-02 -4.590381281038526801e-02 1.342968754824338529e-01
6.882261261732516844e-02 8.738133891551409793e-02 3.710883390299835050e-02 2.655253660950362277e-02 -1.397402468287576860e-01 -2.274360192872165454e-01 7.868597633033330707e-02 -1.910617891838863047e-01 -5.659259999986332446e-01 -1.301983817048587844e-01 2.888816850749854059e-01 3.314938766297459427e-01
7.960150576684107970e-02 6.732632682423826675e-02 4.637810479201334712e-02 -4.693935168034094746e-02 1.609420285850512999e-02 -3.390141516214921213e-01 -1.341755145950094819e-01 -8.830127946548705850e-03 -5.211002479802850917e-01 -1.414362053616938508e-01 2.714133656083400070e-01 1.804906381491382106e-01
5.136655824559307332e-02 1.121290434203927183e-01 8.092497553203401028e-02 4.742801423036849956e-03 -7.982141502517710319e-02 -3.962210441108806602e-01 -4.289565590851207588e-02 -9.488082610082901325e-02 -4.974926055724419593e-01 -1.021263632642155778e-01 -4.357552231480812249e-02 3.132111465671227890e-01
8.861955336161389529e-02 9.819432024765199774e-02 3.222548508085341934e-02 -6.389972078629431451e-02 2.612719920023444040e-02 -3.028491984700828477e-01 -5.627901025752178599e-02 -2.974745100378398122e-02 -5.124935759218081088e-01 4.046194105315753520e-02 -1.603857522469155361e-01 3.073391923253577240e-01
4.877644653145869064e-02 9.591733851057089588e-02 1.300582047756602966e-01 3.718375695081736071e-02 1.069110088452269042e-01 -2.892513086828183977e-01 2.158642471242026503e-02 -5.664330337964811751e-02 -5.198356997917630284e-01 -2.077800039565937812e-02 -7.851741069645147564e-02 3.142204833472973524e-01
-1.554819837958081319e-01 1.373023852608783180e-01 5.210090295277285122e-02 1.754362507894549339e-01 1.054394503120715115e-01 -3.802976450331506664e-01 1.586476633480572440e-01 -7.753141302305177618e-02 -7.346066106016109210e-01 8.657678138865325390e-02 -1.704518473732443140e-01 5.879524804356930368e-01
4.667759025371951559e-02 -1.785946762968315974e-03 -1.156060386012241203e-01 1.111581846912477745e-01 -2.138894412620086574e-02 -2.025173621805483604e-01 2.922724321383043597e-02 -4.558100964788048409e-02 -5.703905543488305696e-01 -7.761585712009623494e-02 1.274961407254670553e-01 3.684103681801969565e-01
2.372935809582905550e-02 1.135545089162244142e-01 7.532129718760185999e-02 -1.606581797801704889e-02 -1.761504327474126552e-01 -3.677051890509135390e-01 -1.884789291540032562e-03 -1.395794043856222466e-01 -5.054024633154444723e-01 -1.035782378845900159e-01 8.855437274903081579e-02 3.196024606683207647e-01
-1.241292421110360145e-01 1.419000519049956888e-01 -2.612727277869523676e-02 -5.968556778179057859e-02 -1.575026177399377683e-02 -2.558208294629347734e-01 1.616620371907169784e-01 -1.236703664912100209e-01 -5.786543742197411966e-01 -2.061672564479771069e-02 5.486402198730774143e-02 2.964780319957262544e-01
-3.089039776513729726e-02 1.064643492020526522e-01 -4.324270546543234998e-03 6.390391343492644871e-02 -2.180083076625331448e-02 -2.811002048245467844e-01 -1.118694832334783066e-03 8.213867018148900481e-03 -5.907444165896098554e-01 -6.961059465851419936e-02 6.673443158442775303e-02 1.838082060443698984e-01
1.180212183753591992e-01 1.810247944816457399e-01 1.384721888289697916e-02 -1.419497998418537688e-01 -6.395417479355343382e-02 -2.829607970038421905e-01 -1.586741662441628065e-01 7.067562515334371853e-02 -4.112348439158049485e-01 -5.905135227573998086e-02 5.228548317197732193e-02 3.315128308372994881e-01
-4.834585718409129679e-02 2.061000274705124605e-02 -1.088000923411478749e-01 -5.369333292996914669e-02 1.610938866497938285e-02 -1.584741069848098205e-01 -9.475916157566305342e-02 2.145096700278538437e-01 -4.918368103183172191e-01 4.424401594798238468e-02 6.323942252837948252e-02 3.265915988075199783e-01
5.412693545995667793e-02 1.457566025744080063e-01 7.434724775072368286e-02 -6.972907502969230564e-02 -1.124668837496258303e-02 -4.521605102399010034e-01 -1.758071335104759991e-01 -1.120267794144161888e-01 -5.729656263501925473e-01 4.290236606346147126e-03 2.189762556583229117e-02 3.768709885056529263e-01
-6.845396724525787402e-02 6.917560795782408400e-02 1.075913185563079008e-02 8.566905024284613909e-03 3.144652647147547914e-02 -3.214378539675012414e-01 -2.461548426252823107e-01 6.634003463492241237e-02 -4.976812644384115969e-01 7.616520690452778519e-02 -2.548940973757896425e-02 3.565110722961312151e-01
5.998071517852941736e-02 3.200967819137659487e-02 -2.002828623889011186e-02 -3.750209739910340362e-04 -1.135350650590150196e-01 -3.103665928228581672e-01 -1.593708109045026688e-01 4.681805453699262182e-02 -3.761849035153659870e-01 -5.976578896279900743e-02 -2.647488000915998799e-02 3.407851111508508613e-01
6.435122682556695950e-02 8.761480400606851127e-02 -1.978003316657200514e-02 8.972885870528277130e-02 2.025882159839801147e-02 -2.522625024078992140e-01 -1.046663680625305737e-01 -3.479373701760535287e-01 -3.274450825912582075e-01 2.370487171121254955e-02 5.846638389886877479e-02 3.116554403527602712e-01
1.249979704926181268e-01 1.259423850840679371e-01 -3.879847622083459902e-02 3.933568855649593327e-02 5.998050709382286155e-02 -2.889378162666486616e-01 1.609235493379188031e-01 5.127904028625849403e-02 -4.831035885395447704e-01 -3.219506252997564322e-02 4.733518466020523313e-02 4.708199060502333833e-01
3.097321406523055598e-02 9.142347588239137235e-02 -1.838807688903418627e-02 -3.588760804700360380e-02 -7.105994263507421638e-02 -3.100666693396825768e-01 2.274825258396107400e-02 -1.929963042226758574e-01 -4.637967001067344053e-01 9.564163937179560870e-02 -8.740644046112593102e-02 2.937080120527347793e-01
3.818701887138161583e-02 -7.219651327804600671e-02 3.153874654445094558e-03 5.753606415698297311e-02 -1.070579132648369347e-02 -1.839337178584587729e-01 1.384763299338204745e-01 -2.668968501437750107e-01 -5.303080224149943067e-01 -7.034099851802601798e-03 -6.019265115876862998e-02 4.249273037256082186e-01
-9.463641655944363129e-02 -4.045394371917686652e-03 3.512477844772346480e-02 7.920567712095499813e-02 1.497970255831015396e-01 -2.959244466574112442e-01 1.456225468564716352e-01 -2.287816256848441976e-01 -6.064226523857654261e-01 -5.136620260138323457e-02 1.050373193413954159e-01 4.277292310906306017e-01
-5.853730921799669279e-03 1.031695182777584291e-01 -1.130205778011531825e-01 1.169871156005855839e-01 -1.320234708103737442e-01 -2.286674761085898677e-01 -2.700486821021655034e-02 3.832389861538316317e-02 -3.620236497089738825e-01 -4.261941836584035546e-03 1.367470297514363775e-01 4.618982759494345558e-01
1.223574736299572474e-01 -9.622021511257632109e-02 -1.161279686865003200e-02 -1.957734087320650573e-02 5.311818384231021400e-02 -2.559525308095162988e-01 -1.829903815769793884e-01 -8.164650759311375960e-02 -5.233240789049493635e-01 -2.808463174364208420e-02 9.896054728478866080e-02 2.607886509596407665e-01
5.492796477885995149e-02 4.056599229983429145e-02 1.152092116669238275e-01 6.475321999095157155e-02 -1.374658526140739578e-01 -2.521806036276300622e-01 1.342081980202694536e-01 -5.706535950007390195e-02 -5.104649911773877502e-01 9.110276194220860713e-02 7.561786524676551713e-02 2.458296151010960495e-01
7.006949880953891596e-02 5.012985580555588683e-02 -9.029284415077834525e-02 -9.932445184396271332e-02 -1.593908288341420176e-01 -4.173966651836569230e-01 -3.985356333855612221e-02 -2.662309969992913139e-01 -4.025536660996356653e-01 3.074136843856725698e-02 9.228426382746070245e-02 1.813041380047313578e-01
2.121440063189869440e-01 1.745102891546174428e-01 -8.787760478008366238e-02 -9.469465557705400785e-03 1.232985832675340815e-02 -3.834454555265810471e-01 1.561191074310282895e-02 -5.957645605989109888e-02 -5.422593472369969803e-01 8.718736579575823986e-02 4.343960848786471846e-02 2.608658042209111017e-01
5.371759735526845242e-02 1.420928698112512018e-02 6.880366592216261012e-02 -1.800619506859523489e-01 -1.797865978491624758e-02 -3.910561105129854997e-01 -5.452758736853555166e-02 -1.024814106230112487e-01 -6.446603377492901021e-01 1.931372082365890031e-01 2.684915574881809389e-02 3.151322877167596070e-01
-3.322995674229270446e-01 -1.210813438929675273e-01 3.044512376368057605e-01 5.423365590941169323e-01 -1.230845958304707777e+00 -7.241898605603497296e-01 -7.677432092625846582e-01 2.410833020830582818e+00 -8.414678586990176345e-01 3.300015026795256046e-01 -1.091316630748998984e+00 -9.757297905557302808e-01
-1.012503311399462202e-01 7.339422879523528620e-02 -1.213187766367304354e-01 -3.047148579448004380e-02 3.236053630704489037e-01 -3.462917293725366052e-01 3.682444536857741313e-01 -6.650227380773258146e-01 -5.578349941839586545e-01 3.213007972911915977e-02 2.325989543236248736e-01 9.044859300019989501e-01
-6.931482498561905570e-02 2.737011183067112330e-01 1.749585425183997900e-01 -2.209635774153800858e-02 3.695613298094420629e-01 -2.511913895547532305e-01 3.986240988670841090e-01 -5.280933302464442258e-01 -4.427734103632091078e-01 3.434264642225439562e-02 3.997057699883517778e-01 7.691810159591101481e-01
2.604267416222294865e-02 2.013718740716337330e-01 4.272613354657810170e-02 3.696683033951218139e-02 4.130353872905483947e-01 -4.106830076820781050e-01 4.240498656308496206e-01 -7.561669745845313040e-01 -7.188018729956224817e-01 -1.968110203914571338e-02 2.260723641958684582e-01 7.276747237621028486e-01
-5.687334343148239130e-02 -1.168993239171521176e-01 -1.051607230849751218e-01 -1.231693407098783388e-01 2.943403786215045836e-01 -3.787193638631939363e-01 4.127996945792314354e-01 -6.306738595048634322e-01 -4.459028074157923016e-01 2.120747843478680006e-01 1.450289425232444418e-01 8.890603699287458195e-01
1.321953550611204009e-01 1.108839286850295952e-01 1.207838263803163448e-01 -2.431251937488582843e-02 1.161672432296846497e-01 -3.714520457926175911e-01 -3.659237005548093835e-02 -2.010907450696781951e-01 -5.684486955942491537e-01 -8.352348409171535260e-02 -9.859748885584732059e-03 5.238521796718995649e-01
-8.742034227669240321e-02 3.075636763859021169e-02 1.559155517474082042e-01 1.962296760411514074e-01 -1.631853138997898522e-01 -3.274033686863537795e-01 1.670779257189024536e-01 -1.359901998366168929e-01 -6.442668169925869215e-01 5.371860140865415689e-02 7.138051516264511120e-02 2.727108953460281593e-01
-1.897336000947649204e-01 5.138444751022781809e-02 3.518502210362414728e-02 1.051522569544224017e-01 -1.619385203843048265e-02 -3.073788442793216058e-01 7.515751853194641008e-02 -7.380160004472829938e-02 -5.195734449614903827e-01 7.867909278794608940e-02 -2.768253022890581824e-03 3.998558317550985342e-01
8.397106808245496934e-02 1.147029391986839619e-01 -2.484616342653036755e-02 1.064928742460333200e-01 -7.518493900562643606e-02 -2.321743830561107946e-01 -7.698215817734385680e-02 -2.846405750165514892e-02 -4.456595172915862046e-01 -3.893623523450401303e-02 -6.008913703967048298e-02 4.098584217263441243e-01
-2.341716104688451039e-01 -9.570999409415771597e-02 1.194930667398510227e-01 1.918148775538813522e-01 1.816581697355216032e-02 -4.492053129227290276e-01 2.029410839466362360e-01 2.103264421033985976e-02 -5.786933483122058686e-01 1.395967163007719447e-01 4.235642742440012126e-02 6.307503363145101627e-01
6.439146997542549190e-03 -8.164489932638481495e-02 -1.544836109116563827e-02 8.604163174438962669e-02 6.388425062727778880e-02 4.565534331617639441e-01 2.790112485525460262e-02 2.606600845681363021e-02 5.070161753934765425e-01 8.561972926694019770e-02 -1.166692264566003973e-01 -3.599872299530603725e-01
