-4.330435208054697616e-01 -1.918525054207070313e-01 -3.828329992580387087e-01 3.351935135153463197e-01
6.583563878050988638e-01 1.509699457476892381e-01 2.554514827702411006e-01 2.829071456498027382e-01
-1.405075591434012117e-01 1.711750069622291481e-01 -2.195186046484945697e-01 3.591963385745181592e-01
-4.737604034811879750e-01 -4.509841893307188210e-01 -8.863192189471646998e-02 3.357114112228042346e-01
2.300771682278716663e-03 2.278112034261612073e-01 -3.340119980845373399e-02 -2.119555200796691685e-01
1.527755579623554794e-01 -5.958943087963180368e-02 -1.165131689542767551e-01 8.554042544234018164e-02
9.405033424575511003e-02 -5.211147188070919256e-02 1.452528499734014392e-02 -2.905772324443530730e-01
3.310331623665660472e-02 5.588540940527402245e-01 -1.468910486276658010e-02 -2.385154368948236014e-01
9.062526040972554431e-02 1.565078228657617865e-01 1.599802770708417810e-01 5.486434322552490028e-02
2.348080476906891922e-01 -4.189288899151710210e-01 2.329955978753297796e-01 6.543480990592247248e-02
-3.469489839677286636e-02 -1.805761609843613003e-01 -9.472067593729278923e-02 -1.096964189763866698e-02
-1.967062940692315132e-01 -4.180684886583758975e-02 8.215819608509029870e-02 3.199985531941052508e-01
-1.911355248010222774e-01 -1.161907223360048175e-01 6.106586031438687723e-02 1.601962210263440656e-01
-1.950848753382876388e-01 9.458241015229282289e-03 -1.840058364160160054e-01 6.949427334719761318e-02
-3.609532577447171486e-01 1.686615548666933534e-03 7.100081679301986637e-02 5.537937411656868730e-02
-5.005975416239687448e-01 4.809959472839387407e-01 -3.755742723185430398e-02 -2.612981693799381055e-01
2.084647635833638823e-01 -1.647794178168233425e-01 1.046467558262919456e-01 -2.915862301723668448e-01
4.472739296858743024e-02 2.139846770287190392e-01 6.650385943465247918e-02 -1.162933232648344223e-01
4.087867617086084482e-01 -2.265064063848478415e-01 -3.764257242345416810e-01 3.043940840181414420e-01
-9.803925302959681440e-03 -6.645798982990915038e-02 -9.415268881667561082e-03 6.932525716789644278e-03
-2.668514994031968013e-01 -1.028926452704976569e-01 2.877447625013596633e-01 1.944426042133598764e-01
-3.502697259639521166e-01 -3.289101900147677754e-02 -1.085134473772389474e-01 4.051425914240249782e-01
-7.602700545806009846e-02 -5.166552129494693668e-01 1.283893367074696035e-01 -3.131822649384783941e-01
7.260329032514439840e-02 -2.311777696769767021e-01 -2.508025412148758293e-01 1.645708976989682104e-01
-2.725499085550527334e-01 1.707758008992097398e-01 -4.288362016212894923e-01 8.788259342647515571e-02
7.237530657871675543e-02 -1.362501354979211154e-01 -4.960501366306463433e-01 1.576529329903469112e-01
3.145772158416376696e-01 -3.284587525686951670e-01 -7.133245130242120424e-02 3.590272229576997320e-01
-7.957936795908820971e-02 4.334298439562637301e-02 -1.719498911258002805e-01 -1.100824801936155645e-01
1.581290315769940391e-01 3.349083130164075967e-02 2.018667158742581402e-01 2.690910829368550750e-01
-4.420288378553872133e-01 -6.633097468961573692e-03 4.763499243085540097e-02 -9.315955204192882810e-02
5.727937444736674877e-01 1.448598346593737637e-02 -2.348398097048830790e-01 5.895249689186782965e-02
2.984063183731756608e-01 -2.800775713648432502e-02 1.610476153468891336e-01 -5.005211288131395514e-02
1.545099457807164456e-01 -4.632948840182390948e-02 2.018557665941766721e-01 3.420944935952756252e-03
1.713300894103507790e-02 -2.345916613503677972e-01 -9.972785009343476670e-02 -2.113440024455783550e-01
-4.291359558652060868e-01 1.052334761748920378e-01 -1.200354067966291349e-01 -1.443005268638038185e-01
-1.148287230002382198e-01 2.217238246132217094e-01 -1.514106628696937906e-01 3.701083215367294288e-02
-3.526476124020214709e-01 -1.353913802488826701e-01 -5.938184140300789560e-02 -3.133450282497362016e-01
-2.052909150920892989e-01 3.707844658337529631e-01 -4.519570403085052673e-02 -9.732343175891690346e-02
-3.198973735264225016e-01 -2.697472213534552604e-02 1.120269593317431596e-02 -2.126461328869913570e-01
