-5.580701734212760445e-02 -5.780196739622525670e-02 -2.807355653957115393e-01 1.636876805943259239e-01 -6.726102653427446995e-03 -6.139263100630584780e-02 -2.078063614798214206e-02 -1.055948712056032912e-01 -1.168499723688843361e-01 1.464321535812586617e-01 -8.621747999691595221e-02 2.512853962913526029e-01
-1.202768506264085824e-01 -3.248712574917977935e-02 -7.634331206008730317e-03 3.026232021853247911e-02 -9.312453731302682003e-02 4.446324442281636424e-02 -2.547517600024472029e-01 -7.590157868180225087e-02 3.208839786135638805e-01 -5.461211453823186165e-03 -3.548034322935122997e-02 2.693250478653031951e-02
-1.197725653886036745e-01 -8.194220162909623961e-02 -3.566091474462463468e-02 -8.495308325325610921e-02 6.992608306465337986e-02 6.896466197361618422e-02 2.658673019568269860e-02 -3.448319408245126977e-02 -2.000302338009115471e-02 5.759240636776546962e-03 -1.341878598373557469e-02 2.161063835989769089e-01
-5.414208496884491233e-03 9.781997667986944145e-03 -1.007544553353553196e-01 9.501404006315657125e-02 3.774132836175033562e-02 -1.008065359973782521e-01 6.878820732316200115e-02 -1.726462979905691534e-03 8.514856285045091511e-02 -1.403031425526503062e-01 -6.651106500721920556e-02 1.005549374803061113e-01
-4.884374210976148711e-02 -5.518111468833052091e-02 1.708314087472580234e-01 -6.911105166569974680e-03 -5.327450519096511156e-02 -3.309840186246222615e-02 -3.775983667362856760e-02 1.424895014092839307e-01 8.941368097265092740e-02 1.768459806654189004e-01 5.120056997468933058e-02 1.321725662412726321e-01
-2.448984851047731892e-01 -4.672983483732469356e-02 1.459932140079909513e-01 1.823071167454102387e-02 1.875098375241415153e-03 7.377483803004462881e-02 1.741304565083701961e-01 1.026295720109590692e-01 -9.543837343070435408e-02 8.502732305243358712e-02 4.930830849796860593e-02 2.493707222955470482e-01
-1.428146936737368922e-01 8.163799541939872895e-02 1.303924445677791810e-01 2.461464318522825490e-02 1.352074298172887407e-02 -1.440634018979466448e-02 -5.314733882062346731e-02 1.018530167706773182e-01 1.069676588912868709e-01 4.801666815833722374e-02 -8.633903254359734381e-02 -4.406238369410039185e-02
-4.159518077023684202e-02 -1.208373291657267590e-01 7.851127444799921307e-02 -2.289470438432485155e-02 5.213126440416145785e-02 1.267794748746373101e-01 -1.065110039555250548e-01 -2.857679860421421733e-02 -5.804379421328043076e-02 2.479817273112350055e-03 -1.348116628580716195e-02 1.529450400104665209e-01
-5.466961840048119303e-02 1.080835719722484170e-02 2.247936592489396465e-02 -3.796791201332050392e-02 8.596105106496158832e-02 6.728438839715945863e-03 2.655514585204466361e-03 -7.308925543511493594e-02 2.123010543941622474e-02 2.276877304869925553e-02 -7.027760939928964778e-02 -5.206899491482859521e-02
-1.609174244871923731e-01 -4.569328837528627285e-02 4.955151327919698340e-02 -1.128164783172281443e-01 3.700085458200092631e-02 5.198433603213338527e-02 -9.002570941772498891e-02 4.037400321275368825e-02 -4.805410385334250856e-02 -1.527729854456583852e-02 -5.785142187311086148e-02 1.042458496782343313e-01
-9.762472310241501749e-02 5.557939658040014774e-02 1.633244010467968868e-02 5.568056595198489500e-02 -7.218025853901495481e-02 -5.841654833147583159e-02 7.289198570879552863e-02 6.803432717185117773e-02 1.884549663869981156e-02 1.572647322669246672e-01 -4.244395559462452172e-02 7.217382054089913068e-02
-2.316782780040435030e-01 2.609831754520313199e-02 2.105954526491519378e-03 -6.945644709568211950e-02 1.487050020272155659e-01 8.983071742954408523e-02 -4.249087455283166032e-02 5.731780661110092790e-04 6.460120699810173450e-02 9.987086205514970894e-02 -1.377003682866398127e-01 1.046867883037760627e-01
2.874106477068416945e-02 4.164580617555739550e-02 -9.009749955433957180e-02 -5.544826128380900276e-02 -8.216506282471584821e-02 7.565548216292806993e-02 -1.263349556164728160e-01 -3.133747565105945640e-03 5.596712004098139404e-02 6.401385756903109348e-02 4.525060663695827656e-02 8.187182912146309666e-02
7.899285546176820771e-02 -1.045504493596929318e-01 -3.012473949586684865e-02 -7.205416404736318670e-02 5.624587455671131372e-03 -5.482653566847303650e-02 1.438788204070056420e-01 1.095461738909829204e-03 -3.415513601412001332e-02 -7.101269312323750527e-02 1.156132771332433473e-01 1.605783032157120649e-01
-9.614086235076968467e-02 -1.405714428508316738e-01 -1.653934098974065622e-03 -3.095384875971552568e-02 -4.839611623258085332e-02 1.763425929956286553e-01 -4.047181993898866376e-02 -2.579849437854328173e-02 -7.784096094970047175e-02 -6.102023691942625588e-02 3.669557483136422736e-03 9.762999217024145859e-02
-1.924140677264830623e-01 4.397626860448503039e-02 6.887915152788987028e-02 -3.648824064630302576e-03 8.297959377573034534e-02 2.587508676348287406e-01 -9.716844548837326456e-02 -1.263932205864088665e-01 1.156589316094635556e-01 -1.285115341642792675e-01 -1.851682795746547316e-01 2.360997649424743383e-01
-4.104435171293879803e-02 5.870536882266746970e-02 -4.283314694569668318e-02 -1.939927880222276635e-02 -8.523390240515609645e-03 1.708860452534527452e-01 -1.131404651905189435e-01 -3.880831906743433674e-02 1.149012590376140563e-01 1.182047382401030106e-01 4.378909140232428721e-02 1.203164437818221577e-01
-9.681598856962057853e-02 -1.093031902595472948e-01 1.489521690929609676e-01 8.519719987160005725e-02 -1.773047137124092801e-02 1.442071438173454512e-01 1.111518786541186438e-01 -6.655513935074591769e-02 -6.763156403067188682e-02 -7.783801054907892036e-02 3.952958867727163206e-02 2.184591536729399153e-01
-4.271481283977816845e-02 8.036736003996783340e-02 -1.182765539710374514e-01 1.853411761760926507e-02 -3.744510283279641610e-02 -1.257924992779159701e-01 2.977349854820405053e-02 5.335054022502020571e-02 1.507431647719511929e-02 4.491302633925028237e-02 -1.238252754564511671e-01 2.415188006126982312e-01
-4.257346531534314527e-02 1.853924987788802548e-01 2.783575155378547120e-02 -5.978878284556228551e-02 3.572198944649555147e-02 -2.055487147278585169e-01 1.182139604506834002e-01 1.717837242924393978e-02 1.608804203317189818e-01 1.257836277768685229e-01 -5.477814243886795775e-02 1.384286400514384840e-01
1.543263036674765165e-01 -2.825701376123904499e-02 -3.686556891259976793e-02 -7.278417173938868390e-02 -5.908184295197128205e-02 2.106949126604524408e-02 1.051991704270226341e-01 4.268772092221847364e-02 1.212144116311742459e-01 2.043819564458072488e-02 -7.473462174273029501e-02 2.098599929230272887e-01
-1.728728031716690872e-01 8.400815839004671659e-02 -7.589343086645355951e-02 1.977544499879904105e-01 7.092517556693288261e-02 3.948637620074718635e-02 2.606691385033931344e-02 -8.455800192829218687e-02 -6.261195895624674379e-02 -6.522772310271178486e-02 2.007890329608390950e-02 5.413691482322148529e-02
-7.008166184913099117e-02 -1.718509510144530447e-02 -2.308980061553877194e-01 2.341605299532798640e-02 1.236514764053308658e-03 -4.512574758325910151e-02 -9.478194535849278346e-02 5.053309176867271449e-03 -1.043102633007486346e-01 -2.477121740359159168e-04 4.077196815239926553e-02 2.170833581046546501e-01
-8.810433761823699417e-02 4.102899475144843044e-02 5.324950041974180898e-02 4.336147461400349790e-02 8.981173950754424429e-02 1.373848432157414590e-01 1.143501603208074008e-01 -2.622293336872415503e-01 -8.375202506651957535e-02 1.044640409192020437e-03 -4.572641803503882038e-03 2.549195732812897797e-01
-1.927876559345213514e-01 -1.988233535366422736e-02 -2.831376827581185036e-03 3.515075105093426466e-02 7.314575026399124449e-03 2.311422429367046560e-02 -5.372480653765637076e-02 2.986937946450428025e-02 -4.619059832684847822e-02 9.468933819445893643e-03 -4.055120984639641601e-02 2.196662310463607659e-01
-1.465742437706984980e-01 6.962360441814383072e-02 -1.083187921921529018e-01 7.966290140953447702e-03 -4.645851266940622531e-02 6.089142449212885111e-02 -1.246682373985704903e-02 3.781183319735858389e-02 -2.147139475326986097e-02 -2.043819508889591421e-02 5.782251905281289572e-02 2.252669906086836316e-01
-1.726004529690109424e-01 1.282844769081982993e-03 3.042588827682103994e-02 4.881441769100715311e-02 -9.163096720533510375e-02 -1.852250057020740637e-02 -8.038639739689772135e-02 1.599343876665859365e-01 -4.926878439640638985e-02 6.740368806234679766e-02 -3.530441789044223844e-02 1.869919160917771495e-01
-1.040384070766220137e-01 -3.629865865652973089e-02 -5.639783430442969064e-02 -1.629948733275445039e-02 -1.109312968961103513e-01 2.958974979152386581e-02 -4.625299881012493591e-02 -1.340714607593110619e-01 -9.249728751525276502e-03 -3.295252950206618153e-02 -1.384145862646165848e-01 1.521021495007191249e-01
1.463442050433267153e-02 1.868290074395831737e-02 5.247032215967028373e-02 -7.588538968979084698e-02 5.428900858065193596e-02 1.079173526565144030e-02 8.757247055666099456e-02 -1.061582349610444564e-01 -3.224338981509285162e-02 -1.323925759673762748e-01 6.869894997115386093e-02 3.299687529213541359e-01
9.894244254881555400e-02 3.713781203096937211e-02 -1.257263853022604072e-01 5.591517085851098467e-02 1.091426884185379281e-01 -1.386983177794417488e-01 1.785084423419130636e-02 9.659389664257442276e-02 1.869177137598275473e-02 -5.579903374463199978e-02 7.742917742934415926e-02 1.279892991354182885e-01
-6.525990384136591549e-02 -4.200984182075200024e-02 -2.045081736631287547e-02 -1.098602891538828265e-02 4.501086277881336667e-02 1.013146553348657358e-01 4.815989570523700886e-02 -5.833822356719347429e-02 -2.295883815694550745e-01 1.107239934389329418e-02 2.848085106954127005e-02 4.567478127339157784e-02
-5.911651521243325991e-02 9.271774003145397125e-02 6.839286225709123590e-02 -1.434323673065950877e-01 -1.102608333298053800e-02 7.320248069159658588e-02 8.909961158165120854e-02 1.181753705838166635e-01 -3.751154646103996293e-03 3.052635339531668476e-02 3.836042365054821712e-02 9.586447135971912226e-02
2.297730725045208158e-02 -1.255261195318774572e-02 1.648744466243403373e-01 -1.844883920990620929e-01 1.052776447800858745e-01 -1.603227619096166817e-02 1.105308631685540405e-03 -3.663994446980160108e-02 -1.138373016134961412e-02 7.232200992274760709e-02 -7.382214887230750811e-02 3.059234368898789413e-01
-1.032867161506021425e-01 1.691492022409453802e-02 -7.893555513378139321e-02 -1.202834392825929272e-01 3.922835360238299124e-02 2.080174368250084505e-01 -4.042730799945708914e-02 6.921218195389619576e-02 -7.423473275513904970e-04 1.203765253967627319e-01 2.856897937528050241e-02 -1.344176120312782878e-02
-2.654528918446157348e-01 1.292160816933338174e-01 3.464198227000040223e-03 8.066835671037534197e-03 -1.398134751396737652e-01 3.006191610591665841e-02 7.008114246044254599e-03 3.709518168460781279e-02 8.845725336173862474e-02 -9.451505303866773733e-02 -1.227159909084134248e-01 3.213082578195827765e-01
-1.508951742359617154e-01 9.607266095253377824e-02 9.506819883386982695e-02 -2.058980062502809294e-01 -4.309780609345519736e-02 -2.698019153786037072e-01 7.685430735131938695e-02 4.193116883756098021e-03 -8.550314578288070733e-02 -1.506666404714630536e-01 1.208438971210648166e-01 3.444500397382397883e-01
-6.253248707763015002e-02 -1.772983865117058831e-03 -5.506770063516937957e-02 6.047520017217810316e-03 -1.123012096465720450e-01 1.740628104760600925e-01 -1.606015949368955475e-01 8.818220718299210614e-02 1.647680384657670138e-01 -8.311794795722400597e-02 1.485289582455984886e-02 1.934042330586480396e-01
2.469679258944191755e-02 3.916265996641306313e-03 -1.211528423522058133e-02 1.236819099969482666e-01 1.543025351944125531e-02 -8.134966207258383097e-02 -1.978771302095630180e-01 4.720260833747654677e-02 1.092864766872670423e-01 -3.599428377620470659e-02 1.307470100146416458e-01 2.289031123956124791e-01
-3.040778561329429142e-01 1.508295278634577685e-01 9.386874917485285574e-02 -2.514156779751704901e-02 9.338969623644274376e-04 -1.430071423373740491e-01 1.787343574287296802e-02 2.496505464010281491e-02 -1.971363298296117950e-01 -1.729298157067903352e-01 -2.010690194362677041e-02 3.648548674758948507e-01
-1.951624908753734136e-02 -1.265818814344744914e-01 7.030264214672096723e-02 6.852040424739151703e-02 -7.573680025447784674e-03 -1.547130547401024596e-04 5.818825691157939600e-02 2.188345314740025235e-02 1.012918776959175100e-02 7.591173667325844254e-02 -1.729818579201361228e-01 1.732207078161064617e-01
-1.767906420355441419e-02 -3.204545356681064161e-02 -1.007989908045688054e-01 7.273121692657426307e-02 1.123702422717505894e-01 -2.210003549813231022e-02 -8.262680696005954284e-02 7.869645690140578131e-02 3.305990709017518625e-02 -1.418662645402011813e-01 -5.602296709603134250e-02 2.159688292455213821e-01
-1.935217647134601648e-01 -1.787633928173650855e-01 -3.419517208064042774e-02 -2.065124022009467430e-01 -1.146044881447387670e-01 -6.752839880114992754e-02 1.198536476157531366e-01 -1.319768615185931415e-01 -2.439454738833808090e-01 -3.341037393182046816e-02 1.086233251148621681e-01 2.170280606476654717e-01
-1.918123384463085376e-02 -3.224117553310188768e-03 -6.975710195909357036e-02 1.255908574287944047e-03 1.223837861980741487e-02 -1.119403948155929009e-02 6.561184244735961124e-02 1.310247044581907272e-01 -1.232471726864155237e-01 1.010958732823635936e-01 -1.941715410994930557e-01 3.101496890860019895e-01
-3.682813831641454372e-02 -5.865908881017618814e-02 8.215523379947827290e-03 -7.793829213741697293e-02 -7.559170850948455922e-02 -1.099263586858407055e-01 1.632259614776266632e-01 -2.186561669153036860e-02 1.838547307307778211e-01 2.547076429674154444e-02 -2.534077352063460187e-02 2.653225444541191802e-01
-2.277177856360757327e-02 -4.862496103325764096e-02 5.296969011650899326e-03 -1.190454113654973861e-01 -9.427949755327232756e-03 5.757511089411915250e-03 1.286960035374618283e-01 -9.494186551381633699e-02 1.565303693112231886e-01 -1.780946417447095906e-02 1.534392045128713244e-01 1.078735461508399940e-01
1.943623037974549425e-02 -6.104421982437102656e-02 5.802225855446762476e-02 -2.803278840845813830e-02 4.833089076282374302e-02 -7.771921386609879912e-02 -1.471119632436191510e-02 1.742857208008278536e-01 1.704085429598788115e-01 4.168035807539843124e-02 -1.734057678599854047e-02 2.553732949677668396e-01
-9.695315543903354136e-03 -1.279287412086479447e-01 -4.355572911564607047e-02 2.743728834622093105e-02 1.538580588346138700e-01 -9.947336407459399232e-02 1.172881038389834985e-02 4.980258672617090404e-02 6.510643197114351910e-02 1.602402151562658528e-01 1.438234690401215266e-01 1.869782734106891497e-01
9.059998092425648741e-02 3.737871580868185051e-02 6.885512397662396644e-02 -3.169690457986142768e-02 3.211783016374306077e-02 4.109138365235391610e-02 5.424560226200312966e-03 -6.752506327855031798e-02 -5.532412270460983217e-02 1.867269032047638166e-01 4.775555097375319691e-02 1.085831145224809002e-01
-1.179094958098435841e-01 -2.677144892984857291e-02 -7.722198575809077759e-02 8.454986566571863482e-02 -3.997511892145964169e-02 1.966365154055020881e-01 -6.665807703418042936e-04 6.599140496328073646e-02 3.810620177696609490e-02 -2.042669507497418650e-03 1.240239549541999470e-01 1.385076196966967543e-01
-1.493708580663048457e-01 1.585624111792115210e-02 -2.402331389001544915e-01 -1.538956487543269858e-01 1.820100239864743397e-01 8.673924831152786397e-02 1.765470369895847103e-01 -1.738928002888301683e-01 -2.171216618019393418e-02 9.192640431215194641e-02 -2.255267096794365822e-01 7.892340210753556740e-02
-9.264542315544851969e-02 3.006125791310443329e-02 1.486425968742232338e-02 -6.294235021229850624e-02 1.226689788772662576e-01 -5.685439081477575152e-02 6.643768184224656259e-02 -3.173680890771255619e-02 7.852085203534889257e-02 3.260671299160248365e-02 5.291178905893857698e-02 8.614111947116617762e-02
-1.937176323074586981e-01 -3.567017468497565846e-02 -3.423151811533680505e-02 -3.829490583208502996e-02 4.003259719727039062e-02 5.244077811601673134e-02 2.488964629900463840e-02 -1.646359816368363760e-01 -6.153370715249550926e-02 -4.750375999351814232e-02 -5.353159249066892500e-02 2.825815112721219990e-01
1.912515041798349968e-01 -2.216536973754830789e-02 -1.386317404283289763e-02 -2.077722254303719651e-02 8.856220844577501750e-02 3.177246138307283484e-03 -1.479245726059978672e-02 -8.589588424342139983e-02 1.239400917884532077e-01 7.665610141265845334e-02 1.349512499843476265e-01 1.620872343574551178e-01
-3.875215115135276223e-02 -4.074598380005169107e-02 5.653050002991816952e-02 -5.991411964470531870e-02 1.914092326756246243e-01 -4.254724743115759558e-03 -3.354898700003201145e-02 8.555606183738864723e-02 1.587356715624612946e-01 1.767818765295095171e-02 1.082347857031039917e-01 1.224075467525109207e-01
-8.952510493825460713e-02 5.809554273216556430e-02 -1.227831944010227549e-01 -2.021440202845503631e-03 1.306069752812136497e-01 -4.453505673834502743e-02 -5.119274980135308378e-02 -2.348303178028209384e-02 1.509138779573193367e-01 -7.429849969728459513e-02 6.858740393759799048e-02 9.944109537623263551e-02
7.145586481670948564e-02 1.384442344777406797e-01 3.860245234670681841e-02 -1.376634303958160221e-01 1.013571035908760951e-02 5.872869345271121769e-03 -2.065676012256083827e-01 7.781431519882825443e-02 1.930098926596544306e-01 -6.747522375376081849e-02 4.956584108339398553e-02 1.052812925833991886e-01
-1.286135479600124081e-02 -3.636919650474691734e-02 -7.266192432782878075e-02 -2.450785914301579355e-02 8.442637361459241763e-02 6.931722525581172911e-02 -1.262131327516699819e-01 -1.299473827040776019e-01 8.529627137626608069e-02 4.075870210568039581e-02 1.299336944331559024e-02 3.546827924706547758e-02
1.413907853596237281e-02 3.484775392705956321e-02 -1.559866103569578638e-02 1.252880046661820623e-01 -9.622990230576518311e-02 6.618134589451747651e-02 -7.347650444821703097e-02 -6.142027711612942087e-02 2.711123773843222146e-02 1.020540109858988492e-01 2.349373627448100507e-03 6.566588574799352152e-02
-4.250041217161605600e-02 -6.090665786171417517e-02 1.066763998193513696e-01 -1.787640443986000804e-02 -7.263888909813685790e-02 3.895025537326977927e-02 2.893128285479116060e-02 -9.796871796164329307e-03 3.354073489738657043e-02 2.388904265966114090e-02 -9.365816051563846667e-02 1.615352038690598124e-01
-9.416546317617548179e-02 6.572204183980753789e-02 -1.209320334649356676e-01 6.045146640577670621e-02 -5.276750387088225552e-02 -7.020535000045179108e-02 -7.891908911884616684e-02 3.922590202144399935e-02 -6.833701846154469073e-02 1.190940839517643374e-01 1.829763557986600897e-02 2.542092718668662599e-01
-1.034556790156068995e-01 3.959405135140259269e-02 5.687680890261289507e-02 1.090719966989289053e-01 -5.065466280832321005e-02 8.653179405829454496e-02 2.977052102279957937e-02 -1.551893864507230408e-02 5.043896545473187942e-02 2.462935642945404333e-02 -3.150984865336941415e-02 1.473901384139664483e-01
-2.735135471286919140e-01 -2.439867649275475614e-01 2.224413631318652041e-03 8.171010940233354447e-02 1.029791213582025439e-01 8.494333431002583368e-02 -1.421282815718748205e-01 -1.274371815950793747e-02 5.025809758394991777e-02 -1.301542675462600274e-01 8.233154353137578374e-02 2.196926944408818805e-01
-3.432503571211331095e-01 -2.482926622818458218e-01 -1.043039502012252893e-02 -9.772163823182265785e-02 2.086541616627133611e-01 -1.049544661797138373e-01 4.868861797377316974e-02 -1.186300203931374142e-01 -3.781028902937966230e-01 -1.631341848992926349e-02 8.758424980878221078e-02 -7.626392279685459408e-02
-2.996047790937267016e-02 -2.310099760329189719e-02 -6.612364108060939105e-02 -7.168116384361517858e-03 -1.121059798275372416e-01 -3.820624002181802203e-02 -4.345383607525576258e-02 -4.975767213830638996e-02 4.266163686503975094e-02 -1.273448817763062901e-01 8.936380830113893614e-02 1.140895516238381591e-01
-1.506246183686082984e-01 -1.157314468093569373e-02 -5.356219536361799677e-02 2.732247655597287977e-03 2.265062851085372295e-02 1.500684108550645775e-02 -9.159543081946060206e-03 6.468224812755429820e-02 1.173546060582700001e-01 -5.451813542333645152e-02 4.577685025063478463e-02 1.400647454575321312e-02
-1.093065953919293426e-01 1.664246241393122286e-02 1.455270857615886988e-02 -7.611525235525538891e-02 -9.203004539674282392e-02 -5.275085851744135135e-02 -1.222940456206286636e-01 8.114131156398543543e-02 -7.735313220858455741e-02 4.551424439492112589e-02 -1.109260160321871164e-02 -5.724425404539123553e-03
-1.805685803549024124e-02 -1.073407370412537976e-01 -4.569783702735511280e-03 6.898894164752646108e-02 -2.088393409545465443e-02 2.618142185791077353e-02 4.533012101013288338e-03 -7.713561733533697007e-02 -5.808048311193433899e-02 8.754779037959319055e-02 -4.339699789225653914e-02 5.832731237306064409e-02
-7.015015058098528211e-02 -1.177760771204524465e-02 1.482636634766310545e-02 -1.734379084058515486e-02 1.037586718735489105e-01 -9.304706027098839927e-02 -5.866150135972369312e-02 -1.379329997549038900e-01 1.022542436806681276e-01 -8.842068285666625574e-03 2.020965625585392222e-01 -9.132722865436073301e-04
1.164803090975260053e-01 6.917542643543848901e-03 5.981843668799349117e-02 1.906107806374378044e-01 -1.245396603328761675e-01 -6.612004159116789681e-02 -6.982596286604920988e-02 -8.995421214371998597e-02 2.951244412628249020e-02 -3.013810680945273532e-02 -1.530906698214732631e-01 6.561952212335046830e-02
1.370961390546363567e-01 -1.183578301541445277e-01 1.478065599922510354e-01 3.186151199321723970e-02 2.796106382603949850e-02 -6.699460490691737380e-02 1.348216418335043340e-02 5.625030778297487183e-02 5.786294511805947782e-02 1.784106870308374559e-01 3.446397258138662878e-02 1.003082239309116275e-01
-1.978656284053033620e-01 1.691305064252665025e-01 -4.392786184565627278e-02 2.207917293183130764e-02 3.515713574072714537e-02 -1.328707724061199387e-03 -7.269908917459387554e-02 -2.325334684737557708e-02 4.325107572159221647e-02 -8.644345684131142515e-02 -8.317313994997748913e-03 1.138722985696962176e-01
-7.648206472999118100e-02 -1.457527222996551561e-02 -4.565024409171188763e-02 -6.365624219840371016e-03 1.607392177045718074e-01 1.740569225896194117e-01 1.161194445564471128e-01 -3.649327066440630901e-02 8.063813621908785811e-02 3.157017041259164297e-02 1.381890835301365084e-01 -7.958625420448010163e-03
-1.342909753456881794e-01 3.341038158473404185e-02 -3.386341082117413220e-02 -1.297230944958933097e-01 -1.575979898856287587e-01 -6.239705147504886334e-02 1.109361927586403201e-02 -1.467228539462485937e-01 -6.379280789266025126e-04 3.115917599764692764e-02 8.187679856423760172e-02 8.977979261429339108e-02
-1.668930768368482309e-01 1.210307376472911228e-02 -1.777750668745155596e-02 -6.805838403214356687e-03 -1.886561336973302805e-01 1.843387574924436612e-01 6.424943097928939584e-02 -1.498722287859912405e-01 5.100038161755410249e-02 -1.740356707192850308e-02 -5.751967458349173390e-02 -6.440417778418220003e-03
2.212479920231323893e-01 1.571298642740473830e-02 -1.331389918811566042e-01 -2.112906303472180530e-02 -3.212422234166393414e-02 7.540323327161981004e-02 3.569842279624404341e-02 7.272288702249632419e-02 2.658764190332808808e-02 1.540365649409426441e-01 -6.739294181638788572e-02 9.696041249409720342e-02
-2.442573874722955493e-02 -9.805248964204371642e-03 -6.415427329040343518e-02 -1.674985436725759391e-02 -9.767727439090358177e-02 -1.683940026451931082e-01 1.502217718519040029e-04 4.524058297271358470e-02 -9.427823748942232296e-02 -1.178021051839362315e-01 5.754941451685560705e-02 9.659555853942278225e-02
5.349831084217473998e-02 1.190055434411936286e-01 -1.180388093143608930e-01 -4.823323442498711477e-02 7.443083384998348817e-02 8.281146812008009783e-02 -2.864051214705793172e-02 -1.984289909852168451e-02 -8.828486236682631105e-02 -1.313220783890431571e-02 -3.090399728342685046e-02 1.106244460148903160e-02
-7.050018747872657809e-02 -7.337393300155126141e-02 -8.975777495005329842e-02 2.235683996300636966e-01 4.340602466992161262e-02 3.278728356127172394e-02 1.143157986628792616e-01 -6.805851082627017989e-02 5.638991479986563138e-02 2.017779717078450052e-01 4.200169045755904051e-02 2.198637035968079856e-01
-1.484780826970338863e-01 1.197964687703789999e-01 4.677882223955037028e-02 -1.115748336800252566e-01 1.573801951238128910e-02 -7.571292464382313459e-02 -1.371525981768012895e-02 -7.315299419802842595e-02 -8.201980701324076972e-02 -2.159038647201133032e-01 1.491778829074968671e-01 1.675710787524897494e-01
-1.239732647194928261e-01 7.631080964967429381e-02 -3.375553806555798599e-03 -1.487320071832434754e-01 -1.580268802914228388e-01 -1.911439707559066670e-01 -5.785828189999451393e-02 -1.037686006917136992e-02 -8.816476607065412870e-04 6.580133966405919688e-02 2.718931720594185975e-01 -5.341071783787234434e-02
-1.182813547434533041e-01 3.668483001259649490e-02 7.577769411755710949e-02 -4.868018180990669498e-03 -1.929142265553331070e-01 -2.258525690163930566e-01 -1.286396382507328092e-03 -7.856495167312657624e-02 -3.653154727229454557e-02 1.076255043856645804e-01 1.047756309003871067e-01 1.778325081893203097e-01
-8.861571435290876986e-02 1.963547545970673047e-01 9.665036163736512309e-02 -1.792259932437261227e-01 8.919322738061789824e-02 8.832554240783992150e-02 -9.042128818703944193e-02 -1.144488977938684648e-01 -1.089782081725779173e-01 1.113733322458056313e-01 8.336473787350150849e-03 -3.095182086795383956e-03
-1.563933619150250642e-01 2.866023979936956415e-02 -3.899519695362509836e-02 -1.873749458285712821e-01 -4.845261237031665141e-02 -1.023916132864371026e-01 -2.203697055803237881e-01 -1.410912891178893458e-01 -5.770370861524211359e-02 2.871339288105828960e-02 1.481853592917651008e-01 6.182853263143492373e-02
-5.296436198035833209e-01 -3.404828163916435169e-01 1.701215069657993906e-01 -1.550394134016994108e-01 6.285765820463636022e-02 -2.460903632832847077e-01 6.108165440745150047e-03 2.515530248382418232e-01 -5.209023490524287148e-01 8.198880273887569625e-02 8.600324994626326602e-02 -4.478334854021360223e-01
2.916983842075255295e-01 -1.060241244676186911e-01 -4.803714051559405257e-02 1.704598152202044248e-01 1.169544720441042379e-01 -1.551411789661100854e-02 8.447243842460235019e-02 1.838578765772610202e-01 7.066485584313059176e-02 6.788848905495568908e-02 -1.550177548237246794e-01 4.897483686709084849e-01
2.292228028114881022e-01 -1.163776899697293449e-02 1.019109862058665272e-01 2.412593205206937097e-01 6.327231531892567318e-02 -9.337366871066947460e-02 -4.140375287715166754e-03 1.315009821063186091e-01 -1.749278427016235093e-01 -3.040316170378761298e-02 -1.094805632505173598e-01 3.116747516831611109e-01
2.447383803442940153e-01 -2.566013982791782652e-03 -3.393377104506497405e-02 3.821918761193420465e-03 1.356427022671886917e-01 -3.151824018195424626e-02 7.281635095904924471e-02 2.372550037624488739e-01 -1.115063989078630795e-02 -1.699559398411629174e-01 -1.028806519030280586e-01 3.080255926438715819e-01
-1.370267441579735013e-01 9.025576909103383283e-03 -8.583432452993783324e-02 2.943496064575555279e-02 3.086792638589281323e-01 1.748097511246487351e-02 1.560753672866611874e-01 -4.363137911119321921e-03 -9.325352023727365158e-02 -9.355445519373591437e-03 -9.590342149353861534e-02 6.001598582316146624e-01
-9.636027586082371310e-02 5.741057776374966504e-02 7.204337786950984479e-02 2.468997569263280123e-02 8.205411547379586057e-02 -1.553580181875583444e-01 5.769907678932311573e-02 -4.775274283532137537e-02 5.692655925830577592e-03 4.281894894854538364e-02 -9.083775236265642346e-04 2.025964326045892328e-01
-3.722184960649113639e-02 -2.745042001284562355e-03 -6.989434417731532623e-02 -1.326775891748922277e-02 -2.892918505432988743e-02 1.138282019342123780e-01 3.140091059179368760e-02 -1.042588811780734148e-01 1.226595882443981822e-01 2.784219430166616147e-02 5.448792511647880532e-02 1.895911922147730244e-01
-5.247976931085740308e-03 8.422067381026063226e-02 -1.680705490012719683e-01 1.108315740879951689e-01 -8.230551442319221367e-02 -2.141713270577698391e-02 -4.379886658765744928e-02 9.259494442255089552e-02 6.463072912101933132e-02 -1.090255723751554634e-01 1.400113492555251360e-01 1.054967764791492346e-01
-7.621810032557310710e-02 2.829515459779302286e-02 -6.444927913879144876e-02 8.279697348079546881e-02 1.026491474977325041e-01 -1.647868182886095267e-01 4.335120383340416300e-02 -4.170081668383627399e-02 1.246216103249140617e-01 -4.143575199328520392e-02 4.443403865469292002e-02 1.945497332243458499e-01
5.394776254514178915e-02 -4.259899170806524804e-02 -3.040695390407571405e-02 2.519244571847372716e-01 -5.902598984762652545e-01 8.190682109256741672e-01 -6.213642912937411555e-01 -1.210361741405545644e-01 7.120355330907675029e-01 -6.210910535380335107e-01 -2.481480323960441325e-01 3.565226306798530698e-01
-3.078930908304189362e-02 1.032872951103765008e-01 -1.668635587147415320e-02 5.859960912931086452e-02 -1.787657092702117645e-02 5.647259797101585738e-02 2.372448778567322336e-02 8.871279848957705494e-02 -8.799775587095801099e-02 -1.301632472985608802e-01 -1.449058882617181888e-02 -1.619417566449808665e-01
