-5.589050719860363392e-01 6.164700679929328020e-01 -4.741068894572087605e-02 1.975984038651802388e-01 -1.478096719423647176e-01 3.041645005691296921e-01 -7.165013239705929626e-01 2.707322511994508796e-01 -9.424072208439373544e-01 1.185680676221655995e-02 -3.092300063697094870e-01 -3.799759536537631877e-01
-5.267730899102979203e-02 1.483329390676208226e-01 -2.473229816153381944e-01 1.490622336015727523e-01 5.380443672274298761e-01 -5.841567151471114272e-01 -2.438242984371901956e-01 1.506841276878959357e-01 -2.432969632187613751e-01 7.016828869474212027e-01 -4.620616229906843730e-01 2.799505809120554356e-01
4.816499540858438788e-01 -1.464749842769336452e-01 5.389775537453060927e-01 3.439864383079758309e-02 5.103612636619855314e-01 2.921310915193174318e-01 -2.316039028577907832e-01 3.716422075070183739e-01 -3.735176769987202938e-01 -6.943247229948961152e-01 -3.040538479705254815e-01 1.671207605406850039e-01
3.584339790476520071e-01 -1.657503538010162147e-01 -4.547322879523801320e-01 -6.666946277851839575e-01 4.452979300335377366e-01 4.808805335635698008e-01 4.870364748370026309e-01 -8.157699360575618175e-02 8.903491507006734695e-02 -2.485247561335938160e-01 8.053241291872169638e-01 -6.436847568840492473e-01
-1.943156002969697801e-02 -2.202473258598742212e-01 1.258103786545153591e-01 -6.419466896000055600e-01 -4.992018619732428442e-01 1.078171682701160261e+00 3.613462834359725262e-01 -8.354711200558377626e-02 3.316840224974925699e-01 -1.128800806539479229e+00 6.199150289408512648e-01 -4.201763014990032019e-01
1.093077037641577931e+00 -3.548936890917437914e-01 -6.602971161280491996e-01 4.090540633334729254e-02 -9.623835247205394516e-01 1.262918627597716892e+00 -2.457720060974406262e-01 -1.682764870209226826e-01 -1.298085516554124741e+00 -3.692421890814364116e-01 -5.425308739530709801e-01 4.373895904590616723e-01
-2.336409739888160170e-02 7.942631142419762647e-01 4.162002470369212392e-02 -1.760842822799028526e-02 5.748580250793821067e-01 1.636252609912230704e-01 3.603792216845371210e-01 -5.681831001514445756e-01 3.127243710458184611e-01 -6.480553277446550464e-02 1.021098951015224188e+00 -3.199710490197362756e-01
-1.109345939222331073e-01 4.123535426549660987e-01 -1.199535000987218408e-01 3.352202840478615831e-01 9.522361322812388229e-01 -2.847784774261528096e-01 -3.595212461628051748e-01 2.891443596457469178e-01 -1.192576849678154693e-01 8.927498982859595200e-01 -3.540885732823536580e-01 -4.165240554922441940e-01
1.525264453252963247e-02 6.153275376282677650e-02 6.515635165931970008e-01 1.403791699907347146e-01 -1.022427227793569982e+00 5.058172060805926629e-02 -2.777530380057003367e-01 2.655463196892345334e-01 -5.119229164266886345e-01 -1.382749994482418421e-01 -2.447889591257220165e-01 6.513563479129175215e-01
-2.679372040693579482e-01 -1.040101297291427807e-02 1.825545259640609930e-01 -1.997607729244157138e-01 -2.719568380342937686e-01 5.511331228712373909e-02 7.839479033988625556e-01 3.087311400885323076e-01 1.037670538559316569e+00 -6.925303314851306569e-01 1.261837934909352033e+00 8.109420563976849072e-01
2.677242075512486497e-01 -3.191433262528078907e-01 -4.995900513166161572e-01 -3.673994843620767004e-01 1.001933821705512706e+00 5.174443923696198100e-01 3.463148417816248603e-01 8.682482431468450945e-02 -4.786280101826170807e-01 7.283558461634530579e-01 3.366954475459894014e-01 -5.553001690143302138e-01
9.760090739368726398e-01 -2.634572093943433613e-01 -1.675736592399743374e+00 -1.868368412032343773e-01 -5.480865974507465044e-01 2.250976951025130957e-01 -5.140920719164916441e-01 -2.944206581173244852e-01 -8.048188547855548991e-02 -2.504742876589878264e-01 -4.952536438581981448e-01 1.234503846042870751e-01
-1.494370322159832121e+00 -1.894842227330814990e-02 2.697950950958138971e-01 -7.187170628630189240e-02 1.102739716159301109e+00 -7.618705765368509741e-01 -7.650061183726888370e-01 7.150510083612039436e-01 -4.136613511112945951e-01 1.654620416929595494e+00 -1.458862118247502004e-01 7.942500570624370926e-02
4.908531555284168513e-01 2.510924655219136103e-01 -4.286590012156778484e-01 5.375074003754628515e-01 4.125035033524926953e-01 1.695635762829303950e-01 -4.635604645171450544e-01 9.293159317454537105e-02 -6.549056167118242344e-01 5.483451442420527178e-01 -5.413922481343346194e-01 1.341601759015905171e-01
-7.199444463640152225e-01 3.704853895323519941e-01 4.892120885988740508e-01 -1.060941885774425719e-01 4.364132360986581749e-01 -5.678186099386577368e-01 4.701606620221522315e-01 4.260619153521125191e-01 -5.291517873647862968e-01 7.541702626403866683e-01 3.905597831564112110e-01 1.203634748805593624e+00
7.600801371148915297e-01 -4.331482453574628799e-01 -7.421648347547948887e-01 -8.551064441764802959e-01 -2.439908191060484455e-01 9.709673609100254454e-01 4.776981699826888805e-01 -1.791892301238418583e-01 1.364174535932716203e-01 -9.263936049326975120e-01 3.982395139314445220e-01 -3.391788348495853866e-01
-1.108770434171743924e+00 1.010833640908368025e+00 -3.376243535274803254e-02 2.140659611364420789e-01 8.977585793266855407e-02 -1.667186987808105814e-01 -7.987919132767115071e-01 3.750122529177397079e-01 -1.025798618355963754e+00 -3.992328569030673124e-01 -3.391566037218582408e-01 -2.421017600846250839e-02
-5.046686768135590917e-01 7.073281048350685829e-01 6.206680727617226723e-02 4.875077105291567708e-02 -4.162455075079154326e-02 -3.312359613867650321e-01 -5.596860302318641400e-01 5.994868816628911024e-01 -7.687067945503862632e-01 -1.636627621192656701e-01 -2.553082877922351890e-01 -1.563137366261196232e-02
-1.073185242543052559e-01 5.412292283731064968e-01 -6.445248142976668648e-02 -4.288539102951002269e-01 5.570047860663822625e-01 2.144544294275441687e-01 -1.677688409472456255e-03 -3.201592888117953395e-01 3.665149981189831374e-01 -6.457022539525684168e-01 6.925221604713366341e-01 -1.048904161663731349e+00
4.244868234099826720e-01 7.253270425012438294e-02 -4.839548344513209255e-01 -9.475856478313678111e-02 -2.448474039754156006e-01 3.579411534089630975e-01 -4.188151197599594977e-01 1.866425039830045818e-01 -1.801229829759019296e-01 -2.454405761013819798e-02 -5.472959100666617838e-01 -6.784073603819605891e-01
-3.142725020094977451e-01 -3.363673435279747603e-01 -7.757464295808527144e-01 -3.234054739248687915e-01 2.865798810206996450e-01 -6.703125333860019408e-01 -1.266302003867000592e-01 -9.064339853642554290e-02 -7.378407350766945649e-01 1.072766881030661201e+00 -4.262154664920136393e-01 7.331704250449332105e-02
-7.103823975826364379e-01 2.335215662552301771e-02 1.639341953464147572e+00 2.795011538234222770e-01 -7.932316713353944060e-01 6.662806315109166821e-02 9.805339821578373805e-02 -2.557295378453481871e-01 -2.299485899782767739e-01 -1.070191014163108356e+00 2.758932161356706381e-01 5.175786664716860441e-01
3.514841009369651936e-01 -1.072628700587359013e-01 3.933825763412735488e-01 -9.348539498705357720e-02 2.915084631313163421e-01 9.622636779932803863e-01 -4.474409916115070218e-01 -5.145836087374666690e-01 -7.588127403882096722e-01 -5.343346781345896801e-01 -4.815034107696163912e-01 -8.073479766444067174e-01
7.932795119531739214e-01 1.445858819528518802e-01 -1.010294357274491572e+00 -1.102786566177038630e-01 -8.432193360517422631e-01 -3.078686911136217091e-02 7.428402190669485261e-01 7.314423674464428649e-01 9.257126665936532550e-01 7.743382489442905969e-01 5.158094690326234799e-01 8.362852864708456568e-01
-4.582786861104879428e-01 -3.769268077565848252e-01 1.669214993083155407e-01 -2.991330575932875102e-01 1.567949556141366774e+00 -1.950601392800317635e+00 -5.959622981884713511e-01 -3.280182674437999713e-01 -1.070344915091974158e+00 1.811682330911273398e-01 -7.090092125274426171e-02 3.583852182435770528e-02
-7.705733248106723388e-02 9.294834544706637169e-01 1.788310417298484278e-01 6.713075603562965732e-01 -9.798740073890434277e-02 -1.060598103799659908e+00 3.974867347729556522e-01 8.798179134404239266e-01 6.013604893253343686e-01 1.802429479026668724e-01 1.418805686527989107e-01 1.933944058089124562e-01
-6.526741910920211831e-01 -3.044110572253568361e-02 3.076479401237813271e-01 7.048568109587820263e-02 5.413522034169024888e-01 -6.581535825718749511e-01 6.054657548589366112e-01 1.354986328740795387e-01 5.971685266607731357e-01 2.091818949484636897e-02 8.687312373541395960e-01 6.956073067514739749e-01
1.257434223562665376e-01 8.037707829899226608e-01 -2.543347444392708989e-01 5.542588571654411683e-02 1.576451610607421117e-01 7.507476827745187542e-01 3.400368185276479993e-01 -3.725560483679848933e-01 2.925680505136203369e-01 -1.557590138677462932e-01 1.028980832166938031e+00 -2.447025778693421860e-01
-2.254796926405558677e-01 7.931907677256440359e-02 1.153427592208911889e+00 5.942314007182670776e-01 -1.013053348009719246e+00 -1.381769053281222959e-01 -4.827142104305489068e-01 1.150059856145178305e-01 2.004350567720531440e-01 -2.458382061094938412e-02 -3.933242991958608159e-01 1.114895891017744223e+00
-1.074838155289377983e+00 7.161581493060100723e-01 -3.856805614658224968e-02 -2.416553972412217519e-02 6.650646924096151880e-01 -5.781438768578446297e-01 4.887776452606132915e-01 -2.640792931590737330e-02 2.076516270234851635e-01 8.937909076460540669e-01 8.747552021562999824e-01 1.728368321746922287e-01
-5.734196781712963542e-02 -6.034707227181771438e-01 -3.474352318027896236e-01 2.230659519858105566e-01 1.678528957133401944e-01 -5.837700385132123249e-02 1.158243493920953077e-01 -1.230669822115226658e-01 2.521857037832722637e-01 3.929363388686307190e-01 3.841987064212290526e-02 4.738606592475060331e-01
