5.228046258993084006e-03 -7.346962393835329563e-02 -6.446990596418150643e-02 4.184546936644195636e-02 5.839198318181080399e-02 -8.497327712392704901e-02 -1.288525568780921234e-03 5.607390154344382704e-02 6.690768402626827427e-02 -4.377635755140400764e-02 -4.259390762170436884e-02 -5.067926741895370513e-02
1.103711608202913863e-01 -1.151132783181176983e-01 -7.022840553743893433e-02 -2.084180200116955012e-02 1.621896726126964283e-01 5.728440228622447283e-02 -1.382322390346001351e-01 -6.596708656129105647e-03 -5.357580682772507263e-02 6.030326661889601203e-02 8.711211634075961829e-02 5.130952577322683839e-02
4.101897970812451444e-02 2.312122242409437450e-02 -1.104417468132268820e-01 3.754000640560986590e-02 2.395470765712565120e-01 -7.806614568103474594e-02 -9.019715180010658140e-02 -3.805012734878226305e-02 -7.448043612016114201e-02 -2.837646925761466016e-02 -1.147075160036835767e-01 2.080319245951172194e-02
1.154517335440410492e-01 -1.867258757582879528e-02 1.041243154681005950e-01 -2.309764701380247198e-02 1.059889119276984371e-01 3.137427963702904554e-02 -1.925691680674952028e-02 -6.611823089415103105e-02 -2.998609956927449083e-02 3.398509390239031619e-02 -6.750035507557394787e-02 2.583587690204082812e-02
1.516651777266479206e-01 7.271482622883881919e-02 1.271338931856026977e-01 7.145153368188580933e-02 9.163276244714470276e-02 -4.692925354651891756e-02 7.212441026520755027e-02 -2.447854126247242437e-03 1.069938713498893024e-01 2.352895421649846622e-02 7.231628315758037440e-02 5.521811303187596637e-02
-3.380598356798181214e-02 -4.593360905129300828e-03 8.901584850846705477e-02 -9.673210324740280641e-02 -1.001932239679277081e-01 -6.291079793629384201e-03 -8.099186522563139867e-02 6.236689557527378552e-02 1.816253675469590295e-02 8.856375153522058619e-02 -1.368912452885725495e-01 -1.499901412627973885e-01
1.349400792288185380e-01 -1.169339742887022388e-01 -2.440223213050144724e-01 1.675923331058273846e-02 -3.157231332477555830e-02 6.495887903548518139e-02 4.461210973032854465e-02 -7.532937512275307557e-02 4.952932827736570426e-02 4.465601747447914271e-02 3.166691537121209266e-02 -7.115946114668894595e-02
4.515377561951595259e-02 -1.083452178418953388e-01 5.642766972151575834e-03 -4.264655931477305539e-02 7.647354405778127029e-02 -1.624707650280376448e-01 7.071365864192435957e-02 -9.168103115794515312e-02 -2.652406574433553016e-02 -1.503121304156355420e-01 -1.221266725931036481e-02 -1.563081009994547188e-01
-5.281192351608714891e-03 4.647053142908928042e-02 9.486104714413562400e-02 1.665893349110213473e-01 -6.144064208251185516e-02 -5.957630304627842266e-02 -2.035984457137404030e-02 2.165675602054010496e-01 8.034105463934590463e-02 9.254105652296336360e-02 -6.709099583508072728e-02 -2.629480443111610610e-02
-5.369606083459148305e-02 -1.816851877976658619e-02 -1.681332252296409424e-01 2.901220817130304233e-02 8.479350393792481344e-02 6.175879465054379819e-02 2.277477093391794272e-02 3.709118052509423336e-02 -3.799204914916241155e-02 -8.424941992798037904e-02 9.168244569272099298e-02 6.543113187675958509e-02
-1.834650280874539630e-01 -7.419703340592212482e-02 5.963144748904404546e-02 -2.370964182171205609e-02 1.859367167281433114e-02 1.045012779874070069e-01 4.348480417143303633e-02 -6.721587094110197114e-02 1.578107918897912743e-02 2.138640892280633393e-02 3.024272130716569931e-02 -4.877561951919751754e-02
-7.894590740779000582e-02 3.771950497299635108e-02 1.433723966184352050e-01 -2.271275349853466193e-03 -5.386512775610065307e-02 3.838370148287139488e-02 2.190546003800390440e-01 -7.627033337330565987e-02 -4.689331391987367620e-02 -1.406820789675231921e-02 -1.823803132524502799e-03 -1.123091282151030268e-01
-8.331097894971896053e-03 5.034199537235620192e-02 1.480473203197293398e-02 -4.744638268627066578e-03 -3.722596901253273638e-02 -2.868868826973732661e-02 2.351790835138869440e-01 2.244334169287202918e-02 3.325920664260675896e-02 4.654076333187355530e-02 -1.028303482726438262e-01 -1.718096272226900256e-01
9.070694514748936510e-02 -6.027308678023547001e-02 3.139939277321862621e-02 9.588497280741223750e-04 7.727053494591551441e-02 -5.007220479202521835e-02 -2.876291820880584604e-02 -4.498679152783889579e-02 2.963421559034640218e-02 5.993199399138699618e-02 -1.076741679134366782e-02 6.251637767780708621e-02
-1.064455619066457248e-01 -9.930202324839385031e-02 -2.717389779949478182e-02 1.859128931347031610e-02 8.436081808779705149e-02 1.438577329638933977e-01 4.760953846282212076e-02 8.959093725630670746e-02 -3.394728743700836660e-02 -6.699411259865850794e-03 1.705400570769341206e-01 -4.977377332023485978e-02
-1.116693419081475347e-01 -2.190980476084693207e-02 5.682657991278866616e-02 -7.754737286007354347e-02 -7.697816132856416527e-02 2.846270062929077277e-02 -1.447994028176665532e-02 8.709728156213365768e-02 -4.143730657934335815e-02 2.003255702884985390e-01 5.437984102212968865e-03 -9.536463929593604061e-02
-1.352409487900326779e-01 1.633349677075773276e-01 -6.605159321554662788e-02 1.634711224026827101e-02 -9.489530413413412024e-02 1.123458528184893557e-01 -1.978103984146682426e-01 2.293689107361249462e-03 2.430118119018007464e-02 -6.112418500956383338e-02 2.485662762992695701e-02 -1.179726424510742916e-02
-3.572169295099959785e-02 -8.560094021310238332e-02 2.098581651793467173e-02 5.823094641269296878e-02 -2.956344996539137307e-02 -1.283408343886782970e-03 2.115325899480380994e-02 9.236787255214529146e-02 5.970254855996394439e-02 -1.014817384132279121e-01 3.076844829134363184e-03 1.380044094178130565e-01
-7.777055690306843017e-02 4.332339018962065580e-02 -9.533255459702635881e-02 1.166600500473139734e-01 2.410437189199541447e-02 3.852663948077347800e-02 -5.396563384439209687e-02 7.856985737611335563e-02 -6.941293433813525149e-02 1.324519206977839703e-01 -1.352322326474325043e-01 -9.293654280462509965e-02
2.636890625246122305e-02 3.310949761196224639e-02 7.004779025259487424e-02 7.712599992676258398e-02 -7.835242500546929501e-03 -5.944767467781672532e-02 6.451511341363624918e-02 -1.146054029267372931e-01 -4.263795418963484823e-02 8.642605916108377778e-03 -1.218545935622391690e-01 -8.945263052419039074e-02
-3.495157697755302273e-02 1.187114843646325801e-01 -1.014528237706649738e-01 -6.946654120299984581e-02 -8.000265530105865608e-02 1.393085000418728958e-01 -7.153907787933132256e-02 -2.922635181325617532e-03 -1.646021759154389641e-02 1.064508501996272727e-01 -1.206385281457027503e-01 2.934002243950998082e-02
8.463161597928603452e-02 1.510116730858691581e-01 3.347755332568676939e-02 -3.250143632009241251e-02 -2.623111628674478380e-03 -1.000451937360845173e-01 -1.378398087600164051e-02 3.388050095256053135e-02 -5.129271740457103795e-02 -9.864560586466683892e-03 -7.096071122510917706e-02 1.305579791951540503e-01
2.383574783685729961e-02 5.963527008815808217e-02 6.816759799450787527e-02 1.200539014557897022e-01 9.499460953471045022e-02 2.625497781173366865e-02 -9.263841410826617606e-02 6.142081997347435297e-03 -8.606470801958253022e-03 8.448320169371111021e-02 -2.743465938686847488e-03 -5.331388864455259557e-02
3.029164005896532036e-02 -1.956215155711093223e-01 -5.494267425028830087e-02 -7.672911057876532701e-03 -1.019813522298135613e-02 -5.571247548613853656e-02 1.015975516959449938e-02 -6.738402800651262237e-02 -7.707584270585388087e-02 5.933482571408588147e-02 -1.165604124974090883e-01 -3.960009784366914920e-02
3.989852390782452907e-02 5.512117962428807194e-02 -7.125379991673394531e-02 -1.511080610615294917e-01 -2.775695710577483905e-02 -3.671176439613198228e-02 -1.988945815019405733e-02 6.540021901493307810e-02 4.685952618247768431e-02 -5.905880678014502339e-02 7.313739899036449110e-02 -4.889102655828780897e-02
-5.486977959418380679e-02 -3.538130971338143693e-02 1.428055173450209492e-01 -9.356854855050407427e-02 -1.294075147110321233e-01 8.731873132619492883e-03 7.496153704610453508e-03 8.716844852397687138e-02 7.350140557216604253e-02 2.849603146475077411e-02 3.675885301640123559e-02 -5.924222120799636782e-02
5.283801490579562166e-02 4.765423879639902466e-02 -5.358559299748945348e-02 -5.922527063087491134e-02 3.147584791066660587e-02 1.604641184145733090e-02 -1.092502358035358501e-01 1.720846868397671869e-01 -2.193765996369029248e-02 1.648041738396683054e-01 1.211732670169147347e-02 2.313870566850042068e-02
1.590983113657919445e-01 5.792204177306989332e-02 -4.325172570614534140e-02 -6.516793356571146112e-02 4.755459305007587317e-02 -3.871861681154068618e-02 -5.481334704492157872e-02 4.425310705169015202e-02 9.474787467877010538e-02 6.217887168354530730e-02 1.685139813057371649e-01 2.034233602844258415e-02
-1.867415650715576192e-01 4.704759548070987230e-02 1.230656031838041620e-01 1.619626718590981285e-01 -2.968855872223932074e-02 2.947696484731478911e-02 -3.599019714550991123e-02 -1.177899490495801921e-01 1.086539290677705077e-02 8.678469014293173356e-02 -7.085222696110345109e-02 1.709277613182458300e-01
-1.473831069293066731e-01 2.449415664184123945e-02 -1.321607045595786789e-01 -5.064472016906643170e-02 1.133733832935268637e-01 2.964535588273534486e-02 3.339853095567654750e-02 9.753615498823012264e-02 -8.326930044332774006e-02 5.492409956260364129e-02 -1.595159972887418703e-02 -2.506559963883506215e-02
-2.433305615735481542e-02 3.670920910371515411e-02 -2.301714606009385572e-02 -2.948676924768528496e-02 -1.838542161471207539e-02 -6.901302337862823266e-02 2.004198949591552009e-02 -4.152642253412537621e-02 1.439904089838091594e-01 1.248380644485397230e-03 3.739318759581872209e-02 -6.470920348202791050e-02
-1.085416247512897836e-01 -4.622044844311268968e-02 -6.010188782965299181e-02 5.179579946150346392e-02 1.060638990808693422e-01 -7.398786818106081742e-02 -5.116090626058206192e-02 -7.121188740728517930e-02 9.409002290984331759e-03 4.301186060916206699e-02 -1.639242778161882630e-01 5.120150514750770876e-02
-1.365009731961505657e-02 3.322282865375403987e-02 -4.014409034102994767e-02 -8.525810861845191380e-02 8.916321164714715447e-03 -2.557089809722198209e-02 -7.454415140084397207e-02 1.419701274528947094e-02 -3.143021063036355311e-02 -4.131522512088275922e-02 -1.741339575535215747e-02 -5.566401685548068301e-02
-6.029161449620040747e-02 -2.964748203835087040e-02 -7.409248293878151204e-03 3.752251372920818728e-02 1.051068710673066786e-01 -2.082444470522719446e-03 -4.611630891876004196e-02 -1.966238960322137450e-02 -5.109350327876967246e-02 6.868744760665704274e-02 -2.735655971614634266e-02 -3.224848162969499304e-02
7.831279804468903316e-02 -5.428183675139372499e-02 -6.962880783837074872e-02 1.167105587628664704e-01 -1.002796863798051247e-01 1.506605354418253939e-01 -2.425133480546541598e-02 -6.891720917149216086e-02 3.416701724105550286e-02 -7.751533902053583946e-02 8.793754036437397004e-02 -1.280204392691385584e-01
1.197966810600123583e-01 -1.232106042674092905e-01 -1.191844335727569593e-01 7.001530209369263846e-02 3.011444921395669411e-02 5.852375005466299573e-02 -1.056504106305292991e-02 4.345753922502951921e-02 -7.233671742643633940e-02 3.837461155408536211e-03 9.630685689777543357e-02 1.302089339388223278e-02
-1.184560150969871384e-01 8.433518035749333619e-02 -1.165556654674159143e-01 2.416623251191844790e-02 2.564876494972465060e-02 2.100590673584235707e-02 4.602841059071592633e-02 5.737778889423936213e-02 -6.260774153979326018e-02 -1.127860014870588415e-02 -2.341736057199211851e-02 1.937997031072000859e-02
-1.227515843997421668e-01 9.327927024921459087e-02 -1.592019381406005116e-02 -1.858330089592129530e-01 7.482603516775260255e-02 -6.113839606556406570e-02 -6.945550859132743060e-02 -9.443294381195006804e-02 6.594273580519202649e-02 -4.858086506075967592e-02 -6.827898774472879184e-02 5.593868580272735869e-02
-5.148489364613151320e-02 1.315346208598311140e-01 8.935055202301379548e-03 2.560144379201665168e-02 3.712092594457856590e-04 -1.055420486014778392e-01 -2.179937081947110056e-02 -1.143020306694158272e-01 -1.740860604792774380e-01 -1.329848134500558748e-02 -2.089083165970362366e-02 3.307188726309842099e-03
2.456861506082014691e-03 3.764763676757149069e-02 -9.423855072807892086e-02 2.982971710735760409e-02 -6.759063874737540611e-02 3.205317200500583386e-02 -1.434964744696268918e-02 1.270672993221078628e-01 -4.464419443046511310e-02 -7.350930003023338488e-02 -3.323663769570694981e-02 -7.455739232250294113e-02
7.790958842197833779e-04 -2.222501818694710973e-02 4.128508181426136792e-02 -7.045536793015558415e-03 -6.312344517496157326e-02 -9.351395277423070473e-02 -1.063963907179317908e-01 1.836464324221625255e-01 1.594971849414244525e-01 -2.809574354083323525e-02 1.231257514150968513e-02 5.713239081312369155e-02
-9.339012232838230301e-03 1.349272531175683132e-01 7.274505084660043419e-02 3.134770007472796605e-02 9.553355221325539326e-02 -1.956336018021722079e-01 5.945199849637830547e-02 1.235892248202791477e-01 3.609303905651904676e-02 -1.641996568991591771e-02 4.053984053467206417e-02 -4.288772600775690030e-02
1.010168580886021406e-01 1.365028089190558624e-01 3.039255111635844400e-02 -1.174597376504013801e-01 6.761334576141393715e-02 -1.039224581859201080e-01 -1.034539793973590360e-01 1.444205967183093998e-02 2.579281374786199232e-02 -7.708820066649681342e-03 5.486922252023913871e-02 2.805047458790515397e-02
-1.121561208661587261e-01 -9.257610274785361970e-02 4.637516187722413169e-02 -2.200965694847226845e-02 6.074745504659982004e-02 -1.875201402857228639e-01 7.473585291998612046e-02 7.560933428213695295e-02 -4.807645629362987394e-02 -4.515390645527320862e-02 -6.174140940280088002e-02 3.051465626459999927e-03
1.087503494203406751e-01 2.482182339770137858e-02 1.284968341613869913e-01 -1.276191805245699418e-01 3.954730720797704560e-03 -8.423448487171232568e-02 1.213763464005956222e-02 -6.454502478067243587e-02 -1.755785535744997239e-01 7.691363714588507830e-04 1.348851853393888585e-02 -2.486531601151285159e-02
-1.531705576380532063e-01 8.664118991016316051e-03 -9.885200175780364806e-02 -9.411913770198901408e-02 -3.687944650405698688e-02 1.263210975402613047e-02 3.684143797460714964e-02 -1.613746407833701602e-01 1.594980081681566242e-01 8.027028706099208211e-02 2.489653186419941207e-03 -2.617369720527128879e-02
1.602234226176065326e-02 -1.035861386758980263e-01 7.196754906436872434e-02 2.575466327792727550e-02 2.760717759794697329e-02 -2.218744429609301183e-02 2.580530812794059464e-02 2.671532160401843617e-02 -6.406611154567612432e-02 -4.082254235234220735e-02 -1.233057565622123347e-02 1.700191381092679491e-02
5.657539886552005737e-02 3.583707828808230939e-02 -5.394260093988057642e-02 3.207050108918060860e-02 -7.806998937916312387e-02 2.322023748066387797e-02 -4.160931515359909960e-02 6.939540389882603577e-02 1.260458156814128761e-01 9.325121278805455216e-02 8.840854830348726656e-02 6.951434225806446716e-03
1.231147073987214763e-02 -5.125064726503848755e-03 6.146557529800339426e-02 -1.245254652516558369e-01 -3.218732117959916678e-02 -8.337482061002567113e-02 -3.949147445995402489e-02 7.895643560998728827e-02 -5.431611098966707823e-02 8.463563283598893316e-02 -1.081659989542135963e-01 4.292087851176305813e-02
-1.057443593590077224e-01 1.704484825250688618e-01 2.699210191374801812e-05 5.015377309438335401e-02 -2.634309459202125239e-02 -5.998154977275356459e-02 1.294072715249605307e-02 1.624483587818554078e-02 -7.024201120277916155e-02 1.203543902922785819e-01 -1.098198964965928642e-01 -3.701071316481851364e-02
-4.339318398137155530e-02 -4.469211572835513069e-02 -1.858024762582841105e-02 1.077150575996476400e-01 1.380982784359531812e-01 -6.723619317470277967e-02 4.618501569335697887e-02 1.493507629311275897e-01 -2.631164331563252273e-02 -1.733281737672911771e-01 7.011262329659667669e-02 7.813904917461093891e-02
6.287600388058053880e-02 5.538279161949006407e-02 2.466271596252859934e-03 2.335899787891911050e-02 4.296197478469519077e-03 -3.761893717112625019e-02 1.386838920737377689e-01 1.233485883035041926e-02 -9.766730419815722319e-02 1.368915205568316251e-01 -3.221253479283230081e-02 4.811037532393866618e-03
-1.275756311286286859e-01 8.848135050102980820e-03 8.295666879081903256e-02 5.323398510808260292e-03 -7.059951935007079127e-02 -3.078029983051569843e-02 -2.314065709165616103e-01 -9.076298731534582220e-02 4.195600199064421915e-03 9.757483706601610685e-02 5.432923998266416671e-03 7.151796529743025682e-03
3.361267223366123241e-02 -4.348579182197456761e-02 -1.181475632695359740e-01 3.700758684302591500e-02 -2.693625101588601953e-03 2.749409726836988047e-02 3.470498617432776767e-02 -4.432665623007848305e-02 -2.306141026343755743e-02 4.754561507305933576e-02 -1.001389579512872996e-01 1.810008476122392795e-01
4.805083644255869757e-02 1.366896463419347563e-01 -1.038550691479660087e-01 4.748885749354665037e-02 4.919898976763408677e-03 7.125573070709859472e-03 -2.786119191661207833e-02 -9.867399589933442683e-02 1.926397688084503512e-01 7.831958179246142904e-02 1.290779550621242722e-01 -1.074093260902291014e-02
-4.356840869490125057e-02 1.109181565634674987e-01 3.898336736706124739e-02 -2.423372440904256533e-02 6.264998700722508584e-02 -5.288953700167015048e-02 -1.555018656501928366e-02 7.838321393221382716e-02 -2.254379865168756880e-02 2.690061265215552139e-02 2.020536362115965545e-02 -1.114606430424494067e-02
6.221283083071166287e-02 -1.988256303171609743e-02 -1.100015392462831976e-01 -1.248033947131897969e-01 1.739222004177360184e-02 1.052320126995412719e-01 9.789022346796145968e-02 -1.113464170755180602e-02 2.235067888872160347e-01 -5.799258374663769644e-02 3.663655884952019687e-02 1.373531147777840855e-01
-1.100275618825824198e-01 -1.304452989273218733e-01 -3.857981705342485024e-02 2.730223478013947894e-02 5.003965741875505274e-02 -9.666598140285555946e-03 -5.446683823906922628e-02 4.421946691439168631e-02 -6.232398117470998311e-02 2.587294746308534815e-02 -3.440718188537415095e-02 -3.431392234208228975e-02
5.116189102760944352e-02 7.917611512167874177e-02 2.943431174053965944e-03 -6.771695045595411966e-02 -8.105824518875846124e-03 3.021973139243257916e-02 3.445003572455518359e-02 -1.556238533795122891e-01 -6.268980371963608911e-02 7.892669674423516413e-02 -1.422133618042235315e-01 -4.439005042286398722e-02
2.386592853875280779e-02 3.260384906163765750e-02 -4.005488540598413361e-02 4.474104776878599921e-02 -2.255367189892943519e-02 -1.051556169926077255e-01 -1.834112346252821275e-03 -3.748915246630178666e-02 2.913670796380346886e-02 1.487432134181377874e-01 8.090194427202738667e-03 -1.163749006195601357e-02
-3.500761996718872865e-02 3.464538718916038759e-04 -1.828664384900491602e-01 3.083521293768021546e-02 -1.531251804869611655e-01 -3.285276324370462603e-02 -8.703124191726087366e-02 -9.978161032518320650e-03 -1.224566216416821951e-01 -1.461102794327818512e-02 6.718872507183522302e-02 2.382954664115327983e-02
4.291235574620637545e-03 8.779904039898195345e-02 -6.344710341749310034e-02 -7.319247654910476797e-02 7.751780479431649717e-02 2.624840667752003157e-02 -2.031830791451628981e-02 -9.936517595869567843e-02 5.016085782580149283e-02 3.505526033527868544e-03 4.704868894295213821e-02 6.309299559606483532e-02
-1.604731198871597875e-02 2.401639110267351010e-02 -3.482171059473079811e-02 -5.610270514822296873e-04 -5.866630052095096748e-02 1.112111408069600405e-01 -4.321706952272123380e-04 -4.259957223660963688e-02 -7.584556447400564450e-02 -6.846114084380666709e-02 6.667888368246439879e-02 1.481588642319225380e-01
-6.371518891114430483e-02 4.529442630699667682e-02 1.128143070046667973e-01 1.263434569049298462e-01 1.195307825653747769e-02 1.014521737510142851e-01 6.299907141012697775e-02 1.212179106725912031e-01 -1.922194966399655425e-02 -5.360257826480359367e-02 4.870036825536788738e-02 -5.282745648953755119e-02
2.738446893603966497e-04 -3.630607102084434934e-02 5.416358986487941271e-03 3.858421352161478524e-02 -1.524445751083979561e-01 1.412582234030929917e-01 -2.426717002079500224e-02 1.199918974925754112e-01 1.010411893964269225e-02 -1.771530475423439832e-01 -1.182458898052603652e-01 1.025540875837314264e-01
-5.912484800314878053e-02 -3.570404502119177426e-02 7.959297967252476624e-02 -8.187408702451939857e-02 -5.927733866773250704e-02 -9.513572490469007770e-02 7.419079160384904614e-02 3.720942680203125075e-02 -8.598106171211047921e-02 5.661763686380853755e-02 2.454626686483646347e-02 1.417841873595958660e-02
-9.223728108160136885e-02 -9.360382090464432203e-02 -1.179251829858502659e-01 -2.335001646117961308e-02 -6.676141686294043143e-02 -6.794866133429097732e-02 -1.032694888480951145e-01 1.743243032115185387e-02 3.134838266920464064e-03 1.191913110779998647e-01 -7.710670895787941070e-02 -9.139249700782904606e-02
-2.045689805758264257e-01 -8.463439902446012741e-02 1.112662800913263861e-02 9.004477806966964051e-03 1.250166842469736285e-02 3.763343788321521499e-02 -4.679351854663992005e-02 -1.466732774132863404e-01 -5.676367045703911880e-03 2.810203727565086136e-03 9.675531687621587726e-04 -2.302005372147714751e-02
-1.678690602665627515e-02 7.604341278750079364e-04 -1.776947463128779325e-02 -1.112151471516188012e-01 -9.630764051355497624e-02 4.999149044123821911e-02 2.134473106470668319e-02 3.734992496609963741e-02 1.517474837267488441e-01 1.275727502939533742e-01 2.333029330472384533e-02 -1.029313812361380420e-01
8.983323238545784517e-02 1.137676588278279700e-02 -7.359317033910592332e-02 -4.686045974615420107e-02 -5.931299667749909826e-02 5.098083961848372259e-02 3.861055544307525483e-02 5.785335867217886868e-02 -4.348451048174889477e-02 1.003795258813106189e-01 6.412285576305865042e-02 6.492944029559705177e-02
3.015841537955279289e-02 -1.010500236361745047e-01 -3.407631747359887026e-02 -8.789687347073160684e-02 9.784276978781714096e-02 2.368075824882203209e-03 -6.560825569325030859e-03 -6.203490800520310156e-02 1.986065750494253948e-02 9.834203535903843219e-02 -1.785561185667403766e-02 -6.652742167519783145e-02
-1.645241340634636118e-01 9.026588728306517151e-02 -6.832592515807278666e-02 2.484011471194889215e-02 -2.539087671967220350e-03 6.925993386312617739e-02 1.074021545897644592e-01 -9.674519076104350079e-02 1.058835883791792443e-01 7.161853481098513774e-02 -1.042501420565795575e-02 1.265733550026258980e-01
9.013998612227663854e-02 1.326918945267157590e-01 8.930642444333036431e-03 -6.330577299873943464e-02 -4.044760977869692881e-02 7.274879581567923748e-02 6.375114775936040548e-03 -6.304948396438159186e-02 -6.446834266891141030e-02 1.973804098480504143e-01 8.148703130699000430e-03 -5.461728017766830090e-02
-6.317034020121818638e-02 1.937244551638177270e-02 -1.185787165906832669e-01 1.382039744034898321e-01 -1.079333617310020837e-02 -1.069665317807192984e-01 7.988133345165285282e-02 8.574854532019794695e-02 1.246337876059037814e-01 5.295715722235994072e-02 5.799190683400163443e-02 2.605717510772419254e-02
-6.745536282681632335e-03 -2.613851820783515134e-02 -4.715559989832763393e-02 -3.667136012422823887e-02 -1.506012581333204814e-01 3.927786572003321569e-02 2.046736610297136827e-01 -5.265081113805586410e-02 -4.766725291616939059e-02 -1.173592232487243453e-01 8.415558563022942917e-02 -9.721557440794004190e-02
-9.638503330309943981e-03 1.482547399498213569e-01 1.089283241397779323e-01 -1.265857616752769782e-02 1.850783942982241470e-01 -7.896531783683097272e-02 -3.353469310886918620e-03 -1.453076966155609218e-01 -9.811116799715104142e-02 9.448418026418493876e-02 6.565342564896170519e-02 5.417037663992239210e-02
-2.211903665351724890e-02 -7.548733279440471289e-02 -5.884468558942882593e-02 2.427565805548869207e-02 -1.053284174732697642e-01 -5.307860339962429397e-02 -1.978834386391672279e-02 3.492760850913806392e-02 -2.304074022142436201e-02 -2.349414871972902233e-02 -4.730337170604687752e-02 4.769694300551954522e-03
1.754571546990040323e-02 -1.143679821551014664e-01 -1.893798329685179027e-01 9.375090430938110009e-02 1.859478836395643264e-01 4.614857728794480307e-02 1.304938169008074689e-01 4.491911179262432496e-02 -5.180380685619507403e-02 -3.390387460609382841e-02 -4.563691656626293197e-02 -1.094545703526453861e-01
-6.861676287994675563e-03 -4.100611475681237988e-02 -4.880468890489775280e-02 1.933278257809473155e-02 2.333665473844494243e-02 -1.124865230270263861e-01 -2.046060819100575107e-02 -3.478822456261713991e-02 1.186962060570734973e-01 -1.022484236856459200e-01 -5.507749427892043304e-02 4.822318298243162549e-02
8.562943071044451515e-02 -1.727020988446589800e-01 6.916398938931526963e-02 1.271131079193187630e-01 3.463569079367020444e-03 5.945234206686696166e-02 -7.052821631802928815e-02 1.410368334185723993e-01 6.205376108171318378e-02 -2.382701474922022805e-02 5.785045259224658870e-02 2.612290591722728900e-02
-5.046038355899782474e-02 1.156863841143735971e-01 1.167139582735724802e-02 3.096985126588261764e-02 -5.358148489954272543e-03 2.081564883756307008e-03 -6.091337519449066540e-02 -1.076191188748944552e-02 1.428369369131893829e-01 -3.214888341511978886e-02 4.468061546699573366e-03 -8.491464074885107793e-02
-1.806606879606396654e-01 1.121238807553698591e-01 7.432112410127278412e-02 -1.588461052389875117e-01 -1.767731595711508584e-03 9.697404095904493815e-02 -1.650608415747685520e-01 5.973547272141681297e-02 1.182228882212127408e-01 -3.308187035902138660e-03 -3.233147960444299890e-02 -1.502480492611499296e-02
2.096771428564928735e-02 7.268830601391715503e-03 -1.108981336611614132e-01 3.257759266027503847e-02 -1.454479849873431263e-01 1.747814966824118993e-02 -2.035860403827726567e-02 -1.371477055894428088e-02 -2.582968006118068274e-02 2.044925973616395359e-02 -7.364761645667572409e-02 -2.341777500768415371e-02
7.292600718381267444e-02 -9.473467607624980191e-02 1.212601395195542497e-01 -6.077763938267997934e-02 4.272396665235506791e-02 -1.353287779623549292e-01 2.529207022921601405e-02 -1.814964262661706018e-01 6.693274928789449962e-02 -1.021807699132691420e-02 -7.786012980654777316e-02 1.634323249378013751e-02
7.337610260446214561e-02 -1.831393237304381610e-02 -2.274630304278377896e-02 6.393252106380728494e-02 -1.369042564293840025e-01 3.944409003815731174e-02 -5.859950179927048142e-02 -1.704814984077764328e-01 1.968955682936558010e-02 5.468762981532288014e-02 -7.912322714666096546e-03 1.001726881908199807e-01
7.005998466359533716e-02 1.643385113857275329e-02 8.427501224375212596e-02 -6.336954935767212527e-02 -8.178371451423370464e-02 4.642275081097588241e-03 1.632154473497785321e-02 3.907571229590343573e-03 1.152260241986474976e-01 6.265250280450718190e-02 -1.101209609063623779e-01 3.038192572499564051e-02
6.162128876285848100e-02 2.582305730291894336e-02 1.877690740811889802e-01 7.997459180559432501e-02 -7.021230801203651173e-02 7.892891139521586441e-02 1.214875486900447200e-02 4.454040311199110314e-02 -9.540722194111164733e-02 -1.545323556232437376e-02 3.533664368074967282e-02 -8.240905744174378128e-03
1.102337518132028293e-01 -7.841481341283920714e-02 -2.093061865106934649e-01 -3.241881487754700447e-02 -4.484598429627312949e-02 -5.698851512365861460e-02 3.915528701269895689e-02 6.063233333168718819e-02 1.463922358667140919e-02 3.420408373395402574e-02 2.158712313260601756e-01 6.408791010955761092e-02
8.483698335901342091e-02 -1.271155625971824854e-01 -4.271458375934936158e-02 1.837488487235756571e-02 7.265491240447391474e-02 -5.160304662816131427e-02 1.106690780636333457e-02 -3.471098549714874554e-02 1.880674808047148872e-02 -7.836657050098633226e-02 -3.235159326502624888e-02 -4.472608086557609830e-02
1.088609304369477122e-02 -1.103157935441460569e-01 3.276285504511056157e-02 -8.391725153353367384e-03 9.338332135024225711e-02 -4.689990096047713664e-02 4.769043992759622319e-02 -5.302865088537456889e-02 6.404507099352262089e-02 -5.622554638577813291e-02 -8.261832958916194569e-02 -7.069716503597633928e-02
-1.421185336281478029e-01 -4.397797402244293941e-02 1.230999250270805624e-02 -6.648451945987554623e-02 7.686522565379957928e-02 1.466347552715883962e-01 -3.139103958379550058e-03 -5.128835099667681391e-02 -7.391445013195258040e-02 3.442083368245528463e-02 -2.740973466468938149e-02 1.073660901225287345e-01
6.466613975091056038e-03 7.338697560613527404e-02 7.826405616209279603e-02 -1.043854256236214778e-01 7.915131394908021811e-03 7.555213038152533422e-02 5.244189770436917530e-02 -8.641686857723240855e-02 -4.013936052754853157e-02 -3.670329130015745345e-02 -1.622131086536306721e-01 -2.436379657672562565e-02
8.196501180877309792e-03 2.353273725637607949e-01 7.137480881342375683e-02 1.680946024436499320e-01 -1.168984281029755712e-01 5.936908096541099189e-02 -1.272260015709072989e-02 4.996190968202179200e-03 1.450045359355048996e-02 -6.558346062855313630e-02 -8.662836220170044843e-02 -1.025411711359503764e-01
3.375179665081732422e-02 7.127470346558856251e-02 -3.672882239954892297e-02 8.226425034589596175e-02 -3.548902255014473039e-02 -6.880968713556503968e-02 -2.680850062527013328e-02 -1.472830364214925726e-02 7.713712236179551263e-02 4.888818172504798276e-02 1.364796507774433676e-01 -4.238712775118650550e-02
