-2.916337704211993120e-01 -1.926298272451243687e-01 6.891179650263290490e-01 -1.923533453480448019e+00 2.374855595207680766e-04 -8.435237467113064769e-01 8.143594547606715084e-01 -8.948117924024245884e-02 -9.726544190240433707e-01 -7.695242020260674165e-01 -4.135971133299366498e-01 9.352605290941695682e-02
-4.590549048840993906e-01 -7.455727552832237537e-01 4.119554708790202358e-01 -5.013482344380697509e-01 -8.872118528610499766e-01 -2.035967769123961268e+00 -8.719958630535356026e-01 -4.157616728952678864e-01 3.141027376632168910e-01 2.899244054929259184e-01 1.405415087648412609e+00 1.337184317857016191e+00
-6.126159619526050371e-01 -3.664486880950257319e-01 -4.578950827535231971e-01 8.585531706152272902e-01 -3.054113862198855056e-01 -2.888491821471614873e-01 8.078300164663515526e-02 -3.286434402827426160e-02 2.064057562486922570e-01 -2.752476452414993058e-01 6.562520324429365060e-01 -9.509794078223204883e-02
1.426139467606601485e+00 -3.923226586201480903e-01 -8.482273827469380412e-02 -2.003283324772275442e+00 -1.278930825577208275e+00 -1.599032930272806352e+00 1.309098090383531643e+00 -1.267796961073235584e+00 -1.167123354494221221e+00 3.451557814940982016e-01 1.130014610150692045e+00 -4.235861094238212443e-01
1.182873842925073193e-01 7.964245667354898917e-01 -1.362942787851607607e+00 -4.244506313237846051e-02 4.930669957699020944e-01 -3.424726172833231774e-01 6.806657306843777455e-01 3.358698947360249099e-01 3.623305846874361191e-01 -3.412934836733851063e-02 -6.535845476276679333e-01 -9.325613907049540297e-01
7.707874946176779263e-01 -1.244205754112839291e-01 -4.159390153613047314e-01 5.543304319624822174e-01 -5.044786489548774844e-01 -5.523275927853288358e-01 -7.011827847261578039e-01 -1.316719419577127237e+00 6.416302993062880100e-01 -2.766227160011804909e+00 8.307193783036413981e-01 2.174890746129206853e+00
-3.470724457977964472e-01 -1.125688084324736986e-02 -3.992104263819386545e-01 1.793924330426983627e-01 1.372060888542816492e-01 1.969770728512811597e-01 -1.847588671255814136e-02 2.746651369709848245e-01 2.835559986669527674e-02 1.306436842515126817e-01 5.233685959933535026e-01 -1.656221677553749994e-01
-8.463407770799263874e-01 -9.417784787178915540e-01 4.708234656922909434e-01 5.868332913515089677e-01 -5.958292247235236205e-01 -7.272694869889320679e-02 1.115629640493489561e-01 6.126122830758224946e-01 5.314137481958218501e-02 4.257903234431678063e-01 -4.711947712325688653e-01 2.458621538551159225e-01
-2.996031771766074492e-01 -1.226804536964404835e-01 1.103625695465414225e+00 1.744894673738997648e+00 2.440518388499227920e-01 2.158137466746992139e+00 -3.859323490465391693e-01 -5.484950253824178584e-02 -2.948768470386330942e-01 -2.317570721426229774e+00 -1.027507282439356073e+00 -9.178519321112992291e-01
9.984557833863620946e-01 -1.973245865120038411e+00 -5.311950417256896539e-01 9.056145375991464519e-01 -3.776267965778508651e-01 -2.272657647568701478e+00 1.138220458882315267e+00 2.935108232000837702e+00 1.029433394083576259e+00 4.085665380774004540e-01 -1.771117005124254629e+00 1.601364777145743712e-01
-1.090544178828434935e-01 -9.891612534922099298e-02 -2.356887992618690753e+00 2.824182210406541715e-01 -1.531471038638874127e-01 -1.516346012453614334e+00 -3.598684239431209630e-01 2.328090404435774197e-01 3.749311715629353725e-01 -7.451885719760129589e-01 -9.933803620993691963e-01 2.693085486036783660e-01
1.078284192331330632e-01 3.439573688600289225e-01 -7.377439252485270549e-01 2.173445014690913890e+00 2.185177113733002274e-01 6.067377686046552254e-01 -1.452557689626437221e-01 9.375719540846162436e-01 1.311330852755422827e+00 -1.836569680810373750e+00 3.632743212905444885e-01 7.205271022408130666e-01
-2.460194941655223511e-01 1.290601351475410885e+00 -3.484017784348683033e+00 -4.224821567545730128e-01 -1.590829231578809733e+00 -1.008522455081460212e+00 7.988808834799793201e-01 1.468105410311571601e+00 1.313624455856191031e-01 1.319418075407924551e+00 4.854856150596589814e-01 -2.447706987237624698e+00
4.548730648936593485e-02 7.733523307721515971e-01 -1.645488092130216851e+00 -6.177152597152159030e-01 -1.836796328419394997e-01 9.341776743199795563e-01 2.449718898923605448e-01 -8.703481678621229900e-01 1.203282166978188877e-01 6.027425772350442079e-01 8.134209075586316118e-01 1.957265706906898828e-01
-4.743506324692559062e-01 5.571817688704503585e-02 1.102579057834066845e+00 -1.308131681512397781e+00 -1.519537537520695702e-01 3.907138912213594106e-01 9.198643397832231283e-01 -4.621861724950030448e-01 -6.642825276886239472e-01 -1.871751182453225970e-01 -6.098481316400850005e-01 -9.924555083916418718e-01
-7.548370262232316774e-01 1.807123379797927365e+00 8.726548866021829332e-01 -2.287209385671463424e-01 -9.975356992915271337e-02 1.048600166698039127e+00 8.598386378291343890e-01 1.265897393822681405e+00 -2.021659145188507090e+00 -4.675139700315189550e-01 -5.247390038282279123e-01 -7.548811207008987445e-01
-4.805563895111992223e-01 5.339056607639599550e-01 -4.165411620662475833e-01 5.240417387564780816e-01 -1.252235169155989092e-01 -8.430539777795809098e-01 2.708524928597771941e-01 4.111819573831232977e-01 5.642638905241338376e-01 1.197709965033091212e-01 -1.045830481748988960e+00 -1.125361217572806494e+00
8.817718885652831018e-01 -8.869539919918416615e-01 -8.029762029328667283e-02 7.451101766767243006e-01 -4.655323143488493964e-01 3.657138191762827062e-01 -6.335052652493268210e-01 -1.367057933552545013e+00 1.872157015346008535e+00 1.951263352296415954e-01 2.166720439139920573e-01 -1.314435216484116480e-02
-4.602362161870944823e-01 -2.976568493089424769e-02 -1.683698781439291470e-01 1.124430235788632659e+00 -3.828193821699936161e-01 4.851404218902365950e-01 -2.814828609231735390e-01 6.574818377064662878e-01 3.005205737327859561e-01 -1.008009173233740258e-01 -5.110178667359899229e-01 -3.617269495977235572e-01
9.150297559603169928e-01 -3.404463188227107029e-01 -4.229491824326505056e-01 1.232986951387869512e+00 -7.355172714144267987e-01 5.226646988627090679e-02 5.489209813851925190e-02 -1.518393579225223444e-01 9.708303277185026392e-01 -1.058906514139348110e+00 8.673522276715150969e-02 1.918600198378610788e-01
-8.500687728600183624e-01 7.205371289034391280e-01 -5.573743252804332915e-01 2.898676786943267247e-01 4.261569358631032145e-01 9.365741021281609457e-01 2.922786391087522917e-01 1.135985672150219006e-01 -2.778924418835014287e-01 -6.485408991605080553e-01 5.054692761887172869e-01 -1.379074370287226348e+00
-4.434027355139713023e-01 -2.268857752448510401e-01 1.036146062535352463e+00 -8.135949715356027845e-02 -1.996666222359884113e-01 7.201798076160420559e-01 3.538373389067060448e-01 1.112280664714607736e+00 -1.376409964328029201e-01 3.857433844883028096e-01 -9.295189204249602044e-01 -6.859776481536880022e-01
6.867705372091090221e-02 -1.879599697587443385e+00 3.980371092775432662e-01 7.482494811503800358e-01 -7.516435898248045033e-01 -2.212056834002614991e+00 -5.766396739270182037e-01 1.777301325448208624e+00 2.176044868231363782e+00 1.204085887410876410e+00 4.110262776493618930e-01 5.777603704435974041e-01
-5.131629427679225142e-01 6.348650479208414188e-01 5.828506701894528019e-01 -1.030822582949688870e+00 4.732374787393029414e-01 -4.626349985999230197e-01 -1.531926822932083154e-01 4.503153423585137261e-01 -3.810827560318378326e-01 2.016765942671025602e+00 2.930185084134179219e-01 7.858713516876479899e-01
1.543205524034150788e-01 -1.465577117008842967e+00 4.908888035540365236e-01 1.482524464353871751e+00 8.166224040723377153e-02 3.917919008313584528e-01 -8.031083369725301457e-01 6.876074367499942497e-01 4.696643489799876003e-01 -2.334699631549312371e-01 -9.217025850707450951e-01 -4.055163769455789602e-01
-3.465887676362234826e-01 -5.733124714685775558e-01 -2.144476862907336578e-01 -3.245142061979986448e+00 9.395571235115748321e-01 -1.103737102582492025e+00 1.365197383605479091e-02 -8.337760791031695318e-01 -9.444875995227589582e-01 1.041048535344263115e+00 3.832242887273957788e-01 8.922977008709607194e-01
-7.471584274125991909e-01 -4.486404615165140441e-01 -1.219927877567731578e+00 5.058471743588305314e-01 -4.357993932387412284e-01 -1.629233887298249472e+00 -1.505171940969214361e+00 1.650414329891959797e+00 7.684588264539060631e-01 -9.955517377876689222e-01 3.724987966815510587e-01 2.230899916671835737e+00
1.094567396808277859e+00 -1.904476431448731466e+00 -1.635109459874902194e-01 -5.675883798366131439e-01 -3.464754424492291207e+00 -1.156131385014556923e+00 2.482021582029496631e+00 -8.046442881588138363e-01 -1.973653781190757739e+00 -8.133408959170074920e-03 -3.108777651993537283e+00 6.758228398951112714e-01
-3.475417993344986911e-01 -4.534251706055804632e-01 -7.583732260766465894e-01 1.323154101104593305e-01 -1.546619274858270499e-01 4.822532090328644494e-01 1.034553679530795800e-01 4.844913110098589826e-01 1.019838185701843924e+00 -3.107047475657404023e-01 -7.267369391929034972e-01 -6.295121785800485981e-01
-9.459791900591397740e-01 -4.592175438504727536e-01 1.086640634047206788e+00 3.872751829879738095e-01 1.106343506320491388e+00 6.213568120662967820e-01 -1.879318574127283314e+00 2.208378779617309995e+00 3.718273893286132559e-01 7.518209308109624622e-01 1.426287944701772670e+00 7.892255318099026251e-01
-2.782256548220146675e-01 1.726667744257568693e-01 -2.140033217586661263e-01 -3.462957158771364785e-01 -2.167109971467084395e-01 -4.487933436199186832e-01 -6.250509726123045784e-01 -1.380500371842787455e-01 1.472196613454781200e-01 -5.284948130110220799e-01 5.750112650166270267e-01 1.702855949578504779e-01
