1.664541013388051716e-02 8.311563202120737792e-02 1.385383248869024968e-02 5.557095546116484763e-02 -2.575665020646364378e-03 1.513124773082622776e-01 -2.618524086590453409e-02 6.299600958617723734e-02 -5.759409003068710620e-02 -8.041596446013997423e-02 8.642433784152250831e-02 -5.916195070268588652e-02
-1.228539767696100737e-01 1.504509054814044677e-02 6.490683880111594584e-02 -1.356789101868697001e-01 3.826092855436118156e-02 -5.370436915402600903e-02 -7.207602304851161434e-02 -4.064113585004741971e-03 2.067466898498297734e-02 -2.335273813587054534e-02 -8.151887621648337690e-02 -8.444282831162405745e-02
1.880197321936698121e-03 -4.895969082263493949e-02 -7.086806751841437380e-02 -5.640274155224161978e-02 -6.814751310917718796e-02 -6.354564097673982837e-02 -1.035891480245232504e-01 1.004864642361047722e-01 -1.136420107928892004e-01 -9.930751247667966852e-02 -9.466291633182190648e-03 8.569654113138461260e-02
6.040504836171863012e-02 1.563536893076633225e-02 3.923515370488712441e-03 -5.376237294723766602e-02 -1.442545417097077509e-01 -6.027257428179533943e-02 -6.998532896711966156e-02 -7.945074602972143629e-02 9.122718989331456141e-02 -9.585450073075568733e-03 -5.352969792614204608e-02 6.256557791605301755e-04
-5.393499739025299500e-02 7.860216789249210856e-03 -8.642672942812232306e-02 4.262453303887701883e-02 1.104068015961169325e-01 1.205128126797930660e-01 -9.773539073045668657e-02 -8.792723055289728210e-03 1.042168025339519286e-02 8.222361140532329082e-02 4.204197505227988581e-03 -2.177711094055488367e-03
-6.388730809903783725e-02 -1.137174732117069847e-01 3.368785354939394378e-02 -2.749059111936139402e-02 -4.077384845116463485e-02 4.897993373481475572e-03 1.890557970201459659e-01 -3.558167629810344429e-02 4.280525657309369736e-02 1.665837349981198843e-03 -3.846107874680653599e-02 2.321705632483068299e-02
1.965540864610031829e-02 -2.153726889769834972e-03 -1.038340238130987768e-02 -8.902557250267893740e-02 7.604859518310546664e-03 -1.268790756312602845e-02 -6.075392350326334900e-02 1.608583283016489646e-02 1.388777677018790055e-02 -1.997767465013756405e-01 -1.100707647195764138e-01 -6.021666771980591082e-02
-7.130923110900583284e-02 7.749122406255622153e-02 1.223516641233781677e-01 5.041320385685821130e-03 -7.468149799185669346e-02 1.075442433534157943e-01 1.636930178555097426e-02 -9.290305127267350915e-02 1.801473723609993416e-01 -2.374805680433312097e-02 -2.798487375132673385e-02 7.280523483030074128e-02
-8.377978230469043663e-02 -8.189714243800775423e-03 -7.576181948046717407e-02 2.519322707154205906e-02 7.732895436533321343e-02 8.547286095632959657e-02 -6.502966338948572289e-02 1.160039114058583898e-01 1.679866795532976265e-04 -7.764384863200284037e-02 5.546569750472451349e-02 5.838295784386797471e-02
-2.080473897299003616e-01 5.934510923051108250e-02 3.950690540702509607e-02 6.302724411220232692e-02 1.233130822512778779e-01 1.735758047241895141e-01 8.386945910610942023e-02 5.236253363145310785e-02 1.077630342410337144e-01 4.804997630699728989e-02 3.051182246146774343e-02 -8.139879426796287065e-02
-2.330367074918008041e-01 8.187753272718241437e-02 -9.464745425976392457e-02 -4.555135807452715888e-04 1.125317158386550664e-01 -1.427215281905529383e-02 4.217004729188691958e-02 -2.719685289907492615e-02 1.733200183280550477e-02 2.240595963850227842e-02 8.276574179821168456e-03 -1.805405250932642230e-02
-8.281383969941547019e-02 -3.238615955935459506e-02 -7.789131850600031735e-03 -1.664106486691318762e-02 -1.159059975392052848e-02 3.580961785510462098e-02 -6.124397654935088975e-02 1.372302019001650775e-01 -3.069486848892903630e-02 1.174417699738845161e-01 -2.151197857658117621e-02 3.873249302174984476e-02
8.686130284979182159e-02 -1.969477566512638569e-02 -1.211245285085019718e-01 -1.128326314916607426e-01 3.414195203226225162e-02 7.858128761936532258e-02 5.441724112486266696e-02 1.043066339667171431e-02 -1.622393334963991018e-02 -6.812666500108331691e-02 1.131201149615108925e-01 4.298211601894151579e-02
-6.642687978308026153e-02 -4.437282869369538890e-02 2.864184702817938050e-02 -9.938973427090859458e-03 3.022319931560178349e-02 1.482532850397868252e-01 2.778559350338653377e-03 -2.042382419671412708e-01 3.378589361522633949e-02 7.571033820346446952e-02 4.124772280465038160e-02 6.141190371289140248e-02
4.260527229302954466e-02 -7.107152718658295287e-02 -5.200491279134914629e-02 -7.771888389920132700e-02 -1.291218252517613123e-02 -1.030586713875354249e-01 1.239556608039408120e-01 8.759083336868578318e-02 2.705503435329238704e-02 2.222061548236816952e-01 1.116874327369798692e-01 1.072957324810633328e-01
-1.016492766263058789e-01 8.379259060310131901e-03 2.201867462802916398e-01 -5.396769236417857385e-02 -7.525705475607535888e-02 8.035889234247100069e-03 1.914862855572459915e-02 9.707489418579481888e-02 -9.989650613838375187e-03 4.098693831869563292e-02 2.113573783543919518e-02 9.666582814177993033e-02
-3.971954520964236790e-02 -1.255395701898683603e-01 -7.407889717053689482e-02 -2.124921558545281655e-02 8.110260951615788638e-02 -1.429666749832214923e-01 3.483528288217516145e-02 7.339274035433956955e-02 -2.944242008506334218e-02 1.649673288150245998e-01 -1.407109946845374882e-01 -6.421602385918764866e-02
6.531344237403588493e-02 -4.021879231487732881e-02 -2.907410947898794208e-03 -7.305886043470295223e-03 -4.673256165742435686e-02 -7.362987278313902484e-02 1.159107078554483944e-01 1.185658052541719021e-01 1.093185903584855539e-01 -1.251519835224285948e-01 -4.717825366793903380e-02 2.955407151768890683e-02
-1.571708209727362346e-02 1.044095089785459368e-01 -1.158970543642311446e-01 -9.944042147572861035e-02 -1.516214926214972010e-03 -4.175562081699978750e-02 5.736001838904473960e-02 -4.809538061070500053e-02 -1.657442798852747645e-01 1.517355029114130643e-02 -2.439788030022235418e-02 4.747374457086883659e-02
5.187979957580615697e-02 -4.409853603455232002e-02 -2.132099683478642232e-02 -5.698782852269346222e-02 6.838352205876197833e-03 5.794019135290341509e-03 -8.052746905182771309e-02 -1.152562273521378078e-01 -2.731748135153611728e-02 -5.543070861698546486e-03 7.556172021707783897e-03 1.502381743160194003e-02
-3.055136263274543101e-02 -7.741937872502023532e-02 -7.327439991793086721e-03 6.482735859172321369e-02 -1.508863396888611950e-02 -2.973882846562874577e-02 -3.220142157314040410e-02 -2.247527843664331171e-01 -2.904738413408024938e-02 -1.513170594150829162e-01 -8.878287154334352227e-02 -1.196754669590124331e-01
-3.115467047246670007e-02 -3.542122808239153015e-02 -3.510073514112733301e-02 -7.989772229121204494e-02 -1.221131332871012165e-01 -9.324318804413238293e-02 -9.480582279890539116e-03 9.665358980717109194e-02 6.793722652913457283e-02 1.003671656912207694e-01 -7.417518445357898504e-02 2.508814893975582633e-02
1.276703835688171862e-01 1.096225834379767755e-01 -1.304768942858355041e-01 4.114598803381652736e-02 6.588728401792923184e-02 1.079066411134196185e-01 2.990604737610512431e-02 9.163920484002344158e-02 -9.962903537271068644e-02 5.502964964058779801e-02 -1.647286953655077366e-02 8.244479877477403629e-02
-4.223789549025278034e-02 -8.325400177113302658e-02 5.019946790141183862e-02 6.498395661791813750e-03 1.621106072690892477e-02 1.852837020078344776e-02 -1.950066565834872034e-01 -7.136972073792852145e-02 5.186051772076578567e-03 -1.017950895056995292e-01 -1.910229453900168239e-01 6.897361317127378988e-02
-1.976162427433236085e-02 1.014149308742896965e-01 -1.363629609080978244e-03 -1.005474389336152713e-01 4.389304111381388263e-02 -9.481319077731752143e-02 1.966750896436285645e-01 1.507845910444279534e-02 1.501931448350923015e-01 7.298934554595488955e-02 -1.484787473636509265e-02 8.430978224199661697e-02
-2.783986428842620264e-01 -3.979361327395217890e-02 6.430298360556035986e-02 -4.613581038413626378e-02 -1.077072116175349370e-01 -1.314923336203706848e-02 6.898325774911497066e-02 1.108286986899446602e-01 1.311976976289646116e-02 -1.511957249689707683e-02 -6.347922274942754961e-02 -7.676902179731218134e-02
5.488040547458199192e-02 -9.299474029848776857e-02 -4.287199523414173680e-02 -4.267634787481909553e-02 1.184220251470080587e-01 -1.572140190324550560e-02 5.963541202596008006e-02 -1.369422312125523518e-02 -3.987328454698564617e-02 -8.722302166643279564e-02 -1.112255960056631465e-01 1.311446905616939496e-01
-7.038071919864874459e-02 1.098952477913922449e-01 4.118533966766137894e-02 7.685893895837354883e-02 6.070836605270751862e-02 -9.812830548075369974e-02 2.785464793066227268e-02 -6.346649735283041438e-02 -6.922545323576191623e-02 7.432011724004002062e-02 4.892252920506921093e-02 -2.720483673248150214e-02
-1.145224972823762066e-01 7.751745512432799134e-02 1.079275780839981380e-01 -2.913050119378120598e-02 1.137478946251671841e-01 -8.539513415437573196e-02 1.402874020483503847e-01 4.539397412340376997e-02 -1.448301481719698955e-02 -1.325048395433233439e-01 2.641352677267613455e-02 1.799391451465226109e-03
-7.132154071081510394e-03 5.729621038391525395e-02 8.147525122542989551e-02 -5.940301762305881528e-02 2.252152589024230753e-02 -3.821332941614278417e-02 -1.866874786675373765e-01 6.461454031364863293e-02 -1.290644075329495377e-01 -5.295552822002346643e-02 -1.090247266494649425e-01 7.788959133307726823e-02
7.239311639619322447e-02 -6.346242026454647356e-02 1.989957201135721665e-01 1.604817705013870596e-02 2.753808853565881468e-02 1.012450487825427431e-01 -7.844138210046482443e-03 6.612479080746183624e-02 -9.522629596696681464e-02 9.211580474358906090e-02 7.588408954108594173e-02 8.795344617337869098e-02
-1.116168959832931629e-01 5.776354203591952535e-02 6.330683787128346673e-02 -9.287723693235352268e-03 -2.161549058745604879e-01 1.766895144747580859e-01 1.105075821115664020e-01 -2.054726851376611346e-02 3.653585385024651910e-02 6.516074347800725197e-02 1.657628658923794573e-01 8.420569572659272750e-02
-8.121241893661999833e-03 -1.488053018530983290e-02 -1.571279123081495699e-01 -5.391450813878756465e-02 -1.316259465243142975e-02 6.673164153683706912e-02 8.508275781910885904e-02 -1.171701055514063894e-01 -1.337204734758213123e-02 2.295015167216386473e-02 7.754009108501774827e-02 1.375022560472781777e-02
3.646667415535735646e-02 1.745371275789841733e-02 1.410100605120080119e-01 -1.097215061367462080e-01 9.290390950571739137e-02 2.341341420091223174e-02 -2.863177331738573500e-02 -1.077021442788253687e-02 6.628874994057785963e-02 -8.775377278728381525e-02 1.666768994440444816e-03 -6.771952762583655083e-02
-5.149029654463810682e-03 4.646625007585363648e-02 -9.105958921805720752e-02 9.056824266404640833e-02 -6.079043056712762905e-02 7.565905641463792353e-02 6.917257066325795123e-02 -6.060551386988486527e-02 -1.735295047151282077e-02 -7.477952192143906551e-02 5.319026014983711109e-02 -1.144593187769546994e-01
-8.749622619371982823e-02 4.921799028607933696e-02 -4.221181895398815748e-02 3.006010325087625588e-03 1.142792608570692703e-01 -1.163031075618379678e-01 -6.873382188297892659e-02 -3.417225509914022935e-02 1.438522792384771057e-02 5.196452125169550434e-02 -2.498466724009343679e-02 9.176150997507590001e-02
2.550013958694744010e-01 7.608110056530380250e-02 5.757261859772631191e-02 -9.255956025526169972e-02 -6.954364484080491349e-02 3.103017273340404752e-02 1.838629712012202714e-03 -2.686893731557723347e-02 7.147362491786881170e-03 3.373687355500040036e-02 8.264797177248720201e-04 -6.521319816640303024e-02
9.936548571190708789e-04 7.865110380976394339e-03 2.060945134724461586e-02 -5.502057403306340189e-02 -3.968002334271338027e-02 -4.399398789877811272e-02 -1.681223352913335106e-02 3.648710658987060901e-02 -1.272968833119005050e-01 -1.925893533503554231e-02 8.732854724342573038e-02 -5.205363294622041004e-02
3.847417001110070567e-02 -2.493635256162799740e-01 6.687892151275756647e-02 -8.836445617457985846e-03 1.981699532257419002e-02 3.351253198259619009e-02 1.079896182661709420e-01 -7.369728605942879596e-02 1.208629168325127540e-01 5.688525554996786554e-02 -1.580761081923866274e-01 3.829539961334123277e-02
4.928300226014277474e-02 1.317397942849314607e-01 4.635809589998524799e-02 7.243750481480519532e-02 1.469984355104661349e-02 9.313644964540337620e-03 9.059558686767764379e-02 -9.495432032292913660e-02 7.632564381046068325e-02 -5.672542414480410966e-03 3.225858587016258022e-02 -3.318769335928900555e-02
-2.706337323903557687e-03 7.193383580534339072e-02 -5.837005990669676819e-02 1.092861093989687437e-03 2.020964140104130127e-02 1.504789405395691275e-02 -1.885360345536188365e-02 9.946914075721766113e-02 -5.954540276026541734e-02 -1.667015855447853342e-02 -1.797006678954287187e-02 9.250673153700431084e-02
2.275905454158076158e-01 -3.694770842349436729e-02 1.369768018471495818e-01 2.036480555274172433e-01 -1.293702582744284402e-01 -1.221202469159526384e-02 3.685639422242618923e-02 -8.535181996691768025e-02 -1.336882439946820156e-01 -4.616947295054574241e-03 6.941411779028186513e-02 -1.408706550429305315e-01
-1.001992745872462842e-01 1.491395975131091511e-01 1.330795585779479678e-03 4.527546997813781948e-02 6.308642897253421977e-02 4.911089012820652605e-02 -6.497424248104598232e-02 -5.280548680875143952e-03 -4.596458597480287955e-02 -4.460960249233897335e-03 -7.069087583335093017e-02 -6.740333011514493267e-02
2.806235801118096840e-02 -4.134553057179177205e-03 -3.867969104652856788e-02 -9.356526380668885035e-02 -1.411269108397856242e-01 9.638905836627202628e-02 6.915908940666536109e-02 -9.531386357909255036e-02 -1.288415558942135053e-01 -1.227809266141135364e-01 3.685961519352900367e-02 -2.210356047499264370e-02
1.292162268209699205e-01 -1.267782774330942011e-02 5.239491865667545573e-02 8.783418471989061505e-02 5.821815382623181379e-02 4.526753024282632182e-02 -1.126633627117444164e-01 -2.155976491667256634e-02 -8.519023201647825394e-02 -5.249993295125409548e-02 6.929481837748038831e-02 -1.050612408895505723e-01
5.096013931815102094e-02 1.054357486811263872e-01 4.046794425004204138e-02 1.073030839551063903e-01 -1.344405522842627952e-02 -3.992279962765066942e-02 4.153074911409636652e-03 -1.374297341990327326e-01 -1.021510828301111090e-01 2.481697019385428402e-02 -3.504300484119050180e-02 -1.111619965974451063e-01
-4.425972496037898496e-02 -1.565161822207112030e-01 4.001804667092687812e-02 3.914053382493035138e-02 6.995351489325390970e-02 1.375070837377138366e-01 -1.785181435974963343e-02 -1.576347068967557663e-01 -2.601325269772646054e-02 1.269988956084784279e-02 6.259750152229524855e-02 7.611900334532539780e-02
4.565477393395643568e-02 5.310105296997662955e-02 4.890080251728704669e-02 -3.073210269762737326e-02 7.268205895947613127e-02 1.975975029392267740e-02 9.272292209816235253e-03 1.724048368093277495e-01 -1.654118943718559109e-02 -6.532032546589480390e-03 1.089423000058523938e-01 -4.882768285832717048e-02
-1.820105141384857628e-01 -1.270548397468114141e-02 -1.071272613527992912e-01 -2.436249212203609252e-02 6.046176785605748838e-02 6.519022260657357515e-02 -1.056973834616647540e-01 -7.541850808658873140e-02 -3.863070643236568569e-02 7.450417938485436042e-02 5.459423693369246794e-02 -1.294653503835125619e-01
-5.017899059225365554e-02 -2.503751952370579792e-01 -1.337545935784340279e-01 2.783952074310036204e-02 -4.306528132941826736e-02 -2.138339928811036350e-01 6.055599753053272916e-02 1.121300875650932671e-01 -2.313022120644017965e-01 5.009512413664016922e-02 -9.245055783368766322e-02 6.245969995194804170e-02
-7.023472233275679377e-02 -1.539145447834874142e-02 1.137212713943514808e-01 -2.954446225892027114e-02 -1.366150266640617783e-01 -8.293644179218495269e-03 8.569816357952468600e-02 -1.110217733141765084e-01 1.624152494797881652e-01 5.520798123235593630e-02 1.534493011706364041e-01 7.596753151809335081e-02
-1.044522447379916674e-01 6.256139036320758351e-02 -4.157927221035997295e-02 -6.066767154930666206e-02 -1.018694086128352494e-01 1.116746441581260331e-02 -2.589033632111268496e-02 3.848577111849737359e-02 -1.487441373869484440e-01 1.270343506349909946e-01 -3.988816797142098053e-02 8.733880146710013004e-02
5.650846226720231125e-02 -5.381322663104490950e-02 -3.033681469909420281e-02 -1.080630186964372380e-01 6.047044119637470794e-02 5.085972042320949932e-02 5.202151244800043428e-02 4.829539221183572900e-02 4.407620757125593758e-02 1.550626007354935776e-01 -2.250986948786216565e-02 -1.411053375236851204e-01
-7.335966403002455727e-02 9.494291740753738051e-03 -2.510303347276482411e-02 3.316696479275416110e-02 1.587955072006075330e-01 -2.297558667585158088e-01 8.006016625816335386e-02 3.702310634954710661e-02 3.775247363903601328e-02 2.236267089314392456e-02 -6.314401072176389906e-02 5.095957686703939116e-02
-1.267682877048929499e-02 -6.398766559644532281e-02 -3.182253134058205674e-02 4.431590623360254048e-03 -1.733483348317054196e-01 6.302740221172946355e-02 -7.514813594047549394e-02 8.794125690053061425e-03 -1.053106412671451081e-01 9.250011237368073458e-02 7.686639902339206798e-02 -1.212128125551390628e-02
1.609154748716209310e-02 1.078030460867399412e-02 -4.696123122047762138e-02 -1.752991120648827728e-01 -7.349151029199654794e-02 1.926094102289244159e-02 2.516392723296084211e-01 4.089085724176164810e-02 1.171169954621694570e-02 -6.233431035117067975e-02 -5.314794413027914416e-02 5.123360955570829822e-02
5.351473321514460535e-02 4.367929358491693531e-02 5.332343174770138444e-02 7.765302706626754647e-02 1.575488607073686695e-02 -3.416212745747090884e-03 -9.115147903903041138e-02 -1.351227667626860585e-01 1.995485328801940850e-02 1.104418987684602643e-01 4.512810419587431204e-02 1.250382014829633801e-03
-1.471692219753067132e-01 -4.137467354537149172e-02 1.353958961511042836e-01 7.343310182212563209e-02 1.253917179882212962e-01 -3.251296254222556942e-02 7.456843384934151719e-02 -9.049961624071406474e-02 1.009949682168148968e-02 -1.474016626321690004e-01 -8.512587588077930034e-02 -5.483351004091659153e-02
2.569936902351303148e-02 -6.410528171686255897e-03 5.966199886348922538e-02 1.092762524384301021e-01 1.334084432903301365e-01 2.327251287651662531e-02 1.231949846472118054e-01 -1.490715193064241217e-01 -8.991218336087868079e-02 -3.255487962591999823e-02 1.418709009737357529e-01 -5.815665318424313723e-02
-7.822403393728249998e-02 -5.459140606259089284e-02 -1.200283129483673272e-01 -3.977146141601822782e-02 4.631593504704439868e-02 -9.060491355089615728e-02 1.045616595505523966e-01 -1.094936280530151573e-01 3.704551165844244265e-02 1.048393132240585737e-02 1.804594118640101830e-01 -1.840832001765068948e-01
2.376294800043440153e-02 -4.099058951363029196e-02 -1.104550495348561034e-01 -3.327088308090651262e-03 -6.202503972489636919e-02 -1.195357344447952191e-01 9.144061292498532889e-02 1.252676937346125334e-02 -4.638903220346398890e-03 1.983288057037494931e-02 1.232910541982845665e-01 5.046669916432215686e-02
8.782165567429923991e-03 -1.760811045979450776e-02 -8.912595329680617073e-02 -6.635126455548077951e-02 -1.215269873626375063e-01 4.826305636588581333e-02 -3.745058376146881418e-02 -9.520395177891957661e-02 -3.296235897917976221e-02 -1.064247820201923850e-01 7.582873616935176253e-02 -8.356459060631998836e-02
5.218162108490365103e-02 1.062823713214953308e-01 9.033987762837513910e-03 -1.767043310073969364e-01 1.309614580276101652e-03 1.586627874715576536e-02 3.116769758012127300e-01 8.881498523295247582e-02 -7.299331499651599831e-02 -6.641600998516548893e-02 3.351756483431510975e-02 -1.343390487630092764e-02
4.877334593363048809e-02 -9.904797253894398468e-03 1.102508204752916665e-01 1.412948451849735110e-01 1.935696567409974159e-02 3.325354902648387095e-02 1.043382401823953615e-01 2.481204849730265366e-02 -4.127768895409465733e-02 1.526424067486573458e-02 9.973863987362373631e-03 -1.982733747312950129e-02
-1.630411264615729688e-02 4.810140761361143130e-02 -1.311502283862754636e-01 7.996908284618663154e-02 -3.021166205454427277e-04 3.118309153067186021e-02 -6.757582786291445320e-02 1.710285641079813679e-01 -2.291702007232696015e-02 -3.987388618923037170e-02 -8.225760165248380273e-02 1.033573154531325922e-01
-3.725802043277345876e-02 1.418333033020446055e-01 -6.442055471106217235e-02 -1.850777814304921734e-02 -4.525032113491017638e-02 1.289134712231305470e-02 2.458200423178611566e-02 1.125443876973460933e-01 -5.159572742299607662e-02 5.701274093470262011e-02 1.649432395983388075e-02 -7.462529681358185014e-03
-4.402745231210600241e-02 4.973816960125924252e-02 1.114597350041822699e-01 -7.077596412935997262e-03 -5.407471872162823712e-02 2.554522139674630238e-02 6.958508317079882544e-02 -4.197699436017220814e-02 1.815001237512444965e-01 4.975180395013036744e-02 -1.044656109002169986e-01 4.514194138464724948e-02
-7.194431196706811693e-03 -9.802854509929199989e-02 1.432473102983544515e-02 4.723255801360840521e-03 8.525443613941016685e-02 -5.990796894022456381e-02 -2.662207212437660547e-03 2.809815809778377915e-02 1.289531838570189548e-01 -7.312767780374691828e-02 1.121540496659201303e-01 -7.744981846797655001e-02
6.543549691051367412e-02 -1.415203571029477747e-01 -3.186921606082241537e-02 -5.009534159626043669e-03 1.410247762638042746e-01 3.514676518751320283e-02 1.287416592690315276e-01 6.318851866126651284e-02 7.473250009397579274e-02 -4.355042348438883243e-02 -3.760282033171167410e-02 -8.483578570447672385e-02
1.200514210930525849e-01 1.208298498035925012e-01 4.571431262858108996e-02 -2.100124681276031770e-03 -6.389948674662362937e-02 5.739532997834876672e-03 3.532793021714754345e-02 -7.595064847035026823e-02 -1.494033218401741026e-01 -1.044294524635714233e-01 -2.560458167149604614e-01 2.269987847845427592e-02
8.672493591514271460e-02 1.354848476694965054e-01 -4.505181703906509932e-02 -1.323227751772035610e-01 8.118330806035605873e-04 1.671647773953885141e-01 -4.794267704994091550e-02 8.043528835038774027e-02 7.581743454272897240e-03 2.431386290114888674e-02 -7.895925177090484803e-02 3.297634782881168902e-02
1.064517635987862199e-01 -1.453611707005588241e-02 2.298080302435383943e-02 2.560660074351178359e-02 6.254117464135457161e-02 1.150392059387748273e-01 -7.432846144941092359e-02 -1.610876820576696844e-01 -8.394090802531127549e-02 1.023527448559038572e-01 1.081333334728024620e-01 3.809547907361608698e-02
6.278182710050753124e-02 1.926862714466336113e-01 -1.095059179142443828e-01 1.037541099992698029e-01 3.099387153710687556e-02 -4.459214387349649117e-02 -1.524168940205198886e-01 -7.477603680914216011e-02 -1.436333331623258214e-01 -2.982439940989876567e-02 2.747260595573909267e-03 -2.090844518963742293e-01
-6.751603075047193925e-02 4.195167081411749904e-02 4.298993140206396751e-02 -6.757547206488993818e-02 8.321369810543979839e-02 2.784996436971789308e-02 -1.001972204597115917e-01 4.702497122905260202e-02 4.050607407072276400e-02 -9.204089828087007319e-03 -6.131680727193895147e-02 -9.563193412496548418e-03
-1.937513164938346744e-02 -8.575729134610964033e-02 5.538272948926770828e-03 1.353585713499989504e-02 -1.351230122647570885e-02 5.913365644481780731e-02 1.010797584782634068e-01 -1.887755753846502016e-01 -1.255125107241145954e-01 1.109234387498036697e-02 1.395468523802740612e-01 5.440616422993065082e-02
3.838140412341033147e-02 -7.752024976869793804e-02 3.610923151551862463e-03 -1.175534134714416729e-01 7.591489454934433057e-02 -3.112020664395692693e-02 -4.435229135663686095e-02 8.107334540092242525e-02 -7.394393670391873064e-02 -8.840553157559800923e-02 1.150366330476927379e-01 4.472977621971878370e-02
-6.909478271182775688e-02 -5.401469684843351188e-02 -2.383090757778460328e-02 -3.204735412548082030e-02 5.016369006193133195e-02 4.280162933361427585e-02 -2.222007735929361349e-02 1.866085451111497429e-02 -4.508817150428715004e-02 -1.366972778342678135e-02 -2.560085268280888962e-02 1.375529699210354673e-01
6.081994292329501173e-02 -2.326576300865674726e-02 -8.192456721997648517e-02 -1.464943495505167947e-01 -1.660399164396665905e-01 2.973694363545473923e-02 3.224535661478136750e-02 -1.167289089412086034e-01 8.948941858875691241e-03 6.991138629175548680e-02 7.480916093167297443e-02 -8.701604670508647499e-02
-1.797975380611778473e-01 2.472471693131596607e-02 4.530533655151629951e-02 2.329806366812681440e-01 -8.449589082220151925e-02 7.222750866783989206e-03 -8.222599955126132232e-02 -1.031499233917438918e-01 -5.226623039420442984e-02 -4.856165421182421366e-02 -8.660712654366370389e-02 -8.192205912565767023e-02
5.276466244069326350e-02 -1.431871515722584476e-01 1.029443866043202316e-01 -1.577421653493034370e-02 7.313160417946090730e-02 1.128777891752908574e-01 8.762504447025566690e-02 4.929850461734019279e-02 -6.391671600776201168e-02 3.192804139091807557e-03 -6.743017031792603033e-02 -1.241842621046811701e-01
3.821601578722771952e-02 1.579340250561530332e-03 -3.960443180775912592e-02 -1.671986803570295887e-01 1.330157190956634920e-02 2.164026701000597991e-02 3.483321789645497935e-02 3.264906246160009101e-02 -6.506005629751164532e-02 -8.532223441824578203e-02 1.593704430833348205e-03 -1.949319280362919737e-01
-1.818149970403662163e-01 -1.551554212889305340e-01 -1.150350768356249997e-01 -1.300289563758779410e-01 1.474689008265582246e-01 6.365010358236809773e-02 -2.171476657345742817e-03 7.336449318459706270e-02 -1.119434910354824703e-01 7.244447659904927617e-02 -6.770406980540666364e-02 -9.224577609682521606e-02
-4.870354546702091933e-03 -1.821176700208542443e-01 1.546529032445062048e-02 -6.550330048764395341e-02 -2.323660414086613571e-02 1.172079272920773831e-02 -1.300514303047839437e-02 -5.665089775751571549e-02 -9.248670029038900953e-02 -1.720960728736438752e-02 7.941226853773162425e-03 -8.589597674004725847e-02
2.026276041495605196e-01 4.320001644325278112e-01 2.934777555775847091e-01 1.498834491276763992e-01 5.297650638137632040e-01 -1.469843063746416323e-01 -1.887622930925566406e-02 -8.933480204705067720e-03 7.476881075928089315e-02 4.061750913380047373e-02 1.708612998220582491e-01 4.328174063069908928e-01
3.750176576573577281e-02 -1.099878139301635124e-02 -7.772745658034591054e-02 -4.786571234696261612e-02 -2.692432132307961967e-01 2.943571774864557622e-02 -2.209433871264935290e-01 5.319703386893710056e-02 1.042538578019322065e-01 -3.286978111431664712e-02 -1.226099590605889411e-01 2.698765278200176976e-02
-8.417213157315697747e-02 -1.529667399332602373e-01 5.239991677699159384e-02 4.884886580072017072e-03 -2.643693496620808658e-01 -2.085089103729271531e-01 -9.925084630245449568e-02 -4.416837359167840454e-02 1.599469345899862949e-01 2.483280855591680492e-01 -1.287501279539591224e-02 -5.734605890118561755e-02
-1.427435078332795967e-02 -5.814439712696420348e-03 -6.655584702921837903e-02 1.179697828184291947e-01 -1.775549020940100364e-01 1.491963712823184303e-02 4.737586054456117968e-02 -9.006916900122225247e-03 1.583716589164624045e-01 -8.114459939240210862e-02 -1.294251075895734016e-01 5.611047302374345958e-02
1.840694912998306620e-01 -1.031977992822951523e-01 1.025246137008655085e-02 1.753008198632065862e-01 -2.078946721837837686e-01 -8.698296152038971496e-02 -2.085823692946258134e-01 -1.829724867947688655e-02 2.182934143292880880e-01 2.702450972070509841e-02 -4.110598266107264726e-02 1.629649159107910694e-01
-5.144596458578225284e-02 5.175710651730370399e-02 7.749163259959732097e-02 -9.132168831331523295e-02 -1.350044891888771241e-02 -1.073991439649808616e-01 -9.588193585775516004e-02 -4.765878133588142412e-02 1.073768579465412126e-01 6.832752248597857847e-02 5.799609204264474099e-02 -1.295602952944035768e-01
4.459682214570687142e-03 5.304994119852857876e-02 4.724395798180073408e-02 -5.301405790103470850e-02 3.683209792861477649e-02 1.348126233929798079e-01 -7.232816314603736363e-02 -3.582119199511062807e-02 4.449658537041634165e-02 -4.524033605563638344e-02 9.316906243154621237e-02 6.112333336231312586e-02
1.060844465606757270e-01 7.958610720372978620e-02 -3.300924500448788185e-02 -8.368964651673582722e-03 -6.322331100106309831e-02 1.638005367137380375e-01 9.287729393466324923e-02 1.004234778123944960e-01 -4.142695074495132690e-02 1.216992669338122918e-01 -9.376535387620782425e-02 2.411760087893580901e-02
-1.624833993655969422e-01 -4.829651579507835552e-02 -9.286109778011897298e-02 -8.570875977522614264e-02 6.306680171884798680e-02 9.235842294795347171e-03 -2.509811235947672498e-02 -2.790630325771563391e-02 4.536444384948749853e-02 7.692321948871667925e-02 1.293327074436016189e-01 -1.038283508148568623e-01
-5.868665916691444273e-02 2.594098490254478917e-01 1.062829643075878794e-01 -2.908806096347195114e-01 4.713144913896286092e-02 2.361458251809094022e-01 -2.158700439322935316e-01 -4.983499336714448252e-02 1.948547955046038005e-01 1.712338265786888247e-01 -2.045989597434596796e-01 1.209851821529823179e-01
8.157279054433300147e-02 1.053021218820256004e-02 -6.525436358051543706e-02 1.629717136060709545e-02 4.150231326162916005e-03 -9.522530033121646975e-02 -4.764124270245902182e-02 1.304313473261247691e-01 -8.656557016793077486e-02 6.429022487458710411e-02 -7.772635088089338562e-02 -9.730572251363618641e-02
