-1.586113424839977193e-01 -8.963392153800955886e-02 6.812796438135435007e-02 -2.275785432054233393e-01
-3.035447263512744409e-01 3.409708764877604492e-02 -6.659447762453496455e-02 -5.101381121790810047e-01
2.639662531928793632e-01 -5.255756414045236607e-02 -1.130362614391247356e-01 -2.822605872028451923e-01
2.326778571309152388e-01 -1.638805240755854542e-01 -1.347324418762766429e-01 2.388767407033394463e-02
-2.024110063324983944e-02 -4.882379506326316870e-02 1.069703538886845606e-01 9.084830661342581382e-02
-1.283470244247426340e-01 -1.049448063501085271e-01 1.595007416539274137e-01 2.244175852044089092e-01
1.846881875379722260e-01 5.399396104895309162e-02 -1.240901798197084210e-01 -1.365391300286153686e-01
-3.926601533446427150e-01 -1.544635347360309163e-01 -1.414492164881188674e-01 2.751607028248851186e-02
1.436240452130668199e-01 -4.527868868643997180e-01 1.099878811743104125e-02 -7.234224439069725232e-02
1.775160641088610047e-01 1.846062883354232798e-01 -1.490359907275973748e-02 3.733462735550916508e-03
-2.743329397705939199e-01 2.208701647120220671e-02 -5.167426466185917056e-01 -5.591760162444096849e-02
3.219353916239016677e-01 5.197157589738561345e-01 3.621363338730980153e-01 3.637540082628797911e-01
2.247958648917835200e-01 9.515754638622007239e-03 4.902076126107241666e-02 -7.023711462494752755e-02
1.245806080554166112e-01 -4.224601288431102941e-01 3.533795337271271320e-02 1.333926275892066693e-01
2.952803247097323669e-01 1.867635187468794089e-01 -1.237624943365762120e-01 5.331330842494502731e-01
8.761598335011991368e-02 -1.014254246108764468e-01 -8.436884191163410152e-02 4.255937356832336649e-01
-2.916507223863204490e-01 5.820355664452480510e-02 2.370937280252195523e-01 4.716913746933983909e-01
-3.843497228003232014e-01 3.011064811190750090e-01 -9.295765019833552439e-03 -1.810726288333141532e-01
-2.565676711471825966e-01 5.790955372237168580e-03 -4.952828027839368819e-01 1.076188943367041712e-01
-2.196610872094519051e-01 2.363168386761733963e-01 -1.929977568943254118e-01 6.034009936577298117e-01
4.399322574796510343e-01 -8.485340659765135130e-02 -1.044401230925892515e-01 1.479794765964970449e-01
-6.902680767605084977e-02 -3.312848839322801719e-01 -2.480894040205674778e-01 1.864558492407252313e-02
-2.264924289209533093e-01 3.297888154370100938e-02 6.161844218592209266e-02 -2.685622917568761606e-02
-1.209060681934966824e-01 -4.235945442461346300e-01 -1.329408273542450891e-01 2.577046285479374088e-01
-1.469402943612701899e-02 -7.026703680460615054e-02 1.266356301645780724e-01 1.304396581937033138e-02
-1.082731436561441829e-01 -7.121742981451031906e-02 2.881073354800752287e-02 -1.233773137418805316e-02
-1.601913245728110724e-01 1.125220507632771760e-01 2.621379542131160867e-01 -6.158210979676369545e-01
-2.583316008349017534e-01 -7.511883257113416423e-02 -1.698979197319058498e-01 -2.162841225411437918e-01
1.401185279559131192e-01 -7.659873473446643377e-02 -3.776130024074746960e-01 1.521090138992250984e-01
1.698677825535636343e-01 4.660644073010907773e-01 -1.316217428365962228e-02 1.399718297296235758e-01
1.019032432390858250e-01 1.328223059438459475e-01 2.621982735179186341e-01 1.384194906904445965e-01
-1.731656149574799242e-02 -3.657510953308990703e-02 3.730973349222118651e-01 1.583800305480905224e-01
-6.687218417957505046e-02 -2.184698361464559591e-01 2.092406588254340505e-01 7.282472822372101917e-02
-9.634901835695605654e-02 -1.835402107554293116e-01 3.417195542636121686e-01 1.888712189408993103e-01
1.646560046655374393e-02 5.268448332907524900e-01 6.173445083989326232e-02 2.326690495768141409e-01
-2.326458516430544299e-01 -3.537994721024843581e-01 -4.263449538647071102e-02 -3.161290644343497241e-02
-1.431900142372893037e-01 -2.468053868811118379e-01 -2.050162964134595034e-01 -5.044077324816094443e-02
-2.138509850437387838e-01 -2.293700382511381364e-01 3.541633917221841815e-02 4.009839591274634851e-01
5.571031771327496218e-02 -1.131337548989855141e-01 -1.472138284010084640e-02 -8.515825864341174112e-02
