8.138907732568976261e-01 -4.960369310018393763e-01 2.594244709975653679e-02 8.698436318506203024e-02 7.757171249376229039e-01 5.599119600710301264e-02 3.707672379910612048e-01 -8.100702581839235306e-01 7.266162186169089487e-02 -5.254574755276363307e-01 3.079141645271127326e-01 4.689694648362950913e-01
6.209853722234157103e-02 -2.717684789789706068e-01 2.923104036158996055e-01 5.513998582917655211e-01 -1.802291819173409415e-01 -4.319264868718228900e-01 -3.367019172629835411e-01 4.339666017109722329e-01 -1.165401601809168824e-01 1.091161011428400385e-01 -1.036361307385947894e+00 -1.022835556240514476e-01
1.752044170970597226e-01 -1.021464133181370915e-01 4.599074133915788051e-03 -4.929048149562514358e-01 -2.276404922966395461e-01 -2.909051956628032065e-01 9.497993039228848078e-01 3.752713569985215436e-01 -5.596498827555203975e-02 4.049649651672675849e-02 6.519205294837103759e-01 8.648667355702199799e-01
-6.210892799122404995e-01 7.912041950125207890e-02 4.679596674845634685e-02 6.361365969534710230e-01 -3.510029827027725258e-01 -3.650158805901192183e-02 -1.003008804332212872e-01 -7.932670306324418608e-02 4.170263175588580506e-01 8.153351229260291655e-01 -1.125133338131426131e+00 -5.611836588857573027e-02
-1.387450098720583724e-01 -1.180368103935799245e-01 -1.384532126311555922e-01 -1.284423863265883037e-01 3.032687817022083343e-01 2.122327816501333730e-01 1.488259474224770951e-01 -5.773071903682743811e-01 1.691447152952712529e-01 1.013500957781430512e-01 1.722871673919079971e-01 7.159999048769327690e-02
5.042375997446920527e-02 -5.009205258087571222e-01 4.362501372751061979e-01 -4.086317169220076706e-01 -1.353731707098040915e-01 -4.320029846899339776e-01 -1.605827463355385676e-01 -3.761633672359623870e-01 1.493550442700470327e-01 -3.711249445820121728e-01 -3.308258238949869923e-01 1.742194677553581261e-01
1.924299911604348545e-01 -1.763221924064138982e-02 4.198708123730526820e-01 -1.867971044050630303e-01 6.367850024822767629e-01 -1.218006520050155972e+00 1.040036171304737023e+00 -1.400475747653248948e-01 6.555293501771648768e-02 -1.959247125273626100e+00 -1.228786246049128339e-01 7.549879523662869629e-02
-1.190410027242918695e-01 -8.601926485125153954e-02 -3.726350627322065900e-01 6.195539187436385209e-01 3.133133549242639315e-01 3.655759235016251552e-01 -4.169859046328430741e-01 -4.577097360756411382e-01 7.146830836635053030e-01 -1.879646855250503845e-01 -1.164877294265505014e+00 -6.963374171836536793e-03
-2.675481589495041779e-01 -1.091076653846259487e-01 3.391851921048612550e-01 2.956548832768331470e-01 9.215957518239964452e-01 4.223549808144380635e-01 -9.728401058916125166e-01 2.021380460193187012e-01 3.593954279645447669e-01 -9.107296065907022342e-02 -2.511122601467321025e-01 -9.256526287411337428e-01
3.486541943864126386e-02 -3.648960765299407161e-01 -2.763058860694770913e-01 -4.234334364210576851e-01 -4.788516468219565780e-01 9.386059381982338190e-02 -2.639329003849589239e-01 -1.632145186865789910e-01 -1.880440208972579130e-01 -8.406618416414033401e-01 1.474193884027552581e+00 -7.335661399713980790e-01
4.565889771373738415e-01 3.559342260439072869e-01 -4.150455483848825011e-02 6.157634590093464810e-01 8.842020905422690591e-01 2.899590232984998184e-01 4.556553456263746638e-01 8.747700338985004986e-01 -3.294849398653531547e-01 7.285427418615987305e-01 2.211238628147427221e-01 8.484990398291538671e-01
-1.884159045905714827e-02 -3.587822925586282158e-02 2.235437306934416335e-01 -2.752130839025495046e-01 8.478306135609068317e-01 -5.446064006091775322e-01 1.185302312721240758e+00 4.249843300810769442e-01 2.039767100427539170e-01 -3.394728422393879508e-01 2.261188550016935139e-01 9.334614697206544687e-01
5.151437185938508856e-01 2.147005786835412544e-01 -2.731977237845939488e-01 2.651159438934236334e-01 2.261441328106794380e-01 4.826946266755005044e-01 1.072091699190956815e+00 -1.639236127767829787e+00 -2.463705315691871664e-02 -5.940700319632736814e-01 -1.549211303232936598e-01 3.750113218492716061e-01
5.782668291850494580e-01 8.242341101535139991e-01 -8.005396656001987354e-01 6.909515311947843630e-01 -1.755224533511584029e-01 -8.197953195549502470e-02 8.766836221793241624e-01 -1.281352207401690313e-01 -1.536981531483808672e-01 1.867053673111886691e-01 -8.595414442262567789e-01 4.629795598217203989e-01
3.866480166678635810e-01 5.429639421218084294e-01 -2.070738956132609221e-01 2.568801583949170686e-01 5.857710565840069661e-01 6.630787757503976421e-01 8.696320855492046809e-01 4.103671497181710093e-02 -2.881487687090061867e-01 2.423222518967369510e-01 4.173398060254072117e-01 7.155417042574013786e-01
7.717672903032338216e-02 6.767900169331565463e-01 -3.275489234516828496e-01 -1.453369932377022306e-02 3.463063230006791504e-01 -8.308920524377304551e-01 4.027956189450785929e-01 1.579905223356821153e+00 1.769866041232130149e-01 1.774615490745895086e+00 1.828250631133765958e-01 2.971145589067215043e-01
2.685570258251196440e-02 -1.473416389359902157e+00 9.365677685174756961e-01 -9.778539288628164128e-01 -2.190412352251797784e-02 -1.139369364118779870e+00 -9.363678684219568504e-01 -1.788769122332372341e-01 6.719910873599496681e-02 2.583002853877915395e-01 5.361505174503300442e-02 2.966966709679083047e-01
2.031019176975692730e-01 -2.238278136261546980e-01 4.240680703930357898e-02 -2.951943224231428631e-01 -2.104790985250570290e-01 7.055642192979802996e-01 -2.089346727959409400e-01 -5.795981610047842847e-02 -6.019445075062105355e-01 1.676487668314062152e+00 3.474755569878424377e-01 7.274201920659132403e-01
-4.970652110513526512e-01 -4.801566126955753022e-01 2.113081053479767268e-01 -6.613417106263796974e-01 -3.554309327993300793e-01 -6.706165437098686732e-01 -7.192080924823240906e-01 -8.232818132948755974e-01 6.258821255772171188e-01 -6.751663517639144851e-01 -1.410133850713040093e-01 -2.471344423359436160e-01
-2.801907672337527466e-01 -4.875634464307187360e-02 4.347128283991580910e-01 -1.044709417124197959e+00 -3.052666089361207313e-01 -2.461304867306888799e-01 -2.711957912483781152e-01 3.286791610220458210e-02 -3.334296072034854674e-01 -2.535880658651923358e-01 3.342943206483777741e-01 9.053036072987859229e-02
1.679508218439303424e-01 -1.770631925642371651e-01 5.985542041173832484e-01 -6.661306700803907299e-01 1.403854019612843229e-01 -3.601655310335954430e-01 2.710689018121010818e-01 -8.526003042532442899e-01 -2.465803132712763024e-01 -8.722969211024834690e-01 -9.047621826597221362e-02 -1.450918513711991209e-01
-1.255305786284964809e-01 4.599667980164096059e-01 -1.283767436275274620e-01 4.355102563489067768e-01 -1.065802233714844005e-01 -5.221830842880144097e-01 2.139269038019697700e-01 1.121404413450601822e-01 2.722228847758337844e-01 2.123645396700659937e-01 -5.763696945369644054e-01 2.918912033870939005e-01
-6.237431366593563231e-01 -4.029751408937056190e-01 -3.241638456311664584e-01 5.075538371049890252e-01 4.901344229056989882e-02 5.260502298855190828e-02 -5.450336153410161311e-01 -4.652487599686818548e-02 1.099398272083554229e+00 -5.810114953886188482e-01 -8.459938732465132061e-01 -5.622153945657909491e-01
2.471103983491616807e-01 -5.776231810200540551e-01 5.080440375003273529e-02 3.961594169765823570e-01 -4.467681091181757713e-02 3.395488998344480258e-01 4.320410411318199584e-01 -7.542060941869463964e-01 -9.945681181651301606e-02 -1.343056140774880447e+00 1.698023611508826525e-01 -1.438995956576757385e-01
2.278417776778548787e-01 -3.179742642233066019e-01 -1.270117559709911803e-01 -4.756075349047999556e-01 3.126818075341425418e-01 2.788985917537903925e-01 2.294800799587074780e-01 -4.039784932152697405e-01 1.507591225484695152e-01 1.196679194736548713e+00 5.508887886570170214e-03 2.008268590130430908e+00
-2.429006666936315562e-01 -1.314558885858773674e-01 2.577409198735886586e-01 -4.400765423240386998e-01 4.017704019057305453e-02 -3.205398595920733729e-01 1.157483907056125749e-01 -8.461195112770005800e-01 -1.408522824103560500e-01 -1.396817172769887039e+00 2.393632858216999948e-01 -8.688146651606155624e-01
2.972472263575581253e-01 -1.348380967906726013e-01 -2.127816611549311343e-01 -1.335303525430792559e+00 4.263562762101365533e-01 2.050893480706754424e-02 1.082796011596925539e-01 8.145252528663993186e-01 -1.906496210352872644e-01 -5.870858996669456875e-01 9.104928534966294507e-01 4.396867740346173115e-01
-4.453874202900672263e-01 3.649590445480295764e-01 -9.736528312320705814e-01 -5.573431266775358273e-01 -1.049795149203659017e+00 -1.494852486214888476e-01 5.197608671512363721e-01 4.524306766700066373e-01 -2.548924425053607501e-01 5.630344817892886100e-01 4.149183256651833331e-03 1.389480168031283387e-02
-2.851577887240103748e-01 4.125554769265881716e-01 -8.414536368290257418e-01 8.159950716773298751e-01 -1.656710800209169498e+00 3.401382870222727783e-01 2.372999855621477638e-01 -5.274739436039357354e-01 -1.438029202096653136e-01 -1.507101686569040089e-01 1.843596568394392510e-01 -7.986185885648704463e-01
-1.908457699813256581e-01 3.674643014536795871e-01 -4.630531645979368838e-01 -3.946668885909063729e-01 -1.288692804769009381e+00 7.008847872574022198e-01 -8.534576800104448635e-01 -7.966347069345807164e-01 -2.689714815118997571e-01 1.716174016130310107e-02 2.421519532431984801e-03 -3.278308826898105321e-01
-3.382140253654127848e-01 3.017088545564121094e-01 -2.414331966503174276e-01 -2.757331281190974481e-01 -5.114946379492173456e-01 5.890939933736437650e-01 -4.254811687271974341e-01 1.536623107219549089e-01 5.104500302543577700e-02 5.904116562223442610e-01 -8.057274353988978788e-02 -2.723630553505921870e-01
