4.214392219236517967e-01 7.192533985583093870e-01 4.681252284499334837e-01 1.085214316059822437e+00
8.517346006172530348e-01 2.070038201050516946e+00 1.923001940527241382e-01 1.382610107008414024e+00
6.327453340989624975e-01 1.309875655702773090e+00 1.273548126404188352e+00 1.665479126533331966e+00
7.392724265658067173e-01 8.918396931573768782e-02 6.305823984892651168e-01 7.279445880306300021e-01
-8.098577418225241242e-01 -2.331328221756357788e+00 8.444695649764966117e-01 -2.196122640936490455e+00
7.505906542257240188e-01 6.443203424058450146e-01 1.261835527893841180e-01 -9.284185756026483438e-02
5.908240673983424784e-01 8.568389535660226874e-01 5.319784021523010775e-02 1.044913086851795736e+00
1.406872269579944712e+00 7.734396539699676110e-01 9.935440057714980400e-01 -7.122208248351090398e-02
-9.832015490369090671e-02 -4.376479088966820363e-01 2.460786407665538078e-01 -4.258821937311961792e-01
-9.206102946898429007e-01 4.203153983586340736e-01 -6.801948888422350015e-01 -1.575539785654122449e+00
-9.780452428329087233e-01 -6.129860350800844238e-01 -2.720927844829613140e-01 -1.129702454577227622e+00
4.986362785172945289e-01 -2.552836431495718039e-01 -8.066351693744907569e-01 -1.321294515077841458e+00
-6.080538059685827168e-01 3.391126378819441234e-01 -6.335492960077180324e-01 -1.960534074562459983e+00
7.802358717947645017e-01 1.194002471239205443e+00 4.760834413304326218e-01 -5.893685437029374530e-01
-6.084732308994901251e-01 -8.518449856944890763e-01 1.215562602592216157e-01 4.568373608325042023e-01
4.419173710736744587e-01 6.291678876877044857e-01 1.384860060674587334e+00 2.321809764144347199e-01
5.238927833321452843e-01 -6.729806894734383649e-01 9.952155268566444946e-01 6.158338639157007188e-01
-1.181304552552002285e+00 1.776599331789171787e-01 -3.813090938265619179e-01 -9.424320637020646707e-01
1.060493822167229094e+00 6.602736408306245641e-01 2.184653102994117413e-01 4.418380941479073676e-01
-8.720127930746720546e-01 -6.794929953083262975e-01 -1.053286004505905371e+00 -4.449843133373886928e-01
-3.466550357368867741e-01 -6.112582677476671028e-02 -1.168328079370502426e+00 -6.338281024440881595e-01
9.523478635637356859e-01 1.346358639375084598e+00 6.427725448908085948e-01 -8.701589974285408591e-01
1.935119858024838768e+00 -4.118088298263080510e-02 1.143439148776379088e+00 1.158217882447835301e+00
-6.238139697550031393e-01 -8.324208745771022322e-01 -9.838631330172219469e-01 -1.078597864541532836e-01
6.010424226073867171e-01 -1.940315998669891240e+00 8.452064231849988341e-01 8.542935656938303035e-01
-3.896117741461005424e-02 -1.650780456172545874e-02 -4.452817592773422040e-01 5.667239261358448799e-01
-4.182982478939701321e-01 -1.010559942177275961e+00 -1.524925738953848420e-01 -9.673351138648121905e-01
-8.270411999737665720e-01 1.621950879548083868e-01 -4.115538811621962112e-01 -1.649319429093341061e-01
-2.726618431015588317e-01 2.168001878879409206e-01 -2.494658072095972678e-01 -4.996279526341144972e-02
-1.835520448685218797e+00 4.906789596068823756e-02 -7.267018627927611663e-01 -5.913012209377110917e-01
