-1.135810499818354080e-01 3.853896069522635276e-02 1.895326707657995352e-02 7.340881807444668561e-02 7.168462367146444247e-02 -8.710438385279094253e-03 1.579719818243026375e-02 -7.542136159160167663e-02 1.302759172280941111e-02 -4.005239859690204289e-03 -1.636391806032619356e-01 -5.124889671541935088e-02
9.716907247074081135e-04 1.063573155495799172e-01 -3.383465776851134893e-02 -7.823088637966714443e-02 1.384594791349486043e-01 -1.421829012272630977e-02 1.098211516799681847e-02 9.571469830812991131e-02 -2.711475878409356013e-02 -9.972183518569345539e-02 2.902656316086760571e-02 -2.445631002881043861e-02
-6.209362971923338206e-03 -3.788091299958085655e-03 -7.480619638809713010e-04 -3.390823157351088163e-02 -9.562288362134824249e-02 1.651804519546502814e-01 1.091687766885270638e-01 -5.151809681592684625e-02 5.857207209996267983e-02 -1.270903496230871565e-01 -2.286155114119058085e-02 1.590511182348742780e-01
3.728501377052231835e-03 2.037371085793288628e-01 7.016815707331856833e-02 8.910674309940205817e-02 3.400713976095075253e-02 2.207375737769871199e-02 -9.308999183072005912e-02 1.279541310786741770e-01 1.309869647426793737e-02 -9.838365955246715366e-02 -1.261115381405131242e-01 5.493031367986043328e-02
-1.117447587033757947e-02 9.120353400509359498e-02 1.094836177769274027e-01 -1.761152295736338191e-01 7.323935511555593192e-02 -5.528703356351483134e-02 -8.602192684193143979e-02 -1.707850448104107910e-01 9.613711273272329549e-02 -1.406606333941716122e-02 -1.025509922644879945e-01 2.526588843244529509e-02
-3.044378902264718856e-02 1.860522093685958445e-01 1.552803750464532839e-01 -3.503715330416369567e-02 6.577953234896978703e-03 9.510900558271174273e-05 4.316253869512751661e-03 3.518549299012212195e-02 -1.002143305279100810e-01 5.228881154830792438e-02 -1.762302229241173301e-01 2.910585388730395698e-02
-7.680030380041996674e-02 -1.494522692352280857e-01 2.966666052594781749e-02 2.739190995488093375e-02 7.866151981263708182e-02 -5.892467283461806649e-02 9.601471379253539995e-02 -5.043022683383308752e-02 -6.042770790450033985e-02 8.661035081093645949e-02 -3.309091366043376281e-03 -1.342886189961818577e-02
4.589204236897632960e-02 -1.261453725156305994e-01 3.695090214060413325e-03 -1.268164017495520580e-02 1.062132352670028951e-02 -2.040606920164561577e-02 1.018265477435554428e-01 1.109072775749639014e-02 3.558092626486327598e-02 6.816479587547827346e-02 -1.636751901833450318e-01 -7.186211943727831286e-02
8.614016946203036443e-03 -6.650853601829066764e-02 -5.887222929222567236e-02 -1.561492535252492764e-01 -5.411069655618664515e-02 -2.168666240788616473e-02 -6.380895679027923095e-02 -6.588180858882251856e-02 9.226204994008624372e-02 4.926549612944545325e-02 -9.973850082489163493e-02 2.907130160709209613e-02
5.822930598532112534e-02 -1.273690933265196890e-01 9.291475113883385095e-02 8.753188200686114195e-02 1.088475221030887202e-02 -6.547844136546315807e-02 7.912497913549813855e-02 -5.182663285128184111e-02 -1.833866231763971871e-02 -1.361400086103344842e-01 -3.910282434924512718e-02 -1.869677098305495139e-02
1.880645993379036554e-02 -6.972539601977321977e-03 -1.087228691428167304e-01 -1.185191841950866687e-02 4.875903394679631520e-02 -8.411525529852259542e-02 2.463209331818954489e-02 -7.923984157863112054e-02 -4.054508284225934178e-02 1.339605878358851032e-01 -5.145023140632064285e-02 4.886075699304484252e-03
-1.195037527916258807e-02 6.203084851571936259e-02 4.871471398503788436e-02 1.605194668981414774e-02 4.438425854823372513e-02 2.016867231925741771e-02 1.316555273376371739e-03 -1.718920037151138169e-01 9.762080586322657849e-02 -1.297316282835751441e-02 -8.279276415715094983e-02 4.425704668557373447e-03
-9.416439979440607844e-02 7.170797230465146554e-02 -3.025746202857389211e-02 -2.416192122224788963e-01 -5.289517895768874878e-02 2.902885743790405843e-02 -6.869535482715245778e-03 -1.123264639639387774e-01 3.731948842691232976e-02 -1.936228659113259642e-01 8.189145129661473677e-02 -2.294642770715272020e-02
-3.784298960712248472e-02 6.589988536832720734e-02 7.052708975266923364e-02 1.712017459601901728e-02 -5.886256096870234877e-02 -5.361024570325914618e-02 2.490245401744763110e-02 -1.580855486662478479e-02 2.622546082100681020e-02 -2.770910568382805444e-02 8.922444186767181096e-02 -8.157904386908400307e-02
2.704358070344979950e-02 -9.946127988819393039e-04 4.791426769068191788e-02 5.418127257397237911e-02 -1.855040034949364813e-01 -5.222021734162935608e-02 -3.500057839864203352e-02 -1.294184410195861057e-01 2.028896486722713693e-02 -7.297845480354893388e-02 -8.450928330713491921e-02 3.323139764758394066e-02
-1.162056465379514014e-01 -9.564831838807716369e-02 6.673683980793010395e-02 -8.975162655523090394e-02 2.547563598647949006e-03 -3.203265081385086449e-03 2.617629039384199510e-02 -1.851757333563701924e-01 9.110420991899693954e-02 2.488336179318461142e-02 -2.058946162276159217e-02 1.015472430326462283e-01
-4.385320795201297361e-02 -1.485969009060792434e-01 -2.360319241221398578e-01 -2.061657533585416896e-02 1.590912149224135361e-02 -6.926431658885218168e-02 -1.143533266727727454e-02 -1.392424065224582078e-02 -1.344869317041494459e-03 6.206210610826665836e-02 3.029420588094949851e-02 -3.027820912650940402e-02
-1.440977338604963187e-01 3.506033430242283533e-02 6.145273402757698428e-03 -1.718096337167377419e-01 3.473939254215481498e-02 4.423680174985051422e-02 -1.215942852231192972e-01 1.147125002188751908e-01 -1.293333433896733942e-01 -1.657533228559486538e-01 1.136399129818317505e-01 5.307107686447044316e-03
-5.399202619003580506e-02 -8.338913679926214170e-03 -1.961417585793659990e-01 -9.996988901700532004e-02 -2.376428862147855758e-02 -1.063847372109719830e-02 6.173847789385834145e-02 -3.713967170142513929e-02 -2.941750095240753139e-03 6.162047220293692673e-02 2.009129536311743403e-01 -1.039062622435478894e-01
2.008786068187663060e-02 5.989116997168333900e-02 7.754981687274267732e-02 4.709716030473493596e-03 -1.867845157941677714e-02 -8.124201679867243397e-02 3.331225158030378872e-03 -4.075216957523210282e-02 1.093462221579619142e-01 1.767631429111010677e-02 2.646679240433616812e-02 1.110902437904113249e-01
5.694376452734664987e-03 5.615984830098073866e-02 1.170661900114510351e-01 -2.027636422537492378e-01 -1.944567221791189404e-01 5.663020138367775430e-02 6.801078629280679633e-02 -1.655241326726749479e-02 1.761164923253153228e-02 -5.837123167868005225e-02 -1.164596572015058618e-01 -7.798711323196394832e-03
-1.048288779086172396e-03 7.938774451338051485e-02 1.577953562630651230e-01 7.785146782068411153e-02 -3.473335540078979072e-02 3.062938720989267366e-02 9.931180635669090151e-02 -2.531601116355494674e-02 -3.994975381096261408e-02 2.789030830326486021e-02 1.020442602303518048e-01 -1.655005796486533690e-02
5.835601927902842739e-02 3.915336319414074173e-02 -5.639548483147421853e-02 3.614443863216647984e-02 4.719533946562506910e-03 2.719520738959751299e-02 -8.380616110725225276e-02 -3.752037942383505166e-03 -1.462952913964154361e-02 -1.168658939662005000e-02 -3.396608790543955998e-03 -1.820914246578697882e-01
-7.103642479392120734e-02 4.700152787288038557e-03 1.478739768873287182e-02 3.008707974225887510e-02 -3.822243974665602562e-02 1.901485742022401004e-01 7.397739010985239505e-02 -1.224108424878145307e-01 -6.507495197084828265e-02 -8.040521342885401102e-02 -6.280255433090042860e-02 -2.264449918359727823e-02
6.262701716138430186e-02 -3.729407016306436617e-02 1.185443761814581887e-01 -9.796321809363202349e-02 -1.309187441077502012e-01 -1.253799603611665398e-02 1.075509533900669418e-01 -5.237665686679841143e-02 3.469895170321093958e-02 2.395765694903635445e-01 5.865989808441123346e-03 -1.055093364640226627e-01
-4.847166927488250759e-02 -2.387814292807725614e-01 -7.812384605616876088e-02 1.427354165215524162e-01 4.194887977210627616e-02 -7.221694399816401544e-02 -1.583940611352790961e-01 3.132848011559847407e-02 9.336061848260934770e-02 -1.272500746653700832e-01 6.132833986096631468e-02 8.765197362252287461e-02
2.137089043483794137e-01 1.562314185028387536e-01 2.681610697484538425e-02 1.319730727376792201e-01 3.890130550329375797e-02 9.160226631588403584e-03 1.016166518986099804e-01 7.633722337376995515e-02 -1.473571868509818694e-01 -2.473395455355122396e-01 -3.160151346310155485e-02 -1.071284249295722663e-01
1.089031063174442324e-05 5.027409922170959083e-02 5.512740567425845895e-02 1.880150277087482835e-01 -2.843647046065060635e-02 1.229038824862658738e-02 1.444364907005382670e-02 4.914455127124634642e-02 -1.467996591403908369e-02 -2.478088827624181159e-02 -1.523622519411361453e-01 1.669912163939347993e-02
1.269005252749158263e-01 -1.335833534710096915e-01 1.114546445563153465e-01 -2.730431674146835408e-02 8.676058629786531640e-02 1.635732518645372502e-01 -6.426454688177209162e-02 5.347665401787896761e-02 -2.816269757810271890e-02 -1.183664309917273616e-01 8.093232995920326966e-02 6.201760693815963621e-02
-2.913294277726346387e-02 6.353454601468916385e-02 -3.191613168690665692e-02 4.448772743542656755e-02 9.693463029637908179e-02 -6.472919364493492922e-02 1.935603039246717172e-01 -3.006068760257174857e-02 -1.657886372085004001e-01 -1.019317188316719719e-01 -1.326322844370743104e-01 1.085837765863713611e-01
-1.635023120887232895e-01 -6.457133811464985107e-02 -3.851251256969459580e-02 -6.346525459888779919e-02 -7.976366097347893647e-02 9.089035855754010185e-02 -1.492947188961113447e-02 7.097583517776263895e-02 -6.166729188195444605e-02 -7.213517689737652646e-04 -7.958922819478600474e-02 -8.242118529925201997e-02
-5.799795822882337221e-02 3.519005948403228223e-02 6.734453073550852875e-02 5.409842330930304116e-02 -6.620392114898718261e-03 -1.943166121755244766e-02 1.284071435535552239e-02 -3.458392191718157038e-02 1.900725232996822167e-01 -3.668816894749771240e-02 7.041940092537019025e-02 4.463781695486991608e-02
3.942168392847758551e-02 -1.775634031467472271e-02 -2.077756838264153624e-02 -2.141276544512362573e-02 1.404475397731882493e-02 -4.076778365223757139e-02 -2.356653545713739001e-02 1.558865143381527318e-01 -2.006347343916509499e-02 4.533069387641078946e-02 2.154376042696254379e-02 1.619396930829237200e-03
4.854741564212450289e-02 -1.033770130667862053e-01 -1.274710990206389671e-01 1.587033922848984369e-01 -4.917850363042242101e-02 7.380134347982332532e-02 6.945101997479073697e-02 -9.486773545060764312e-02 -9.486233112751435090e-03 -5.623700708854587060e-02 -1.092951618255609200e-02 -7.918695111515094975e-02
1.311396433700072472e-01 -1.237498574046734801e-01 1.706153240564478035e-01 1.717220044683721025e-01 1.796542851652037365e-02 8.233525447240874762e-03 1.014068859484618806e-01 6.323009117384893740e-02 -4.222218654565827733e-02 2.115671983592637417e-02 -9.494879108141665580e-02 5.410194153062539146e-02
-3.014664980952498977e-02 9.515202448610962649e-02 9.744687379541250999e-03 -1.130579975122666947e-01 6.698552122027781087e-03 -2.312672987450520995e-02 -1.218378162934053224e-02 -1.450640443185139961e-01 -5.960289937098899038e-02 -5.600860837978366424e-02 2.304951387933386678e-02 -5.921077683225207944e-02
5.745446070532547744e-02 -6.954892371530783934e-02 1.617745406368755606e-02 6.992168526516952254e-02 -5.605867000109516357e-02 8.872977581233816580e-02 -4.112130337112697431e-02 5.460558226879853178e-02 3.782455567274652097e-02 -3.006961476022435020e-02 1.505960912037049848e-01 -5.203231854750484109e-02
-8.181287647223900103e-03 -1.711024947894030090e-01 -9.564239650316876118e-02 -6.540157141871386082e-02 -4.309179835552851001e-02 -2.128237826475010488e-02 1.926031802875876331e-01 -2.481824782191477743e-02 1.754806464956231160e-01 9.916612545067662876e-02 2.439795477624797163e-02 -3.451996779783392255e-02
-5.854741990488444153e-02 -6.103677864728249136e-02 -4.561544919867641795e-02 3.198424751266348669e-03 -4.493881107456457191e-02 1.364728244735255447e-02 -4.770600585225506785e-02 4.671870985314058311e-02 5.854362895061580169e-02 -1.074004466986650808e-01 8.523396913365600958e-03 -3.639376828932143482e-02
5.253854941097028941e-02 5.589001660438897706e-02 -4.901174520396370249e-02 -7.219477674691035518e-02 -5.298405565424802593e-02 5.151732790932946060e-02 3.399393710044600753e-02 2.797245974686499853e-02 -1.484924606083522780e-01 -2.824481167663548190e-02 -1.694366647713442808e-01 -1.684396999711319787e-01
5.600002579268677227e-02 6.466427955136670735e-02 -1.460611542452550093e-01 8.751687021909132502e-02 1.354270692143819121e-01 1.518850754674473669e-02 5.365648208474680519e-02 -2.923884171338241300e-01 -1.759159757616662878e-02 3.992062896171963415e-02 -1.738502418010806627e-02 5.254640320078720565e-04
-2.679053884064570845e-02 1.060895874835122293e-01 -1.005706741746839328e-01 4.105789475460913662e-02 1.473927662020558804e-01 5.299824034615255308e-02 -7.104038056797817857e-02 -1.082122612077888457e-01 -6.350779744139341265e-02 -5.801301840747944555e-02 -1.257064549283292212e-02 -6.458629433466461789e-02
6.089440602364729060e-03 1.502059941900282525e-01 -1.639033206561581885e-02 3.803806036163225046e-02 -8.657459473572301500e-02 1.104006197830083302e-01 8.402452298798418484e-02 -1.614776009130756322e-03 -2.035207195247093481e-02 1.096988409516288787e-01 5.423736736269318959e-02 -5.452679497998833696e-02
-3.262505173216233290e-02 8.147823633162315504e-02 -2.104073402617544566e-02 1.462113858096761310e-01 5.619409187107510945e-02 -5.736526549944957060e-02 9.147190552379898254e-03 -1.831908344259867705e-01 -6.341329679025196897e-02 1.430122460957408692e-01 1.073626170661249116e-02 7.400776424077767923e-02
9.178008022508804542e-02 -2.205663675271900964e-02 -8.533895401714827744e-03 -4.890981158336674128e-02 1.026295775140500244e-01 3.414022990081280046e-02 -9.210483649968334574e-03 -1.473506846172739082e-01 6.183544719868760108e-04 1.366478581592028840e-01 -1.992712596151630378e-01 -2.293814661684454720e-02
4.029229810877185680e-02 -3.221041708111412050e-02 -9.707431294763692320e-02 4.646163692574126203e-02 2.401866731692008372e-01 1.191122090444686199e-01 -1.932217440551986798e-01 -3.457839316653810169e-02 2.200199144623978323e-02 -6.984171706114208900e-02 -3.349327149575607315e-02 1.192732907346030768e-01
4.312710009802615124e-02 6.305108780119535183e-02 -4.584551972868877723e-02 9.608129930246239736e-02 1.004546959826012192e-01 -6.183865343682305032e-02 -1.714006726692211477e-02 -1.321186875341551215e-01 1.337132837644866290e-01 -1.352616699456003942e-02 -6.775263793059867201e-02 -1.241019840846977751e-01
-1.040299764822025935e-01 5.788572803385426402e-02 -1.079045062253048692e-01 -1.837122275379634434e-02 -5.375059028420260676e-02 -7.415274170369469398e-02 2.503775414431510041e-02 2.325062575502271495e-02 5.801681787211249858e-02 -7.411005872418216511e-02 -9.915363712652093542e-02 2.062824784967867350e-02
5.144877923236346705e-03 2.085010946370014634e-02 -1.070398773664438946e-01 -6.180761205019906501e-02 -3.404779603594395090e-03 -2.148076995847158013e-02 -1.657736727476643301e-01 -1.130622192077322535e-01 5.636605030366291513e-02 -1.211103727581938211e-01 -1.115034525306120711e-01 -3.994223080035502402e-03
-2.824628981949223357e-03 -2.211149680180208091e-02 5.536328830700723569e-02 1.216618861412262081e-01 2.242903740252316647e-01 3.624935865409090879e-02 -9.964999830683676785e-02 -5.443427901610935248e-04 6.474220766405493904e-03 7.187719567633135687e-02 1.240639400177809409e-01 -7.127963254428762441e-02
-3.738722311585189473e-02 -1.134189260884156947e-01 -1.840646211319482619e-04 -8.402480791678386407e-03 3.466293277859464061e-02 8.995092263310168479e-02 -6.317679094652455668e-03 -7.362816277194486614e-02 1.038839968401479436e-01 -1.592502385637858259e-02 6.163678601485891861e-02 3.977095338997053281e-02
9.681206677223881674e-02 -3.471550322159050461e-02 2.797815560883568642e-01 1.653256078272085650e-01 -2.057921818623823645e-02 7.438491994365527271e-02 9.035199827108852944e-02 -9.999347216443021935e-02 4.019005462266501960e-02 -8.263874562510309385e-02 -4.449723846824486101e-02 -4.655046803898814367e-02
1.455448463594108746e-02 -2.704118751860055264e-02 3.608413054080752969e-02 -7.582876259460163970e-02 -2.738150502533823888e-02 -4.016228062101511592e-03 3.580741722815725114e-02 -2.150131978354185083e-02 1.036674142696080922e-02 -3.784299343435864466e-02 7.310787819252016762e-02 -6.128750597683982337e-02
1.852972390462001018e-01 2.502308740473957460e-02 -1.078162976888071556e-01 -1.742418514291407261e-01 9.668655012184802777e-02 1.237002187774167844e-01 4.111240396127632118e-02 6.395303417377765087e-02 -5.868283766982046457e-02 -2.606642079975356532e-02 -8.699691106683293124e-03 3.944299285897527596e-02
-9.540627248592878362e-02 2.344131322700716835e-02 6.865935197298672632e-02 -1.138946090956280549e-01 1.043796311815507610e-01 -5.618775867557211645e-02 1.103553100813225996e-01 -4.353120593155025003e-02 -1.678807504070744527e-01 9.927285606638646537e-03 -8.347188121557999607e-02 -1.528010498673463592e-02
6.479085629229319743e-02 -5.160871574091734082e-02 1.734390741847871564e-01 9.213562391329607401e-03 -5.095850674975905409e-02 -1.186430325336692293e-01 -1.541830164925984126e-01 1.835683712936779510e-02 1.338220588147893131e-01 -2.419031178021627260e-02 -5.161428830771661730e-02 7.074427471037918191e-02
1.101355042727126254e-01 1.694211304838998955e-01 -1.091755952570866578e-01 -2.994881676675137730e-02 -4.412616875878575678e-02 -2.287689975609853016e-02 -4.749804325702748631e-02 -8.824439218231193427e-03 -2.745998552271999155e-02 9.698644025832897642e-03 7.204724169611248508e-02 5.760563824761703866e-02
8.956476513004953122e-02 -2.013140949600246143e-01 -1.764791532946530239e-01 -2.043491687552805025e-02 -1.255739043170539526e-01 -8.092288168545412608e-02 -1.903847155654532302e-04 -1.665834607724837602e-01 1.458807489119939849e-01 4.474318474078751995e-02 1.379519689809625138e-01 -1.634414020778605647e-01
-1.665839948281029881e-01 -1.099618033016905652e-02 2.144538389205253026e-01 9.100382016501235016e-02 -3.334850256201843388e-02 1.191151863581410564e-01 1.182620565952729186e-01 -2.191919653532578907e-02 1.256120569725648409e-02 -2.139762781557801030e-02 -6.180117240605124962e-02 7.190075385396513946e-03
-8.262746159960226988e-02 1.216272730865946700e-01 9.753590007660212224e-02 -2.018041510614625722e-01 9.719427943398786796e-02 -1.091171882973130097e-03 -7.715399387666715958e-03 -1.212151522133709247e-01 1.694539011913236137e-02 3.275845152763549872e-02 1.169948330195229487e-02 5.429875656253918548e-02
8.210693528837424704e-02 6.245018818890960000e-03 -2.632167205750503280e-02 -6.832055400725112193e-02 4.243100253716086678e-02 5.435597964942965460e-02 1.612222717764519864e-01 -7.281744246684750121e-02 1.234276396460137898e-01 7.926114606343134805e-02 -8.261649092489647961e-02 2.242042068862188514e-02
-7.472093797200740628e-02 -1.100295471216314325e-01 -1.294056929965351800e-02 7.549807659022692019e-02 9.895903891445279044e-02 4.646208477214988641e-02 1.385415370422163686e-02 -5.534353971128715133e-02 -1.133719212266642434e-01 -8.843616957021990799e-02 5.062733617376531658e-02 6.923410786457499799e-02
1.482851387299383324e-02 -9.750941899815876706e-04 4.125928461333867869e-03 -2.507016613014946896e-02 1.858823882490023838e-02 3.537105330890360361e-02 -1.896572314627485156e-01 4.266880116902275338e-02 8.869549397164025462e-02 3.760250272339824007e-02 4.516592511785989805e-02 5.139733207706779355e-02
4.657080183354854463e-02 9.958648160772058710e-05 1.312304671709218218e-01 -4.114169651268494154e-02 -5.630304703078790191e-02 1.909215127035554082e-03 -8.311722746895364167e-02 -1.906612453515758310e-01 -7.568309882495046284e-03 3.760070907059783613e-02 -2.210290017876791191e-02 4.307514426615222103e-02
1.255085262705532279e-01 5.250791550015834752e-02 6.033550908980326449e-02 1.520273614272025786e-01 1.752223639451215009e-01 8.528734914189102512e-02 8.851765057308516593e-02 5.151573500106999826e-02 -6.148300264272288373e-02 1.182631839944316143e-01 -5.078459635101516267e-02 -2.221992506906592807e-02
-7.733832191883938112e-02 -1.543451837648279479e-01 4.839441768248186303e-03 4.891542959876329921e-02 3.969049380936449933e-02 1.114599386472932552e-01 -3.526402742770184950e-02 -4.706221756036103182e-02 1.408530110923187084e-01 -1.334981469210147834e-02 -4.014910686306834980e-02 3.354906687077503780e-03
-8.596411530308531446e-02 8.824499087808714004e-02 8.230451526604697088e-02 -3.776651336418129778e-02 9.312507113193764507e-02 -1.326018553869689476e-01 7.405412954971495043e-02 6.486410107580907469e-03 -7.694466808260237885e-03 2.523790233597131977e-02 1.506252642102598460e-01 4.422088699378103060e-02
8.746452234454767105e-02 2.880692737667114173e-02 9.459472015112394862e-04 -4.181206122262874636e-02 -9.330323164313650275e-02 -5.340105788166071843e-02 -1.149785629411641426e-02 -5.838541999981215758e-02 -7.968004136868019061e-02 -4.835713778142802788e-02 -8.522285594095464767e-02 -7.681948801570620544e-02
-4.096185946268712818e-04 -5.004519156295186844e-02 6.088601058651850646e-03 5.530620299256304440e-02 1.935912845411980054e-02 -5.135536063421931169e-02 5.013857758605209936e-02 6.346406483406150795e-03 -3.035874862192084259e-02 6.362692372024202070e-02 -5.389337567512556687e-02 1.336093472487819844e-01
3.091985945594567103e-02 -7.605418899779937958e-02 -8.329267129748931658e-03 1.097348189438115962e-01 -9.225195078760170531e-02 4.313892490151922249e-02 -2.282288958744148888e-01 -5.968930098354561370e-02 -8.543012285862636168e-02 -6.615827958005746079e-02 2.288086614520737708e-02 -3.142913350159148855e-02
1.516562320891212678e-01 -1.061603004351621415e-01 -1.748777866025900130e-01 -3.763044286725830689e-02 -3.941025838140352344e-02 7.315674355699608444e-02 3.253444789164994244e-02 7.130367470242779046e-03 -4.775158175053807047e-02 5.874298370618159099e-02 -5.712703923400875433e-02 9.664745069060625901e-03
-4.069266955920870787e-02 -1.969140029971361283e-01 9.546426583870933069e-02 6.464718833041975532e-02 -9.797524737868190670e-02 8.663847625446616935e-03 -5.759417360392324325e-02 -1.484026277729766363e-01 -9.953294059298420371e-02 -6.207623203762089453e-02 1.189187993688581649e-02 -4.377989996874662865e-02
2.655234232205763018e-02 -1.147457251097562698e-02 5.097468381402123216e-02 1.754164601061802831e-01 -7.337254796891623521e-03 2.720686953676702824e-02 1.035684155639129473e-04 -5.305150465682363994e-03 1.899769849254684092e-03 -4.550510357350491530e-02 5.905392303879936078e-02 4.487633614314313901e-02
-9.481343460669877654e-02 9.171019880838460203e-02 1.314066701308306551e-01 -1.569094117016031908e-01 1.206663785470928063e-01 -1.481333523663365750e-02 -3.651197954798272860e-02 9.064477944922844088e-02 -6.168234903551118170e-02 -2.604294882590210691e-02 -1.404019829721731005e-01 -1.215861408000618385e-02
7.239579500850143456e-02 -6.654198946606389165e-02 -3.481304724725595851e-02 -6.488333535318545342e-02 4.186623429426701570e-02 -1.343565352747303210e-01 -4.628148132108669821e-02 -1.511378921596605029e-01 7.223971196558075236e-02 -9.914170508124448000e-02 1.163755281581941997e-01 -1.317718315126230333e-01
-1.257875711002686032e-02 -2.232614993767471079e-01 -6.426683111622493892e-04 2.710720739892107448e-02 -3.791955198028540419e-02 -3.881620060158765678e-02 -6.222609532443594549e-02 9.316437980864751556e-02 -1.385633899761118740e-03 5.468334806533668019e-02 1.444624571949773562e-01 2.306440750748519133e-02
1.905118217858621232e-01 -6.470914286192588905e-02 -6.498735200928318356e-02 -5.077986804543600796e-02 -7.010840578365293285e-02 -5.737881400128716503e-02 -1.379922188720980047e-01 -6.050595821772847965e-02 5.176716350377148085e-02 -9.733980587008252486e-03 -2.065000887103555019e-02 1.262986708857782581e-01
3.059334894590503423e-02 1.566626100051842496e-01 -1.342908317009833437e-02 -5.575453522790159433e-02 1.651636524755489699e-05 5.537214971168714223e-02 1.713135945048029074e-02 -5.608107642925858061e-02 -7.669207129746416496e-02 1.195979376421562046e-01 -5.728565125249325540e-02 3.723785144592079571e-02
-1.384832781050031672e-02 -3.947559214430450616e-03 -1.136922913899319348e-01 -9.341141389892028413e-02 -8.149540375790543471e-04 -4.922732429309861941e-03 1.560263589458280031e-02 -1.250932359890508661e-01 9.426780886243443791e-02 1.672842912743046084e-01 1.400010577270885959e-01 -9.067155847351044068e-04
9.007713777264571287e-02 1.967300418917844462e-02 6.799899238070550300e-02 -1.511324939917933763e-01 2.027850600754321081e-02 -1.129158480920023841e-02 2.353354250458613087e-02 9.835940574346084195e-03 -5.118714155496115886e-02 -8.643201608875436537e-02 -8.201388218452371204e-02 -2.975164297174184846e-02
1.170662180645114514e-01 2.434872878536685492e-02 -6.724915452927887616e-02 1.108002930240976763e-01 8.960802402003699429e-02 3.835248321300082502e-02 1.103894758236343976e-01 -6.896651712957981017e-02 9.060606453490883949e-02 -1.065026328727125826e-01 -1.448367106623278389e-01 3.648370037110670178e-02
2.358948831266002855e-02 -7.437354201542406215e-03 -1.085909059647505517e-02 -4.946858509292692552e-02 9.913778706176382127e-02 8.629283254516029178e-02 -1.334869974531034120e-01 -1.162331587111942177e-01 -5.676653758997216026e-02 -1.426727666705147612e-01 -7.042422885327717652e-02 -7.382264247661534003e-03
1.434083039366121359e-02 -8.833060451547297687e-02 -2.970830742058835645e-03 -6.740723334767535768e-02 8.684117073489530658e-02 3.901255417538473241e-02 6.931745233794973926e-02 7.754976411542957582e-02 1.329067802700332687e-02 -2.565690999226192268e-04 -7.957021131253422253e-02 -1.957947603647604631e-02
7.543097655047661942e-02 2.922540827355063486e-02 -8.171462430625905937e-02 1.952581332032581329e-01 -4.660306303155271890e-02 -1.630762097057222859e-01 1.049971675424355988e-01 -1.449812311642132423e-01 -2.644419610559521905e-01 9.214101507224434261e-04 -2.953723038496426645e-02 -9.269648463271153160e-02
1.308003113469344558e-01 7.278373218372848064e-02 -7.834042869289312150e-02 -2.888680884857489431e-02 8.838727584360824702e-03 4.875737642638911656e-02 9.307986273463383919e-02 -7.489670711622699317e-02 -1.369520493115662374e-01 1.212830336868403816e-02 4.031923038021224814e-02 -2.174570715837730039e-02
4.118835476802642365e-02 2.553931123269429504e-01 6.980364871669009208e-02 5.353944051850923966e-03 7.414076262503199732e-02 -1.421645590104696905e-02 6.223988419144239892e-02 3.429418838321742630e-02 -5.195029947555231120e-02 -2.513701914025198020e-02 -1.428222728426783560e-03 -4.186567956903126941e-02
4.495185426008790897e-02 3.193617040055797551e-02 -4.362172097689988315e-02 2.487836703823963214e-02 -1.566047244586437071e-01 1.109800438903312848e-02 -3.108025766713990237e-02 1.012249296647178831e-01 -9.192252849415856464e-02 -1.759584748798980192e-01 9.755380523522086400e-02 -6.427038542725072023e-02
4.118791458779517967e-02 8.861573681285253232e-03 1.588283802634248287e-01 -3.173688039095405589e-02 -1.314853030955395741e-01 -7.516309556883685183e-02 7.673420227482932732e-02 -1.123928594346011584e-01 6.384202946684025548e-02 -2.729167836878519660e-02 -1.321503536186726668e-01 8.908405027190660630e-03
-5.250436185034167147e-02 -7.643401604603775046e-02 7.260177115886440324e-02 -9.103726779321813511e-02 -1.066656843951888090e-01 1.508945703323265886e-01 -1.440651088320321627e-01 -2.405579498562052804e-02 1.392380492006233816e-01 1.409839154148128937e-01 -6.944673597165212930e-02 8.467130367067028651e-02
9.429105295702271822e-03 5.955872990364253355e-02 -2.182648347700056127e-02 1.772940681398513796e-01 -5.043354364278255370e-02 -2.710525242328115647e-02 -1.046301526905040330e-01 -4.783066633226196185e-02 4.567389470370024351e-02 -4.629210342927818356e-02 -4.086706530046207986e-02 -7.798618342803578796e-02
-4.728281430077270475e-02 -3.710262703951067165e-02 4.957481181469808318e-02 -7.520547344007529056e-02 5.391414365999895597e-02 9.225461219528348356e-02 5.505749990934336036e-02 8.198408473971055543e-02 2.238490941036973825e-01 4.824784291598779862e-02 -2.975408743940246084e-02 -1.119133234408099253e-01
1.775706746499145505e-01 -3.474312442622952413e-02 -8.923600772634510125e-02 -4.084191329111907034e-03 -3.622593014976693143e-02 1.440392135882602176e-01 -1.256824238075735650e-02 -8.195121948014902347e-02 1.788333725121450668e-02 9.178715771948839364e-02 -1.720655773007695802e-02 1.290805042784772677e-02
3.620180385511235360e-02 4.918932661179065136e-02 -5.942598781775091515e-02 -1.095659709502731088e-01 -3.158036087340648779e-02 1.533961722522278193e-01 1.163982900265466830e-01 4.181816195744546272e-02 -1.158370842850823951e-01 -7.693724654350701797e-02 -8.117165181075555735e-02 -4.737457866675516549e-02
5.012851726615686482e-02 -4.263388767356742284e-03 -6.312297627093645114e-02 -5.619688121344165732e-02 -1.088977431236687332e-01 -4.657693061177129584e-02 1.213287179099437896e-01 -1.152966265259537659e-02 -1.543395012931280119e-01 -1.054369273889138939e-02 1.017760641758069934e-01 1.462789584280765366e-02
