2.253448652419367537e-01 2.103831549280871793e-01 7.452209813076576816e-02 4.801852968793592774e-03 -3.457770118926449254e-01 -4.311768370779534010e-01 2.591607381225334295e-01 -1.027641295245329267e-01 3.037262853815668184e-01 -2.563387549436300095e-01 -1.957948032610037359e-01 -1.315208107846765062e-01
2.076767682255586944e-01 1.460233702260777255e-01 1.917523465801102556e-01 -1.430322484483145589e-03 -3.532984326624643567e-01 -2.936744786220882308e-01 3.993297732600405436e-01 -1.755795465125156163e-01 2.538722260865332592e-01 -3.411269511526439646e-01 -2.069979160072624169e-01 -7.765711259025781521e-02
2.583021037231823525e-01 1.573631784422316882e-01 4.912499198827192243e-02 1.637145869838591838e-01 -2.412768414451065269e-01 -1.685145759659165410e-01 3.565734020768585588e-01 -6.474043536110520025e-02 1.950501095970115228e-01 -2.167407341746260818e-01 -2.861889244819302291e-01 -7.569526129397252667e-02
2.236261392015790328e-01 2.560189048122996081e-01 7.969226645510818496e-02 1.142248958854973247e-02 -3.157982154020909094e-01 -3.320030511495781766e-01 2.339510935131139668e-01 -1.587078241222204533e-01 3.319362845535094309e-01 -2.118668210149738940e-01 -2.184652334602367185e-01 -2.028373363738594226e-01
2.882722973976925007e-01 2.251822042298791127e-01 2.254638296525962038e-01 -4.453877353105397535e-02 -2.605460623236181550e-01 -2.446862219630094593e-01 3.233064236587002149e-01 -2.335899235589026235e-01 2.655528369719075132e-01 -2.773911067223783777e-01 -1.835933575402490248e-01 -1.737047517560620369e-01
9.110011344756660523e-02 3.105531369966917921e-01 3.394398184827469578e-01 2.445225924171079146e-01 -2.829960937825793388e-01 -3.527049693745890613e-01 3.011446876822398977e-01 -2.171647295435463754e-01 1.644332793833082063e-01 -1.548435056891985240e-01 -1.868273375234017486e-01 -8.269701683253100066e-02
1.691309461054389396e-01 3.138868285320612350e-01 9.419848137851615302e-03 1.684962553866075907e-01 -2.670296795583940175e-01 -2.764475025262175811e-01 1.944308955211593026e-01 -2.742842400575616346e-01 2.311764489627229358e-01 -1.504955686006969606e-01 -1.556217884884332769e-01 -1.349820913511225462e-01
2.747135584905155414e-01 2.933473627650168836e-01 1.074363562596007959e-01 -1.465355235922889687e-01 -4.002534683451168251e-01 -2.624216279658324047e-01 2.514256560281656894e-01 -1.177227083837303623e-01 1.817701733061754532e-01 -3.375298966025269132e-01 -1.089134118253812511e-01 1.133645698625605075e-02
1.093595747841671906e-01 3.638157626305901782e-01 1.765532333611282145e-01 1.048264917955439440e-01 -2.684230723784459260e-01 -3.956932578440766068e-01 2.183671457626817636e-01 -2.018077663142407441e-01 2.161897736482272792e-01 -1.620086501489390041e-01 -1.988858407499714542e-01 -1.314666275108643534e-01
8.400347783259584644e-02 2.041694687684369458e-01 7.827227986858972808e-02 1.595525074998005444e-02 -2.862347556124868464e-01 -3.056023105297272502e-01 2.259411516915223739e-01 -2.444748654527863496e-01 2.582596244954283859e-01 -2.118073186037671696e-01 -2.946713584064165614e-01 1.301710194030676337e-01
9.261338407891789304e-02 2.180285847679395150e-01 4.192732451034720392e-02 4.382924332951971397e-02 -3.239926560120371390e-01 -3.560019361001474092e-01 4.517720134476275740e-01 -2.100336012500190197e-01 1.265634843631605055e-01 -2.443496263642582766e-01 -1.545212551218517749e-01 -6.716646264678985401e-02
2.365136679686511978e-01 3.058144325477400449e-01 1.513520723481465158e-01 7.050111597954510090e-02 -3.124214972963004766e-01 -2.977621240383372947e-01 2.441592611303686489e-01 -4.351860623694057267e-02 2.903738509017614322e-01 -1.141508184712083929e-01 -2.592717818537438323e-01 -1.027949141833139068e-01
3.713398418048279859e-01 1.378143955652141317e-01 9.854721492181398035e-02 9.208926137377294874e-02 -3.369329841457740504e-01 -4.480226440490956419e-01 2.930576747561428608e-01 -2.715232228733251429e-01 2.179665016319884963e-01 -2.640522220186235502e-01 -2.401387465624009732e-01 -1.462869985784673310e-01
1.327920595827964956e-01 2.876838761398098701e-02 3.407303759524756837e-01 -3.592029472938700757e-02 -3.774885093690095172e-01 -3.058133340235240083e-01 1.906040575001859139e-01 -1.499717617884893661e-01 1.396291176217066554e-01 -2.608157774738606438e-01 -1.008261977080295024e-01 -6.862022434373532542e-02
1.732336319706366812e-01 1.135565194835685965e-01 8.529878734586424744e-04 5.150496545531411258e-02 -2.369637340178266105e-01 -3.634735630385919070e-01 2.269897337634234902e-01 -1.392795250779574161e-02 2.413717444844920013e-01 -2.995132407024058696e-01 -2.309930430240110799e-01 -1.799500324509883398e-01
9.491632418371528934e-02 8.704728536683090101e-02 1.614094310367187868e-01 1.539072046169942254e-01 -1.865712568596376575e-01 -3.603220045622870238e-01 2.696507709664801022e-01 -1.240661887324173984e-01 2.248964996173921094e-01 -2.656965152321510981e-01 -1.770190656909613192e-01 -1.319868204416192459e-01
1.556119531629941988e-01 1.548119362941256794e-01 1.122950078246217620e-01 -1.677734038436450720e-02 -2.640372153396114974e-01 -1.996868301492753794e-01 2.420577444418660906e-01 -1.722157233532937148e-01 2.089248136404453504e-01 -3.686717820084229325e-01 -9.834636568501051168e-02 -8.993272314578806825e-02
3.727555129278231072e-01 1.669242402625066846e-01 7.007950566954529448e-02 5.890911795132287160e-02 -3.860257356850152477e-01 -3.766822402458007701e-01 2.221967250960772688e-01 -1.167696980596004130e-01 3.756850927206243362e-01 -3.730143780218964644e-01 -2.355438420786800102e-01 -2.828968159656565784e-01
1.993680542040918158e-01 2.878013947237937908e-01 1.626391610138331334e-01 1.122290674716482778e-01 -1.643287280749326507e-01 -4.938443937651624260e-01 2.175332685174029834e-01 -1.360417532990041978e-01 1.667249107640619288e-01 -2.218462522573049212e-01 -2.861634660814185160e-01 -9.940732581326219841e-02
5.476540380888375581e-02 2.481902685001060038e-01 1.630701085496387148e-01 8.011341370140796780e-02 -1.663208259354418406e-01 -2.858361254616993974e-01 1.742057091347284647e-01 -1.637900232439066794e-01 2.679568707857731269e-01 -4.088246637510236092e-01 -2.408993594993050213e-01 -9.488857405833700520e-02
2.308530323631368189e-02 3.164750198619504240e-01 2.748502541066461524e-01 5.285132016351130196e-02 -1.888742993014320692e-01 -3.620776108344557764e-01 1.761428356815148699e-01 -8.274355989742473994e-02 1.776405522396732328e-01 -3.444102047486659601e-01 -1.903403863314259703e-01 -3.089792798158159104e-01
1.496397575140641090e-01 2.586873487573697616e-01 1.785833078518404005e-01 1.981035456737662848e-01 -3.445671068293473804e-01 -3.780517312948920017e-01 1.966310443988832091e-01 -2.794087010454530673e-01 2.243140594876701921e-01 -2.348648713467550997e-01 -2.008105193535037469e-01 -1.448110832426100988e-02
1.446234475182847645e-01 1.105334526480898916e-01 2.325159837964984044e-01 1.359736567708329062e-02 -2.692417419948426871e-01 -2.446229622708407658e-01 2.320396114730794157e-01 -1.299523190578238396e-01 1.700544763428903927e-01 -9.008180516239461255e-02 -1.002641514142175450e-01 -6.620722594503092306e-02
2.090980877491667722e-01 2.466166740385176137e-01 6.267588013298301675e-02 4.839888929538987278e-02 -2.821803460883120021e-02 -3.035512834926504810e-01 3.304301809441314696e-03 -1.067868173430758516e-01 1.940419234009169713e-01 -3.067933566299926862e-01 -2.751633707915542848e-01 -5.166031936676815373e-02
1.177010996912150956e-02 2.942635288027529161e-01 1.841489192457700930e-01 1.215487394423419160e-01 -3.040521171558647207e-01 -2.143693512969592485e-01 3.105404991845779339e-01 -1.371929808804078221e-01 2.356091765512327574e-01 -2.064934677857420131e-01 -2.035546443450544363e-01 -1.241917488679810944e-01
1.875318258588340448e-01 2.123644334601106354e-01 2.689672235217316909e-01 -6.165784393395302987e-03 -3.538823781438369953e-01 -2.624480334542154125e-01 3.462479913844276891e-01 -1.812672317263898658e-01 2.661823412889799401e-01 -2.983635376959737351e-01 -1.855626454327710673e-01 -1.986545600533957678e-01
1.199907489193662580e-01 4.756092713465179950e-02 1.673761501543170049e-01 -3.376540754294717755e-02 -2.073224401536026829e-01 -3.220612199783883800e-01 2.812052187910280554e-01 -1.395007228602896387e-01 2.977574138460942765e-01 -2.122680120066215426e-01 -1.131839335975957095e-01 -7.712908288920225508e-02
1.967267818867591278e-01 1.935901579603026557e-01 2.568900302131671420e-01 -9.642660781569163675e-02 -1.820989955721777909e-01 -1.840105644234616145e-01 1.245056957011813903e-01 -3.811933288959771376e-02 1.823729513593455032e-01 -1.659026159754348750e-01 -3.586666761291278371e-01 -1.910729955563068017e-01
2.098257673595222972e-01 1.730063428514376223e-01 5.938797790872326482e-02 -6.184176933988904529e-02 -2.922034070429183061e-01 -4.148655090265425116e-01 1.714824142036573684e-01 -1.302643070960694538e-01 3.019861956506538769e-01 -1.538337165712097554e-01 -7.743898367964061058e-02 -1.512789939606540290e-01
2.634057513487895741e-01 2.368038594598353419e-01 1.260623704920199595e-01 9.383568315802319482e-02 -2.033268835285184095e-01 -1.068617573280707667e-01 3.239229580540562425e-01 -2.720813801133387666e-01 2.615664099295638700e-01 -3.579339669097027499e-01 -2.148170699841615017e-01 -2.598069266400258592e-01
1.343336412085814335e-01 2.121006411109461198e-01 2.000108577766238072e-01 7.920489802713871763e-02 -3.505483071994624500e-01 -1.927348268829588152e-01 2.161684246509356366e-01 -1.609573707185095737e-01 1.381926255094661493e-01 -2.178703313546577758e-01 -2.827812798458203547e-01 -1.248036562724874621e-01
1.338802248506127945e-01 2.916163043260982524e-01 1.018051977441404576e-01 1.156653348359584915e-01 -1.261750396332976532e-01 -3.285914511854790554e-01 3.348002326746505886e-01 -2.102759215633928647e-01 2.521161724931770820e-01 -3.573604842343438004e-01 -1.914437859153493293e-01 -1.458329723155100677e-01
3.453255439707786922e-01 2.811135965701365147e-01 2.113213512187084309e-01 5.433034861538473675e-02 -2.337044485322880005e-01 -3.021850767057238096e-01 3.577950729779113548e-01 -2.746309497534621946e-01 1.436653619740521082e-01 -2.504795442798934957e-01 -2.282676892865128648e-01 -7.770835726391256415e-02
2.049343352377736016e-01 1.743748619165240710e-01 1.285342238849176977e-01 -9.978088703060551679e-02 -2.031298712621679159e-01 -2.864496601413849541e-01 1.896260734247214585e-01 -2.150800775382955554e-01 1.967142759168676869e-01 -3.867309387537319343e-01 -2.058651206853557847e-01 -1.594135185454859660e-01
2.084809228617871546e-01 2.211882926020113938e-01 1.529337146753905197e-01 -4.716270779209388170e-02 -2.544510145439213833e-01 -3.300255847537950649e-01 2.849249386720725807e-01 -2.027406415686614505e-01 1.785614814556283347e-01 -3.151827920527938143e-01 -3.096812865641810353e-01 -5.275660492098146678e-03
3.440297166341830803e-01 2.656987917235740793e-01 2.429856291606184437e-01 -2.379584974616903714e-02 -1.927364342678254405e-01 -2.992020125986291079e-01 2.706019357310838758e-01 -1.092227953933663787e-01 1.709212460690494040e-01 -3.917073863538255707e-01 -1.777777424551885144e-01 -1.903391093059473849e-01
1.623773532191202795e-01 2.826975325441501430e-01 2.747616330490946779e-01 1.407987332858731400e-01 -2.725706085221881181e-01 -3.110298191750998087e-01 1.942518012486447454e-01 -1.153062075042236012e-01 4.644508163098295256e-02 -3.158156422857750223e-01 -1.537924304316320434e-01 7.927190266676858305e-03
1.926953990510416603e-01 3.707735064475459752e-01 1.735187146615717602e-01 2.311004902719668297e-02 -1.529666263435890960e-01 -1.736316571448695278e-01 3.409638766294190715e-01 -2.113716352809882348e-01 3.491089087202251529e-01 -2.724236296307865346e-01 -1.403349452420760146e-01 -4.904598973183638133e-02
2.213791102466308169e-01 2.849485047540457061e-01 1.462923799019893445e-01 6.425567724676041481e-02 -3.132848000906177099e-01 -5.564884192565894283e-01 2.859654362592456422e-01 -1.225743948722991285e-03 2.018740658437007673e-01 -2.595636122328764950e-01 -2.216121905932944558e-01 -1.594988286193994576e-01
2.828281222685620766e-01 3.221076177114256534e-01 7.848254034224050324e-02 4.077193146511717131e-02 -2.862398613317405638e-01 -2.733067309499063735e-01 3.729526483214838373e-01 -1.247408693442999539e-01 1.821939994425773035e-01 -3.350755042838278741e-01 -1.983058830035560050e-01 1.364281114098417347e-02
1.650781097609170800e-01 1.422792061850398637e-01 4.815077416640446001e-02 9.185189638142431112e-02 -2.598010133574432667e-01 -2.634973898083252664e-01 2.642248408900754186e-01 -1.094689940340272394e-01 3.547133402396167590e-01 -1.225304000274186622e-01 -1.736069157485101710e-01 -1.421060149910648995e-01
1.853223071458586224e-01 2.022252700293401539e-01 2.199229620716726674e-01 -1.255733165274453868e-02 -3.556315844454552288e-01 -4.103377410664221792e-01 3.271234233833077432e-01 -2.381406644143729268e-01 1.025918678475514073e-01 -2.321810052535155933e-01 -2.274331700667016065e-01 -1.217972896692024187e-01
9.224571203839027067e-02 8.976057408434542917e-02 2.693985434665220891e-01 1.145369382869042413e-01 -1.466858502898050753e-01 -3.004641818649082530e-01 2.448533927736149807e-01 -2.802076382298896232e-02 2.077062515277787180e-01 -1.701673887099321991e-01 -2.390386995318440344e-01 -1.941122547316904146e-01
1.541032610877194342e-01 2.473681687787065986e-01 2.068018467248865511e-01 1.409704558989138649e-02 -1.950943684310000870e-01 -2.600044798852758077e-01 2.620252966194791533e-01 -2.088176128202240411e-01 2.872016605533790901e-01 -3.144827726894116604e-01 -1.309538269253046616e-01 -1.781975222818055204e-01
4.000610530255981900e-01 3.371055745366756118e-01 1.422615066988103805e-01 4.635564662980682510e-02 -3.140467580290602911e-01 -1.639671937345167085e-01 2.300089623056727206e-01 -2.048371743988265381e-01 3.354900667915953205e-01 -2.653436866437615116e-01 -2.861616508962168126e-01 -2.981035028192013381e-01
2.790459832199924661e-01 2.728649565932010357e-01 1.959553639299366767e-01 1.031052140662905986e-01 -4.576635371247236850e-01 -3.481445169510480886e-01 1.953784762344454029e-01 -2.161797676099371235e-01 2.611221083570897661e-01 -2.685439776769366627e-01 -1.061352494641472077e-01 -7.585703418988912206e-02
2.103395077120491230e-01 3.245750291361396145e-01 3.186236965743587390e-01 -4.610473905994220273e-02 -3.437437268609738195e-01 -3.185225257788893982e-01 2.176559677759735967e-01 -3.240923500625144116e-01 3.416067753747313862e-01 -2.114388202687840224e-01 -2.198462788100602472e-01 -1.472827480147678170e-01
2.618806803537837014e-01 3.685848684421661470e-01 2.041569022802959821e-01 -1.584747950615623402e-01 -2.435422056386256084e-01 -2.047296677268165832e-01 4.109358643524481103e-01 -6.624571317050752250e-02 2.697830924580347789e-01 -1.802930599404504175e-01 -4.181485684430395755e-02 -7.656929325364897343e-02
1.946692693894436776e-01 1.616891835339308581e-01 2.195902550481523829e-01 -4.925024306538195590e-02 -2.376990978351586348e-01 -1.287198713485252777e-01 2.632262090696499968e-01 -6.490049658317877113e-02 3.090787114422470228e-01 -2.521507255626203037e-01 -1.823410670162965430e-01 -1.079750178462585974e-01
2.268939628393688568e-01 5.453462139614336790e-01 1.706004932712221200e-01 8.017724744722827535e-02 -1.820191996590529437e-01 -3.271063864441567937e-01 1.976717425687304630e-01 -3.031115756358427338e-01 1.483421067271080140e-01 -1.176403238964925657e-01 -3.230779203639952968e-01 -2.319434230642165584e-01
1.822619595267873094e-01 2.145677299512066538e-01 2.188408118877758768e-01 1.939953331579974682e-01 -2.139580969327654625e-01 -3.763250607507272472e-01 3.716174353878821113e-01 -1.008712330326133888e-01 2.728384450855195209e-01 -2.130717785773539319e-01 -1.711350559018036399e-02 -1.131654139894925082e-01
1.260132573488097485e-01 1.692121996422598640e-01 1.651426916534081690e-01 -3.941765699318860311e-02 -1.463558184538604756e-01 -2.528213873521829580e-01 2.821663619286118307e-01 6.048545836475740026e-03 2.429180923793821667e-01 -3.704508026312368085e-01 -7.698049259822162260e-02 -1.811418594826514489e-02
1.700579464421417275e-01 1.752500996279804935e-01 1.933695939618126358e-01 7.457195912659010661e-02 -2.483956639349624296e-01 -3.455085815518912362e-01 3.089317832990473578e-01 -2.331197831413038268e-01 3.927561592456894068e-01 -9.212369881971668728e-02 -2.401699643758363201e-01 -8.156583260738028973e-02
6.923041967531162744e-02 2.152135687432156219e-01 3.477017359599682278e-01 -8.053737512635870954e-02 -3.034213492983968696e-01 -2.857271256936831927e-01 4.430556952633933343e-01 -1.887237986842261739e-01 1.948213876130020505e-01 -4.287637934226872644e-02 -1.451146804488231412e-01 -1.035067340608445130e-01
2.258012279150330426e-01 3.135948773632223907e-01 9.464316134179290296e-02 1.738336258403103962e-01 -2.044140874505362970e-01 -3.500479520479088391e-01 1.380899932217205250e-01 -2.901533792483116936e-01 3.023196232293329233e-01 -1.099771700670078567e-01 -7.389982169543585222e-02 -8.966610304199940096e-02
1.314053856677007137e-01 3.317565795505841852e-01 1.529398598678821108e-01 1.767614594050245097e-02 -2.371423786006738310e-01 -1.748274226197757686e-01 3.354127656807493474e-01 -1.277113294795412246e-01 1.313878452747122838e-01 -2.525652402826688570e-01 -2.729198932439755865e-01 -3.746690838188330985e-02
1.882141182458546558e-01 2.476044528021062452e-01 2.986231496640284755e-01 5.428191016611056546e-02 -2.494389446179113290e-01 -2.630212218645551214e-01 4.126936116474758665e-01 -1.487606500680241917e-01 1.809660341946598416e-01 -2.152399672212574333e-01 -2.423530906030368914e-01 -2.042716130367173699e-01
2.669003820351935619e-01 2.482571516790678112e-01 1.111019322581584812e-01 -2.182524039905450741e-02 -2.449123751500894008e-01 -3.343607655887100849e-01 4.251917533384085846e-01 -7.027236092681299340e-02 2.673380450064091196e-01 -2.977861682371560348e-01 -2.316319065017912182e-01 -1.360421051708746720e-01
3.508657455357289123e-02 3.137367001113465226e-01 1.219056118083849394e-01 1.157646098511022487e-01 -1.940132528181160443e-01 -2.071279846158009252e-01 3.395826235417063188e-01 -2.048566195112210830e-01 3.784532734701244738e-01 -3.628717597898435954e-01 -3.591258499079232891e-01 -8.625137141655675466e-02
1.064778806360318075e-01 3.301460706946282575e-01 7.144144615640965479e-02 1.413348433798587156e-01 -3.050251151524466242e-01 -4.964280018796601857e-01 4.297369214632819623e-01 -2.350122191847808240e-01 1.119480737092193173e-01 -3.886908711697230623e-01 -2.051016412884998918e-01 -2.231953630991223569e-01
1.997620692309282076e-01 2.559677594032490622e-01 2.775382042635797797e-01 1.583853243103295174e-03 -1.575791203635576454e-01 -2.346327510407933137e-01 2.988014835805229419e-01 -3.075205135758694586e-01 3.219099163035277766e-01 -3.412836065810134767e-01 -2.628877920875423158e-01 -1.034427383290946190e-01
1.464251245453692882e-02 1.276102680362618813e-01 2.613232054801429283e-01 1.171696673189962373e-01 -2.328773429279524243e-01 -2.774974105305447747e-01 3.954314683131363029e-01 -1.507983553757488715e-01 1.842165236353189295e-01 -3.313467007015918342e-01 -1.770079289021582181e-01 -1.528990104894222823e-01
2.941858764849660246e-01 1.346531963199405213e-01 1.634401108822448045e-01 -1.386631151654606764e-01 -4.036018366977691119e-01 -4.400175149549144793e-01 2.548031913965717044e-01 -3.021374614025666427e-01 2.320758006463822798e-01 -2.216460261729206183e-01 -9.317198669728887772e-02 -2.264176499083780381e-01
1.225767908963738273e-01 3.227925857210988680e-01 2.540832098918466841e-01 2.586204502799881871e-02 -3.171699087352062851e-01 -3.090820174216633021e-01 3.694065175527065370e-01 -1.432898212635214108e-01 3.684923617943990370e-01 -2.889854202018725116e-01 -3.399198457651032568e-01 -1.316724913609820802e-01
1.426257279952334867e-01 2.207444448429990991e-01 2.531094766915981675e-01 1.051012392717513150e-01 -1.579985942836316659e-01 -3.539876245617187278e-01 1.861232754514381693e-01 -1.397374162394750541e-01 3.211271785567290094e-01 -4.175888812415429752e-01 -1.298900940362315293e-01 4.473577083395181841e-02
2.041764840106087275e-01 1.952287529345469452e-01 1.714670358950521889e-01 3.872257246382087431e-02 -2.307319434948442161e-01 -3.906018174823873146e-01 3.413688288148733485e-01 -1.724797159997531470e-01 3.487410131452791662e-01 -1.070605477982406184e-01 -3.347300191104083389e-01 -6.075503081857494547e-02
8.407704585480060833e-02 3.093984752391541471e-01 1.290573420313219088e-01 1.131876950499688915e-02 -3.295831206648930922e-01 -2.222124084722257586e-01 3.548136798230536182e-01 -8.130348176281618211e-02 1.993522569740051043e-01 -1.568364248456375898e-01 -1.985552881508316769e-01 -2.971402283088845908e-01
1.796020276353189615e-01 3.362651683654733215e-01 2.184113103728177463e-01 1.067939205568442379e-01 -2.202167332768642516e-01 -3.608221574557903821e-01 2.623563844908042841e-01 -8.095520859240906697e-02 3.784955766082581663e-01 -1.642707780112719340e-01 -2.496660118445642729e-01 -2.566400923419959734e-01
8.216966408731071758e-02 2.225273139480911100e-01 1.423296953107185403e-01 -1.206346936793115526e-01 -2.884964744848168006e-01 -2.396496108383765755e-01 2.973349004776318361e-01 -1.611701684236916954e-01 3.501819745634242587e-01 -2.489529348882618121e-01 -1.993787173518134503e-01 -3.528224702288720871e-02
1.615216739039362914e-01 2.324768475517817734e-01 9.759122843556611304e-02 1.633623624255732543e-01 -1.926350945468656151e-01 -3.541335152275243425e-01 1.035695090705892329e-01 -1.190824448510295619e-01 3.188247269877322321e-01 -2.149095219561302228e-01 -1.195473113610294458e-01 -2.027409045429043322e-01
2.482949453762788861e-01 1.018022753215883092e-01 2.692516137313833990e-01 -1.556840677151211626e-02 -1.697814131673745508e-01 -3.494283873459682610e-01 1.960415951035873461e-01 -2.168846494699432359e-01 1.013818790019927890e-01 -2.767910962611122572e-01 -4.887669706742711062e-01 -1.837335894445119022e-01
1.919727545664436930e-01 1.140051212563937891e-02 1.963775289687331310e-02 2.137239948125205236e-02 -2.008519261278449708e-01 -4.386720314986045643e-01 3.830062228334047969e-01 -1.680711166036495952e-01 3.044315268943439401e-01 -2.446177991511451211e-01 -1.726554148526662780e-01 -1.023767620361902830e-01
2.644831214214248827e-01 3.285422031739932414e-01 -3.378676162707559133e-02 -3.263859163776908906e-02 -2.088586778241913744e-01 -2.471544440590763003e-01 3.050541924796540405e-01 -5.457015014118870525e-04 3.614225416182716977e-01 -2.508845192069528718e-01 -1.152331715816887481e-01 7.278688311488196172e-02
3.114205327888289188e-01 1.967140084950145737e-02 1.489632857596763782e-01 9.881641712812362643e-02 -2.639134406602962613e-01 -3.637994476158660229e-01 2.310724791273945089e-01 -8.792572322511379990e-02 2.005660920002574343e-01 -2.645106792470502954e-01 -1.548665170446318351e-01 -1.754988858680541775e-01
7.633583427665127652e-02 2.103089295237403622e-01 2.282568734032511260e-01 -9.291781899749794460e-02 -3.230554267440275962e-01 -2.741054267316559989e-01 3.162766207253661643e-01 -3.281196138783140648e-01 2.176885247107835375e-01 -3.076695507467291368e-01 -1.283145392774585614e-01 -2.411423224998172077e-01
2.709650872398182142e-01 2.926117357215979875e-01 1.114049321898032407e-01 -1.172155255647267386e-01 -4.128635214342976645e-01 -3.031226937632637286e-01 1.979596444264143107e-01 -2.125275731975582727e-01 1.367972128151094813e-01 -2.240831912447838747e-01 -2.455585280906335544e-01 -1.978091973736030296e-01
2.340135358549042532e-01 2.585806510115867263e-01 1.352942339156192886e-01 -8.130821212774870521e-02 -2.247719003259738280e-01 -3.098454575569885572e-01 2.565954925927795838e-01 -2.242117214969467365e-01 3.287565796379283145e-01 -1.690621562746840167e-01 -1.929481427821473360e-01 -1.004233676577210577e-01
2.590743686911868848e-01 2.074614923924817389e-01 1.933665761834587049e-01 -1.030796983072578971e-01 -2.908835483278156553e-01 -1.271762209458602855e-01 2.651756808098948426e-01 -1.344989727114277445e-01 1.881110549781015995e-01 -1.922108871049504342e-01 -1.761583399307393716e-01 5.630660017675548357e-02
1.945211843994817391e-01 1.944694591892377478e-01 2.301145297309791227e-01 1.068692568350193411e-01 -3.439203175137392487e-01 -2.871984950606873421e-01 3.187671573553350068e-01 -1.362724770050589007e-01 1.692322421929647880e-01 -2.676300831718601558e-01 -3.268060906559131507e-01 6.644705577611670355e-02
1.930087304515966662e-01 2.733246513879480921e-01 3.300156232890233410e-01 -1.535530475027055697e-01 -3.721221799364126670e-01 -3.578538818044306735e-01 3.298572165283552016e-01 -2.867661245708129081e-01 2.526543903847779937e-01 -2.748363269639711448e-01 -2.146249353180257335e-01 -1.176026594331933683e-01
1.623039467633763389e-01 2.684512651145741224e-01 1.941317236911599409e-01 9.097826796348261469e-02 -2.046571141930532134e-01 -3.009905838495222641e-01 3.970076507282339628e-01 -2.978086858652971292e-01 1.411637374436103265e-01 -2.528767599576739467e-01 -2.048769066101704950e-01 -1.070333346074892333e-01
1.945917443622699472e-01 3.862854085318978004e-01 2.548385656063979487e-01 1.589038103271407099e-01 -3.343965354059997286e-01 -2.948467956571373949e-01 3.616835139075886829e-01 -2.273245520572287348e-01 1.717070049812814414e-01 -1.075991791216958648e-01 -2.323023378597329769e-01 -2.302346935739010281e-01
2.704699541061207912e-01 3.274931798839531560e-01 1.065344128007538749e-01 3.710389165663302655e-03 -2.570766661840586109e-01 -2.642015952168865756e-01 2.411234960846620201e-01 -2.491149227974945313e-01 2.707501261118709923e-01 -3.843332063841574109e-01 -2.539232941788033826e-01 -7.260651114481775359e-02
2.139370653607693407e-01 -3.444608555275640582e-01 -4.217011234221161864e-01 8.461485583727660353e-01 -2.463300139423146851e-01 -1.233792711385566510e-01 8.481714607982436538e-02 4.644601322352018280e-01 2.974129812275764784e-01 -4.545658244965802841e-01 1.986723413932676152e-01 -1.155356141423434790e-01
9.471383208549069566e-02 4.375778251621161297e-01 4.276402084207194809e-01 -2.278100085049135914e-01 -1.996232650992489921e-01 -2.681057496819446162e-01 4.123907509912583258e-01 -1.268442988553747375e-01 1.418122710364935757e-01 -1.739012813558474813e-01 -1.900202243038620065e-01 -9.099127787150225466e-03
6.274386593639370846e-02 3.821732130616102840e-01 3.089920790683742258e-01 -1.672468068368153371e-02 -1.871848971831318598e-01 -1.186599734892964109e-01 1.434371343838397317e-01 -9.395137568264849692e-02 3.055476369113533375e-01 -2.776873500608236234e-01 -2.652573826953140701e-01 -5.131301046684427769e-02
6.225768947354748395e-02 4.269176250378529658e-01 3.753883253245806628e-01 -1.871083374111896097e-02 -2.591576016694971396e-01 -1.695041657656874701e-01 2.158321656995797200e-01 -1.329964654299137794e-01 7.807403580979298263e-02 -1.745908772929052888e-01 -4.197347320529846992e-02 -3.316018430170902254e-01
-4.877941953460900038e-02 2.682490349801749940e-01 3.893808583765999698e-01 -2.966094112117460130e-02 -1.234357708539477877e-01 -2.100593702636026905e-01 3.214877945059799180e-01 -1.835988663705679369e-01 2.234414749567865122e-01 -1.873087892663991560e-01 -3.260240789636396075e-01 -2.728194790845453466e-02
1.591562983185015878e-01 3.712733164546094256e-01 1.465929018630140468e-01 -1.233782008810954539e-01 -4.057898853431752273e-01 -2.284322088413136276e-01 4.494982069527242996e-01 -9.911154672429695056e-02 2.361738179534972337e-01 -2.853006975737849005e-01 -2.591257544654917977e-01 -6.673141318263117738e-02
3.374752904051580571e-01 -3.604068089653405388e-02 1.020320147553309686e-01 7.034403880615998361e-02 -2.064681035776424478e-01 -3.386682243459928632e-01 2.910533523956407853e-01 -1.094370362424708365e-01 3.217925227596787341e-01 -3.319133699398326143e-01 -1.161205160305412432e-01 -1.610701836458094394e-01
2.079558145786435386e-01 2.018055058355417430e-01 4.245178779733106006e-02 1.006710412278951500e-01 -8.775969078921495858e-02 -1.179545482972093329e-01 3.190346438232544712e-01 -1.605359685092666577e-01 4.414291099881842984e-01 -2.077866087086060465e-01 -1.739177553368064788e-01 -9.883578758224120797e-02
1.843878657302766566e-01 2.821174714233795622e-01 1.120633094215434666e-01 3.929027873656795039e-02 -3.471125186944103436e-01 -3.126627622520815608e-01 2.321175793640264662e-01 -1.121203699759910355e-01 2.574493546460699944e-01 -2.803135673533217465e-01 -3.326258024503497834e-01 -6.715368428780099652e-02
2.532791367948927230e-01 3.541409765248536012e-01 2.468209778535513932e-01 2.351705629534937836e-01 -2.857598965733541552e-01 -4.589293672280465586e-01 5.244404817649511719e-01 5.329604238020162893e-02 2.580566222089344386e-01 -1.973221335756651373e-01 -4.138479064948592523e-01 3.243067287403481047e-01
-2.807452537413222537e-01 -3.145323151291872232e-01 -2.133570194945916543e-01 -2.998466479719402375e-02 3.342716345841811876e-01 3.072663318398460852e-01 -3.141532024460627071e-01 1.298402268638204349e-01 -1.685415865046048234e-01 2.693719307013777708e-01 2.897943159171365024e-01 3.105320931666112894e-01
