5.104953559889957582e-02 4.985413410256711586e-02 1.306143374725349526e-01 4.350358264968341715e-02 -1.316284866822987343e-01 -2.592502514235442423e-02 -1.893402355962451461e-02 -2.338450801300658716e-02 4.736863154532359316e-02 -1.307667673972163769e-01 -1.484535931424041111e-01 3.300807070600617066e-02
1.538343595587636026e-03 7.276647569720381958e-02 -2.205311620885765100e-02 2.573246930739104057e-02 3.802779857148886646e-03 5.539207016696048869e-02 -1.825575773935092516e-01 8.436301873953463981e-02 1.524782557762376922e-01 -5.191062338823053401e-02 4.461162196006863978e-02 -5.743487259540761697e-02
1.851595042026351889e-01 1.530880107594622397e-01 3.525284850460711633e-02 -8.096009319642920353e-04 9.465664802758895491e-02 1.832263641003656351e-01 -5.972530287318382480e-02 1.702339955116200648e-02 -2.452945871076817400e-02 -1.279588608400999694e-01 1.624984293290006598e-01 6.511279721197433396e-03
-1.253966313192490280e-02 5.393475562451315042e-02 8.964616372320777238e-02 -1.004969240815407894e-01 1.007161095564429176e-01 -1.157812686512323455e-02 -5.542620681175803449e-02 -9.755692249956277040e-02 -8.252545854057485863e-02 -1.627630672975990261e-02 -2.361027045926284568e-02 -3.918838230855146293e-02
-1.032300448019427275e-01 2.485368327628331708e-02 6.850283033155825374e-02 -2.806269231289412747e-02 -1.775570719025096056e-01 -4.888066859804221509e-02 -1.656199280794426812e-02 -5.204579136039172438e-02 -5.283760328087786645e-02 9.108180774864907403e-02 -1.048068938049987048e-01 3.524538435380738383e-02
2.974265258277089541e-02 4.855843169656283431e-02 -2.632070863535028449e-02 -2.126660044992847998e-02 5.289208382945385922e-02 9.172591078556292798e-02 -1.505156581651521117e-03 -1.636966452023602909e-03 -1.595768432991612543e-02 -1.394524974508116674e-02 -1.123205328345395528e-02 -4.619272144122638785e-02
9.450668900681327700e-02 -4.198229251312050186e-02 7.823426575944283923e-02 4.239605657204673778e-02 3.882976049467389001e-02 -5.680059310887271284e-02 -5.263405228452798512e-02 1.370803113591070356e-02 -1.512567846522351045e-01 -1.495216008702050514e-01 -1.229177518309863999e-02 8.385673256259837394e-02
4.437247863700766355e-03 4.023319747790823908e-02 6.284240064940924131e-03 3.724106908209727507e-03 -5.516394795294941172e-02 5.579107475121225512e-02 1.958925298977456583e-02 1.347092844092036279e-01 -7.641594524695130564e-02 1.375472313221745048e-02 -5.794710224702834256e-02 1.080937380530978265e-01
-2.199779369627329617e-01 -1.042317344369151494e-01 -7.447934946285727532e-03 -9.072890569108388314e-02 -1.027950939193908453e-01 -1.352998162101428509e-02 4.949428541628408951e-02 5.081769372356069459e-02 1.042400478065429598e-01 2.363708077891972514e-02 3.946790215234921573e-02 -4.248393349925586732e-02
-1.503978617196680134e-01 -6.373527046716434552e-02 2.866164964698456399e-02 -4.038102872817008783e-03 5.998304984669708406e-02 -1.856023726479005265e-01 -9.018930995479377405e-03 7.363712805909683468e-02 -4.098324505741975099e-02 -5.684536581366090441e-02 9.425395998746100013e-02 2.710077274748777867e-02
1.095357937568162687e-01 -1.602201498553229853e-01 -5.329563606585636243e-02 7.930090389512646498e-02 -1.914410071914701139e-01 -2.643868983947130283e-02 6.317066286366729289e-02 -9.811518834142236162e-03 -4.674173016201147585e-02 4.646904846735303019e-02 -6.599737868414626285e-02 -6.410395758956496937e-02
1.122804859152643636e-01 -1.136653154070152993e-01 3.533267288866628886e-02 1.165732897560195665e-02 -1.913453548036576080e-01 5.902244650897270350e-02 -3.728050968298034229e-02 -2.394099124895045227e-02 4.263772893857931123e-02 5.605412352750151206e-02 9.536022470918516236e-02 1.392231319640459541e-01
3.102709328815781223e-02 3.595562071553268235e-02 7.517630381345739854e-02 -5.951807380326118446e-02 -6.942052991795578942e-02 7.777383200301751787e-02 1.314281754491144760e-01 3.201914746556043523e-02 8.702233869591648185e-02 -1.074957677607815860e-02 3.965105857411194146e-02 -3.690903910691757661e-02
-1.202187082460314943e-01 -6.351114863350673656e-02 1.618903015410555479e-02 1.852974625855137794e-02 -1.949578315198859449e-02 -4.718049490684886327e-02 -6.556800992874425860e-02 4.726366772864173948e-02 -3.908080669168204069e-02 -1.220239533815048599e-01 -9.554248085768324295e-02 8.619149002256607656e-03
4.934117754818860557e-02 1.696300509057083739e-01 1.128522846664705981e-01 -3.565213086078736215e-02 -6.825050935724964567e-04 -8.281837768167744918e-02 -1.443149564568962373e-01 1.514045987465686971e-01 -1.030806949977540882e-01 -2.308614016756233359e-02 9.387280595443572850e-02 6.821448063454668698e-02
1.168094348396449544e-01 6.480242342784217624e-02 7.708191075540166137e-02 4.487109628363637054e-02 -7.652110013621787887e-02 2.522517988077112305e-02 3.666498844951709968e-02 4.928206495992887293e-02 -1.615644879233264497e-01 -2.692820947463707773e-02 5.349395502670931807e-02 -6.854010314518463320e-02
-1.061196758198500595e-01 9.566554087559072522e-03 2.915186842876343193e-02 3.552991791644102837e-02 -4.907261281303564211e-03 -4.986682228223030672e-02 -2.812428668925840217e-02 -6.548682919049605977e-02 -1.231403970145084764e-01 1.211877831857561399e-01 -4.167368824980414999e-02 6.491233389673886633e-02
-1.066087129692758484e-01 6.125527958370229065e-02 1.315473485112331753e-01 1.867651524484319897e-02 4.668500352825744049e-02 3.869878918350886515e-02 -5.518760268290484605e-02 2.380934288304566854e-02 1.098939855319671678e-02 -7.822070160938141004e-02 1.959027033489194602e-01 -7.475929104884743159e-02
-3.062688682420076653e-03 -1.932370865120955350e-01 -2.443880965352144066e-02 -3.959636307393603338e-02 -1.703886890906102999e-02 -1.055325351953496776e-01 2.370954935271479824e-02 6.675546708136159690e-02 -4.666729507264941526e-03 -1.154826533305435415e-01 6.451540268005284684e-02 -3.137300393199778104e-02
-1.779569940737705802e-01 -5.971385737687268103e-02 5.982662172759110192e-02 -8.498059558509948874e-03 6.539036757175196481e-03 -7.001071102656525325e-02 -1.007328513724981556e-01 3.546818181426001498e-02 -1.478740574000936454e-02 2.631252974981509313e-02 -1.732092807813835275e-02 3.872360591577340277e-02
-2.819068270968766790e-02 7.972159641813773845e-02 -2.998203599799087200e-03 -1.131101891341233269e-02 -1.028530078267743120e-01 -3.018651196549551607e-02 8.821329221753748673e-02 -1.036114498891703602e-02 6.033328582125324635e-02 1.181537018152914453e-01 -3.775079690147255251e-02 -1.850811305021866915e-02
1.077703380016954426e-01 -1.777124138916352444e-02 1.616984862340353074e-02 -6.058077404388962500e-02 1.540936644020786742e-02 1.067820925601298959e-01 -2.722517388019491530e-02 -2.499561186920475769e-02 -1.983220005108586315e-01 -1.258402375855031171e-03 -2.047887076083719157e-02 -9.562779846193063954e-04
6.995297217043131011e-02 1.094077662251863037e-01 3.893988328048585135e-02 -2.921692475895538987e-02 5.868883937640950732e-02 -5.303934335445267823e-02 2.195377098709760944e-02 1.018011802874930205e-01 1.003684632050349038e-02 8.941541980675646317e-02 6.439017317252451744e-02 -4.685261331699563936e-02
5.065811167232592976e-02 3.914490154613747830e-02 2.203245287998965851e-02 1.056058825749180141e-02 -7.181025168925705970e-02 -8.204538233254406177e-02 1.614570276364961643e-01 1.295800170700799891e-01 -1.950005018009004498e-02 -6.109415769242888122e-02 -7.959445663622051470e-02 -9.995426070233706661e-02
-5.943812993958730306e-02 7.811594865497687237e-03 2.915135484993042897e-02 1.670389736641144929e-01 6.794989287223023033e-02 -4.238166081937709551e-02 -1.002057428212064540e-02 3.471357631448493408e-02 1.094735646518077143e-01 2.239086144049548879e-02 -1.154687494796508146e-01 4.631922177793557777e-02
4.681931373296553678e-02 1.888645400118992013e-02 -6.288994706287077442e-03 9.823907591977107390e-02 1.149426795278805369e-01 3.168015591140868614e-02 8.356640048588478975e-02 9.413273947527762975e-02 1.420645752899282743e-01 6.426265219591847933e-02 5.281390998240322043e-02 -8.413516729205905431e-02
2.812523698039603309e-02 -5.675265863014861134e-02 -9.257247358698880713e-02 8.583745135628292888e-02 -7.319647339643335637e-02 -2.377883485170007027e-02 1.427839843773839532e-02 -7.377629872615472373e-02 1.372715956788103098e-01 -5.970981530283977524e-03 3.370828621094119903e-02 -1.482897362947948050e-01
1.543962940556362247e-02 -1.929387501088565549e-01 9.055127466972681671e-02 1.268178383639980700e-01 3.726310267829190115e-02 5.811110254113377449e-03 3.468977388975513082e-02 6.652770626337220494e-02 1.110643734653876807e-01 -5.273057819789825351e-02 -2.163785831321365233e-02 -1.498420487065051931e-01
-4.600306664503767823e-02 -1.307932819001075483e-02 -7.685705814640658891e-03 8.447345236555149628e-02 1.771736759613454226e-02 -1.538190602757736822e-02 -7.682513895624042133e-02 -2.538062158214084152e-02 1.676859294361491073e-02 -3.866233869358141895e-02 -5.985469750201534433e-02 1.298441185856007846e-02
5.380349896157300693e-02 6.081994621204368096e-02 -9.443560034124703906e-02 3.313719325773450443e-03 -4.363815895592783149e-03 -1.557098672508635262e-01 3.623050255167084566e-02 -1.116885555469003255e-01 -2.782089974683042699e-02 -2.992907025298105830e-02 -9.084338572105233808e-03 4.403026596130885095e-02
2.294707086102418594e-03 7.267930267329780758e-02 -2.218765498811300224e-02 1.080410383355954879e-01 -7.015534423718529367e-02 7.366789597568668135e-02 -3.701495438675880822e-02 -7.676945232528437080e-02 -1.092983713271898361e-01 -6.631039831090752845e-02 5.534848623518255628e-02 1.172727986765278729e-01
6.320421640453392775e-02 -7.866052594471284812e-03 3.487428446755859446e-02 -2.881446779878595738e-02 -7.465302723279899910e-02 2.861493719920912143e-02 -6.074186186237490181e-02 -6.438940247536045769e-02 -1.128034959426706535e-01 -3.217991000524393803e-03 1.161438217926872851e-01 -7.479200612879663423e-02
4.773775814257334021e-02 -9.159729219209136741e-02 -5.720835844681235183e-02 9.619930576536048217e-02 6.066764377607942321e-02 3.732189048544376497e-02 8.295352046644130159e-03 3.545664798739098320e-03 1.445736453990247306e-01 -7.374243397833465941e-02 -7.548854528657252330e-03 8.701770592447538588e-02
-8.038135749264052610e-02 1.412242103358238854e-01 -1.174779808973363260e-01 3.693179320669204985e-02 1.427250111286215428e-01 1.607767861566910539e-01 9.440523617908436194e-02 7.769312343451584280e-02 -4.674740774293632134e-02 7.940656280262560485e-03 -6.622730127576922921e-02 1.401548657371959605e-01
3.794985717195439867e-02 -1.292513616713375502e-01 -1.060975250576543794e-01 4.206584503006480930e-02 -1.817970477971563373e-02 5.248713559196059586e-02 2.248915295817873437e-03 -1.288411425024091686e-02 -4.143022152604276982e-03 6.135172221312946289e-02 -9.566194162591962202e-02 5.607228660351169791e-02
7.316580382317912357e-02 1.168765848087737480e-01 -3.529495166101215275e-02 1.435016213570058929e-01 1.225067496626419949e-01 1.258743102955556421e-02 -6.880003061743836246e-02 1.279821041608356358e-01 -4.248325677475332796e-02 -5.815170844588306298e-02 -1.493147485015325904e-01 1.822899670522505344e-01
-1.786167904151317043e-01 -7.268927980636624708e-02 -2.912442345283867973e-02 -3.607913463386382136e-02 9.959980638374114209e-03 1.516598290059691795e-02 -3.125084616804200965e-02 -1.617610053536083781e-01 -1.261321650534624750e-01 -6.062894860141457287e-02 -1.362269025189338234e-01 -1.325944945410076070e-01
1.853858239912280492e-01 -1.690309355403378788e-01 1.420080624329401187e-01 6.643306767150253256e-02 6.977506140520568778e-02 1.243981014559469439e-01 8.438702197872945121e-02 -7.385656965603865087e-02 -1.074396331544486549e-01 7.949491043535215906e-02 -8.610936261410370718e-02 1.231871558458407304e-02
2.378295110716939220e-01 1.068828314584427952e-01 1.650349784930907060e-01 -5.931160394808701608e-02 1.064108940147832916e-01 6.210903878972370840e-02 1.244305035268102044e-01 1.495768433624296567e-01 2.122078779744739421e-02 4.216334413071445852e-02 1.015977668929621824e-01 2.065693194747580258e-02
2.511020970514035167e-01 5.709451828780943983e-02 -1.960919493816079551e-02 3.297478197921851345e-02 4.275693252490769813e-02 -8.209238272730905173e-02 -6.158200411426136001e-02 8.178018772242141854e-02 -6.564462799693626671e-02 -5.664872828681002948e-02 -2.958090042448022899e-02 -1.345556383710045378e-01
6.000832946534138956e-02 -7.257944232115022543e-02 2.657101691386381387e-02 -1.446668751525744534e-01 -7.297054702508662394e-02 1.943603258632143060e-01 3.439393190548874907e-02 -6.119968631778802820e-02 -1.835034612536033116e-01 -4.419255354523286827e-02 1.020425970180467573e-01 5.907290076030297099e-02
1.033926187767203186e-01 1.583465441417608588e-01 4.772323239408330503e-02 8.439128144083055116e-02 -3.479506219358369234e-02 -1.638319068670879286e-02 4.407831302571442803e-03 9.634624414126559400e-02 -1.578134898303409084e-01 4.093845157596232714e-02 -5.288667777518839264e-02 1.063897839424641709e-02
1.041982874920706348e-01 -9.101207895375509893e-02 -9.763767001296465298e-02 -7.803182359971072568e-02 1.995493456934270271e-01 -7.281609637885277930e-02 -8.427513525566229791e-02 -1.434820895282323990e-02 -8.208614883724214828e-02 -5.837111260992895040e-02 -1.501921475022850727e-03 -1.691151248077448280e-02
-8.408529682792553750e-02 7.210883612525464947e-02 9.064988434956350316e-02 -2.118627206515188294e-02 -1.546433098037222897e-01 1.094154783248932616e-01 3.408674230802381799e-02 -7.980185665753265767e-02 5.312796240132795778e-02 -1.174417240840289200e-01 -6.303266602511450878e-02 -1.249263459947747013e-02
4.859059341847556113e-03 5.502499052209641750e-02 1.043784006184795554e-01 -2.010299079152390658e-02 9.037814483289176304e-02 -2.026797762453877438e-02 9.829434530974723999e-03 -2.231528327372036581e-03 1.318519895344766324e-01 -1.916012126050413988e-01 -6.836850067487482184e-04 -4.742439172175620665e-02
-1.593877535908615473e-01 9.004187353110855441e-02 -8.481483546587721689e-02 2.669792127845631302e-02 3.748769427814192118e-02 -9.993555471364434784e-03 1.331725279086411196e-01 -1.502145210937314845e-01 -8.166362461326660827e-02 8.868085804160014129e-02 -9.421975033003961164e-02 3.121232039534244107e-02
2.160073526194969742e-02 -1.891722026789918465e-01 1.144131171233957744e-01 -9.825138801086882867e-02 -4.551820728446427655e-02 9.435638006605663597e-02 -3.299967883231706700e-02 -3.716092873525063400e-02 -3.970180878773836054e-03 -1.313486797647916635e-02 2.669905815372718497e-02 1.006397683362613704e-01
1.183542172655816099e-01 1.372582927642114758e-01 -4.922139031015008992e-02 -3.356198063975051465e-02 7.826176832526150762e-02 -1.904804447879149543e-01 2.779983146056403277e-03 1.415376031655753430e-01 1.381159391671239745e-01 5.786146560106140979e-03 -4.566365028890787686e-02 6.250470435681117209e-02
-4.913577635325416804e-02 1.359293209902280308e-01 1.012589477616891026e-02 -1.738408683087577095e-02 -5.405887103940625049e-02 -6.119809294519723206e-03 -1.857019433076911030e-01 -7.673161306414812144e-02 -6.329929406287096438e-02 5.545171089340914655e-02 -3.085034292436026129e-02 2.191692687019001357e-02
9.949126582485429138e-02 6.932929023286175940e-02 -5.539151121996755550e-02 4.287984552790450460e-02 -1.928225792236194502e-01 8.172051167566928009e-02 -1.363319812564940392e-01 -1.265201812301727236e-01 6.990222672536243465e-02 4.050540887033082793e-02 -1.844638322845332523e-01 7.318292995985949123e-02
7.055634619340804548e-02 -8.151048336321264909e-02 -3.878944391569054406e-02 1.518860166622668650e-01 -3.455125491815846939e-02 9.694618885067121661e-02 -9.108179398386809233e-02 -6.516742662659075203e-02 -7.676893913321325424e-02 9.083258915085828944e-02 -2.636484831974942877e-01 -7.193101118696926255e-02
3.783901369925964098e-02 6.781832931518839980e-02 -1.158893683185273221e-01 4.861708763781469322e-02 8.057688672724941381e-02 -8.461488275699882711e-02 1.629613716033025865e-03 8.091553840958506938e-02 2.456641626931025182e-02 3.962666984120561189e-03 -1.068209209081544403e-01 3.656329725221629801e-02
-7.097460058239887792e-02 3.287554886824992778e-02 -6.493609092763516499e-02 2.987523009673999363e-02 2.797226506753646216e-02 -2.593895398410744901e-02 5.912875051847998886e-02 6.640256496145751849e-03 6.172944541928102741e-02 -1.152397449138318000e-02 -7.260133546828240192e-02 1.109684540121109869e-01
1.238504424914158852e-01 -2.080028612363908971e-02 -8.462625963113951100e-02 6.671422547962363447e-02 -1.303620191570581122e-01 -1.769692564188756201e-01 4.136293695162563538e-02 4.092563858508997850e-03 1.846125102650257033e-01 2.742404639113557585e-02 -8.977381908071516148e-02 -7.519160960633039514e-02
-6.695185265122810536e-02 -1.497203375720791152e-01 7.828849741818467989e-02 1.383838070891774963e-01 1.829033230642197055e-02 6.810528352837741384e-02 -1.009195575568253012e-01 5.551444943788680364e-02 1.050297323005670719e-01 -8.081376971398357423e-02 -8.277933532834851060e-02 2.006352847429140329e-01
-2.131287640233854933e-02 2.330455399439194247e-02 2.389664457917302712e-03 -4.684611612884460874e-02 -1.352466598228943204e-02 7.413766688864495413e-02 9.999350598021686243e-02 3.646132214097201618e-02 4.639730721434034977e-02 -1.614583695784792272e-01 4.199390627304391832e-02 -7.864567236382044579e-02
1.458831653257131392e-02 -7.395467686626139292e-02 -1.085139571895165911e-01 -4.334009991414757013e-02 7.549532600576572272e-02 -4.290471702366385753e-02 1.178493976670185461e-01 -6.001588908593489397e-02 -9.877442440912284627e-02 3.215844259365436414e-02 -2.317048694859697496e-03 4.263727932759542490e-03
3.855900214109636050e-03 -3.578967247106143446e-02 -4.251565801222341456e-02 -1.083979526866870879e-01 5.519306499028828888e-02 -6.402405984096634639e-02 -2.076634981117794765e-02 4.823111993939466213e-02 5.881482595496057009e-02 3.088418133954419845e-02 3.727221952702562680e-02 2.858130387050904567e-02
2.335049149275621183e-02 -8.418784352276817429e-02 -5.658814418983812780e-03 -6.021820500979802732e-02 -7.012220128052458826e-03 -9.357649834240068520e-03 -6.867094937421673595e-02 -1.333614232658604792e-01 -1.904863329383733872e-02 -5.033360641273450231e-02 1.295951651116249714e-01 -7.085015826489045321e-02
6.487581143486848001e-02 1.226451235785326471e-01 2.339451291956667900e-02 -4.977036012030409268e-02 3.375748948554826729e-03 -1.036613845621349728e-01 -1.000903146127789661e-01 -1.830542801858594040e-02 1.851186508470620967e-03 8.018256787693835153e-02 -1.983982550363168063e-01 3.342305371674129250e-03
-8.569767958269872143e-02 -3.494532527808037747e-02 -1.488889622481973790e-02 2.491219130465398973e-02 3.374963653268100994e-02 -3.207120543946988950e-02 8.463132691585753542e-02 1.156746624416071928e-01 -4.350237274231020558e-03 1.626742741983680865e-02 7.923641501906990292e-02 -4.469269549016058329e-02
1.149240271208240294e-01 1.119906624341621311e-02 6.134648586312695107e-02 8.455987752109341005e-02 -1.018782158157221090e-01 -1.134433138266094654e-01 -1.263752790700463646e-01 -1.414732320494707651e-01 -5.251149866706339604e-03 -1.231611805714028507e-01 -9.181015631399558341e-02 2.143921226739781485e-02
-1.696056091910216196e-02 -2.158065905638867701e-02 3.245975234455639874e-02 1.975799301528825824e-01 1.309676719191848471e-01 -5.614615525499098980e-02 5.754447570673851264e-02 -8.784351482811421407e-04 6.201247326096995943e-02 1.902595145429134341e-02 -8.871036566595988382e-02 1.127693320006038519e-04
6.902271582409134562e-03 -4.136937003174023797e-02 -1.018917741250478272e-02 3.439352204526129053e-02 -2.350263346355465632e-01 -6.059781982226018077e-02 -1.245676516351900964e-01 -7.725156663339019514e-02 4.344378990390586337e-02 7.232638112398617758e-02 -1.241970547228084254e-01 3.746081445668070914e-02
4.404185401753954454e-02 -6.175834833286708569e-02 2.093353289922553553e-02 -6.221972902101360892e-02 6.225020421335650950e-02 -9.360215266971466663e-02 -1.427419340894841571e-01 -8.510848024781483834e-02 -3.422993639336466276e-02 -1.072005326482215748e-01 6.609970903828538136e-02 1.279323648498071342e-01
-1.435486167199234442e-01 -1.985612528821760758e-01 9.237700793292137613e-02 8.635500043877497589e-02 -1.619242645504184036e-02 1.150991625585318923e-01 3.324887179167710510e-02 1.831588598186825734e-01 -6.910541567487978043e-02 8.089055761226902896e-02 -7.599254442185704450e-02 -4.457153778896391638e-02
1.230122584879764364e-01 -1.328910261631730261e-01 -3.309549673535352315e-02 1.021443958394602503e-01 -1.719310823808135533e-02 4.907700536861982904e-03 4.400997290193080745e-03 -9.697290800332625249e-02 -1.226913633205698739e-01 -8.589582857627681145e-02 7.836054853145910104e-02 3.410739766983870297e-02
6.297582019917330465e-02 -7.685737959951478848e-02 4.412139821509642595e-02 6.469506522327972409e-02 5.602368480184433813e-03 2.554405662432475757e-02 1.512827361269696302e-01 1.380700063340448980e-01 4.692350295481505229e-02 2.611402012428251998e-02 9.361572546762925162e-02 -8.687321469799955120e-02
1.348592091708216700e-01 -5.021808386796489110e-02 1.635666348117625346e-01 2.414429003031474258e-02 3.908286939961694989e-02 -5.746294067537137396e-02 -6.057142620429671609e-02 2.177265239595398486e-02 -7.933710010027586468e-02 -9.977969994733656978e-02 5.450860424299353718e-02 5.697100384008694368e-02
-1.422865468156720922e-02 -1.153200999752568290e-02 3.319888141802144338e-02 7.726473818457077480e-02 1.344254447148310327e-01 6.490118353893627179e-02 3.851295001628886328e-02 3.918317543881304904e-02 -5.867011965015784397e-03 -8.620266670842932633e-02 1.163310807163946414e-01 -1.050806176827738872e-02
-1.155517899158927178e-02 -8.628241322507435723e-03 3.668450564773563516e-02 -2.862896644561501239e-02 -8.855456285981617992e-02 -2.346961534040046052e-02 -4.722742176036610201e-02 4.145117502746639704e-02 -4.003325787983676165e-02 2.619793836284069546e-02 -5.675431439985308135e-02 4.907889839308034012e-03
-1.896664487694820489e-01 3.086192391961326865e-03 -7.171325969962388802e-02 5.012510630718047810e-02 3.338725872314482479e-02 -2.585752285437564399e-03 -6.574333995618412974e-02 1.511862290669203565e-02 1.644477853739894635e-01 4.605025145249398016e-02 1.363008704228341889e-02 1.820262199366953493e-01
9.542954518521687413e-02 3.124078839220405593e-02 -8.661420418414668421e-02 -1.333463919612279391e-01 1.063873870791932214e-01 2.010276127602289922e-03 -9.212229923489441766e-03 -1.521916306906811456e-01 -1.669312211867415296e-01 -8.098310917591598768e-02 1.286228590660754012e-01 -1.044139503599041674e-01
2.223871590452288632e-02 4.816260893908542312e-02 -9.049676373138790253e-02 1.534197948705263714e-01 7.375511355119852841e-02 -9.401099838881638027e-02 8.749144048845572397e-02 -7.097870681682919014e-02 -3.901056826591424442e-02 2.642525733316613418e-02 -4.102048001287989659e-02 1.909249351419600171e-01
-3.654247281657568847e-02 -1.207338303066161390e-02 -9.704575883543967163e-02 -1.854199040540820131e-02 -4.655316614955310600e-02 -1.317697911511233055e-01 -1.677285352197057516e-02 -3.351144109174873480e-03 -1.756421944492192744e-01 -6.238308182294716175e-02 7.559747399678212743e-02 4.611546213115175902e-02
-9.769151668641899017e-03 8.800436256647384270e-02 6.101293760300029786e-04 9.788772168750164288e-03 -4.379824006181028129e-02 4.328790714224134417e-02 -7.807808983621151999e-02 -3.136624650270753659e-03 -8.332715568167650688e-02 -1.249016161711448414e-01 -2.936049620485050096e-02 2.190287938895528197e-01
1.840772362245554350e-01 5.231179547852160550e-02 1.754783409620181978e-01 -3.665315053145525026e-02 1.709818986457696229e-03 1.026195716309175748e-01 6.527269939872165638e-02 1.980423918515673148e-02 1.407009728004329427e-02 -8.293859839231368424e-04 1.047251397691631586e-01 1.039108970169614066e-01
9.876168361895207304e-02 1.048263452710807841e-01 -3.884995905456327392e-02 8.865211785008327017e-03 -8.908468931404817104e-02 3.783919500797471719e-02 1.788590658431079006e-01 -2.067076301268423733e-01 2.518504809669177072e-02 -4.519580108407159373e-04 -1.347666276322080289e-02 -8.780122122712152519e-03
-6.298719838938157158e-03 -8.765822336633900813e-03 -8.402963909057906133e-02 9.696767297767791560e-03 5.653695207199808948e-02 5.690617427411718415e-02 7.169696451188750652e-02 5.584907961771266860e-02 6.016422737861806813e-02 -1.350670556305834658e-01 -7.826238347449582244e-03 3.203874244153524092e-02
1.357448758417593437e-01 -1.734500174048786425e-02 -3.353797952590191478e-02 1.191987637044278070e-01 1.960549847775782534e-03 7.598398339729006690e-02 1.497494238477595392e-02 -1.914065258562265906e-02 4.180233256519325091e-03 7.995870625863518710e-02 1.067280757812947983e-01 5.885960853862132192e-02
2.736217970697597118e-02 8.270384835335653929e-04 7.636843036461628265e-02 6.983500407801644660e-02 1.086640239721079620e-01 -8.613053766260976574e-02 -5.406705504235739812e-02 -3.594481925004543860e-02 -3.921205958236689132e-02 1.211393673846092034e-01 -3.586802377427195099e-02 -5.629408688636898528e-02
2.253807776290370213e-02 -3.773467543480255731e-02 2.475261992183125717e-02 5.142761764526466300e-02 -7.875066084970194780e-02 -6.528311297077507569e-02 -5.534064425820679756e-02 -1.221984865314158647e-01 1.672696213696671375e-02 -1.644959397134624322e-03 9.020781743716162204e-02 -2.155781995745291793e-02
-1.088263372785876759e-01 4.802629542036036814e-02 4.907121911014260263e-02 -2.964147754701858262e-02 7.002251678706389315e-02 1.847838869829969421e-02 1.086443877222042081e-01 -1.064515440528013557e-01 -1.746491250132162776e-01 -3.795983302987553099e-02 7.114332918885342416e-02 -3.010227597952528159e-02
8.601997105604863858e-02 1.005783958100307657e-01 -1.285731070182322688e-01 -6.970070005840721394e-02 9.972411472264114396e-02 7.755748569068415810e-02 -1.266242127425025732e-01 8.669111757940398122e-02 -1.331847854676386500e-01 -2.412362719250144699e-02 -6.111386472831207423e-02 -4.471301417031662423e-02
1.346709707323018035e-01 -9.460695025792811852e-02 -5.151516724221023857e-02 6.728084127073497012e-02 7.041044528598652819e-02 7.571281916238731258e-02 -2.436458734224406300e-02 -2.133399422155313543e-02 8.710174403535114393e-03 1.089416830078550613e-01 1.378173686223171102e-01 7.399230328194937936e-03
4.911813831886448212e-02 -7.211051292116410494e-02 -6.405065058507185272e-02 -8.697729587345939817e-02 8.911619357734318347e-02 6.436135220526639777e-02 1.473401487607756966e-01 5.370763632511795296e-03 4.789966000577935978e-02 2.008737789548006858e-03 5.033955434602680780e-03 3.182256638031023474e-03
-1.882943414594087372e-01 1.631438592310408345e-02 -2.845043059918762191e-02 -4.909042352977252208e-03 -1.573753677306151053e-03 -4.577395651327190174e-02 -4.934895719530797698e-02 5.940971928680006953e-02 -1.489138020670180418e-01 1.494780272068269023e-02 1.970321969821366842e-02 -5.360797418360328803e-02
-2.780005832260069171e-02 -9.932856980867684274e-03 4.134818038895058528e-02 -6.585787787704794338e-02 -7.905046589446340644e-02 -3.830756606262977759e-02 6.417205393971490979e-02 -7.000145096632606756e-02 -1.360462339730191157e-02 2.223311270785108262e-02 2.718391820224650562e-02 1.370449996944066995e-01
1.271847460819963971e-01 6.422518823310433000e-02 -3.365117574806902878e-02 -1.233432373879500207e-02 -6.786003937569670685e-02 -1.257505106904727721e-01 -5.744376235077006815e-02 8.441546143859597596e-06 -5.970867521426078024e-03 4.113271990205431827e-02 1.199980163864387550e-01 -1.275865075981115482e-01
5.666695081624246316e-02 -1.088550458156889097e-02 6.970393164683149137e-03 1.782381935029975911e-02 3.227801584446660793e-02 6.967372343799957402e-02 -2.247869160184515561e-02 5.275876358341288807e-04 4.453018467338140662e-02 -7.352778825258811379e-02 -1.184409778370857508e-01 -3.344736433304752819e-03
-1.911353387671079762e-01 -2.311617758493473285e-01 -1.003723639037751580e-01 4.680407124941751706e-02 -4.359932213159982417e-02 6.682343028181580991e-02 -4.406831730981268513e-02 -7.217212511320879320e-02 1.097793013497019160e-02 -4.979602390363991465e-02 -1.151583348270494855e-01 1.283082185466937752e-01
-1.173354343580002568e-01 1.206749241808314360e-01 1.912144307487189110e-01 -1.756150465554093612e-02 -1.764431545438946425e-02 -1.252256220040368628e-01 4.871118034340948810e-02 -1.982967499818798565e-02 -3.699111722826002591e-02 7.296202288986887441e-02 -8.537732551776307244e-02 1.153124555054266809e-01
2.709677226545344295e-03 1.512443595314263978e-01 1.272518686014991185e-01 -1.513697278866850404e-02 2.504388975169155040e-01 -1.152486215504598538e-01 -5.190505032077696868e-02 1.169515911909061595e-01 -2.284846287095700611e-03 4.664687592449455467e-02 1.269713965407869294e-01 -7.322903720003152983e-02
-9.236948630921721151e-03 -1.212042903818525428e-03 -1.287809339994372068e-02 7.414302849062731626e-02 -1.186762096353744800e-01 1.713495823257576989e-01 1.702782411377894434e-01 4.814721100159329720e-03 -5.046872487751025149e-02 9.155954976249186528e-02 -9.876060845956877166e-02 4.455644280548358427e-02
