-1.129586686736237106e-01 9.009787191239776449e-02 6.171759514668795181e-03 9.251766017845269863e-02 1.900587445331590117e-02 9.593899232888448980e-02 -8.110338378525240805e-04 -7.915768890280690251e-02 1.014529380054519092e-01 -6.260041745614236541e-02 -9.632595320960024576e-02 -1.597311510268788759e-01
1.938776128722002586e-03 2.144877388448081582e-02 -8.882882581968128133e-03 5.265762512548401164e-02 -2.948758835133742998e-02 -1.271612482750174300e-01 -8.044245577825502591e-02 3.713499891640027750e-02 -9.131023130636359286e-02 -1.531574098921603122e-01 2.028923773673992764e-02 -2.266468356189554889e-02
-7.684686223647875514e-02 -6.994759659734933743e-02 -7.656029141609357880e-02 -4.273451399382606486e-02 -8.195996255259624386e-02 7.862317613880868972e-02 1.506767053524485193e-02 -1.034274207409365404e-01 -9.641711400271305021e-02 2.619857918826425380e-01 6.625539859410872756e-02 9.562348006619701690e-02
1.108533403564763570e-01 8.824442833981507861e-02 5.796921540152241009e-02 -4.168117569043196247e-02 3.937273356096070848e-02 -6.565162878700959992e-02 7.520798076343350458e-02 9.102999222403325430e-03 -7.744049505372438413e-02 1.241259560829758024e-01 -1.556805035550384575e-01 -7.155514675976189232e-02
6.580588384283526937e-02 -7.861388573308678018e-02 3.485506952275115727e-02 4.555332330042856370e-02 -7.511457022686396368e-02 2.169649238992201259e-02 -6.586438993759184679e-02 -1.089338648210941146e-01 6.269827990046336619e-02 1.075820841875591537e-02 -8.676782864460030886e-02 -2.010469725712288325e-02
-1.082424132766697696e-02 3.529159208886176874e-02 -1.928536964900011419e-01 8.094695692828438038e-02 -3.905674917552440922e-02 5.445133229217945237e-02 -1.297867728620001049e-01 6.130869707986096040e-02 -8.132545888038611448e-02 -1.587411221253361426e-01 2.569132454256466830e-02 8.667749201854514640e-02
2.518138296684215710e-02 -1.646924943852067225e-01 -4.886812983105214697e-02 -3.343019386986698094e-02 -1.609060852675494036e-01 -1.276079594613841253e-02 -8.505009081079549504e-02 -6.657955210858008954e-02 4.835870861198485193e-02 -3.272955852606936056e-02 2.346688530531011729e-02 1.187918099380056852e-01
2.455213858750131956e-02 -2.101335095178904488e-01 -5.050396440215011024e-02 -4.594792938500047441e-02 -7.962973292818184556e-02 -4.761472288397745889e-02 -4.157094240351546371e-02 5.436186693968513006e-02 -2.543144614041816659e-02 8.535466358079882299e-02 -4.678855267488606778e-02 5.324810060320472882e-02
-2.662793582774707069e-02 9.886569365178463076e-02 -1.068149834971150181e-01 2.439228211300261961e-01 -9.424661665890216034e-02 -1.191610323560926138e-01 -2.579196487119283371e-02 -7.292888219437172748e-02 -1.202731713166916433e-02 1.209607266317340619e-02 -6.139093055177283903e-02 -9.295326300973391631e-03
-2.067334401284577627e-02 -6.569784773057169014e-02 8.990395388427072088e-02 1.338794941281472861e-01 7.572976771922976247e-02 -1.097050281986361592e-01 -7.036219666548544638e-02 -9.037876360799564079e-02 1.862946750081654473e-02 7.806256961704838293e-02 2.226716270857625329e-02 6.678907822147396589e-02
-4.010827922059913980e-02 1.287777509145514587e-01 1.354318519919846253e-01 8.062886192008206221e-02 -1.489662069420528284e-02 -2.947664744838305109e-02 -7.465383553078126788e-02 -2.446755003905063536e-02 -2.137479799310402443e-03 -1.453392145467876095e-01 -7.340954416800050432e-03 1.677186486210558158e-01
-4.844241866788934897e-02 6.463170745461149259e-04 -1.584729672273638978e-01 9.919437631450708781e-02 -3.166515906732413760e-02 3.856193281423507535e-02 -6.716864362540252154e-02 1.301741629974464687e-01 -4.207386382363835498e-02 -5.381855426678498755e-02 -2.123817109728425717e-02 -8.105223647263863629e-02
-9.470313040991597264e-02 5.664675176641229687e-02 -7.261584724717343176e-02 -1.418690620339318684e-02 -1.528476437277704325e-01 9.516766074899775385e-02 -4.934980020113364368e-02 -2.617502672150275045e-02 1.295543898141274589e-02 1.630215047102813800e-02 -4.148319957792712814e-02 3.932292342244325667e-02
5.286276397977774343e-03 -6.859869286655090326e-02 -5.838943361862478781e-02 1.262729499047914039e-01 5.906726507662164033e-02 2.289315449777490699e-02 1.050887055924764994e-02 1.275924780836962535e-01 4.236963331939726241e-02 1.470546265133274889e-02 1.219253205554180798e-02 -8.285455887007360520e-02
9.906267673588887643e-03 5.902418392390992169e-02 3.568926464148506478e-02 5.209414807424185556e-03 -8.030288947955055434e-02 5.333135578324416093e-02 -1.687853566985506870e-01 4.339085005941502315e-02 -2.496063693828361879e-02 -4.152108226063944141e-02 -1.478631237137065513e-01 4.854004846362315606e-02
1.007552100306950554e-01 -3.462426383352638221e-02 -4.652091951204418568e-02 -1.821820396108584825e-05 -1.054719396198225134e-01 -9.270720472531539247e-02 1.191973957231242248e-01 3.814002910404611091e-02 2.182821282519119971e-02 -3.325445292321753399e-02 9.490241124116238769e-02 8.182324672698641777e-02
3.827214263815408718e-02 -3.080807588344355516e-02 7.961813725975234665e-03 -4.234817621584456571e-02 8.020109756278051560e-02 1.326435166340763916e-01 -1.177579065434247868e-01 -1.585924362470280402e-01 -1.014442639212616848e-01 -6.177844533424683982e-02 -2.177491429267772866e-02 -5.690229668549882935e-02
1.249151005638927669e-01 5.220973576919093508e-03 6.127082617709749511e-03 -1.155732368978419911e-01 4.287365462986387349e-02 1.378226122573047718e-01 1.888157805870900596e-02 -5.431023566990415830e-02 -2.395970281354508485e-02 1.334310890915654246e-01 2.720976673183612971e-02 1.052271597702557210e-01
6.364190101961354762e-02 -4.892634301581422034e-03 -4.502466905461075669e-02 -1.960799275906735181e-02 1.054386148917157429e-01 -7.888320585321535738e-02 4.762430006349633455e-02 -1.156370773246314515e-01 -5.734687100974832086e-02 7.239236785890953985e-02 2.508721356702408450e-02 -5.627466535041172890e-02
6.696483235001689238e-02 -1.138116634774040681e-01 7.027325264087257335e-03 -1.425157459150676320e-01 8.609515056754660223e-02 3.551689249672872195e-02 -8.283396031941848980e-02 -1.039884173106929779e-02 1.168439511487688875e-01 1.785851676923531084e-01 1.742327867736732372e-01 -1.387873895083275022e-01
-7.648155099700164328e-02 -1.011063450899445104e-01 -9.483274391984330975e-02 1.058057193023840825e-01 2.898415216807912961e-02 7.463018544243189833e-02 1.517614890806984890e-02 -1.229475164570396212e-01 4.626507295764110440e-03 -2.424930604809130349e-02 7.235110117425683218e-02 -5.384476541636080971e-02
8.737575857445557814e-02 1.455228610435652659e-01 -1.123247139781379800e-01 3.226709049834274035e-02 1.781161481350918008e-01 -8.549754750107700640e-02 -6.706470333998622302e-02 2.989234078096932729e-02 3.915469042065967964e-02 -1.460892919511758148e-01 -6.989363804883622598e-03 8.029194558342330618e-03
1.212274165735374581e-01 -2.028126751979340663e-03 -9.826614674881720135e-02 -6.405080844433733156e-02 1.048918022570793918e-01 4.130238546145993672e-02 -1.679887451103315443e-01 -9.164965081616779918e-03 6.772161012501234922e-02 1.790090360376010367e-02 1.262718705823384358e-01 -8.661129226899759448e-02
3.093786090010521711e-02 6.982343502845237034e-03 -7.575829546399790067e-03 -1.654582648571718481e-02 2.835902272934824261e-02 -1.827309560792105339e-02 1.208188917349003605e-01 -7.137088052254701720e-02 8.393264367768916989e-03 1.326922340628640673e-01 2.760811473863900717e-02 5.681817775144731852e-02
5.436555398916445049e-03 1.693406968306184757e-01 -1.361715802015761633e-03 8.008136530047488266e-02 -3.577395704170583529e-02 8.189968003594318147e-02 1.942698142494018315e-02 6.357149402368801605e-02 1.127736201191653909e-01 2.718332970991653094e-02 -4.505165932153683446e-03 -1.776059561274636461e-02
2.482221725857231692e-02 -4.381988123720325506e-02 7.517350274476683469e-02 7.443188923442420335e-02 -4.676546611091308286e-02 1.186654830972913716e-01 8.756688308763806161e-02 -2.423279802810682226e-02 -1.997893796099490527e-01 6.012516786326031759e-02 -1.052443936153572845e-01 -3.242615672661569581e-02
-8.938702709391742329e-02 -4.805455834005297605e-02 5.068563534716779423e-02 -5.086412943338067261e-02 2.268538158261766968e-01 1.750862153688702641e-02 1.184504099329817955e-01 -8.048579611855670446e-02 -1.978206414922636242e-02 2.236327836556098892e-03 1.398616856184873962e-02 -9.863130102776514196e-02
-5.447577901039801079e-02 -4.533859437004886944e-02 -4.640644316904525384e-03 -4.838936844536731452e-02 6.540013283373413699e-02 -3.521366539625936376e-02 1.739525874692501861e-02 -4.542627954403695434e-02 -1.040801780570418111e-01 -1.098655778129693505e-01 1.279028813365387374e-01 -6.825137425292616966e-02
-6.730486941857612149e-02 -3.904786584102585417e-02 3.934190839467843065e-02 1.080225969508614714e-01 4.681705191258720561e-02 1.057925175795490919e-01 -8.574864914312739506e-02 -7.501868209440272495e-02 -8.213647560903300504e-02 2.545358338692484471e-02 -4.832643702915630918e-02 3.530739495765040318e-03
4.930741906420318260e-02 2.857725062878300679e-02 -5.555690907429836761e-02 -7.713583147692179565e-02 -6.103107341974534777e-02 -3.352242469366456534e-02 -7.211748069121852456e-02 1.067263022880091811e-02 -2.134743625436160471e-03 -1.009427288244283960e-01 -1.558331129394375895e-02 1.397699669637950393e-01
1.033843387227440097e-01 -4.279954400814706822e-02 -8.195079431419477478e-03 1.523410152423342601e-01 9.394105712368809591e-03 -2.470389749945912580e-02 7.792047743400000448e-02 -7.710232889700587532e-03 1.722697152957761990e-01 7.009728464255735036e-02 1.223321821389312426e-02 4.549024472377240225e-02
-1.310666058541259948e-01 4.376917362607055800e-02 -1.605792637125469033e-02 1.017626965827537200e-01 1.169538545266446752e-02 -4.708597305189465843e-02 5.020985494324636117e-02 9.778590909744853954e-02 1.066606379781819269e-01 2.330951530117110829e-02 4.568243014751533632e-02 8.218608207844803337e-02
2.431570068508901589e-02 -4.007548693894206343e-02 -3.831234377459882129e-02 -1.384291974004267511e-02 -4.816471736910424989e-02 1.827703403668924642e-01 -1.840983580426033828e-02 1.856150824953239631e-01 -9.762818039555168359e-02 6.915484755326054001e-02 -1.019333494580846045e-01 -1.692772758575477460e-02
-6.086174722031655743e-02 6.431982729735678285e-03 -8.889988180200297796e-02 2.178437516058229564e-02 5.607309470987454497e-02 7.962243240098233754e-02 -2.820140792267702458e-03 2.952491032662338255e-02 9.011893881978366716e-02 2.226491302016172721e-02 8.970348937679434309e-02 1.983953444112802195e-02
1.386844387390288036e-01 -2.952320343701885993e-02 -4.239789736085462085e-02 4.020221673571108822e-02 -9.746316720035962805e-03 -2.156160274596502849e-02 7.887681072889747569e-02 -1.270735636439976057e-01 -6.923472538670874575e-04 -7.290793378258200730e-02 -2.091632818024824345e-05 -4.611055821197805604e-02
-1.268240586314407503e-01 1.316374794223952316e-01 8.271471797025811701e-02 6.860954631166871209e-02 -2.794478730119284368e-02 7.929736145303257003e-03 3.579484078884020287e-02 -2.938244124973712380e-03 5.886152278332873466e-02 7.586104767141074734e-02 -6.471024024897570337e-02 6.292495380299202579e-02
4.922888713668303190e-02 6.041381593911192976e-02 -5.712751419981485640e-02 -9.222457990789034721e-02 -9.941600583628523724e-02 5.368600803531393961e-02 7.913757757449539632e-02 -7.305965393520107154e-02 6.574533430257098465e-02 -5.573275694600127173e-02 5.985627624027139299e-02 -9.115347367035193243e-03
-1.001134036822059065e-01 -1.073172964561269482e-01 1.413926592506145608e-02 -3.138301515678555698e-02 3.706672414268449151e-02 3.192938721727175619e-03 -4.728849655533071822e-02 -3.683632896544128399e-02 4.183757576867000449e-02 -6.267609002802362883e-02 -1.282236498740556285e-01 -7.296296069026798892e-02
4.199533294613620044e-02 -8.434109185981727985e-02 -5.916480474233109382e-02 7.751959803237998790e-03 -5.868590034191951271e-02 -2.295372722887083772e-01 -2.110162012825179956e-02 -1.460481133790968722e-01 8.735778484998787258e-03 -5.714378283114903909e-03 3.145633247164745377e-02 -3.711992509990064137e-02
8.006955367594471851e-02 9.697536857338093230e-02 2.068437854301610258e-04 1.746699232665511470e-01 -7.467308874090655690e-02 -1.402819761058871767e-02 1.347356150705138027e-02 -2.358674053422654161e-03 -1.649748635643857597e-01 -5.010030040873951485e-02 -6.391320727468738361e-02 -6.974444742255493657e-02
-6.100679052557215348e-02 -3.591208871522915541e-02 3.902926975950105765e-02 5.171835246278408404e-02 -2.879032412410971117e-02 -1.134414103464588958e-01 1.432384810389440710e-01 -4.218160803636431151e-03 1.241097176207487940e-01 9.948118268640673834e-02 -1.364391414493866701e-02 1.041931424847989535e-01
-1.090612706699894442e-02 8.226901798373134622e-02 1.467636548109099992e-01 -9.009228395459659144e-02 -7.871839838567551428e-02 -8.309835058160115751e-02 3.390575075684732625e-02 1.171880668473208875e-02 -1.028213279340486341e-01 4.996605270801680876e-02 1.844494449969476257e-02 -1.743687684157478046e-01
-1.037727322020214928e-02 1.070127335221764397e-01 5.882380636212650865e-02 -6.056239239832694743e-02 -2.279940668787472022e-02 5.010171194962488583e-02 2.922270441870247065e-02 7.471624624491375599e-02 -5.482090292868195547e-02 1.401477635397394006e-01 -1.792681145141236387e-01 -2.120920770783200210e-02
-3.847461460291169005e-02 8.968273064544349249e-02 2.471065589901864923e-02 4.963815715779927584e-02 -2.783143148981055345e-02 -7.355521640457053992e-03 9.145609998111313421e-02 1.974534419860916185e-02 4.620731250842347211e-03 2.889723242768935888e-03 -7.796837890966934470e-02 -1.257418062004086665e-02
-2.177334993669443469e-02 2.714476517366443478e-02 -1.357410010576317119e-02 2.342931201895312107e-02 -3.964849247246250014e-02 5.269939412381336938e-03 5.415411611190557722e-02 4.482851277335894724e-02 9.633775063832467067e-02 1.130755556551255869e-01 6.004024771381816922e-02 -4.573120514764590638e-02
5.540959240126779733e-02 1.284571025671708659e-02 -9.728482546315583845e-02 8.625096484083875914e-03 4.092802624300476838e-02 -7.222710316744258841e-02 1.760623314516170795e-02 6.904086302096075489e-02 -6.750413302187385778e-02 2.024247152677354986e-02 -1.983090743622066554e-01 2.504381635624815337e-03
-1.874722389757983027e-02 -8.800876735498713854e-02 2.241653064515784777e-02 -1.216902262056649558e-02 7.964857668165165050e-02 1.613706308740434428e-02 1.087258376297154244e-01 1.062864145324284998e-01 -9.804890660192969176e-02 7.122087328031931341e-02 -1.175365266241267578e-03 4.178223955539328571e-02
-4.028105146012913446e-02 3.949035236417753475e-02 -1.099327780567082441e-02 -6.219495916842859157e-02 4.373244971945963039e-02 1.146271649894691630e-02 -6.105739066135087295e-02 5.253625791085847485e-02 -1.539821538111807164e-01 2.161867588245751717e-02 9.534275692574310443e-03 7.468736698185672596e-02
-2.647519360821395853e-03 2.235660229412939071e-01 3.222589203685228415e-02 1.054286009164322468e-01 -1.624027142001819302e-01 6.192839189250637366e-02 -6.649130359369946619e-02 4.152087686137768963e-02 -2.232803493882305063e-02 5.934594892655031123e-03 -6.500471190454934489e-02 -1.459867186014256746e-01
9.358612020897112693e-02 2.974709163222592420e-02 2.243597454803956948e-01 -2.723880120796219884e-01 3.847043821821828913e-01 1.077211218096218032e-01 1.555232721977647427e-02 -2.857488496375871212e-01 1.119239482955591281e-01 1.558357962182024270e-01 1.998402580878035073e-01 -8.332060943314355261e-02
6.379467998411685048e-02 -9.421975486418715171e-03 -1.997664707660700423e-01 -3.637902869016396146e-02 -6.914676339023514973e-02 1.044156388581778533e-01 6.433825065097205365e-02 -5.706089629502358873e-02 1.245345919810327551e-01 -2.001064816929477574e-01 6.763487204365255072e-03 1.119928447099267782e-01
-8.487981592292513644e-02 -7.217542227631545959e-02 9.646796978143876156e-02 1.840267186593551874e-01 -3.440296696122432246e-02 6.680827266280757459e-02 -4.439161059811182891e-02 8.629705156818749667e-02 6.328182071608859371e-02 2.633053009662146213e-02 2.601041012124856791e-03 7.643676182766005744e-02
1.091671215129048494e-01 -1.481060315405707262e-01 1.208595092065719787e-02 3.060836494086444440e-02 5.843286879995383126e-02 -3.949202137134409651e-02 1.377457448484678375e-02 -3.295415453094462099e-02 -7.715631027826480408e-03 -6.893820696987651431e-02 -9.018618287816412837e-02 3.533609014169553086e-02
-4.483092521932127011e-02 -1.268421688008528059e-01 7.661428072647413767e-02 -2.546741753885324866e-01 5.694719946897513346e-02 -3.088457524125448050e-01 -1.179832870704796005e-01 6.768633881538536901e-02 -5.063989584647001461e-03 -1.583169551327024416e-01 1.742896064058072347e-01 1.926915844997056093e-01
1.582054083836030578e-02 -1.410596174345281513e-02 -2.797581756187825230e-02 1.114548781752429385e-01 -4.375123108595006111e-03 1.288638720332372645e-01 -5.139071553637488549e-02 -4.438627843953468766e-02 -2.413640498017741859e-02 5.267581513131987248e-02 -1.263513694983287305e-01 -2.532189681818078787e-03
-1.498356290791584278e-01 9.654376392585728439e-02 3.712700371797484494e-02 4.418572109172504148e-02 1.407433055510194930e-01 -3.057853024742201650e-02 7.141967481993595490e-02 -1.164835318877394457e-02 7.313271669047652357e-02 -1.101082296942579829e-02 7.083260268525271020e-02 -6.719722508373178471e-02
4.068142426633595404e-02 -1.602590059165900915e-02 1.374786840617124931e-02 4.608891097532030745e-02 -7.449388077619933934e-02 -1.901363621990230512e-01 -5.719548256306928452e-02 -5.046438671410982679e-02 1.096325630745558777e-01 -6.438564453258452391e-02 -1.861809363311727472e-01 -1.350019837795321254e-01
1.601761896007403846e-02 7.558051252575542778e-02 1.141273367886505297e-01 1.188907362359859221e-01 -3.817865538706112418e-03 3.535505955129032707e-03 1.725402147118485774e-01 -1.234858392306589642e-01 3.619835550398638191e-02 -7.558255342853792413e-02 -2.627863536836004473e-05 -1.900973875498725846e-02
-1.475459584223033915e-01 -1.666531732085680447e-04 -6.925935490474668943e-02 -3.935415254458179968e-02 -6.764878453144856918e-02 -2.033377550382747465e-02 -4.907346317818641473e-02 6.796640690753404622e-03 9.255223182923211223e-02 -2.248771203232997618e-01 2.886276719583940470e-02 4.756739343181520807e-02
-1.399884642497609306e-02 -6.982061622317006777e-02 -1.627923248141846524e-02 -8.111523021954156198e-02 -5.663989669703491797e-02 1.893052881790127998e-02 2.934712860190711453e-02 3.377931011858939514e-02 8.173151415844199380e-03 -6.217789995737264125e-02 -8.861065099541190482e-02 -3.784685464595530235e-02
-5.084881020253425449e-02 5.768707356457614815e-02 -1.246404170898150060e-02 -9.225050532658797542e-03 -3.622453546774504624e-02 -7.202316955833197587e-02 3.111755292427673819e-02 -3.761139282006785434e-02 -7.804778297146754314e-03 1.146457008665692223e-01 -1.569274553067050715e-01 -1.280265593059979612e-01
6.896252263322145970e-02 9.130834340483282019e-02 4.980423635966962220e-02 -1.811156854635324887e-01 -9.127365437535582765e-04 1.831731740455859112e-02 7.377298877259307053e-02 1.087415127108138507e-01 5.149342804983608746e-02 -1.707236042002006557e-02 5.260592030325841190e-02 -4.182017106048287886e-03
7.006932024213193000e-02 -2.336095932964194280e-02 6.359545801988328306e-02 -8.016870575799536769e-02 3.680819308347767493e-01 -1.341610045830270714e-01 -1.391132956047749503e-01 1.994857732034307218e-01 2.741294748250592272e-01 5.002531752163048573e-01 -2.003823368159775298e-01 -2.357061896350848007e-01
-1.143390773102026005e-02 6.603095703450347249e-03 -2.280597736987648727e-01 1.033229459435920095e-01 8.290083821999968960e-02 -4.688460194379168167e-02 4.385181957520705581e-02 8.569108595353812363e-02 -1.641284017976153697e-02 4.455541854458965056e-02 2.616780983046397557e-02 5.803721252188492885e-02
8.573304234796159939e-02 -8.019726431098592179e-02 7.313300890598906090e-02 3.208242082645007542e-02 2.393380550412779403e-02 -6.555063474212655117e-04 1.067052355038230170e-02 -2.198490063070689116e-02 -4.958613996726894679e-02 4.949411563862879393e-02 -7.870187785824053761e-02 1.100777625760021444e-01
-9.765258779376410903e-02 -7.441695856665211939e-02 4.224510555983066601e-02 2.214867035946039009e-01 3.152097080406959101e-02 -9.534596984888633886e-02 1.373420039280638105e-01 6.046940155029981168e-02 4.077634449822375995e-02 -4.541974330418159511e-02 5.790395973289044068e-02 2.845284409679087884e-02
8.660201532209650666e-02 -5.607036974646480848e-02 -1.563235023042576499e-01 -7.506142597741116695e-02 -6.820068254099467819e-02 8.695020072254465437e-02 2.379937200222916049e-02 2.316613733092974525e-02 9.311263821252786874e-04 8.599615032422538996e-02 4.325712581589840483e-02 -5.398866544941302581e-03
-1.229172175498519787e-01 -1.265691670585281647e-01 1.563680061662552773e-02 1.417214420042748821e-02 6.838654440770816634e-02 -1.066022929060764096e-01 -8.231421588704980474e-02 1.470277308376144731e-01 -4.834726858674381900e-02 -3.306067622783209758e-02 -3.675562672389270230e-02 1.802619789604580081e-02
-1.753541767549295777e-02 -1.304656533499184978e-01 -8.613052265350004677e-02 3.078346864234668065e-02 8.251271235995437728e-03 1.651329120247770413e-02 -8.053498549818853547e-02 7.971585763350151621e-02 8.413029521386814619e-03 -8.986553597602276247e-03 -8.419344209024715031e-02 -1.425315022799866077e-02
-4.409060006135528259e-02 -1.680617863786049715e-01 -7.178574722923192208e-02 -2.192288672684181983e-01 2.954003590216799577e-02 2.084765080301356419e-02 7.149812550052532523e-02 3.485757507197180527e-02 2.921944728483085590e-02 -1.210926241218477639e-01 -1.450353424647960188e-01 1.732228950463196859e-01
-2.053823482541550227e-02 -2.879940435127901002e-02 3.812361237912875039e-02 -9.630318338720415122e-03 -9.267051004383247692e-02 1.289088215134409632e-02 -1.537474312996120751e-01 9.958949853111992434e-03 -4.159157663083332124e-02 -2.630932285584396471e-02 4.169031652894682888e-03 2.240475377479581899e-03
-4.556197404172823012e-02 -1.633182900428822512e-02 -2.012025089518891530e-02 -2.517301889680373037e-02 -2.150010231333318242e-02 3.233646347221705297e-02 -1.213669859480593499e-01 -1.744780432253333624e-01 -1.313460567624017694e-01 -4.589606750976995414e-03 1.428158750576198448e-02 1.103493580121088918e-01
-9.674688026492293813e-02 6.134865885096093402e-02 -4.561333648831803617e-02 4.410717678745987302e-02 1.085028917374834118e-02 -2.829489012172397774e-02 1.313701368473079410e-02 2.278929581538428895e-02 -3.938150723720434954e-02 -2.780384941986796185e-02 2.307540505177042151e-02 7.271260702636055118e-02
7.714656443449617595e-02 -5.058804933619404781e-02 -6.186746165238487388e-02 -1.503569744120315799e-02 5.817355758351034495e-02 -7.427129551968949042e-03 1.199257111907717360e-01 -1.718163052506199717e-02 5.959253405255529601e-02 8.163172620480957375e-02 1.375916820864522220e-03 -1.164105518314396265e-01
-4.480920607477261591e-02 -5.043053209431117706e-02 1.275974804941405194e-01 -7.079924834223341734e-02 4.821878560945540987e-02 -7.363074561623887682e-02 1.305108949604188717e-01 -4.203873995546204834e-02 1.241689412597894449e-01 7.858176532231530469e-04 -3.612587747010290867e-02 -1.309565513545573878e-01
1.322999232240767986e-01 -3.762878744701957795e-02 -7.373515083265841374e-02 1.884055815344064591e-02 7.389162085818112846e-02 -1.186040077696078471e-01 -1.211432265886895204e-01 -2.078604105410124248e-02 6.940743915238492545e-02 1.146959227543489258e-02 5.410628967294867780e-02 1.076144657344871441e-01
-9.597204879182093251e-02 -2.027499890794561346e-02 1.219137869796458884e-01 -1.260963717485312774e-01 1.134920945279445648e-01 -1.827354853575443791e-02 2.336993717018613637e-02 -8.489117899978411430e-02 -3.523475281828880590e-02 -9.048380042403619816e-02 -4.279181727212454794e-02 1.446866531655623817e-03
-7.660132650207272798e-02 2.101723021803492478e-02 1.481687450651331395e-01 -8.865863866984793895e-02 -7.130188197729558919e-02 -1.667269424859105509e-01 -3.019419188570222207e-02 1.135457330632873435e-01 -2.732805706610214047e-02 2.865087361554624970e-02 -9.805776165389913993e-03 1.105959469700340675e-01
1.034337065920339221e-01 2.099396152138686619e-02 8.008075331980751832e-02 7.385943767195657372e-02 1.615930053525541643e-01 7.892335864753778629e-02 5.779262317025297274e-02 -3.729431063027295601e-02 1.844782513155688586e-01 7.080397133653773545e-02 -2.026722783902599329e-02 -2.164452921773389604e-02
9.118542989318496883e-02 2.146623410114840702e-01 -3.138718781282882897e-02 7.745250970698752679e-02 -5.263570331055946599e-02 -7.119659299471335634e-02 -1.617121776748531026e-01 5.413227336482341612e-02 -8.113674343714294412e-03 5.743557884742769848e-02 -9.414787792842807534e-02 2.155358446065388373e-02
-5.997805657101749205e-02 1.515318272870026517e-01 5.114803602460756687e-02 -5.130900650145883701e-02 2.340683775346049655e-01 1.547477439379980335e-01 1.073484788939263884e-01 1.530650029545596869e-01 1.932814739219459177e-01 -1.213094570855317855e-01 -5.658865707570020359e-02 1.658336970483025030e-02
-9.793450470798666097e-02 1.074387511470769885e-01 6.974533305811983497e-02 4.028423269649050731e-02 5.925821935940955160e-02 -1.173492731354965762e-01 -5.429386438336170767e-03 -6.336721799135143496e-02 -5.659556989457274756e-02 8.750060089160735521e-02 -1.388694990369594151e-01 2.540354032990743000e-02
2.297908513926424229e-02 1.137426178957690569e-02 5.184979952543982556e-02 -5.037215030949888928e-02 1.348749305798268017e-01 -5.868197023335476603e-02 9.476699646877974337e-02 7.386574029587965329e-02 7.562955464087223190e-02 1.453363983682116056e-01 -4.063741786561900909e-02 8.494221602336600452e-02
-2.961111877001768589e-01 5.324739903134302343e-01 3.532135461664120402e-01 -3.247414719129907978e-01 4.142205755994469718e-01 -3.555921740538542930e-01 -5.055207294374020055e-01 3.291464442126614265e-01 -3.529397868732243593e-01 1.005513618881289428e+00 -6.510147596078408316e-01 -2.561052159600823441e-01
-1.852744228886823302e-02 -3.891505462943436466e-01 -1.271162343459465160e-01 6.883822666954070302e-02 -3.414712588515487757e-01 7.509553517233157061e-02 1.238088525793518656e-02 -2.781851954148867323e-02 -1.843820342099653786e-01 -4.601006019929165247e-01 5.033859405817555643e-01 1.180369391953037111e-01
3.240593883089695204e-01 -1.046447062390447325e-01 -3.373267229207513318e-01 1.135911924444387711e-01 -3.324508591105280186e-01 1.392170911041944736e-01 1.576005718133778044e-01 -1.885997572837819214e-03 -4.166775520526901089e-02 -3.711628388475368134e-01 3.308158756618341800e-01 1.833239325049788870e-01
9.172273685448135983e-02 -1.215544865163874777e-01 -1.673816304734614679e-01 1.067606434355601042e-01 -5.345282833908100439e-01 7.678090400745747612e-02 2.273007575299672983e-02 -3.912090098230627810e-02 -1.129736529995120919e-01 -3.929743937532459985e-01 2.816238605668775485e-01 1.277317500011233287e-01
1.479677899474320935e-01 -8.640815471492790945e-02 -6.624492400574924500e-02 3.739348437151204796e-02 -4.351311040187789136e-01 1.896077375637965912e-01 1.262391058156062951e-01 -2.177573640698341195e-01 -2.019419284178036456e-01 -4.412614739152564414e-01 5.034937226487290474e-01 1.175850231348743308e-01
-1.093362462852211399e-02 1.065916431107985229e-01 -1.236747480587240267e-01 7.097552020865977029e-02 9.619199689000215714e-02 -1.147032002463102690e-01 -4.837641600976835127e-02 1.169114649697707703e-02 1.542249464035673652e-02 8.426652315085580644e-03 -1.081540626580338726e-01 -7.009287915635133148e-02
-2.715339572305360688e-02 1.508584782816659309e-01 1.174817242993981825e-01 -8.204173770351200212e-02 -7.304489727545143696e-02 1.191892914187181879e-01 -1.307704437471228671e-02 3.519717983561734820e-02 -2.909435412292999540e-02 5.821532106639620840e-02 -9.151764594271674658e-02 -2.298029121570636935e-02
-1.098257552168350852e-02 -3.351873930488544900e-02 8.851943746314192007e-02 8.741457572574579116e-03 -7.200385827394956140e-02 1.627814329191177578e-01 1.149149528615893943e-02 1.174281293683951816e-01 -1.243901878793064464e-01 2.167890642613087837e-01 -2.310915363469438766e-02 -1.004345175537204732e-01
6.736484575231478644e-02 -9.317515945454274418e-02 -1.327685651126757002e-02 -1.082850443157698170e-02 1.949882201775813770e-02 -5.107656528341945890e-02 -1.476952512698047892e-01 1.017742245066100004e-02 -1.536521661704405919e-02 -2.679191619321906817e-02 2.374427934955877090e-02 -1.712714400964459871e-01
1.110614276908247627e-01 2.094143247754064463e-01 2.876508591578426643e-01 -2.182460426681444854e-01 -3.438161130302157947e-02 1.407820891859696555e-01 -1.074002471655804564e-01 -2.353848134435056194e-01 -1.546793106549140540e-01 2.224652743173898828e-01 2.461580948399371971e-01 -1.554892254567875332e-01
-3.253502979403610773e-02 -3.735503804026035768e-02 -1.395698136507700637e-01 9.277047171785207658e-02 -1.457583650419891873e-02 -3.225627024282728267e-02 -9.536282957965625320e-03 2.388124164555333398e-02 -3.718995115667297208e-02 1.251629266870002422e-01 -1.103481206960741853e-02 3.582060762656744113e-02
