-1.207152191206382730e+00 -2.175285554530772103e+00 -1.298590055095460993e+00 -2.211042254754628011e+00
1.117952651109975104e+00 6.352971698783542731e-01 6.476018830607918053e-01 -2.157421901091796101e-01
-7.146916971553091136e-01 -1.811049900601528817e+00 -2.265668862182024679e+00 -2.483619211211478994e+00
-8.954576635660441153e-02 -1.950877198538104595e+00 5.427225978062599765e-01 2.381733184242839085e-01
-8.978029847123184526e-01 -7.105447813868016604e-01 8.731693399495746855e-01 5.226973079080070583e-01
4.128410215652497106e-01 6.690055809290001987e-01 1.099951286614881063e+00 1.849640082001327901e+00
-1.488075351177952976e+00 -1.813328806992871911e+00 -1.410299225302900306e+00 -1.618404515384975761e+00
-7.435828673582752790e-01 -3.350358000353551580e-01 -5.191329134510243026e-01 -4.311260575012828000e-01
-7.140341891259605056e-02 -2.819906644131831008e-01 5.880966088863417290e-02 -1.325296574210216294e-01
-4.752527053383757694e-01 -2.178442833099662190e-01 2.567364366594803715e-01 -4.804131100699671753e-01
3.947118046265254421e-01 -1.738235334624073092e+00 -8.802663466587276053e-01 -7.584319279613725984e-01
2.696767816426326458e-01 -1.503224699726335878e+00 -1.278834759574549063e+00 6.651571352958541850e-01
-4.674928422321661392e-01 -5.586537777390627735e-01 3.354389331948466157e-04 -6.742554577479752120e-02
-2.692861055695100481e-01 1.872893880278927448e+00 -3.510323524281356300e-01 -1.858533046957211665e+00
-4.252218015329083389e-01 -7.893418997227942269e-01 3.279056168223971057e-01 -1.875211443338022921e+00
-1.341454423222225190e+00 -2.510289320741712960e+00 -8.735561139171651446e-01 -7.129638237172164494e-01
5.643669087820656349e-01 3.183332747841431942e-01 9.392980159353619962e-01 9.606220898682460430e-01
-1.567002949292196412e+00 -9.027207945917352649e-01 -4.102219323731747247e-01 -1.020561229402046521e+00
7.058549030055555340e-01 1.971524844696229017e+00 9.865240175359556440e-01 -7.024000535311261117e-01
-1.785902496533879225e+00 -2.618097383251417054e-01 -3.324676019239065083e-01 -3.644048365277994250e-01
-2.691215018388274371e-01 1.976461081885213078e+00 1.178396923621070069e+00 7.836081303917461494e-01
1.403183769941853898e+00 3.536484582508166441e-01 -7.900617383386471237e-01 9.662857308263936851e-01
5.953278588270775190e-02 6.473444343690289982e-01 1.318131699661789606e-02 -6.822862074392356257e-01
-3.383317408647796842e-01 -1.591170254746993695e+00 -1.746418795273366964e+00 -2.990474570909227747e+00
-3.418378980409924051e-01 3.884594649453886883e-01 -6.037527235169911632e-01 -1.894562265295569370e+00
1.181209693908633174e+00 -7.111859089906242826e-01 3.276659618680245467e-01 3.579746843502988329e-01
1.271385305487163553e+00 -1.767670461121462200e+00 5.888358487664968610e-01 2.603192347715653554e+00
-1.605881236206546214e+00 -2.153474542687365378e+00 -1.029614066213729862e+00 -2.883229434349779297e+00
7.513049726004004114e-01 1.184793846928860139e+00 1.326905685762709730e+00 1.022969768863907669e+00
2.943553045691540415e+00 1.417023221616681372e+00 1.397373301208107765e+00 1.521576073476020863e+00
