-1.703380039191467299e+00 -2.529769803250873306e+00 -6.920722905814730153e-01 -1.178189217604773020e+00
1.867102462038313204e+00 -1.629863559621288260e+00 1.363125669319045219e+00 4.310666769571976253e+00
-1.504346474458523764e+00 2.414511322084317291e-01 -1.073342703488651795e+00 -2.289434416108665715e+00
1.285723270163512399e+00 -6.232239330461556426e-01 -1.526861468456885140e-01 -3.106161236942787118e-01
4.406379596097537710e-01 2.886324297428942476e+00 1.327499878560074231e+00 2.430559496407856956e-01
1.182752491305981035e+00 -1.448356634552359523e+00 1.127878807146914353e+00 1.047532815450513466e+00
-1.694996403491870751e+00 -6.961608645144463647e-01 -1.399385002710343384e+00 -1.989678692043731267e+00
1.064893415707379276e+00 2.068251352923083708e+00 1.088261210661821021e+00 1.853802414223403305e+00
-1.857578548295425680e+00 -1.557483368354839914e+00 -1.725334045543438721e+00 -2.350212550928628019e+00
-6.951790661756848122e-01 2.219452336019467342e-01 1.461130595783061703e-01 -6.133523239775299229e-01
-3.305065258770913394e-01 1.591178212727495378e-01 -1.067884944079938059e+00 -1.531314591464831176e+00
-1.310256357100876956e+00 -2.996419527585132414e+00 -1.992730928858754913e+00 4.999456166447309169e-01
2.479559491042716335e+00 2.307730236757992603e+00 9.615065603530524863e-01 1.264053014868191382e-01
4.780536396121705667e-01 1.808856815943503893e+00 8.468351402711077336e-01 1.560102056644560253e+00
-6.514411511221451789e-01 1.905287089368195852e-01 3.020514285625850587e-02 1.267726576375141079e+00
1.617114164253762976e+00 1.816624371758237544e+00 1.053928377628528201e+00 8.508381116051142445e-01
-1.044025856851936718e+00 -3.321881811807469997e+00 -1.093274157310504480e+00 -2.210094897532631997e+00
1.777037765166384231e+00 1.920700829144699195e+00 9.966444057880743390e-01 2.412580135233754586e+00
-2.079073343909310534e+00 -1.002322117190525885e+00 -7.914562839488726853e-01 -1.063550972979848463e+00
5.698868870593755132e-01 1.671037140994406700e+00 -1.677372160411365054e-01 9.594942008404249156e-01
2.507315255544893470e-02 8.199206926454072342e-01 6.673779669513151269e-01 2.728625301925375335e-01
-3.461837375173038023e-01 -2.850527123169670496e+00 -5.879862685079847440e-01 -1.549779450412929416e+00
2.185688435245665417e-01 1.141134860451904709e+00 -7.236102453087777109e-01 -5.707127884853504529e-01
1.084034477147699294e+00 1.519110393686791571e+00 5.810079443531335208e-01 1.314850077068674628e+00
1.294620714728235589e+00 2.199521392886423232e+00 5.684770689465673543e-01 4.370916315795596030e-01
-8.614569707235346652e-01 -4.422078323956201706e-01 -1.292517792975797830e+00 -8.034652086867407617e-01
-1.683593276518242643e+00 4.702684402962507004e-01 -3.311063678290422918e-01 -4.624892678002044955e-01
-1.604910004987307515e+00 -1.344651699055660954e+00 -1.910572927844160329e+00 -9.765826688648360232e-01
-9.075487003336857317e-01 -6.795663367220563522e-01 -5.834109063984160848e-01 -1.364655380880518187e+00
-1.335993892505277225e+00 5.833513173830874310e-01 -2.479114043171570803e-02 -2.933630702359814046e-01
