-1.705354692940956651e+00 -4.846380421789240889e-01 -2.366359043883194402e-01 2.411649736001589606e+00 6.532553256171013123e-01 -2.847579035399098180e-01 8.622313012626693363e-01 -1.439818833122049169e+00 1.082230451910062702e-01 4.430873691806115344e-01 -1.450252826753980706e+00 -5.983699333814248567e-01
-7.509272897200204300e-01 2.091985851851087541e-01 -2.117026442802008301e-01 4.513333807467023173e-01 2.321187950833685509e-01 3.420813887119755758e-01 1.232358896593051256e-01 -2.265338777617565552e-02 -6.602790301137876350e-01 -4.606367485709461640e-02 -3.021808025500770031e-02 4.754017445428870836e-01
-2.004848922593549077e+00 -1.145216241096749910e+00 3.323634413704177337e-01 1.199610319376843481e+00 -1.963353445524156360e+00 1.497879460975455546e+00 -4.486353834475055244e-03 -1.172143256464900807e+00 -2.280435018180420492e+00 -2.299301680957478666e+00 -8.164236392366346351e-01 1.977154366194690649e+00
-2.218591705478074882e-01 -1.098625671657040698e-01 9.735934008613373880e-01 -7.091816373593174960e-01 -2.896652591272580457e-01 1.609010421606180685e-01 6.060755461115605591e-01 -6.751588179442856719e-01 -4.664479123304386410e-01 4.075888050088021797e-01 -4.375177106751851897e-01 -1.655087042202471936e+00
-4.929394104481116257e-01 7.841999826863208511e-01 1.095025494478905292e+00 -3.148008189690280068e-01 -1.436634074306022690e-01 3.881543642162673113e-01 -2.716325682230414928e-01 -7.058729937073348060e-01 3.974406107716852987e-01 -9.567735680403094412e-01 1.278911497102006356e+00 -1.385582960382988560e+00
9.031213534575792679e-01 2.499807567173803591e+00 -1.699562953649975450e+00 -3.241107176308557936e+00 9.560211872927233678e-02 -1.185158349219715274e-01 9.071723736595374565e-02 2.975366837991976876e+00 -4.151474891962819713e-01 1.514802716275459149e+00 1.304473598220586839e+00 5.785945751580696683e-01
-1.847616873597125731e-01 6.327795858288415287e-01 2.827233358564315568e-01 -7.292372241322671034e-01 -2.181467945774110961e-01 3.803782821551048299e-01 2.836027053787707475e-01 4.982917368282835380e-01 -5.820086988273422968e-01 3.312477083059382488e-01 1.017242428262114418e+00 -8.869281498592231916e-01
-4.234486711261498115e-01 -6.399016378086881396e-01 -3.045981921436947959e-02 1.286235325912074012e-01 -3.810018545017076486e-01 -2.415351450703064062e-01 -2.749429138595104183e-01 -1.962563360486303116e-02 -3.887119319065395207e-01 5.433959038143278963e-01 9.466372041327382192e-01 1.026032355256432327e+00
-1.801007924586037090e+00 -9.421587844828889224e-01 1.947577732457330457e+00 1.849166373385443263e-01 4.841589638901722115e-01 1.238565808799554580e+00 -6.288833041521433298e-01 -1.046772336361394329e+00 8.160831265709592164e-02 -1.543501786052401681e-01 3.144494286913739334e-01 -8.302713865161567286e-01
4.074173529105846736e-01 -4.143527367792793070e-01 -2.336731504020832240e-01 1.341003493504160593e+00 -1.369633456378702263e+00 1.155240023374545899e+00 -3.114504435393047999e+00 1.254951362049136376e+00 -1.064818045134377389e+00 7.426467738770134996e-01 -3.970257643137942161e-01 -1.990646144403838580e+00
-1.706286288508620075e+00 -6.268482604729204155e-01 -5.146672399742486803e-01 7.001919479152388104e-02 2.112374951824931568e-01 -1.541859688455007094e+00 3.886370931449092958e-01 -1.956431530936448393e+00 5.906175287224357806e-01 -2.394600358907889581e-01 6.749497993437274523e-01 1.018140765289364813e+00
7.805715724505737363e-01 -1.640371512949812871e+00 2.245516481432770772e-01 -2.256580139739906343e+00 -1.926446767953462480e+00 7.068889393154406675e-02 5.579899121718421284e-01 8.262237406751071767e-01 -1.658909117463203131e+00 1.345805082094797767e+00 3.631526742115573914e-01 7.998578289839709532e-01
-1.354282921340017154e+00 -6.642630934457664782e-02 4.849797296997764295e-01 8.673824074482521240e-01 -5.434995685526796683e-01 1.697705117314781909e+00 -3.848605362202844327e-01 -8.511298732922686905e-02 -5.351549077196994242e-01 -1.796297179841971903e-01 1.218661934769159766e-01 -1.311988129182540819e+00
4.513506943290414020e-01 -1.803360073916207007e+00 -1.683674761711593026e+00 1.300990470893060413e+00 -3.333567618339954297e-01 2.997771288742613269e-02 -3.009858093451330596e+00 1.014583681029342710e+00 -2.124627168430040847e+00 3.725201709612273038e-01 4.246121840564283656e-01 -9.230936926943265064e-01
1.618369346761640459e+00 -6.463124739337750002e-01 7.207875048576001253e-01 6.295955274689584158e-01 -1.638473593268127693e-01 2.936677089679943370e-02 5.462520782666584473e-01 -7.640721289691104756e-01 9.686839847722351626e-01 -7.168757716984428541e-01 -3.868500823838020297e-01 4.566229317551642741e-02
1.161981143887074852e+00 8.097739139428888899e-02 1.484685369916624254e+00 2.191201583304646372e-01 -1.509432848213118961e+00 -9.896294708593893208e-02 -1.992176273293286393e+00 3.633933457300376202e-01 -2.007840214971987614e-01 3.002491302590629907e+00 -3.267403878474379186e-01 2.959465034986568099e-01
1.270562483017522171e+00 1.862081833817866988e-02 -8.095398831131377371e-01 -1.453165594083315693e+00 -1.599493457207786351e+00 3.305588248374696780e-01 -5.106350335053067013e-01 1.170137188028324227e+00 -1.200999250882992087e+00 6.285556659431786042e-02 -1.639567072281774007e-01 8.173543116419625942e-01
2.590851871395080663e-01 7.265967821205365773e-01 -2.191342245833545130e-02 -2.860847806786989134e-01 -5.866726478237324072e-01 1.110954085295815297e+00 1.458757904948107531e-02 -3.670647877618555821e-01 -1.756176174444069593e-01 1.310823064919895697e-01 -3.359233686116869233e+00 2.420866799014813608e+00
8.648790310905376533e-01 1.164480086057013974e-01 1.811746680577327684e+00 -9.537167641593075063e-01 3.207505516227883158e-01 -1.451561168267678559e+00 1.780633536984155052e+00 1.469039294581463428e-01 -1.587289545695537984e-01 8.262394906929532157e-01 1.441975397253793645e+00 -5.832088224092857320e-01
-2.529181210459702754e-03 -6.783628969048115520e-01 -2.167517147687146595e-01 1.542976443724805025e-01 -3.328484536094159507e-01 -2.090111907471492003e+00 7.398423728004034361e-01 -2.457233868612254568e+00 8.032847277710184475e-01 7.862117886962088908e-01 2.222828896293040091e-01 -1.992524445562419144e+00
1.135372675899975620e-01 2.736099885139615662e+00 9.309472539317735773e-01 1.595759182418902355e+00 1.378258683661035544e+00 3.491904299117998822e-01 7.991883993260399943e-02 3.903884637066327712e-01 1.687187205797785250e+00 -2.492002117645160997e+00 2.684928773420043879e-01 -1.750790567363684769e+00
-6.428580290222465354e-01 -1.148562103867939443e+00 8.211355314080222012e-01 1.650743708642227414e+00 3.763283497438039138e-01 3.624619242029996635e-01 2.987687073204425836e-01 -2.779339747832060503e+00 1.578267598284988527e+00 -4.186186194387118698e-01 8.254190958399350020e-01 -1.161489488142896986e+00
2.542963396882297680e-02 3.806641651902786250e-01 1.238395518038261756e+00 -1.675561038783668355e+00 2.018476490884189900e+00 1.687764419316173159e+00 -2.913720552559496690e-01 2.401880104000229388e-01 -4.522461967481598011e-01 1.630560358730126280e+00 -1.845724408334685318e+00 2.673050198719592707e+00
-5.462615643718576885e-01 -6.355892332123320720e-01 1.741011879824988784e-01 8.735175543084892080e-01 4.545177313861816781e-01 -3.335387894324410851e-01 -5.538707322455943549e-01 9.612323448406835669e-02 2.092692322061945609e-01 9.863207216842323488e-01 -3.443701747617108899e-01 -3.354294196846139275e-01
1.753226287666249883e+00 3.710181616791133341e-01 -3.525364240030797180e-01 1.974959368561457485e-02 -2.321125121439413519e-01 5.577289003358946173e-01 5.894215538794301823e-01 8.552084080969294400e-01 -8.101763497096500233e-01 -2.453741694211332813e+00 -1.514784238777733938e+00 -6.796004559651414034e-01
6.565757724283413088e-01 -6.035126938163598576e-01 -7.719065030261353100e-02 -5.593970692342618012e-01 -2.571237256668518212e-01 -7.165998278415091072e-01 4.902580377937079681e-01 3.722104970881003894e-01 7.067647814532369566e-01 -9.457952996114360467e-01 7.684629615232536626e-01 1.429689544231602938e-01
-1.126462557844456258e+00 -1.670137650351773750e+00 8.759783452493137279e-01 5.654120894458436464e-01 1.104333230347690264e+00 1.710818982882458039e+00 -1.211124504062698476e-01 -1.488250556572137118e-01 2.565320816989502539e-01 -2.211453847498445313e+00 3.036620834057108809e+00 -1.842642671070986671e+00
2.150965764512773049e-01 -6.176087680112697376e-01 7.205955822314040471e-02 -2.139137646936137005e-01 5.266515739178606603e-01 -8.996442829816008180e-01 -9.639942775679899087e-03 -6.725191380513996231e-01 -1.450725520940658875e-01 1.293166793537071868e+00 1.098187042795953472e+00 -2.793853074106600887e-01
-5.693014176323697439e-01 -2.174424518792441030e-01 -1.006941060975597851e-01 4.378724621371697934e-01 3.669335908609258623e-01 3.981703611324212688e-01 -4.044714441485995904e-01 -9.454458058393752640e-02 9.133426555192612761e-02 -3.730542627158034419e-01 -3.825386601832693745e-01 8.665693861799512732e-01
-2.126308536275110406e+00 -8.879602244277744472e-01 -3.998914856887320068e-01 1.756053694745503269e-01 1.024730184349916806e+00 -6.985823987212134156e-01 -7.755134540530042031e-01 7.654955261829835544e-01 3.852103322839967037e-02 9.509023527097161532e-02 1.294642822896186818e+00 4.258867382409327051e-01
-8.247588302255166870e-02 1.224759837881812807e-01 -5.534119856272323723e-01 1.073696745912314787e+00 -1.652878226418031393e-01 -1.738850006721140429e-01 4.683814277343736898e-01 -3.512672946704021443e-02 9.373040199842782583e-01 -1.061954934783953197e+00 4.836697468487183293e-01 -1.063022976649868667e+00
