8.267641996942681759e-01 1.940871344584005564e+00 4.085386540321004345e-01 2.242420758654313673e+00
-1.924517649905060690e+00 -1.146027087684726276e+00 -1.255430973775795156e+00 -2.827571249096117456e-01
-1.368733300950268239e+00 -2.059829142522322520e+00 -5.377648167123602052e-01 -2.119767237663889858e+00
1.891666860873741918e+00 1.722713469850906121e+00 1.768384704766853055e+00 1.176303284152389050e+00
-6.684441512731069401e-02 9.686145846779889990e-01 6.865394221359530924e-01 1.687685738149266035e-01
1.798641844854779182e+00 8.936142944149328970e-01 9.535026304337342884e-01 1.037333460786572514e+00
-1.536557075973039588e+00 7.628320659588238017e-01 -1.606391565055723225e+00 -3.168261570568651209e+00
1.032057931034704668e+00 1.696789889817218455e+00 1.652064617628058452e+00 1.600992346138705003e+00
2.311502159614735596e-01 -1.418410347065912180e+00 -1.665775448382869964e-02 1.775728542230652796e+00
1.717376623690566095e+00 1.297775091620417154e+00 -7.816568943522951285e-01 6.460687702486097583e-01
1.613479393352840630e+00 1.457755167409215291e+00 1.734398651635971067e+00 7.508984584872983037e-01
-5.466163540504091756e-02 3.659661640991008213e-01 5.541354704062486647e-01 5.582650053195052919e-01
5.304655524645681686e-01 2.084393801579147887e+00 1.307064472356570972e+00 -4.071070684314228583e-01
-2.566908196679750898e+00 -1.187218641770044103e+00 -8.679937831249082691e-01 -1.035144102880036110e+00
-8.760958814440068521e-01 -1.162807849126406223e+00 -1.003076212542584056e+00 -1.627170307620976253e+00
-1.119745678655288179e+00 -1.187195785573419649e+00 -8.662649466897180961e-01 -2.277204910616737354e+00
1.238319387769299063e+00 1.373828299724541235e+00 1.464253899555891580e+00 6.839192252466505528e-02
1.736860749715154917e+00 1.596064106137824901e+00 2.134948952855905357e+00 2.498386990182216660e+00
7.554543818817086587e-01 2.291091914709769028e+00 1.747804358866372310e+00 2.234158673320664423e+00
1.070784111458397581e+00 1.414214875821673045e+00 1.118967908550391410e+00 1.394382007606313367e+00
-2.445018666035091215e+00 -8.524697807230467994e-01 -1.372906434703573986e+00 -5.630370256751890956e-01
1.325878842192368401e+00 1.097810539506332894e+00 1.183766701027246349e+00 9.995942769645776993e-01
1.384318843270737620e+00 9.348468787668963165e-01 1.396086980471135330e+00 9.365834845825832256e-01
1.472186574631398237e+00 1.446007993479895282e+00 1.687818524612918480e+00 9.774959440266581256e-02
1.472914240934655838e+00 2.049630216436549635e+00 1.512805023029546003e+00 1.090359938692992525e+00
3.450812527225288751e-01 9.814153524786828342e-01 7.740348691683914817e-01 4.323887513559167561e-01
2.158897846895700745e+00 1.103280303201285228e+00 -3.111083818317353922e-01 1.786432688422758597e+00
-1.275030465139100233e+00 -1.673317188532258415e+00 -1.230482299149109338e+00 -4.539164454415633987e-01
-2.468752488299203185e-01 -1.948415721445620752e-01 -9.395217933009858413e-01 -1.548595573355844079e+00
-1.433252247583281624e+00 -4.978789246779192768e-01 -1.309513338734721088e+00 -1.030352341581214581e+00
