8.013179660609498489e-02 3.564900464224203258e-01 -9.334183078713632203e-03 2.539362489299492043e-01
-5.498322527652818592e-02 2.658389948574699235e-01 -9.252928469802389200e-02 -2.832318881727413085e-01
-2.158363705566534729e-01 2.977245065094121790e-01 -4.182601033969252646e-01 -3.676309382073427723e-01
6.883411588567195372e-01 -3.930842253840462486e-01 -2.230466189457856185e-01 1.141598998687848587e-01
-9.651419095812811821e-02 -1.963190009363674771e-01 -4.162189066307112051e-02 2.372445046805843616e-01
3.278690640583828975e-01 -2.150049002528124364e-01 -2.139897164684510245e-01 7.736236343347221989e-02
2.613434197699261996e-01 1.194088141110289381e-01 -5.148750007557647557e-01 1.497307704192601119e-01
-4.039013844887497928e-01 2.829754492249511588e-01 3.803846864033528785e-01 -4.503719165603141394e-02
1.036497497428917336e-01 1.442188699715076794e-01 -3.130806209683275471e-02 -3.009743266106276183e-01
-1.586940811088365377e-01 1.473264132536747928e-01 -5.840113520952584514e-01 7.959160102327896003e-02
6.770828016382718362e-02 2.069997965937680762e-01 -3.414592408249175204e-01 5.601025316279643201e-02
2.151348168013136331e-01 -1.578459300425326672e-01 -2.379147990943269175e-01 4.048830930104916348e-01
9.127759009812912161e-02 2.683004871649794509e-01 -5.219779735287206623e-01 -4.808808785821870879e-01
-5.748238145337267735e-01 2.985036358817236279e-01 1.080479296453012578e-01 -2.328484113606874295e-01
2.805427040612545886e-01 1.231237946592809857e-01 3.912275584157401398e-01 1.941949671763416319e-01
7.335417689261522489e-02 1.830171998016789647e-01 -7.156102066712455301e-02 2.434492842400415857e-01
1.310286729958527741e-01 1.759319284656616911e-01 -4.218214803096997922e-01 -6.478015976997749670e-01
-3.362579479127912885e-01 1.831872774594390518e-01 6.722336651335618363e-02 1.168764551621544467e-01
-3.494087218477508194e-02 -2.367421240502485813e-01 -2.330502746684043058e-01 -1.788018328053674055e-01
-2.051670963122228519e-01 -2.414495377267954490e-01 -3.984876731963586383e-01 -6.352712095282027349e-02
-3.195831619624283637e-01 -2.065584184328146111e-01 1.542685701994508940e-01 1.865002981554543249e-01
-6.009450182028004406e-01 -2.928996050706738075e-01 8.071882684851051648e-01 -1.912301131109131469e-01
-6.523030342216191713e-01 -4.136132140611085972e-02 -1.109418226838505411e-01 1.336670839220870377e-01
-7.795214391646070051e-02 1.360504264882331227e-01 1.584378945800649918e-01 -1.639298211860737431e-02
1.627247552240937076e-02 -5.307254230568512338e-02 4.960780889513023983e-01 4.952936075021545197e-03
7.823065678492241437e-02 6.010368342140697262e-01 6.207543222898571911e-02 1.636949076975365291e-01
-1.813421538479544348e-01 -2.167903890917929899e-02 -1.600291903224457524e-01 3.045998789800972717e-01
1.720998560860594051e-01 -2.032650980588333600e-01 -4.173015553168014230e-02 -1.036590508287942858e-01
-5.259169835512175067e-02 -6.864745494513374569e-02 -4.268522476552278344e-01 -3.504378317722370850e-01
-2.443240619529487845e-01 -1.295977124037900607e-01 -2.266533037588455146e-01 1.200702423850631140e-01
-8.748603407279573196e-02 9.665042204440180140e-02 -2.800024322006979260e-01 1.844853481351322044e-01
-8.516145082117641818e-02 -1.831054532865110107e-01 1.141983939661619096e-01 -1.281530915886235911e-01
-3.523319478602761068e-01 -1.168424104167904015e-01 -8.984560978027722120e-03 -5.167197154403516818e-02
2.154985068107269919e-01 1.277348917601072720e-01 -4.921554985735885901e-01 2.050391325233620610e-01
4.229214687410340345e-02 -3.121285637135881030e-01 2.098245738199894794e-01 4.550799082111401522e-02
1.524346465396020922e-01 -3.956300101904807742e-01 -7.290618010450403141e-02 3.531435849437036811e-01
2.848744793621545979e-01 2.445166732522940645e-01 5.911983415945325504e-01 1.442905213236524986e-01
-4.911592145036836055e-02 2.624731320235335064e-02 -2.401644803035210274e-01 -9.565358255559569534e-02
-8.582672630771441546e-02 -1.252302566588406330e-01 7.244483739126344676e-03 -1.057033786665502739e-01
