-2.176503193512517864e-01 5.785261612585044233e-01 -4.429147756156785742e-02 1.347045913110257176e-01
-2.270762183027192349e-01 2.682052865609120262e-01 3.996256280228049212e-02 -5.784957297604203380e-02
-1.448770448056713178e-01 -2.479229225948925697e-01 5.659936303567759674e-01 -1.005078376820362079e-01
3.510047744245800572e-01 -1.957022621834614839e-01 2.056636634514093787e-01 -1.727532598608265968e-01
-1.242608836563416780e-01 3.644936241047531666e-01 2.261395160792422920e-01 1.793082569615462862e-01
2.629224137513376525e-02 -1.995122488067178623e-01 2.893782405735419450e-01 1.025788129116318032e-01
-1.961814168096625288e-01 -1.308098094940912670e-01 2.382378409387866658e-01 1.841880352636756368e-01
-4.290171609103235473e-01 2.788532627983139611e-01 -1.381427001862211776e-02 -3.173633342419381886e-01
2.479010870639839770e-01 -1.591793294957336569e-01 2.502967086718356771e-01 1.235722314503336638e-01
8.000261195351437982e-02 6.990161228876826290e-03 -5.617223078136205361e-01 -3.864339113183256069e-01
-2.224169915113178176e-03 -5.326983662326360142e-02 3.438485163502558173e-01 -3.171688162388469068e-01
2.202341834910575558e-01 1.037134699493330939e-02 -7.828082228653840402e-02 -1.646511738303464978e-01
-1.463377062294565212e-01 -7.577039166379360979e-02 -4.071716821095813788e-02 -2.934266084371472960e-02
-6.176258444969822126e-01 -1.128216854726142443e-01 2.884623784334215402e-01 6.126653932983099071e-02
6.358036959842669478e-02 2.255079958971173762e-02 1.603363652876177159e-01 -2.141635932666708653e-01
1.659491595469913261e-01 -1.468050657297948966e-02 3.487706639394263508e-01 -6.376598683829066971e-02
2.510659961992544806e-03 2.737921767368702367e-02 2.176173770383015016e-01 -7.839271634857584992e-02
1.175519478057452938e-01 -3.770213431230872159e-01 4.329670143360607182e-01 1.303623408252591563e-02
-3.013771091759308574e-01 -3.729155718892810528e-02 6.682309677730255970e-01 -2.150619162833035738e-02
-4.609324327901589968e-01 -2.516334521494100751e-01 -1.477676450375642325e-01 2.213683212148388757e-01
-6.793169475726710260e-01 2.184801093081905066e-01 -1.895055418880569886e-01 2.436319512802272158e-01
9.169786575965241382e-02 1.342747727443024605e-02 -1.641580140554582679e-02 4.320938293202960523e-01
4.511834408770513116e-01 -1.971436101736680768e-01 3.029620806711737502e-01 -3.754547030087987958e-01
2.993965167154320484e-01 2.064510650749240006e-01 1.742949907647833863e-01 -1.078790866581962188e-01
1.025347385103455994e-01 -1.493186568464909512e-02 -2.169639461171155633e-03 -2.983946547956845552e-01
-1.964657840500115896e-02 -2.028725997161119621e-02 1.323722474256723292e-01 1.312885882794858627e-01
4.336651832439668564e-01 8.528765338155937931e-03 -5.889974518785519031e-01 4.018544804843841578e-01
3.571044977138617682e-01 -1.959701951734417191e-01 -2.132103786615519581e-01 4.346208239123939276e-01
5.376092763007717101e-01 3.030933848149429122e-01 -1.170240135081831445e-01 -1.080069914838767131e-01
3.970332334875311536e-02 6.785925281924991559e-01 5.627370421274246332e-02 1.295509944079071456e-03
