1.733920697027431790e-01 7.870116900877105470e-02 5.711237590627973176e-02 -1.051728056124713179e-01
1.629994933085054110e-01 -4.311234723903108468e-01 -3.428450274650775564e-01 -1.210387666331049356e-01
-5.647095408400710781e-01 -7.033969623264448023e-02 -3.534950905994196924e-01 4.446876899470778577e-01
9.426031126493281120e-02 -6.333713334668775174e-02 1.762184209501571619e-01 2.694673556656044799e-01
2.009926147067149782e-01 -1.689409918326206239e-01 2.419357214037234083e-01 8.134120232250204030e-02
8.380599693444028275e-02 -2.535549902783714726e-01 -7.360992846241400100e-02 3.180455238135974638e-01
5.059739139166361532e-01 -1.444845507369907633e-01 -1.719348929378154700e-01 6.923134020350897588e-02
4.210113764385913782e-01 8.162566693156197983e-02 -1.592709463514168644e-01 -2.360955637026054266e-01
8.658248956079647729e-02 3.455008685219500553e-01 -2.156422421972635783e-01 3.609918822092200719e-01
-1.477375447853425949e-01 1.002973159235394233e-04 3.155289411252379383e-01 -9.473619570044661264e-02
-1.055914766409222633e-01 1.934507170975861556e-01 6.628522214952572988e-02 1.690615014657122772e-01
-2.040020745515594772e-02 2.432721479782049695e-02 -3.519957290092706574e-03 -3.197716532486978847e-01
-2.289956614090540507e-02 2.092973878871874915e-01 5.525227220344320900e-01 1.483394033280740487e-01
-1.008425327351780976e-01 -6.148035702246441164e-02 9.249840758685236308e-02 3.238563979261828707e-01
-2.608317126797781160e-01 3.429469127230549419e-01 -2.302272791032750343e-01 3.078226592203050366e-02
-3.989921932821212658e-01 1.408633138179821165e-01 -2.088414819455245569e-02 -2.925316959313840059e-01
7.531642417742030748e-02 1.867923095765447461e-01 -2.592671905826804957e-01 -5.612082665840204543e-01
-2.801025030716136621e-01 -8.239495497560427317e-01 -1.988165484322749199e-01 -8.597091305024004426e-02
-6.620201514898291228e-02 1.444463659114540444e-01 5.142155792192028008e-01 -6.245228456178346377e-02
1.019141706471458630e-01 8.599999600878374673e-02 -9.599791612301297739e-02 -5.837625599398534038e-02
-2.291102792224424811e-01 2.763611929307548398e-01 -1.360010737581850149e-02 1.625382603955599359e-01
-2.087178161238522900e-01 9.832439085816034596e-02 1.361403460868887416e-01 4.244162495953415215e-01
3.343594279951603299e-01 -3.786885253656281647e-02 2.984347702456991991e-01 3.467370766948724148e-02
-1.197251239902379499e-01 5.753815367322993035e-01 3.411950821012743051e-01 3.586892314962228934e-01
1.635386760679345408e-01 1.232071176016769076e-02 -3.344917414689286272e-01 1.421152969385497955e-01
-3.819223561242209297e-01 -1.667409479536686445e-01 1.129886459114061263e-02 4.860422357041654928e-01
3.993598244887003323e-01 2.629659619085223179e-02 3.916278645075697562e-01 2.119093547993327054e-01
-3.877417788012387234e-01 -4.044949221239514947e-01 -4.438207427761831636e-01 1.004220370896105469e-01
-2.940094421820993453e-01 -8.913913372883074115e-02 -6.841628753542351726e-02 -5.906991820020813383e-02
1.539622827695198704e-01 -2.365317740002204072e-01 6.294537561300963396e-03 6.542021731647276695e-04
-7.807198654241458147e-02 5.100470810329432031e-02 1.941791851166773941e-01 -1.289942247831173394e-01
-1.143717920254633952e-01 -4.924104729620980558e-01 -7.411906996114343837e-02 -7.956874888488121855e-02
-3.017949457454788265e-02 3.571135304224012930e-01 -4.095464412297539769e-01 -3.354265817650201736e-02
-3.776445570641199234e-01 -2.128362105408736563e-02 2.685059282887181792e-02 -2.244996237539644002e-01
3.392704086469591762e-01 -1.084930996215731774e-01 -1.579372914025020114e-01 -3.120050784846147840e-01
3.834200486443266609e-01 1.166357483511495374e-01 5.958733032164523907e-02 2.704454654617757248e-01
-3.543431104861685665e-01 -3.879795479419154702e-01 2.196838380524191725e-01 3.960873128429513029e-02
-6.040128205192254324e-02 -2.295196853921957214e-01 2.945723906822704241e-01 2.782737391686286588e-02
-2.017602589251011880e-01 2.482456057186258891e-01 -1.417732594404853830e-01 1.897228509583654965e-01
