-1.075438577865254347e-01 -1.882074775240427655e-01 3.071870562214812361e-02 -1.622319006338735770e-01 -2.072028397073324285e-02 -1.488458207619387519e-01 1.946697845949482697e-02 1.560751367439256465e-01 -2.124805455328172554e-01 -9.940858984211900506e-02 2.298847136083553150e-02 -7.190439186593043826e-03
-2.156359900078786557e-02 -1.515780071761471393e-01 7.991826332035296965e-02 -8.523011865758740868e-02 -1.016149084513744139e-01 2.476242493984628402e-03 9.881187077860240087e-02 -4.961772655020022654e-02 4.717962446219364780e-02 -8.635272959990025754e-02 8.963034473448372452e-03 -1.328382884009307596e-01
1.091588616684480290e-01 -3.489243863263880030e-02 -1.634547590828909214e-01 2.514911581157584786e-02 8.185670054964315490e-02 3.829647674604570728e-02 1.956610755415992553e-02 4.999904588857778664e-02 -3.082082132276330391e-02 -7.791208254366770170e-02 -9.858975515249331079e-02 -9.017838613860018615e-03
-8.439349361857174936e-02 -1.007561258234157126e-01 -1.551921228199225084e-03 6.999227280595701761e-02 8.036147203452842502e-02 -1.276663401726268066e-03 2.045032625350611533e-01 7.859632469050532866e-02 -3.643377647115676743e-02 6.485734863748882084e-02 9.411197337486594539e-02 7.755369858380094239e-02
1.960881182753098154e-02 -3.129434562452566154e-02 -1.826462794341660034e-02 -2.733804414455723655e-02 8.807099969489132207e-02 -1.129448971317030259e-01 6.455861044075188182e-02 2.585678967378640843e-03 -4.767981565549253564e-02 3.932257110377782028e-02 2.826671971783911805e-03 -1.217673005503206729e-01
-8.740453727389525806e-02 -3.425881662317620258e-02 3.956822863698552378e-02 1.048421307629377464e-01 -1.492641445275738870e-03 -1.729107729937934008e-04 8.100575935276638218e-02 -1.109353105703320130e-01 2.144812068864700161e-02 1.160196931237642698e-01 1.093951873684464449e-01 1.453598463567587484e-02
1.127620169745086887e-01 -2.313162824401611417e-02 1.055326614826683912e-01 7.293595199808663998e-02 -1.893385242366463087e-03 1.010154006968076723e-01 2.239782865578395302e-02 1.418785664433492577e-01 3.288470530982351425e-02 -1.259487762252889387e-01 -5.364902032053216197e-02 7.465106663683341789e-03
-5.411628585850387918e-02 9.753692619893117310e-02 6.674709339798128895e-03 8.401286781172609408e-02 3.543362179435099318e-02 -6.760289828531064124e-03 3.434894513806263996e-03 1.553390970496759844e-02 9.474730593623303943e-02 5.120785303584053823e-03 7.168213035883429229e-02 -4.783645979351147659e-02
-3.274108966572182589e-02 -1.308744518764898002e-01 1.737430164229154805e-02 -6.522699284064936709e-02 -1.620291147731038606e-01 2.078526773034089850e-02 1.683291062211363376e-01 4.198936520855781063e-02 1.209792684876958568e-01 -2.561650149292584236e-02 -1.162850247399623872e-02 3.829305142183074551e-02
1.625263194415292323e-01 -1.221333648436670749e-01 2.021477031484879196e-03 7.663499951958953338e-02 -1.147468937252103111e-01 -1.120670676907367831e-02 -4.681029607613394067e-02 -6.766877409899945718e-03 -6.555614889627918440e-02 -1.666630018309250283e-01 -5.103541654652125892e-02 -3.549023492413234948e-02
3.225871528870995208e-02 1.489460980624199016e-01 1.273384024182436236e-01 2.846114059806406638e-02 5.339276991055055821e-02 5.156224785889205325e-02 -3.860783135971949942e-02 1.354494994938481578e-01 9.157950157854850837e-02 -1.254367288735644959e-01 4.718509034933333207e-02 -1.745053731014518245e-02
9.840323429276412806e-04 -6.049785383098821995e-02 1.069813252285390683e-02 4.690558152643684725e-02 2.549235434653174519e-04 1.356743872739567536e-01 -1.002919682052153538e-01 -4.778642713587797491e-02 1.308704887184094778e-01 2.171957861682777269e-02 1.404187299438559335e-02 -2.025882612515814488e-02
1.275496216320343157e-01 1.087668415543067146e-01 -1.055621392025381799e-01 -2.821272697846329003e-02 4.559491805650164875e-02 -1.162409284967670098e-01 -1.017875432563193350e-01 5.791492846127994920e-02 1.105993031683891875e-01 5.669664574218223618e-02 8.721327306431964077e-02 1.489076454211066547e-01
5.203387172826175536e-03 -1.175054827138936747e-01 3.074367765685787502e-03 1.386922653288218121e-01 3.546124120076202257e-02 -4.393639895867829798e-02 -3.248343513056978216e-02 3.578334145512118702e-02 -1.115303599579160199e-01 1.605080260962112315e-01 -6.864793073378815287e-04 -3.058038293243948991e-02
-1.140173251784066810e-01 -1.737949433148695128e-02 8.182748261571752557e-02 -5.822792640478033355e-02 1.003382677626986907e-01 4.365929171196623881e-02 -6.824398956862447185e-02 8.344633848009019861e-02 1.370317844579156397e-01 4.658192426432203326e-02 -1.610042113520302604e-02 6.600293268169264704e-02
-1.466975724345306598e-01 1.954719431739629365e-02 7.388756933573487062e-02 -5.030251780588185923e-02 1.369424494258930092e-01 -1.572356635699517086e-02 2.950667957066637273e-02 -3.950764822877729510e-02 1.106306062847838868e-02 1.253713519510493979e-01 -1.017604865408544140e-01 8.973459430636182566e-02
-1.114760127752962987e-01 1.360548876090392767e-01 -4.479787009791234148e-02 -3.331306283579767852e-02 -2.539078352790265919e-02 -4.792767865368178018e-03 9.649398368410458393e-02 -4.003885226569041389e-02 -2.988940658108650908e-02 1.849608903652219527e-02 5.119030576263775695e-02 5.249518981665655948e-02
1.358626962252140746e-01 2.193227050864090134e-03 3.173115672392964187e-02 -4.841825081307095380e-02 3.232278174040981167e-03 1.520743063189724728e-02 5.776975303824178481e-02 -1.832895790410959264e-02 1.135538407009506479e-02 -4.054416322441763143e-02 9.287347899374220894e-02 -6.116284211663237241e-02
1.803723255174628504e-01 -8.596540512905621878e-02 -2.274133791468394353e-02 3.950713121668823768e-02 8.102390543365503572e-02 -2.651959645243783317e-02 7.306555980499003511e-02 -1.222477410616707727e-01 -9.743641080039114333e-02 7.093575313661265591e-02 -9.410859839615133213e-03 9.838791372764978116e-02
2.716430145034147772e-02 -1.243054274890350586e-01 1.435258430839220778e-01 -1.071369096317256742e-02 1.030828489729839342e-01 -3.869935327463402963e-02 -8.710821988385118644e-04 6.740153829028772137e-02 -1.519946234492717055e-02 -6.194028967153634990e-02 3.752267902490792617e-02 -3.329566179289749489e-02
1.784545897373554166e-02 -2.934360724095673445e-02 7.214328515156057109e-02 -5.718971615302920891e-02 -3.848245940891606431e-02 7.133921441313015310e-02 7.258086259270248031e-02 -9.967533608948087043e-02 -4.816991493962440030e-02 1.009969347363017383e-01 -1.896139262396768776e-01 -4.830315150921347250e-02
-7.803079851440838932e-02 -1.151684074188349394e-01 -2.266161248827042868e-02 -1.502335821024883278e-01 -5.841217040255473197e-02 4.744577303962904669e-02 -4.305127355222487795e-02 -7.812134155870315011e-02 1.227550319426129050e-01 -2.340471399950916354e-02 8.214948345724001899e-02 4.985838525161608026e-02
1.884472008599959517e-02 1.334995510839362583e-02 1.251443669531180636e-01 2.896881427405283149e-02 2.129411238012159785e-02 -2.774139070583043348e-02 -8.637677620882240614e-02 -1.323844675423135886e-01 -5.784451241003210620e-02 6.545855244852116783e-02 6.739035724831449192e-02 2.306446300950833542e-02
-8.432082957758804675e-02 7.465616300494742896e-02 1.235356421068547622e-01 1.291787542024396551e-01 -1.123132687849801720e-01 1.670508748024171486e-01 1.099308444182070799e-01 -9.130128580809049321e-02 5.466850074134562733e-03 1.021941438288211934e-01 -1.295314942502089339e-01 -1.275615570168776511e-02
1.922231101820433274e-02 -1.085663815341862126e-01 -3.507536082770518898e-02 4.992871569104986862e-02 -3.619157037112017035e-03 9.090976239653854318e-02 -6.918649238086374553e-02 6.467153657571261122e-03 6.015342737373761267e-02 1.080542842348749671e-01 -3.211402886026033798e-02 -3.262139962434109502e-02
5.802364513303738536e-02 -6.607454183312713725e-02 -3.529752927101800081e-02 -2.908351156400439813e-02 -6.319399383986484819e-02 2.960154694971801892e-02 -6.167464510944598716e-02 -6.173243677969277032e-02 -1.649138860929109593e-02 -9.812102204236923531e-02 -5.975998242735548749e-02 -8.684092108795293807e-02
5.858971092120784929e-02 7.533789964983719778e-02 1.314183772413288296e-03 1.667464968918628276e-01 2.744742280034052212e-02 -2.914726916065839279e-02 -1.068694644448667380e-01 6.616180348022698832e-02 5.499560548053446241e-02 1.032454354094809387e-02 -2.329457616834114397e-02 8.175469024667049445e-02
-8.373874779458002904e-02 -1.201501799025956607e-01 -1.702909029818185094e-01 1.413509031346031897e-01 1.284595202090542676e-01 4.486994925620891445e-02 -1.657997259419503183e-02 1.099956327406113737e-01 -2.852859097789622184e-02 -6.514859231843538045e-02 4.882281125744920847e-02 -5.364125505680436556e-02
-8.347239749015875065e-02 -7.810405888465896118e-02 3.025937741922986313e-02 7.832720864658940241e-02 -1.129707107236653518e-02 1.487187422180112108e-02 3.637607459235930180e-02 -1.307256165967283779e-01 -1.359237321468879101e-01 -6.315461441076614113e-02 9.353277093472017745e-02 3.511567564767788252e-02
5.778067680383393301e-03 5.362045719654278189e-03 -4.097523612882983390e-02 -1.355569062002976721e-01 4.502857353567635973e-02 1.264211816995350901e-01 1.259100737325074063e-02 -8.222555503550497968e-02 -9.979925704517056406e-03 9.823439214937396277e-05 9.160135456627555017e-02 7.292101959027047497e-02
4.883933092007009674e-02 -5.698408741773419717e-02 4.493216139246809793e-02 -1.361402618994083380e-01 -7.036105093453152992e-02 5.379259000224043824e-02 -3.259225698943377103e-02 -3.583569362480289872e-02 9.135135830608540064e-02 5.722090395058934686e-02 -9.331439556489290466e-02 -1.177403460464934437e-01
