-2.628766085892059734e-01 2.999157447803435961e+00 3.896968174000652319e+00 5.163929024341578078e+00
4.028608529181487263e+00 7.783799444536758649e-01 1.046468732332512142e+00 9.384355846045971949e-01
4.442732186371740610e+00 3.549127729547775889e+00 1.640353139117640469e+00 2.197755183442142712e+00
-1.092006720389147700e+00 -1.562151122179996188e+00 -4.074236484601855279e-01 9.725910148127643318e-01
2.649059751211769509e+00 -2.707438714536144264e+00 1.287803238361343805e+00 4.162742095004655418e+00
2.560840644659821308e+00 6.363134296480255081e+00 5.131165896623218536e+00 4.776583851942912240e+00
-3.136474813937722761e+00 -4.301307694645608137e+00 -3.700333931437297164e+00 -2.489443469615946647e+00
1.285944826764414239e+00 -3.359500585321025246e-01 1.637071006150653041e+00 -1.790118320279814768e+00
-3.408040608819037143e+00 -2.145861232497229931e+00 -9.427087894272869750e-01 -8.672091335944043244e-01
-4.255183886279219507e+00 -2.931327710299086675e+00 -1.016777358277600074e+00 -1.843837532586551253e+00
1.243233621943381939e+00 4.266124769191783073e-01 -9.269492788459042787e-01 -2.230533020011848055e+00
1.088090518717562905e+00 1.925822594994667902e+00 1.313914096660800723e+00 -3.185260027284021245e+00
3.503228786383304261e+00 2.099040821238773002e+00 8.000361564074968124e-01 1.338361807135427295e+00
-3.300069146816643872e+00 -6.698154549408329439e-01 -2.056194376348194019e+00 -2.061405739894028866e+00
3.083300442422926668e+00 4.871747760328876353e+00 4.210077168323507202e+00 3.537864321919310218e+00
-3.349647330880130447e+00 -5.601188522604240383e+00 -5.614301674289630562e+00 -5.467189349431475165e+00
4.836759731078275948e+00 4.027456236638351506e+00 4.114105474679474739e+00 5.398951507906897263e+00
3.205132930361455301e+00 3.156433827048753304e+00 1.929615258826781643e+00 1.358739905715794061e+00
-7.581541503862719855e-01 -2.004923336315062254e+00 -7.765604740117585392e-01 -1.873870037201745387e+00
1.828592230483776060e+00 1.942732527145997645e+00 2.792638711015541286e+00 3.192783192687083105e+00
1.833442246103943185e-01 1.413341941802147117e+00 1.338409881705134419e+00 3.309566594151641450e+00
-2.484210642627946886e+00 -3.171768633796889780e+00 -1.708701055698526705e+00 -1.892697787914206398e+00
3.353293869022702989e+00 4.681283036638047790e+00 2.633014881883849245e+00 3.260293044111647109e+00
2.679806738963327106e+00 -3.189216716201621615e+00 1.029574760128463051e+00 5.686609239439010643e+00
1.174695447678160809e+00 3.317282862727456205e+00 3.304039023640447326e+00 4.503100185576862202e+00
-9.349953173285200370e-01 3.170957696536275794e+00 3.480859413656768986e+00 3.348263265201249617e+00
-3.881629083839718497e+00 -3.403683746755103545e+00 -2.875330484571008149e+00 -2.444395199180941614e+00
-2.139884746349810740e+00 -3.893303849929859339e+00 -3.649188282654925342e+00 -2.076782519447424313e+00
1.995717287676820551e+00 1.329124793408043570e-01 1.411563778978409456e+00 -1.218205081649463978e-01
2.656944647324907649e+00 9.043489304446056254e-02 2.102709525845964933e+00 2.910258342452748614e+00
