-6.056296565683109978e-02 1.872978149193528508e-02 -8.397634081027546826e-03 8.328962562709550654e-02 -1.561328289303285655e-01 4.210772990156905898e-02 1.072848585083652911e-02 -6.551748429160260401e-02 1.564787030610889640e-01 6.348688802072713355e-02 -1.736424057380089314e-01 6.356519237028777913e-02
-4.090952927896553126e-02 -2.143552838783705644e-02 -3.571446811800432775e-02 -1.869595768661782773e-02 5.893618507054420447e-02 9.285090645887106309e-02 -5.412747372228940423e-02 1.441179867035188064e-04 7.523673599707091098e-02 -4.636136490367263885e-02 1.543817415273525673e-01 4.113486959294446188e-02
-3.295167585286626344e-02 1.680187668213661001e-01 -1.993700456941184529e-02 -3.026687257961599084e-02 -8.601750940329870587e-02 -1.118984642787050447e-02 -8.747875081867961811e-02 -6.842672453197123916e-02 2.566773038286280714e-02 9.986770729620711440e-02 3.304927483718059916e-02 -3.254232076590331257e-02
-2.799066839534710902e-02 3.510619922104841334e-02 6.835746868865663628e-02 2.125368630894647615e-01 1.363351312576041412e-02 2.511825303278517607e-01 -9.163533365880341397e-02 -4.353819016450650309e-02 2.394922773657150779e-03 1.638853825006539311e-01 1.109702573696597222e-01 1.231653310948060964e-02
3.171361295366344202e-02 1.050155910011266180e-01 -4.714159638830322380e-02 -7.012787357032020108e-02 -2.950961071819981161e-03 -1.321856005144837753e-01 -7.433274408288692570e-02 1.392596122347734278e-01 -1.829757397287875079e-02 -9.837715662302846595e-03 9.383098082842095469e-03 9.037772710221797512e-02
3.822855166804502158e-02 1.355564607035321667e-01 -9.204537884013057249e-04 3.538013527638965428e-02 -1.695394478556027928e-01 -3.468338626652591600e-02 -2.463907795881061652e-02 8.215235519392946606e-02 3.558354182953104433e-02 -1.963509669710180455e-02 -4.790972742999435180e-02 -2.829998398654263309e-02
-9.105356607859005358e-02 -3.848870211815037107e-02 3.282039480607321785e-02 6.217487015236118630e-02 8.831615060935625594e-02 -7.138331903030228909e-02 3.798108026073045151e-02 -2.179789977971746950e-01 1.172189270787550169e-01 2.068167306936052885e-02 -7.394347366352767292e-02 4.738283394387129976e-02
3.686468910211015970e-02 2.274171047668618190e-02 1.689960975515951425e-02 -2.285064024295118193e-02 -8.230575838846083958e-02 4.489354878477206517e-02 8.491091520123494885e-02 2.965389725036495644e-02 6.483382566077235121e-02 1.026754413887411531e-02 1.931900852007366678e-02 9.806602725681445865e-02
-1.384047533777242323e-01 -4.023287374109531939e-02 -1.588664857716330647e-02 9.535182399997985808e-03 -1.256946327435584376e-01 1.007389083752428804e-01 -1.272416657577104260e-01 8.621934186829034383e-03 4.332374303440141711e-02 -1.031125483547173094e-01 3.787168981293317221e-02 -5.164328989621436161e-02
-2.485369656252915324e-02 5.111824024378810311e-02 -1.930889785189318641e-02 -7.884863438583077089e-02 1.057470786350773843e-02 6.265433116440088934e-02 -4.913004550067402720e-02 -1.486956074934596972e-01 7.428856035181609363e-02 1.232059519671800801e-01 1.727611706665678135e-02 3.503270767355910059e-02
5.537911928456135113e-02 8.155628802875430905e-02 -8.906971755010104075e-02 7.665758443011008196e-05 9.808922646543903612e-02 9.517993286513459772e-02 -1.751436261343898015e-01 -2.873827432908151319e-02 7.890851178824624668e-02 -1.673726896586340968e-02 -2.050172134596946714e-03 -1.711663665397682166e-02
5.441073132769563836e-02 1.431834045862184594e-02 -2.216822390063027393e-01 -5.450083353350669568e-02 2.207831155664210024e-02 -5.687675988860989990e-02 -9.288397459319810978e-02 -9.297464113051928658e-02 6.134117576806142474e-02 4.415442610774493459e-02 -8.793977039793864081e-02 3.674683573151478477e-02
-1.478202933668372188e-01 1.780125003983752674e-02 -1.926204926061321834e-02 -6.848530578128718405e-02 7.611884098964309675e-02 -2.895995513262197493e-02 1.206496983202841877e-01 -3.198804224851314881e-02 1.290813987794670326e-01 -6.212589445440190594e-02 6.328073612131158987e-02 5.072505955836648095e-02
-4.120649219408699382e-02 -1.231295139262813913e-02 -4.261460120124866552e-02 1.881177763630120445e-02 4.758067955262577226e-02 -5.386246015905695600e-02 9.585873097875063920e-02 -1.696965920553493989e-01 -1.103038809977189144e-01 2.598895900637039624e-02 2.273468088002202417e-02 6.727040968762298782e-03
7.084997136551146601e-02 4.786363882436602685e-02 6.917530248327759257e-03 -2.977989151511708718e-02 -9.792418746114231812e-03 4.651726216589539137e-02 -4.515310469309010734e-03 -2.459550146508764079e-02 1.786776876452986218e-01 3.747525793349353040e-02 -7.611281671983520167e-03 7.376217142453567188e-02
-1.112008904726945746e-01 -3.608704581829438179e-02 -4.026553054546191251e-02 1.993860660185749548e-02 -6.966419533812962320e-04 -1.087712122693121298e-03 -1.074140848280471516e-01 -1.481710131590765755e-01 -5.964465279024012967e-02 -1.163013133278670286e-01 1.351205427750847288e-01 2.545882122075108778e-01
-6.829433116529065595e-02 -9.268540645487438612e-02 -9.523807827199175929e-03 1.609663895444450946e-02 1.800369294126666075e-01 -1.148817577528766232e-01 1.500145159238098352e-02 6.807452250915876912e-02 1.692288805049914011e-02 -2.072108522583407386e-01 -2.102781581082016280e-02 -2.144145728429346087e-02
-4.913799157582444954e-02 2.025304529294179312e-01 6.827168488669366209e-02 -4.051153302447665916e-02 -1.822097346932068651e-01 7.301296906340151716e-02 1.549946152624222251e-01 -1.178251515604424038e-01 3.531229205984978692e-02 7.574539995121348790e-02 -5.649798287842399541e-02 3.042707873182180778e-02
1.104090555532359075e-01 6.151532707112782744e-02 -3.440822534563361262e-02 -4.753116821982718287e-02 6.333664449121682860e-02 6.594034192033455463e-03 -2.888766941073758060e-02 -9.762696245724566957e-02 1.191107083589561938e-01 6.686452716745312254e-03 -2.786349922219666722e-02 -8.031457881775869168e-02
3.950953112334509854e-03 6.411842639650935927e-02 -9.121764741426502399e-02 -2.026393904363581189e-01 1.343267468492158508e-02 5.816280322654223539e-02 5.392825984132269823e-02 4.234955231940271819e-02 8.447564008437331851e-03 3.138858900451298173e-02 -5.148847906968640614e-02 -1.261054816924677413e-01
-6.260294993625013793e-02 -9.216594135459258222e-03 3.875981528999021368e-03 -1.492999924329584116e-02 -5.765756965305226384e-02 6.918973814956899671e-02 -6.243330647884959284e-02 -1.626732449581923950e-02 -6.909311961029150628e-02 7.371599342738324734e-02 1.850023365214922277e-01 2.741284185079571889e-02
4.208419905077169509e-02 6.554978928117963233e-02 3.805030238192175923e-02 2.610465971456915851e-04 2.647864123644030551e-02 3.660801711154993560e-02 9.226430080162142944e-02 5.241714061799644143e-03 -3.733756237922982585e-02 -8.109567071602276009e-03 -6.767206691574677302e-02 -7.678734965656316969e-02
6.530738436459329610e-02 9.628652843484632531e-03 -5.382654140109830593e-02 8.512550711725701269e-02 -1.877549904912304349e-02 -1.149906960642651799e-01 -8.319545159071874835e-03 -9.400210176481069158e-02 1.403320704578243650e-01 -5.127468581380061063e-02 1.261656556982766004e-03 1.409457148165189355e-01
-2.506303027158382143e-02 -1.456612725513793671e-01 -1.471742804820464490e-01 -5.520393537886122970e-02 7.789330713883159396e-02 1.652181209077165092e-01 1.791424670387783968e-02 1.421181167491961383e-01 4.196265383420235556e-02 -8.856456379462143702e-02 -2.502182961676373621e-02 3.076318222256723550e-02
7.246003653136703915e-02 2.052437555812808984e-02 4.060512767709297671e-02 2.051240278600268904e-02 4.626518698640199462e-02 5.356503485041329976e-02 1.087261258723533630e-01 4.509754909810231166e-02 1.392710370708850065e-01 1.102298454314284137e-01 -7.331509405423990156e-02 -7.594386272356165590e-02
-5.965146949521601960e-02 7.760528149092113526e-02 -6.235534317922818842e-02 2.063406273077184397e-02 1.540031770134825673e-01 -7.442975231676224324e-02 2.873784448555423421e-02 -1.082886728601759052e-01 3.849244504952661211e-02 4.450728319251576713e-03 -5.820642123702832876e-02 9.248062767006176577e-02
-1.147200418037141734e-01 -1.066121663238688011e-01 -1.478270691744099641e-01 -3.637818831059015656e-02 2.805742079970472910e-02 1.762814678509658575e-02 -7.523209810797648611e-02 -8.210237241656853646e-02 -1.431409811784164487e-01 -2.514202266306368033e-02 9.221240170170828809e-02 6.474164111667246591e-02
1.122763505731163292e-01 5.969074768403179881e-02 4.360035177801550171e-02 -6.230814538673808134e-02 -2.114667472259677480e-02 -7.148749615966107362e-02 1.729151784378137047e-01 -4.917382699797879370e-02 1.510129930965490308e-01 3.769114920948710146e-02 6.426551408135874888e-03 -1.184399905745152914e-01
3.230274127748287982e-02 9.320272862975284567e-02 2.202957068639052607e-02 2.791793063085546214e-02 6.173720534509492125e-02 8.414492066724793204e-03 -7.953855585639685311e-02 -3.167719349215720320e-02 -1.306246451126417268e-02 -4.848584867351286853e-02 -8.012741998536082252e-03 8.348555945484270602e-02
-1.607278590153313758e-01 -1.256814417355328339e-01 -4.734931614574212216e-02 -1.282071741536904008e-01 -9.899523136198994100e-02 -6.245983598294418265e-02 -4.594095863048261626e-03 4.759939312948908291e-02 -4.720057726367333367e-02 3.557975906964814562e-03 -1.440984976380495740e-02 8.539471059584495625e-04
-7.784927007354970445e-03 -8.943108267981609086e-03 -1.389938747900241328e-02 -1.625379184418628692e-02 -3.667405963938540764e-02 5.124320412190707524e-02 4.114261187595257468e-05 -9.275850052754922026e-02 -1.037712392991683580e-01 -2.078556918770526740e-03 8.663567417807187254e-02 1.146315917368737614e-01
-8.660300852876104405e-02 -6.839614870046595470e-04 -3.271860461842524687e-02 -2.164946859468048698e-02 -2.043013878296521743e-02 -3.742258595262847737e-02 1.291572998781244375e-01 -9.997411302590447635e-02 -1.120403414816198290e-01 -8.640029901354848163e-02 -8.981559506153365124e-02 -3.307038677802495719e-02
2.282673258583231210e-02 1.374986566243069537e-02 -7.855049053992851915e-02 6.740698368427942844e-02 2.924301594450071443e-02 -6.495348114220314550e-02 -2.186968436550734002e-02 5.315738688543685669e-02 -8.457717879247907133e-03 1.823552791315157795e-01 -3.138825964562060034e-02 5.464109478515576102e-02
1.203841554495654192e-01 -1.411229655902017897e-02 -9.209835977683356045e-02 6.059538700940047401e-02 2.698227963175292912e-02 1.387906395179993313e-01 4.521776917190842293e-02 8.650311592791145102e-03 -5.062710040029260589e-02 7.480099552597181158e-03 2.192743768695613049e-01 5.759559187745821873e-02
-1.467317177250520577e-01 1.473826297726394674e-01 -1.985918119956655570e-01 -7.355174230256945889e-02 -1.228420465714478993e-01 -1.337022951084237835e-03 -8.611765039453281312e-02 -2.466531010762112314e-02 -9.193799337668380478e-02 2.008941408659916522e-02 4.254910173061266648e-02 4.060956626784570367e-02
6.690330216997089630e-02 6.378190384565167459e-02 4.324254355311810821e-02 1.228577102170705510e-01 -5.959957189545551232e-02 -1.243407735309721429e-01 -1.066626839730061560e-01 -1.501634833966749849e-01 6.686823867521753811e-03 1.054141177533952922e-01 -8.897956111586678707e-02 5.278008021460880994e-02
2.107934585822847096e-01 -6.131949939922987786e-02 -5.013025439513423692e-02 1.547122301146260440e-02 8.266180156171688831e-02 -2.762185621892123896e-02 -5.062931871798211081e-02 4.100534798800225394e-02 3.576411889918659076e-02 -6.249779351879265754e-02 2.105744249999303222e-02 2.365803939035389901e-03
-3.676042313264121786e-02 -1.111017031698991187e-01 -4.044688022960129387e-02 4.785917506362252771e-02 7.042133183015210351e-02 8.629639418636744774e-02 -1.598517910596927759e-03 1.767087201614259973e-01 3.890545738922785574e-02 2.374598285230850592e-01 1.906231525581392541e-02 2.009952985014699239e-02
2.102465954428399050e-02 -5.024442606066862466e-02 -6.038962691711314418e-02 -7.864470586715406608e-02 -8.519390931121841037e-02 -9.205856429790032491e-02 1.006738039168310617e-01 5.887426103022563167e-02 7.324997045272015062e-02 -1.061728729586528808e-01 -1.474660694040367814e-01 6.349680804918836352e-02
1.994746198123696357e-01 -1.125768864666686353e-01 6.809424002733552306e-02 -6.417966688142524856e-02 2.765023135990038808e-02 1.120010549522819365e-01 9.336601934123131552e-02 -4.096978646674136887e-02 -1.582295576509976653e-01 3.912928979700125431e-02 -1.132924948488650413e-01 9.516000177122319048e-02
1.139817860991178822e-01 1.071478688191986311e-03 -1.680679864334871931e-02 -1.467800366091133457e-01 -7.793000429162739995e-02 1.748829843694609532e-01 1.029719491643842355e-01 -4.030323091094185212e-02 -4.987823140550037490e-03 1.710361387243684028e-01 -3.122686492982190698e-02 1.586562337515049978e-02
1.132109579585289516e-01 -1.354760306196226838e-01 -9.002855317376137756e-02 1.528446914763441356e-03 5.349366159397981463e-02 5.947046808699486126e-02 2.777180382600234060e-02 -6.159345429919297482e-02 2.177454291197025368e-02 6.127093131073836629e-02 3.264368716300424661e-02 -4.126617029883161702e-02
5.673453164850485175e-02 8.434574415238901834e-02 -1.129617370582714775e-01 -5.952103046881490264e-03 -2.475614279739158166e-02 6.597352933992578494e-03 1.206383868852175800e-01 -5.124121077623864512e-02 1.337822491269620162e-01 -1.379979425287642392e-01 1.090707427735095915e-02 -1.982637973621673849e-02
-6.212425980749310128e-02 -8.929594396976711645e-02 7.940671700579826631e-02 -3.662602672201916570e-02 -5.498883440304522946e-02 4.965760500339053835e-02 -5.534494437147563506e-02 1.653644200117724422e-02 7.826017451720028439e-02 -5.653843143355923029e-02 -7.432639126428604304e-02 3.381369670268383198e-02
4.650215066191376589e-02 1.506388414097474364e-02 -1.009441175093038490e-01 -2.363416374295785605e-01 -3.373970813077230985e-02 -7.121418494401034888e-03 -1.030034250407622087e-01 -3.459218997633133758e-02 -5.586448622819228244e-02 9.720829707721154178e-02 1.056124661892999944e-01 1.178094075872637148e-01
-8.821866370378541461e-03 -1.448740463686557130e-02 -1.451780709247096346e-01 7.685943928024023541e-02 8.940627580589390055e-02 6.478835196995594292e-02 -1.081312454841124732e-02 -5.012609526727334480e-02 -3.582454694851838067e-02 5.166071486029312487e-02 8.062257790421116510e-02 2.451264180050814062e-02
1.223206804315382923e-01 -1.208312038028358654e-01 -3.869008215581905361e-03 8.551030921962966824e-02 -9.458496034521650386e-02 -2.291697554047329374e-02 -1.532068464821490471e-02 4.147470062986106237e-02 7.232461854124207223e-02 -5.797711941119429446e-02 -7.523737356095695772e-02 -3.454329184489374205e-02
1.116812772139204601e-01 7.563348211010473277e-02 5.813521444519734876e-02 -2.638651377407774321e-02 1.035158316723651800e-01 1.309226980150128561e-01 4.222884434419491018e-02 7.844604375860037004e-02 -5.894016452646734516e-02 -5.385120060844454659e-02 4.392856206080127807e-02 -6.197128280592266447e-02
7.069671145073389007e-02 9.825424887713482547e-02 -4.029980166405917191e-02 1.564457101089361257e-01 8.834530851620515587e-03 1.239258830912150396e-02 -1.132832129603174309e-01 8.229902993093435315e-02 1.831540602418220117e-03 6.938527970786265153e-02 1.107479763466906290e-02 -8.576323098889973573e-02
6.880133788519882110e-02 -2.252520319062184528e-02 9.838144568038731386e-02 2.431282739004473059e-01 1.422396733863133533e-01 7.432788075370808101e-02 -1.023653018967055767e-02 6.999937931919242295e-02 9.298233933751149033e-04 -4.152692045471682337e-03 1.911909466203663976e-01 -2.155418510683143885e-01
-9.947297534659416129e-02 5.644749249429908272e-02 -1.466662927604651598e-02 3.045290397063087420e-02 -7.542647506879025798e-02 4.280147893495014205e-02 -4.920779368067072779e-02 -7.088660577708882915e-02 -2.544825930564035069e-02 -1.119630270300533414e-01 -1.264563603894915400e-01 1.253217526076524091e-01
-6.811012881594665294e-03 -1.992581880786475912e-02 8.619180412334587205e-02 -9.063567749602936818e-02 1.404671002661950392e-02 -1.173929564401392407e-02 -2.758892707753374252e-02 4.530356860480404951e-02 7.560861841046949416e-02 -9.455061666321037950e-02 1.636345504190026348e-02 1.265334231164777501e-01
-1.752813307942528431e-01 1.058398714973218802e-01 -3.205682205387657552e-02 7.842519587487233046e-02 8.977547884803620259e-02 9.498817695632178273e-03 -5.401705798138542458e-02 7.416765237810030165e-02 -1.063103165257571897e-01 2.289793167576582855e-02 8.427384406785505891e-03 -1.779424852442769434e-02
2.099710247353751003e-01 -4.402912165615575218e-02 4.120145469280892675e-02 -2.958487801036223733e-02 -2.669577400033310358e-02 1.879930904659356805e-01 -8.732394776261909880e-03 -1.091368639255010375e-01 -4.209133229430598450e-02 -1.525654815919883500e-01 -1.228563502927283897e-02 2.025100079662105895e-02
1.309329189468326771e-01 -1.172731997188219272e-01 2.042884367121057254e-01 1.853114287319722157e-03 -1.085894058665163170e-01 -9.848868570674673695e-02 -3.276610674438028281e-02 -2.278992091330145787e-03 -2.866842839834553638e-02 3.540558949301840508e-02 5.671921946072992077e-02 -8.965750312699566349e-02
2.817786401309429686e-02 -6.220648427789188945e-02 -2.170663861888327481e-02 7.720229631943634901e-03 -6.889442264948190953e-03 3.301443012217263745e-02 -3.186563826238290875e-02 -1.056843464588421433e-01 -3.011164946021377062e-02 -3.506818189329569124e-02 -1.755865058814897184e-01 5.186349712784290612e-03
1.007392332550591241e-01 5.353707168611077788e-02 1.179146296470778288e-01 1.129712053221197318e-02 -1.604415804078578589e-01 4.492994590569617669e-02 4.392921416360092389e-03 6.899075760687573000e-02 -1.894451545356362968e-02 8.915508251481277582e-03 5.056604164957975017e-02 -6.823994585300177662e-02
-6.273914686269378704e-02 -5.956139604419814597e-03 -2.222113485974444233e-02 6.475887775850851236e-02 -4.185955817044146460e-02 3.661510086084874410e-02 -9.415558048776012656e-02 4.537364707407758740e-02 -7.414874977903006259e-02 -5.550720559162732048e-02 -2.069736091091718341e-02 -9.010646246994283293e-02
-7.466321233403475088e-02 5.764440998676716860e-02 -6.303548978466827490e-02 -8.450971686059559340e-02 5.800771502459046297e-02 5.330179011069868106e-02 -6.760148933860507525e-02 -2.211326757905405366e-02 9.721198118541239663e-02 3.170170506966837887e-02 1.352825039279057506e-01 7.236664154810490412e-02
-5.813683455286097757e-02 -6.620988827927393183e-02 1.313325258283860042e-01 5.601700974819666390e-02 3.962015553033697984e-02 5.278492483648569017e-02 -2.986553181495701925e-02 7.541376471889177369e-02 7.284761992035369838e-02 6.437657746022618088e-02 7.217469934817676014e-02 2.927607672071561723e-02
-1.792081351657189847e-01 -5.697590359368646246e-02 -1.602764742495281225e-01 -7.194314622067050913e-02 2.540185662293114807e-02 3.731855085376446085e-02 5.151965846178836739e-02 3.612562808098285921e-02 5.190765700703815072e-02 -7.627812316623151616e-03 4.250074245309706095e-02 -7.967435916393503237e-02
-5.927011691504210922e-02 7.013820077056291506e-03 1.027511680770242242e-01 -3.745380747067546257e-02 -3.256804604700865718e-02 9.479841569559768755e-02 -5.688127183555165278e-02 -2.073175587294399935e-02 -3.042164320658539631e-02 -1.830388833386357300e-02 -5.483157828900064173e-02 -3.227803471424424420e-02
8.250372736641622962e-02 5.676919626409652336e-02 -1.262948884458248433e-01 1.801086556592142174e-01 1.082050195126043474e-01 5.110132945079577382e-01 1.631430369683783688e-01 7.636716136430546364e-02 -1.003728812585672897e-01 -2.844946535075438820e-01 -2.086047966389591446e-01 1.736045299117761898e-01
-4.245443465407935935e-02 4.958753157230109260e-02 -3.366562594988604853e-03 -2.809218039341964887e-02 7.930603928304245931e-02 1.446995816919184608e-01 -3.363846201690212645e-02 -2.094776058390580148e-02 -5.499100969679027867e-03 -2.058838971117406269e-02 7.865196760946428778e-02 -1.919558744344428830e-02
1.072217240534782956e-01 1.174409903266195911e-02 -5.886053616885589951e-03 -1.263069617475611958e-02 1.013094865145681839e-01 -1.364589525318176365e-02 4.346037561066451449e-02 -8.093614406043206366e-02 -8.167584727359146479e-02 1.912563258294688179e-02 -4.638901534606861693e-02 4.764441659724105715e-02
-1.031125969500296113e-02 4.502302175598737327e-02 1.703672631888279443e-01 -1.714427855398704958e-01 4.050757295971225275e-02 -4.681195942890367320e-03 -9.261031873930225533e-02 -5.033136683896052323e-03 -1.536618390182810101e-01 1.375622606626695776e-01 8.995871710174781211e-02 -5.031668823016398340e-02
-7.439765884885037733e-03 1.047746719518020120e-01 -5.955574633096263198e-02 -1.178145064383715884e-01 3.775950309452743431e-02 -4.699293446997988150e-02 -1.256105089330455254e-02 1.112324979418760906e-01 3.403651423871643933e-02 -6.535902933573831119e-02 6.051064472616899531e-02 -1.028909830836339731e-02
5.077963470952322200e-02 -1.997260954932147253e-02 -7.435533837584240580e-02 3.325938128015114292e-02 -1.579662376579489894e-02 4.649016460438656212e-02 1.385861661077917029e-01 1.316500381095299377e-01 9.827612953340704449e-02 -4.364843424231645667e-03 1.144756313340012516e-01 -1.417293098623126080e-01
-8.245791291735232731e-02 -1.966991407173399736e-02 -1.981310098976604359e-02 -2.781327782639035975e-02 5.178664842646594352e-02 -2.931323476614615745e-02 -6.068684226953439953e-02 -1.183602010858930687e-01 2.700433438108110467e-03 -3.063867684464991609e-02 -7.650941400336995490e-02 2.589266933705017260e-01
-1.051440991301241523e-01 9.020652914772249800e-03 -8.271916167134588105e-02 -9.772470316135560553e-02 1.367267242025137219e-01 6.400898964055837248e-02 5.914163266921475259e-02 -1.138173850192589209e-01 2.045492369889119130e-02 -4.167247294543358072e-02 3.052475259640571523e-02 1.606912128075891621e-01
2.039558461462260830e-01 5.384441988503933102e-02 -7.176464942150176385e-02 -1.857947895005920003e-01 -1.479831171359365961e-02 7.808893083120285739e-02 7.307617210991351753e-02 1.312640544474720505e-01 9.981334362008752181e-02 -5.715002972617505561e-02 -7.180372753396600805e-02 7.887263879603395589e-02
-8.486589988242615457e-02 5.702565731251488940e-02 7.988145136986013559e-04 2.205485946332797972e-02 1.179745579933885596e-01 -4.316281801615096808e-02 6.271596785643641925e-02 -1.418068610587621403e-01 -9.637211340529732578e-03 4.521015840999388635e-02 1.677611516654120005e-01 5.768786369086341403e-02
-1.112547600101603321e-02 -1.532516264216200741e-01 2.891063608903798182e-02 8.352214116211894440e-03 2.407188383386068831e-01 -1.101867240878719456e-01 -1.051802574089855807e-02 9.265034261452195774e-02 -6.141115865671686880e-02 5.006287045683054104e-02 3.878146153369140675e-02 1.025793271001031459e-01
-4.682161857133725069e-02 6.958002903948530549e-02 -6.164905135031447520e-02 -7.291979932929897046e-02 7.117990336135203433e-02 -2.741951056129737427e-02 3.802738409126862895e-02 1.882690057252657534e-02 4.866547135894503523e-02 -9.064598610482735297e-02 -1.002712115245138064e-01 -1.011989296013886264e-01
7.797163011055421866e-02 1.895618967888139383e-01 -5.201962341147984420e-02 3.021150370825635700e-02 -7.492596208597475382e-02 3.433089958765130761e-02 -1.556995457230043456e-01 3.068673183253270431e-02 7.207056251025346916e-02 -1.207435869812977791e-01 6.726249647289407607e-02 3.152842579220194869e-02
-2.369231828521638564e-02 6.258521325531317403e-02 -1.750710293008497559e-04 -2.139006457769667899e-02 -8.356215824548331172e-02 -7.753449618780924868e-02 -1.967914759949578735e-02 9.140668004182270212e-02 -6.877053253101374219e-02 -3.680048605741299828e-02 2.336439977416204794e-01 1.265695957164214916e-02
1.402776585696052444e-02 -5.605361876035113572e-02 1.177787693513920320e-01 8.820091114621457506e-02 -3.035957589107236496e-02 -5.495525667692948563e-02 -1.010843293156828970e-01 8.289231024239984702e-02 1.015448009473195051e-01 -5.380872242449960541e-02 -9.046428285475856257e-02 -1.072557362615559895e-01
6.278915618026015277e-02 -1.424720226869742035e-01 6.532043171060764042e-02 8.857102550622052151e-02 -1.398306319847445189e-01 4.063718999235551438e-02 -8.366011932485709068e-02 -2.744064583785359168e-02 -4.989465300830443067e-02 -1.978144686386091311e-01 -3.903478402686668541e-02 -5.865335594150047904e-02
-9.838192172749990472e-02 1.231886919946370285e-01 -9.484368357529487925e-02 -1.282106225913687003e-01 -2.621966064075678324e-02 -1.037828058755939885e-02 -1.888001418316092306e-01 -7.591851188731532640e-02 2.862382488956683943e-02 4.305266616794155288e-02 -1.296743129823721592e-02 5.806011641743190344e-02
1.422866597652052145e-01 -9.259558155211655706e-02 -5.645704522548238707e-02 4.612619930108254052e-02 1.695010976229898228e-02 1.255591469514345804e-01 -1.763630394097468607e-02 -1.307911530275456258e-01 3.576622376363989414e-02 7.773683538752332312e-02 -4.521852837668245001e-02 -1.291640369976976288e-02
4.228397199867066358e-02 2.160916024189766527e-01 1.292191746770881070e-02 1.758363115148919020e-01 -1.480843078412768243e-01 7.032302659421066360e-02 -5.470100772650231258e-02 -1.220543856144196415e-01 9.860825934237769930e-02 6.877195509388625561e-02 1.205221465825544319e-01 6.665881860074537868e-02
-4.311159667507503956e-02 -4.821336942434017309e-02 -1.681330277106679594e-01 -1.872654385063498850e-01 -4.401544690236757623e-02 1.022385499210209658e-01 2.423676812125068192e-02 -8.317008134774608874e-02 1.396928597953127626e-01 9.220415112626054177e-02 1.196113704284248493e-02 -1.342707843313294125e-02
-1.411796294391086670e-01 1.461292091409941152e-01 -1.278484052671604865e-01 -2.809247176588115444e-02 1.055741368413964714e-03 5.430168125647786420e-02 -2.702986240413013386e-02 9.374483766091215933e-03 5.276132968236306453e-03 -7.821973707100174367e-02 -3.407314818372896709e-02 1.135379095451651277e-01
-6.768775980200742934e-03 1.504225133068914054e-02 -1.399291518570106863e-01 2.732827040509195893e-01 3.709111427695726548e-01 -9.908745813669606051e-02 2.767913179301866311e-01 2.927282420849233735e-01 2.658931947100251492e-01 -1.979962900936184655e-01 -1.610237270822266753e-01 -1.506531052632474610e-01
2.221211273436575137e-02 -3.753474632205478639e-02 9.913203755967084363e-02 1.054746741615504718e-01 -1.928806443651726321e-01 -2.155894538331124821e-01 -6.418618598255683427e-02 -5.480807655898226743e-02 3.475428187598231244e-02 3.526661480329552623e-01 1.042924913605497300e-01 -1.522169772345293437e-01
4.090292325435719578e-02 1.263305212289891899e-01 -5.871956631139412658e-02 -1.137567947454902056e-01 1.077475164492717498e-02 -7.976423246700242720e-02 2.443503299031885012e-02 4.747369082235506493e-02 7.563258865319076596e-02 -7.498421902759979957e-04 -9.828478585120638267e-02 6.862428541960158279e-02
-1.026203840451906935e-01 -1.074241830823775279e-01 8.266825966125193603e-02 -3.944191620597190494e-03 -1.005974562488419904e-01 -2.112064870477656509e-01 3.745441778290796442e-02 -8.632467948446244724e-03 9.101661840650633606e-02 2.894204735047962718e-01 6.644320743224284287e-02 8.939597459939496726e-02
-6.161073818213785858e-02 -1.033567045054349931e-01 -2.016447982733751143e-01 -1.114980039268044093e-01 3.188673668656983240e-04 -1.099226706649063245e-01 6.398711290837472143e-02 -1.427787335830893178e-01 -7.695462437820523027e-02 7.146808079393179858e-02 -1.496884766468029593e-01 1.054476035599346325e-03
-1.123938375567590520e-01 -2.147610536536595782e-01 -1.671546726722653586e-01 -6.126447859531980455e-02 -8.131023747551625880e-02 4.911139008938130573e-02 1.741654263849274631e-01 -8.273988307832208511e-02 5.137963144462365933e-02 -1.149495367544332847e-01 -2.182236090621127514e-02 -4.226942510306429257e-02
7.438662568826684071e-03 3.543661338608839612e-02 1.054812911460144831e-01 -1.066261969287338601e-01 -4.232462570258647798e-03 2.926537629277592770e-02 4.614265594800743588e-03 -1.161467260652668809e-01 -4.962024707626291192e-02 7.815234882561267193e-02 4.563699806044275303e-02 6.705397309702890163e-04
-3.867506074776441705e-02 -2.091876659673063549e-02 1.493384805243625491e-01 -1.922205403453768405e-02 -1.161438684367762236e-01 -3.590884655124227526e-02 -4.765362724213008383e-02 5.587539836462620396e-02 1.166362804714065129e-02 -2.877883895918861151e-02 1.432978917263787455e-01 -6.435152756421874676e-02
-1.020540647913873167e-01 2.942543825188494860e-02 1.125311412050480631e-01 -2.089398870828398647e-01 5.624561845037582414e-02 5.675069806828767632e-02 4.194776067669318820e-02 -8.165391046623959870e-02 7.924241904400484982e-02 -8.000214701924841451e-03 1.955776802216588946e-03 4.761613561300687136e-02
-1.935333215761862458e-01 3.180329864893070013e-01 -3.333622813676446750e-01 -4.105455165208398149e-01 -6.575086588689074696e-02 -2.096405525091028232e-01 -1.216543011303122535e-01 -4.807342548632471263e-02 7.245580261220509188e-02 2.014910580432270337e-01 -7.488816967500523669e-02 1.226949182116392478e-01
8.967427539354004551e-02 1.217828647222556938e-02 -3.560564511496193407e-02 6.847555381509926042e-03 -6.455131304451439123e-02 9.269489240517553297e-02 -3.166525528273621964e-02 -1.340578592041886119e-01 -1.465301924566964342e-01 4.461583000551935796e-02 1.848915616266010864e-01 -1.594495707599568324e-01
