9.531712826636149494e-01 3.800298993286188032e-01 -1.054910438140979206e-01 1.025980971047489414e-02 6.279595523245316002e-01 -5.259669415751619947e-01 1.366811401169281792e+00 4.166981062579793171e-01 -2.244330883255721554e-01 -2.170087673732515599e-01 3.207073004263828464e-01 4.378577135364551398e-01
-1.693292865661167115e-02 2.394304564418553161e-01 -7.099862276503776659e-01 3.794282732114894197e-01 -6.549300258162388255e-01 -5.395231619820377578e-01 3.270256506683684172e-01 3.548632230150844946e-01 -1.416919884658517925e-01 5.212712220214151815e-01 -1.252848344124741331e+00 -1.151287663499088870e-01
-2.044790682711462582e-01 5.324243085714910340e-01 -3.878804144638010043e-01 -7.990083001316907740e-01 6.624685020590453943e-01 -5.121768164493513131e-01 1.256198548266081703e-02 4.723440061093630571e-01 1.267736098278016491e-02 9.262335361162317079e-03 7.472251283653845721e-01 4.865952582099360435e-01
1.189996457111168304e+00 -3.353078838504450765e-01 -2.742642750046130895e-01 5.767212967443278160e-01 -2.888271468695941535e-01 7.166463891441171574e-01 1.735993624270290248e+00 -3.089639234344471186e-01 4.907150518121286553e-02 -3.124126288012344932e-01 3.863520692816031499e-01 4.409266519027709719e-01
-1.766041496667513644e-01 -4.996983519513669703e-01 1.598075918494072309e-02 -4.812253041884404642e-02 -4.978086494114704608e-01 4.471195912364370195e-01 -1.101445562024134350e+00 -5.238255947768452048e-01 5.219511053639851461e-01 3.085104067121590687e-01 -5.653036123320098749e-02 -6.435676323192777160e-01
-6.510445862496737623e-01 -4.082430996967142262e-02 9.433306623903261467e-01 -6.010983877093121208e-01 1.118879843576477295e+00 7.579913105328864864e-01 -4.230445277991962683e-01 -3.413766011489907659e-01 4.924715048089776115e-01 -6.640354618113982754e-01 9.077580539153556893e-01 1.247562912402060825e-01
3.781585277681644430e-01 -6.721169237232803295e-02 -9.491662595887685461e-01 2.815488632719821971e-01 2.298744165261467631e-01 6.598961787512604982e-01 -7.315438501690098017e-01 -1.994906397264804149e-02 1.314592787550843633e+00 3.090493130518738862e-01 1.139744715870292247e-01 -8.880284246521891189e-02
-2.649231201964126758e-01 5.429364739913607185e-02 5.562707091067483622e-01 -5.977867295717800289e-01 5.909273962850759565e-01 -4.720416623981121829e-01 -8.607211096843500053e-01 -2.069026314655441900e-01 -2.173803892784028913e-01 -1.068760477542521070e-01 3.188445975843146041e-01 -7.555231088636629212e-03
-4.980833447670600378e-02 5.135870927394060592e-01 4.816618166259765688e-01 -3.776364856755985433e-01 4.360741688569253482e-01 -8.420811393889456875e-01 4.773448098528669803e-01 4.569176078759473736e-01 -4.687150256127383119e-01 -2.678660683308607959e-01 3.050325022219476656e-01 7.599384390400966138e-01
-2.321226627846562363e-01 -1.790030545856592381e-01 4.049918232484694958e-01 2.915737317877313273e-01 2.435736357442347122e-01 1.407169113699787977e-01 -5.314099511537578868e-01 -2.083430524993439004e-01 1.957201048650349107e-01 1.248139000808293764e-01 5.435361128407611986e-01 1.745103526046959646e-04
-7.245028062679339520e-01 2.480860619475717121e-01 -1.366151739678095611e-01 -1.586875885025028909e-01 8.933787483090276371e-01 1.595810164596302427e-01 -3.255508856721990307e-01 1.429078759601940807e-01 4.853299040337442638e-01 -2.726888269117645480e-01 4.523003468846695241e-01 2.145469353814552227e-01
-2.854595913414045838e-02 3.939061138513874627e-01 1.581565590067585403e-01 -1.861230685462238743e-01 7.060973826461500735e-01 5.762831831922533149e-02 -1.080403606573491437e+00 4.741445636987601797e-01 3.363486303728264737e-01 -2.582728300108563455e-02 -8.564824214794383717e-02 -2.628525685570585746e-01
-9.526990724937427490e-01 -5.931162520828157092e-01 5.873571841293281359e-01 2.226285672133610782e-01 7.725175409449187153e-03 8.130885190424911313e-01 2.824665026594321282e-01 -3.807575959033009938e-01 3.920614507410342120e-01 -3.878026587819835558e-01 2.892627311048085459e-01 4.111011593091116328e-02
-2.460956180454957898e-01 5.491997225336976429e-01 2.347991933946424192e-01 -7.725935422070802083e-01 2.900482956594395700e-01 -2.928234865638554840e-01 -1.963767206896388506e-01 4.717526005100977637e-01 4.123563776203027498e-01 -7.599239386519519579e-01 3.049740247368948332e-01 2.003164373819125710e-01
-2.596425368552876534e-01 -4.492825528881079222e-01 4.095376908624578371e-01 -3.513892591043740188e-01 -4.549558911717017651e-01 -8.378754816532906213e-01 7.043942161695133652e-01 -3.198189459737921236e-01 -8.882739224186990690e-01 3.094572407279646935e-03 -3.631270170414479526e-01 1.347536971662449679e-01
-3.138611124262122853e-01 -9.256958781931967639e-02 6.020413936932709209e-01 9.700850968324924439e-01 2.431573612145776497e-01 1.660391580647606891e-01 9.231291130829604175e-01 7.792278314003202311e-02 -1.884137691142828974e-01 1.275313710753969709e-01 4.593582980976080310e-01 7.465157577866253780e-01
-9.297939311136689255e-01 4.506747256467197316e-01 -5.269843638295006460e-01 6.170759428473998609e-01 3.917337751287672809e-01 -1.155882011414900434e+00 -6.070964629924887612e-01 3.266807379768416619e-01 8.346572692910321153e-03 4.717883984584946289e-01 2.623733601661248915e-01 2.083089045513995541e-01
2.683249895701065313e-01 -4.249287443219460503e-01 -2.050222512969189226e-01 2.283176527047030835e-01 -2.768631242941123078e-03 -5.250483391035593028e-01 -4.915981998720778678e-01 -3.626959016358496379e-01 -4.139958236732275698e-01 1.978921711308600506e-01 -4.789703956045932576e-01 -1.324096350285379309e+00
-4.446312562288858711e-02 -4.846741045368254674e-01 2.255369290896954149e-01 1.473229397926783257e-01 1.240553181665390303e-01 4.878519386516049217e-01 -5.842529751225165047e-01 -5.033465472869136370e-01 6.379488812660465413e-01 1.333797096800615478e-01 -4.656900648509661178e-02 -2.981395998818950899e-01
-8.572212768115933246e-02 2.019331494803317806e-01 -1.935788289167703069e-02 3.032498917554632967e-01 4.300843752641823198e-02 -6.431235899343004103e-01 3.448540842614870594e-01 2.213702407118989246e-01 2.585188113645539021e-01 6.682719441948024031e-01 2.986765750505017136e-01 -8.683660441771573479e-02
-1.047738780433970923e-01 3.966643778707479862e-01 -1.986146082821065376e-02 -6.648270515532198610e-01 -1.893809675144642601e-01 -1.948581075156822773e-01 2.757882352611901733e-01 2.178702371510225499e-01 -7.250072708288018974e-01 -5.516964227866054671e-01 -6.434136522040401207e-01 -6.565669847264740677e-02
-6.126011145146777193e-02 5.518445982081376933e-01 -9.220453805853875973e-02 -1.518097459162450535e+00 2.878766200262857788e-01 -6.905237241521636760e-01 -7.358055540644067305e-01 5.712351728807890661e-01 -7.431203941405317703e-02 -7.322488252493959404e-01 1.835925539387087968e-01 7.457237763044111123e-02
-1.852680104042764953e+00 -1.421948781050048904e-01 9.657511488812005052e-01 -2.676857583549204223e-01 7.685942314558581456e-01 1.265671086195359896e-01 -1.056335603530714984e+00 2.458730372085281626e-02 -1.732639543262955439e-01 7.389809113967535925e-01 3.830956451671075347e-01 1.306788930125245551e-01
6.463338342530980940e-01 -1.198210477706933286e-01 -4.877156915669978998e-01 7.057864676465653853e-01 -2.993325541794494282e-01 6.757999929900213032e-02 3.246810512652623659e-01 -1.277367969291861305e-01 1.181133166413806945e+00 9.028289521897784331e-01 -1.135094189800723574e-01 -3.246842990112904781e-01
-6.865556787047790710e-01 1.140264359948916617e+00 -6.460421316683613302e-01 1.525053224399383622e-01 3.992849862355409701e-02 -1.502206566954606970e+00 7.257993769994679489e-01 8.106721127120335435e-01 -5.734208229790466183e-01 4.501895915222822175e-01 -4.543556708726525367e-02 1.343481418978831887e-01
-3.971954810429890737e-01 4.615766900067194145e-01 -9.690779473015206369e-01 -1.819245611094942594e-01 8.297722180720352725e-01 -4.521128414920845273e-01 -7.633070625967331990e-01 3.544680417267813688e-01 4.794233861552862352e-01 1.852568345407520356e-01 5.555237157988481833e-01 2.822210093747612794e-02
-1.137406003345535987e+00 -1.020522827069395705e-01 7.639406706166618211e-02 -3.235860514809668076e-01 3.774271436105871014e-01 -4.565951035101707967e-01 -1.154975711034307517e+00 -1.513543828657765988e-01 3.973067620253092902e-01 4.518748221824623879e-01 -1.658454109547729538e-01 -5.330919819024828588e-01
1.110991306327661299e+00 2.027129013496710985e-01 7.080401779763940973e-02 -3.068568260945032100e-01 -6.660773654643739432e-03 1.098514648045350928e+00 2.798192314874928810e-01 8.801839923203098881e-02 8.049063729978618298e-01 -7.253999635489641884e-01 2.070424329956962461e-01 -8.838848859334216823e-02
1.297158993004267347e-01 1.134735000979274072e-01 2.175878707212080265e-01 -1.562721357411613443e+00 2.145001239710124796e-01 1.527346657699464594e-01 1.902425911514260826e-01 -6.557997190237495333e-02 1.600572805382109998e-01 -1.151626625231512602e+00 2.620713390469486259e-01 1.212410853952486711e+00
5.847308407427878052e-01 2.581420690559071973e-01 5.379201914309759136e-01 -1.899773813287754798e-01 -6.376056407357007239e-02 5.168289402602466165e-01 1.464350564679357536e+00 3.125595653597100787e-01 1.431234684685066261e-01 -8.846422374591571547e-01 3.479253698857833754e-01 6.494386310645987592e-01
6.479110821716478341e-01 1.087370381278403852e-01 -1.657691772546079079e-01 -3.417881606437760122e-02 -7.955946972882521617e-02 1.985922394483440601e-01 3.923528274300940866e-01 7.332468566692705580e-02 -3.391392449844846668e-01 2.010716211386822105e-01 -1.847366742679224239e-01 1.959350858503438597e-01
