9.773516564552192643e-02 -5.732435146171704909e-01 4.065640703854336846e-01 -1.147687893382949076e+00
1.292628593059514941e-01 9.545745574528488042e-01 1.186025050205643749e+00 3.990006273676162118e-01
1.249107700788506747e+00 8.950693079003854136e-01 7.872051219895936924e-01 -5.271213801802010490e-01
-2.791421501292498109e-01 9.747593617806218913e-02 6.021276722307244283e-02 3.589124240720557024e-01
5.206864131353564629e-01 7.896458537270738542e-01 6.625866120444881546e-02 1.317142718824305669e+00
1.010014929168260744e+00 2.431845057684364486e-01 -1.263249140600596787e+00 2.705150705775297149e-01
1.381595651799120583e+00 3.433317856349742958e-01 -7.978518586317399908e-02 1.124171728622852084e+00
4.258882026421619837e-01 1.949326204505841043e+00 4.099034327708913072e-01 -7.723671516719383678e-01
6.770128004463773497e-01 2.057931196504994453e+00 1.018648436451229156e+00 1.727227809715539963e-01
1.240036262901528019e+00 1.952877239384523733e+00 1.371938160639183168e+00 7.075436425591860035e-01
7.817586596335313054e-01 4.258989499419776337e-01 1.665173307123110069e-01 7.713696478688963909e-01
1.321112515738263049e+00 -4.512384548145012553e-01 -2.436507611453688771e-01 4.530346109926099984e-01
-1.656843207893375247e+00 3.650920627621644377e-01 -1.489208844727826497e-01 -5.992859270250305848e-01
1.089611593467617379e+00 1.495671353840469786e+00 1.695763026248979566e+00 1.548534860767744270e+00
-1.127165585861225283e+00 6.159494786831719582e-01 -5.830279521918784180e-01 -7.035960852842079172e-01
3.007925344967068426e-01 1.362906790503212617e+00 9.777275588021081543e-01 2.247144437842691467e+00
1.215568926343640666e+00 2.502854732726550235e+00 7.899953097869429897e-01 5.285049924566252999e-01
-9.907451541858869337e-01 -2.809643165649042817e-01 -8.749846833338750240e-01 -1.577666441389782959e+00
-8.012715324460376598e-01 4.855267903730097756e-01 -4.610755016505104220e-01 -1.408008808874469553e+00
5.203655715922398395e-01 1.443579487337744549e+00 8.388113427422311252e-01 3.002010240565788357e-01
-1.025024668413778040e+00 -1.554168717110729236e+00 -1.027720465184985388e+00 -1.635861646709777739e+00
3.655394873093761876e-01 1.206467594002623267e+00 4.277332569246968252e-01 -7.097762844310667729e-01
-1.192566369506910862e+00 -6.880933723765337851e-01 -8.025501592532221506e-01 -1.248836162991136423e+00
1.454230999657848411e+00 2.154671806206621465e+00 1.463791291528270033e+00 3.915961011679894299e-01
4.120424152287831543e-01 -1.644206693319551493e-01 9.641152072998032674e-01 8.822647598515555023e-01
1.729731995711154324e+00 6.109342118630511909e-01 2.857818117804425961e-01 1.625722859279186139e-01
-1.500823074911080968e-01 2.703688244772781135e-01 2.737919469354890833e-01 -2.022764222944852253e-01
1.195230847663900642e+00 1.052723719966099036e+00 9.479511120687116321e-01 4.528070052693236591e-01
1.110113896019835122e+00 -4.544020423784313478e-01 -1.745900439313853303e-01 4.019087882366725872e-01
5.535474586786602869e-01 1.665417953080630120e+00 1.696601897151029270e+00 2.575559848319294853e-01
