8.121726818316209184e-02 -3.058782068250377045e-02 -2.640858761317278758e-02 -5.364843110780852936e-02
4.327038146623393006e-02 -1.150769348440141421e-01 8.724058821082400494e-02 -3.806034504475513947e-02
1.595195480285492920e-02 -1.246851877387050549e-02 7.310539685224870521e-02 -1.030070354748827133e-01
-1.612086020067537637e-02 -1.920271773342078353e-02 5.668847211677187359e-02 -5.499456336570154869e-02
-8.621410377521787627e-03 -4.389292089606858932e-02 2.110687335779641485e-03 2.914076068579111306e-02
-5.503095886064606618e-02 5.723618549198070810e-02 4.507953602963978013e-02 2.512471694509341158e-02
4.504279746322059630e-02 -3.418639295871665762e-02 -6.144511275932408936e-03 -4.678847171295344443e-02
-1.339440398130079674e-02 2.651777333690930050e-02 -3.458303758626545682e-02 -1.983767634279887115e-02
-3.435863500597997194e-02 -4.226028207493598421e-02 -3.356230654184095413e-02 -6.332299459450680627e-04
-5.586551743176389195e-02 1.172078489085460855e-02 8.299010885549353012e-02 3.710220802886678160e-02
-9.591777618080747289e-03 -4.438144820424181486e-02 -3.735791468754188355e-02 8.462273005138733206e-02
2.540387738801448692e-03 -3.184978232846766982e-02 9.545774233373301512e-03 1.050127568239421216e-01
6.007947624081457980e-03 3.086015548537096240e-02 1.500851599779137562e-02 -1.761249232467593240e-02
-5.712590990110701095e-02 -1.746713612064387453e-02 -1.044471166873890688e-02 2.933115955910988240e-02
4.194917069372525176e-02 4.655510406517786998e-02 1.427936626271293988e-02 4.425705821353640573e-02
-3.771989704983264025e-02 6.264340776166439639e-02 2.564649102090044153e-02 -1.490464175513578349e-02
2.442590732687485375e-02 -3.778585651052786439e-03 5.658146937257135106e-02 7.599084082110994787e-02
1.092787703266580729e-01 -6.982481677440688372e-02 -7.220569027147948071e-02 -2.522329314732256467e-02
8.001853472391523212e-03 4.380844605581124540e-02 1.578174736208026382e-02 -1.011100607912001625e-01
-1.531020063141859226e-02 4.139873213036231181e-02 1.150473676821917035e-02 3.810055901560124164e-02
-1.111640713051796452e-02 -1.003790344649987260e-02 9.328069549414215109e-03 2.050258236041281601e-02
9.914986006338487659e-03 5.950432290372941260e-03 -3.353311431445153007e-02 1.887818931604597072e-02
6.091063549571847091e-03 5.647419539559598439e-02 5.994589399507535554e-02 9.257820874197192004e-03
-1.876424750450571277e-02 -3.193652037271112187e-02 2.117471770320564564e-02 3.867003417427971029e-03
-1.719268377855378074e-02 2.179842841712346935e-03 -3.100004219740646466e-02 3.490160170361094466e-02
-2.235642823929991085e-02 6.122538524027494600e-02 2.017458208954000035e-02 2.967892616185334800e-02
-5.474559228705209307e-02 8.469121652933404854e-03 3.702782255481373852e-02 -4.768503009039673501e-02
-1.331092530018110343e-02 1.630727334667928137e-03 -6.865586601233779340e-02 1.575796960211458750e-02
4.230803237925167409e-02 -4.297579704159931735e-02 1.752729893320536733e-02 -6.561417056187159036e-02
-1.934775463302555731e-03 -8.078861773516474165e-02 5.607088541178320562e-02 2.044502689684139091e-02
-1.230847793788917817e-03 -3.875808095845797996e-02 6.368779650793883473e-02 9.835508746273674552e-02
-9.289909322233760869e-02 6.180820152264102085e-02 8.138253765744532520e-02 1.690058482872379073e-02
-5.996340161675930980e-02 4.316726587720107894e-02 -9.046015103907524210e-03 -3.019603138966286612e-02
-6.150290678334809080e-02 2.752687479881077079e-02 3.964034329596738404e-02 -3.117653648398958227e-02
2.602881685366854186e-02 -5.721706948115713731e-02 4.009305159356724158e-02 2.328364921207276995e-03
-9.328488595367438740e-03 -5.087293626457260742e-03 4.344430785029339964e-02 3.752058199325040977e-02
2.647326621763546051e-02 6.885060499869304074e-03 3.891056395635295734e-03 3.091901309992622568e-02
1.162472795893689480e-02 3.412757034322425748e-02 -1.550583867590300119e-02 -1.217418882053569462e-01
5.194123009297070548e-02 1.093489823487128892e-01 2.206822217842910328e-02 -5.007761664174988775e-03
-6.822237194801652332e-03 -5.952709388740495128e-03 8.704704150002299601e-04 -5.610093643734442165e-02
-2.585472289601139714e-02 -4.985134138251315350e-02 1.243995806938852540e-02 -1.483205761854313777e-02
2.476056619889802080e-02 -8.735157987125046972e-03 4.931675939106210105e-02 1.067669506677208953e-02
1.095349864484866792e-01 -9.481804614455463520e-02 -3.234583441274540422e-02 4.507434458243555347e-02
1.264162853403199005e-01 -1.243173888577300303e-02 2.183449658919455524e-03 -1.131571212568025994e-02
6.657285562937959034e-02 -1.436539317380094473e-02 3.400349199390522575e-02 -1.599007994493356274e-02
-6.362793776229971887e-02 1.567738602317160848e-02 2.515924067176630516e-02 6.466129412661308917e-02
-5.522351320865815684e-03 -3.086810318561804614e-02 2.813805483095131732e-02 1.203685461188661217e-02
1.403325385613195253e-02 -3.655635187363888688e-03 5.801692849968848043e-02 1.847463581878618782e-02
9.523293541704906662e-02 5.555283492802523537e-02 3.295248980501051111e-02 -8.137191703081286809e-02
3.011596401478144891e-02 2.101411018235297898e-02 4.054758364017779088e-02 5.222210473536294251e-02
-2.004390958944633414e-02 4.120028092252038532e-02 -2.811527155095449107e-02 9.774390375045172163e-02
-6.659758332586240837e-02 -8.803442801993917322e-02 -8.253606329120501128e-02 -4.452777920815242929e-02
-5.595576992798639848e-02 9.780394518518209512e-02 -1.632497490390921388e-02 -6.713378946887180176e-02
5.571914883898959614e-02 -2.932619694107962624e-02 -6.184266882706987434e-02 4.379194638246497462e-02
3.116810882890163822e-02 -2.174783414776138707e-02 7.037700001206143030e-02 6.455078985536272761e-03
8.084747994286500816e-02 2.513704409999521772e-02 7.794027703099297433e-02 5.470134821271409147e-03
-6.098721984895164039e-02 1.224684324530698754e-01 -2.728870839912838839e-02 -9.941893144444838293e-03
-3.501992524606273305e-02 -1.016972244822792262e-02 1.213347205408973027e-02 1.009150894370020209e-02
3.305101437993464980e-02 8.960791044877836065e-02 -6.023228589425372488e-03 -6.165603677232133623e-02
-5.911590632548168606e-02 -3.328772590995632968e-02 -8.370979038094661373e-02 4.125149122194929352e-02
-2.491067818155390592e-02 -1.554924891514254497e-02 -9.457414190018507635e-05 -6.983102122977159765e-02
-4.306581803880210613e-02 3.373557628439861900e-02 3.092695653931466088e-02 -2.215859653503188947e-02
9.052674570627282369e-02 -6.528634612788687674e-02 -1.724936050774897311e-02 -1.154198715677347276e-02
-1.396542500073270077e-01 9.687644068080399073e-02 1.831660072700291506e-02 -5.222946909538958571e-02
1.025586721428722314e-01 2.928310000861912565e-02 2.147630700109822571e-02 -3.034991991000230566e-02
5.311136201760890269e-03 -7.628401581146788957e-02 3.975130472124224074e-02 -1.872191594216103191e-02
6.702409827731157371e-03 6.010274310998529185e-02 1.423740554245289669e-02 1.312337227316343058e-02
1.382496524110918279e-02 -3.666358019476564228e-02 4.180023597171344391e-02 7.716795554022419512e-02
3.794028300489654670e-02 4.424544072324416988e-02 -4.386407594590941567e-02 -4.338936114364628366e-02
-7.204380121459200148e-02 6.161265354142180656e-02 -1.270899338036841734e-02 6.999219712404929072e-02
-3.909558413434003482e-02 -2.187544914142905070e-02 4.771254359562885489e-03 4.607250343297557282e-02
3.037509789975337618e-03 1.055623775038583810e-02 8.263783652807804581e-04 8.859386013798020362e-03
-5.582350089423722406e-02 4.046355048663930268e-03 -9.328949675573313879e-03 -2.841224044292365181e-03
2.461682779683244116e-02 -3.403390705044428977e-02 -4.225401370231490587e-03 -1.486809413867518082e-02
2.086510024874312780e-02 3.923853255077947716e-02 -4.777126311868445940e-02 2.929552155513078307e-02
1.032891660109417215e-01 -7.355784629163124311e-02 -4.150859476575569779e-02 -4.402887999220855136e-02
-1.395488607716451404e-02 8.114245429770006179e-02 6.676338173588297576e-04 -3.473467976436131477e-02
3.109017521527862246e-02 -2.999022655354237343e-02 5.617060810109676672e-02 1.526335201220053832e-02
6.943896981851342687e-02 -3.306721215765093258e-02 1.515428556186015352e-01 4.122923125167287511e-02
3.272900762933502600e-02 -2.559422380383210606e-03 -3.627985595672137548e-02 -4.338843388117952227e-02
-6.798866305029466726e-03 -3.986348927465648700e-02 1.413378561242101261e-02 -4.130487159236601036e-02
3.105413504195042237e-02 4.780608520623482599e-02 -3.529202537011419394e-02 5.963430338773467732e-02
-1.189709678760913353e-02 5.776439430441126371e-02 2.190831736456187728e-02 5.611641608285461436e-02
-4.985098977648412533e-02 -5.339699338961255599e-03 7.257146302954677053e-02 -3.090184238407894454e-02
-1.018600612840397518e-01 -9.712945907382278254e-02 -1.253220326338030655e-01 -1.057081960958413114e-01
-2.058195815942412757e-02 6.392640414208609900e-02 -2.211146397565864202e-02 1.617636768007160372e-02
-5.499574508180341686e-03 4.274472718012346383e-04 -8.409941987235798957e-03 -8.709017215399536202e-03
2.305820499885087582e-02 -5.879913357206576624e-02 5.050635886673622565e-02 4.600089666238815767e-02
-9.752867043795059726e-03 4.026967121160907742e-02 -3.506722131285884558e-02 -2.686115119376691895e-02
7.813192513504164591e-03 -9.511051254243075778e-03 -2.243690163358114109e-02 -3.362240193932981847e-02
-2.787473608930216701e-02 4.695843720982439268e-02 -9.716617028341764661e-02 1.762471821846665204e-02
-1.182184759064933664e-02 3.639067499998244193e-02 2.575368068196828494e-02 -1.391267233826461447e-01
2.923233052387130826e-02 1.621371217242105131e-02 1.093141831327621057e-03 -2.343369081389456987e-02
4.266406109778111966e-02 -2.065146548555161013e-02 9.173588133248433696e-02 2.821914277471568311e-02
1.068914033719741141e-01 -3.927669984601177972e-02 -8.779628201164259294e-02 3.573947987429076933e-02
4.263520308626431859e-02 1.768004852737866967e-03 -7.693966228723216061e-02 -2.239475923580593053e-02
3.089927669601673713e-02 -9.208816282687267568e-03 -5.799259273619811889e-03 -8.772948433087629158e-03
-4.669573278132507083e-02 -2.665101630417996553e-02 -7.132777102602659569e-02 8.839799741555132151e-02
-2.376864375689910491e-02 2.388050909087786541e-02 -5.109429723206546786e-02 3.972641198005411739e-02
-9.365804888176508525e-02 4.603075590274781359e-02 -1.768396243935545578e-03 1.055302526800354912e-01
-6.532670364220093118e-02 3.819024007979600344e-03 1.836159069419323817e-02 6.164495961881186203e-02
-2.114284806953876938e-02 4.323220326214370635e-03 -1.071233364538684285e-01 -4.150844320113539904e-02
2.258079752776208024e-02 5.520871631516068023e-02 -1.408681345328064230e-02 1.028177761599146783e-01
8.801246132245466036e-02 -3.032624588740494981e-03 -1.206751500586893955e-01 -8.887831879029937932e-02
-3.889294133137063958e-02 5.579205539620843424e-02 1.551361438918836579e-02 -1.047123908111406154e-01
-1.143829144350812232e-02 8.066806872815578122e-02 -1.874023436513263738e-02 -3.749848086378331641e-02
1.027312051259057918e-01 2.670476839917396237e-03 -2.395785493930399634e-02 1.750835794141394550e-02
8.582363187044282594e-04 -2.145711391175468899e-02 6.042281642759814858e-02 5.578509013922431509e-02
4.204307790705519299e-02 -5.144360878676880119e-03 5.734501881997414868e-02 -2.485128957933792262e-03
2.333216336144203901e-02 5.168434339697505764e-02 4.044221801328410498e-02 8.948773416031356731e-02
2.256420080200854592e-02 -8.420299929341186485e-02 -5.800850524911380784e-02 6.750534093408630532e-02
-1.656415849663141551e-02 1.932695725665455749e-02 -4.257278282654133883e-02 5.004407118401504873e-02
-1.924161244163952178e-02 7.290541193047599122e-02 -2.661170104490887672e-02 5.590666983588478411e-02
3.371980524104344762e-02 -3.611959527070754405e-02 5.494981663735896277e-02 -4.508172452379990286e-02
-4.112335944521258724e-02 3.608556460563463325e-02 -3.126710007329940033e-02 -2.969215336272548397e-02
-1.719503546051961984e-02 -5.000845949362579118e-02 5.224972048369487532e-02 3.042573492424248405e-02
-3.466434834524143808e-03 -5.419603358676991153e-03 2.250777563835894973e-02 8.826675502595358880e-02
4.354849012661211882e-02 -2.542285671377003675e-02 3.887096026244313968e-02 -5.938558605154464765e-03
-9.949909190186220775e-03 9.332356875760626502e-02 -2.094689488390615376e-02 -2.395924575637029333e-02
-9.760526436226163449e-02 -7.011645727265684858e-02 2.255614693672992888e-02 -3.474604505926195269e-02
2.577069008916205162e-02 -5.574355261829684605e-02 -3.836549131658673756e-02 3.372853534780018842e-02
7.304461902315390054e-02 2.962364007120099271e-02 5.989154208606255886e-02 8.522970856862034650e-02
5.200445765770476264e-02 -4.592200191500130091e-02 -5.267235625377106323e-03 3.150978353424555012e-02
-2.074234506441177336e-02 2.259730186606115354e-02 -7.895781426972327266e-02 -4.143139894282029528e-02
2.644398727925870163e-02 -1.118543255556235377e-01 -5.538562511422762125e-02 -8.859158955071130478e-04
-8.596972373097616638e-02 2.856049804104603910e-03 -3.997737453458799495e-02 -1.457972977504163638e-02
-1.294914267002661781e-02 9.464659877932879439e-03 -2.818943672911513806e-02 4.484320366129508628e-03
-3.005784003246917552e-02 2.780367550386926567e-02 8.469045566440405737e-02 9.843488962514572449e-03
8.493462767378584521e-03 -5.820039855806011242e-02 3.466831128301922638e-02 -3.790336642781161336e-02
-4.044235982360643022e-02 2.787197264290167120e-02 9.051937217893542970e-03 5.535877254745311810e-02
7.214384642481545817e-02 -2.698407811012462285e-02 6.418849507797218246e-03 8.802075917876611699e-02
4.832696251145286725e-02 3.565245251516346164e-02 6.531030325677243675e-02 -3.023014845821879806e-02
3.182917047073154787e-02 7.046266946820041455e-02 8.104561428108737753e-02 -4.030924086911120974e-02
-1.258371038157122049e-02 1.913575868621819609e-02 -1.444986715049079509e-02 -1.959081199040242291e-02
3.420006640909765278e-02 -1.767049914335071942e-02 -8.939564455998579018e-02 1.809236579197841255e-02
-2.122463952854637334e-02 -3.657654908651666870e-02 -7.828690753279526904e-02 5.069112334858527635e-02
-1.113556315925007256e-01 -8.496668023611479714e-02 -1.379230312805716785e-02 6.144777928253486454e-02
6.548529528413267464e-02 -5.774913174646822273e-02 -8.881609799177549169e-03 -7.552281875437844016e-02
5.056035318874542439e-02 -7.382813302600901850e-02 -7.159787250361882190e-03 5.164918894748755929e-02
-1.112070142649542945e-02 7.350801719128700895e-02 -4.350041115954260407e-02 1.845952347734368740e-02
4.266410929118666373e-02 -6.985586522053623647e-03 6.931571321231594363e-02 2.740647923440965583e-02
-8.187247965041709319e-02 1.979301352018981719e-01 3.243218220453335937e-02 5.367164691179483228e-03
-6.994064093332381937e-02 4.088390940280821860e-03 -2.299714154203436056e-02 3.221768330151611459e-02
1.858351456059326862e-02 9.265047425346895071e-02 7.112568626315889445e-03 2.567527399942737265e-02
1.862284257557212525e-02 -7.424490152969683530e-03 -9.170009866001195900e-03 5.505001013342408767e-02
3.900135676693147757e-02 -3.147208020268900397e-02 -5.567180514864951413e-02 -3.370501247342719362e-03
5.807199908371968311e-02 -1.376469313398900321e-03 8.732175446139862907e-02 -3.875351435367174746e-02
7.082026883290258590e-03 -1.258151930482874492e-01 -2.978339404551451700e-02 -1.545606593209310903e-02
2.554688872460446347e-02 8.553309193355677909e-02 1.747179468187002585e-03 7.269587908044088109e-02
3.308405382329912547e-02 4.931760901060321806e-02 -2.330774284129639995e-02 6.924956718243194254e-02
-5.364821393558225071e-02 2.475793056001582976e-02 -4.760310503531295367e-02 -2.590727761993774289e-02
-7.307018023610531432e-02 -2.581739543230111150e-02 1.755584482554826617e-02 -3.438523153931923818e-03
-6.738824706268319031e-02 7.353699283456845148e-02 1.686104691542292949e-02 5.040327165378816199e-02
3.926134598173441209e-02 -3.324338834836066542e-02 -9.725234793060195948e-02 -4.577121841158530990e-02
6.125779246366154507e-02 -5.267730368501575416e-02 4.080218421620304681e-02 -3.062034865644118822e-02
1.965546224269917874e-02 -9.119599263125970079e-02 5.835375829999820546e-02 -1.983435004524106322e-03
4.429128994829536342e-02 9.493082469154784375e-03 3.990318976494715980e-02 -5.096601963180002852e-03
3.716782717569311334e-02 -7.547863421120216965e-02 -5.403553462227533161e-02 3.627370022407678390e-02
-1.958912810474834534e-03 -1.143770856101062813e-02 -8.980614732567896580e-03 2.508625546725827549e-02
-2.966718771212095360e-02 2.551537983726279851e-02 -4.578959245343396101e-02 -2.036260215099829074e-02
4.924758358596054847e-02 5.356262139229454183e-02 -5.485771801276811271e-02 4.193173736141887070e-02
-5.195911610174515360e-02 3.665116158595391888e-02 -9.494060296596473769e-02 -5.585553462195563118e-02
-2.544861389114307440e-02 -8.324297744297968343e-03 7.118072146744935935e-02 4.519995870017634587e-02
7.877339542861905297e-02 6.033039490177841135e-02 -1.414317758174222540e-02 -1.331634421593600598e-02
5.344858111006313417e-02 2.018571551141963485e-03 -7.849683624665896794e-03 -6.676013615075958307e-02
-5.323006077776993965e-03 -1.395498203346923205e-01 -2.280587775743427026e-02 -4.899451258309003854e-02
3.462871737696778668e-02 -2.393361782078307770e-02 -1.645257746705404422e-02 6.735527323352488716e-02
-5.245338725843080863e-02 1.583294475783271829e-02 -9.476334737382330342e-02 4.486455872232556451e-03
2.051328726984222306e-02 4.299354858984560934e-02 -4.493415966593231059e-02 1.598284709722967364e-02
1.590770998393446767e-02 -9.615817048818615194e-04 7.500813936390187016e-03 2.317671608658327526e-02
1.989402124409255998e-02 -4.980054445441998295e-02 -5.979307551622409234e-02 1.252990142659336503e-01
