3.189665937821241082e-01 -2.689392694486127944e-01 -7.262106678154113537e-02 3.889542006767941484e-01
2.111758270741842247e-01 1.471912057609017777e-01 -1.283658829914409438e-02 -6.055923912077438437e-02
1.512762319924408627e-01 -3.528173303987446330e-01 1.619002270607923788e-01 2.063744823064030676e-01
2.828257880236965255e-02 -5.227647139847972635e-02 -2.280407677144119516e-01 1.808821457158848178e-01
-7.579805950978273088e-02 -1.519429853935395369e-01 2.435590488855140512e-01 3.333310244713101334e-01
5.518827663534654482e-01 -4.693691808845616015e-02 3.635982614798332485e-02 -3.292866708725303293e-01
-6.169445899118920773e-02 4.886989269936208302e-01 1.325645745005573639e-01 3.791656924846020793e-01
3.838726860653766254e-02 -1.849064799198527620e-01 6.671004786637764472e-02 -2.403208639645391109e-01
2.550665778706739939e-02 -2.018941888531022300e-01 3.936671724391223315e-02 5.853120069573700818e-02
3.965319703651782463e-02 -1.079099765262083177e-01 -3.303525555291982885e-01 2.862495374681960358e-01
-2.792395536240616649e-01 1.090414143353418269e-01 2.488302472981791802e-01 -1.633346305779811714e-01
-1.057067252704471522e-01 1.387833619469715507e-01 1.446036848285418286e-01 1.528866541998588902e-01
-2.525434818741417557e-03 -1.358649139493180343e-02 2.204982458470412243e-01 2.243207646788469012e-01
7.092357477665032217e-01 1.854760912858066935e-01 9.033081731557442984e-01 -2.258931109316797414e-01
3.240736120840777973e-02 1.441633361294266946e-01 -9.762587461644209319e-02 -2.405825722745973949e-01
-4.003754846141309720e-01 5.559884076719624063e-02 5.526192791387197351e-02 1.564808000767505536e-01
-4.241831035257522808e-01 -3.808179457629439629e-02 -3.119901734769181534e-01 1.319247058237969228e-01
-7.045215876604518646e-02 5.419819052066909143e-03 1.991841793268655791e-01 -2.193539698844028103e-04
-4.129822619751901680e-01 5.624291114639633493e-01 -1.844069503113218988e-01 -2.187354232550408895e-01
-1.083722434744570084e-01 -2.129236624130286248e-01 -2.078192374465474002e-01 1.754456329597867958e-01
-3.226048253324688697e-01 2.589109813455472420e-01 -2.590565514037932587e-02 -1.730503019310315194e-01
2.849305503869794531e-01 3.349291146900076899e-01 -1.222764728807029383e-01 -1.660596411762055025e-01
-3.381866973290209577e-01 -1.425857441188975450e-01 -4.778538483525552882e-01 6.520440234744476204e-02
2.382713267525093936e-02 -2.889966578530013541e-02 -6.319559693251258770e-02 4.156463055327365083e-03
-8.251343686447366876e-02 -2.973498951465750398e-02 3.371513253152225165e-01 3.170960182874871802e-01
-3.113271424703428214e-01 -2.296498452163279747e-01 2.695710227459926708e-02 -5.376792756473790236e-02
2.798182239674993910e-01 -2.357709478490196964e-01 3.410115517797285278e-01 -1.878626385579406088e-01
4.274767336621070890e-01 2.397471902429913204e-01 3.296977353529630395e-01 -2.958895461717007264e-02
1.765613963926990493e-01 -3.046603564911016387e-02 -3.389219770062906756e-01 2.547903084164288567e-01
-2.613448719688860056e-01 1.945265133929452717e-01 -1.550500287932856658e-01 4.847534910040975781e-02
5.675745154588670571e-01 1.980393720225706866e-01 1.866481267878711547e-01 -2.715214020057716768e-02
1.108042028818576608e-01 -1.359588351532411421e-01 -1.515887363251171016e-01 -1.950584515928937557e-01
-2.455997701313427165e-03 5.011393606868136397e-02 1.704600449167351095e-02 1.582467581920185594e-03
-1.807381820156705732e-01 1.290549920254069616e-01 4.168537171722085932e-01 -5.626469918318766084e-01
1.847894474257910924e-01 -2.875286355187984255e-01 1.662286068115302259e-02 -1.709093171993050220e-01
1.582320094661687215e-01 -9.781147001735497615e-02 -3.691877400439702106e-04 1.517191891634316059e-01
-2.745635366142457068e-02 -6.816860563244566684e-01 -8.266980408078038536e-03 -5.646922085456449469e-01
3.681213539766533538e-01 1.111724206923861286e-01 1.631722524329020929e-01 9.045249088019406691e-02
4.397769213235100394e-01 -5.577191149694520761e-02 -2.830741690943110456e-01 3.819834657311048376e-02
