-2.215649394058454846e-01 -1.168886449040524439e-01 3.578484914507080727e-01 2.571144530558875374e-01 -1.280659259143719808e+00 3.122792711703039625e-01 4.668549512125900192e-01 -8.891049004642176401e-01 1.317095611011316114e+00 -2.176651636689609148e+00 -5.628389661750506923e-01 4.050242431752209410e-02
-2.339567566326606063e-01 -3.932991289173083382e-01 4.456385758516635542e-01 8.171550631688536681e-01 1.664254226976591700e-01 -7.984688421779700951e-01 -3.999675959272149806e-01 3.039937169537673123e-01 5.308851798840336089e-01 -3.972094812671151387e-01 -7.056413430593561076e-02 -1.572355677855952483e-01
2.752031297441605295e-02 -1.955564057099694331e-01 2.175528887012786738e-01 -1.700158169697369992e-01 5.676109861053085792e-01 -1.511698496696882443e-01 -2.438990706053308921e-01 -9.233923383208564317e-01 4.134749501671045047e-01 4.849096741581990222e-02 7.349664467145464730e-01 5.529080032366960884e-01
1.644896421720538626e+00 -7.735760652544274585e-01 -8.746533958448891033e-01 -3.255767160160557783e+00 5.033020070700139348e-01 1.509820076848517933e+00 8.500588428792569262e-01 -1.175650413999771216e+00 8.736404239064536892e-01 -2.277644008608689319e+00 4.795010244089931151e-01 6.110414701238146007e-01
1.793881805462719248e+00 -1.839227375533322995e-01 -2.600304716202307409e-01 -1.185484730609724702e+00 2.677757531970710314e-01 -3.292526519464142321e-01 6.030671403578686390e-02 -7.426038756237361982e-01 4.424500095620378937e-01 -1.409651524528229505e+00 6.664490045409623420e-01 -1.090853131303778145e+00
-1.075192168009134308e+00 9.685315313665133763e-01 5.901004697565003232e-01 -4.399952605937258454e-01 1.577819595143088893e+00 -8.249557602129070633e-01 4.490759779159884113e-01 -6.854729165138903069e-01 -2.191106222132157555e+00 6.340867214925033357e-02 1.321601850750766305e+00 1.322202263324074034e-01
-3.766693256257967470e-01 -1.761507378635750187e-02 2.673402082606921026e-01 6.046696517925977954e-01 -4.544163382273635476e-01 -1.098449798771494318e-01 1.144111070229534149e-01 3.387068022878615969e-01 -6.145643409593306433e-02 2.781865967572129672e-01 -7.400972804627229396e-01 5.585796146120076688e-01
5.822539316081428717e-01 6.761380429545247317e-01 -4.960548136933068397e-01 -1.076190012960231313e+00 1.535270472652593698e-01 5.587652820018935707e-01 -1.541194762808103247e-01 3.166980514516178902e-01 -3.161783905219336943e-01 -5.122966900956517078e-01 -1.340677948533514352e-01 1.075183242297457209e-01
1.161521939378908685e+00 -1.363555630588491330e-01 1.015750620390034609e+00 2.220273926390552877e+00 -3.445470376651219024e-01 1.607932447195861370e+00 -1.380710205714579919e+00 2.045936153644088984e-01 -2.061719295951600639e+00 2.438609514676418621e-01 -2.020838470540107026e-02 -2.005352448735795157e-01
1.063445139655994770e-01 -3.731119850776630775e-01 -6.695386557660802929e-01 -1.054017318243558821e+00 -7.528981649343329252e-01 -1.033120812708880232e+00 -2.281471434908890927e+00 1.414283043146738472e-01 8.566841074100576270e-01 -3.974249997860014316e-01 -4.394758132539690609e-01 5.745479991268003239e-01
-3.307024750132966928e-01 9.129934395991788909e-01 2.208882563364943930e-01 2.230262029081584718e-01 1.227109706271448664e-01 2.064362797355414336e-01 -2.140115017973786074e-02 2.532244171737268457e-01 -3.180514725159171441e-01 -3.506661482675567654e-01 -2.058009167383419713e-01 3.428798908735163353e-01
-4.916421388219848754e-01 -2.315771407196116904e-01 5.640356638393184685e-01 -8.400920162730400598e-02 8.179995317484693995e-01 -5.242079634517554654e-02 -2.001491648223668873e-01 -2.033090506289877142e-01 -2.939308795384946715e-01 -7.428587106148628605e-01 5.515516356397949238e-01 1.290727618719663128e-01
1.400929871901956725e+00 7.859244415327925060e-01 -1.338507258822777102e+00 -5.950756629060374170e-01 -1.184064130899179119e-02 3.938008089466870087e-01 1.628828561088975224e+00 1.511942434144652458e-01 1.715988356192823042e-02 1.731549207026179316e+00 -4.645977909827601199e-02 -9.590680808107663324e-01
-3.416648659169207458e-01 1.222293348096240129e+00 -6.809356476100306699e-01 -6.950732354557207504e-01 -1.584500940059441865e+00 4.641087609958297611e-01 -6.979467599897632990e-01 -1.268574022079378860e+00 5.728525516017758668e-02 3.908510263989673494e-01 -3.249138687843200479e-01 4.155291959696352233e-01
2.222899560166904098e-01 6.587098531412508562e-01 -2.813161736549287251e-01 9.177230186656333277e-01 4.982860669327899283e-01 2.183640276321283935e-01 5.597792412943169982e-01 2.600977565941617442e+00 -1.401966954990882197e+00 5.267998393140107538e-01 -8.716635807171820849e-01 7.719841338902392325e-01
-9.443158510015315921e-01 -1.308835641528160787e+00 1.737439505792209404e+00 8.783981607872280717e-02 1.119264951349627779e+00 -1.637951825536319683e+00 1.205861127929012344e+00 7.918301260268397757e-01 2.268187623951231080e-01 -2.242302401876427709e+00 3.434086718488109091e-01 -1.792671292417381101e+00
-8.138370469748523739e-02 -7.733238236147902400e-01 5.640053778894756897e-01 4.326743621771537707e-01 -5.486890822564427506e-01 2.508745432887363180e-01 7.068402259838002522e-01 1.136235875058891454e+00 -5.144645638264072618e-01 -8.830962615731406951e-01 2.799008791870930546e-01 4.678695780444155211e-02
7.893385193696766944e-01 8.966097567362527609e-01 -5.641250179725959546e-01 -1.269007707717398459e+00 -2.914943406513282875e-01 1.490990074833276502e+00 6.730259951547367114e-01 3.647231405199892751e-01 1.054774415288467715e+00 -5.788357524600447057e-01 -2.983942075313676945e-01 -8.741719047264945308e-01
7.465851375005956303e-01 2.142883155194636569e+00 2.226749350861945587e+00 1.168965542160411708e+00 1.202987951680144052e+00 9.760455978995619120e-01 -4.294897325281791245e-01 -3.010931299641800507e+00 -1.423759449865015236e+00 -7.793198732657299344e-01 1.932414775280068886e+00 -6.294854401810721090e-01
-4.645400247083517759e-02 -2.637838547896378394e-01 2.479218611018995100e-01 -3.871091446802911173e-01 -3.261008029903979255e-02 -1.327945253756166455e+00 -7.298425499820192230e-02 5.318530493960375027e-01 -7.260675021698165255e-01 6.274771663155809254e-01 2.168942526346565314e-01 -7.175529927156265586e-01
3.369017025752032990e-01 6.430525819181766023e-01 -4.006145184966560246e-01 2.315560227093173551e-01 -6.656199382168286327e-01 1.159203868468805521e+00 6.537332298620488480e-01 2.056171323065850987e-01 -1.892182763612067775e-01 2.055985419878385012e-01 -7.018488125680429901e-01 1.892263580670549769e-02
7.212807105210465863e-01 3.013777140626276441e-01 -5.476478373953445056e-01 2.190680692477905145e-01 -7.876513775463409583e-01 -5.380420891760687718e-01 3.868839549480129758e-01 -1.523582784784058841e+00 2.110609437741777228e+00 -4.774470093184467190e-02 3.109801306552935074e-01 -7.296193368426024950e-01
6.454551650703819199e-01 -4.610258029637909760e-01 3.877241144008005541e-02 1.094225147512783158e-01 -1.513503117748220828e-01 -5.266266077260913780e-01 -5.493802145240181956e-01 -3.230076757776367269e-01 7.522697037573307377e-02 -2.624681936265741977e-01 3.292906146984116433e-01 -5.514282071030529586e-01
4.457084938135635332e-01 -4.403043021153852932e-01 3.716072716689245992e-01 -4.481497815395881767e-01 8.360985073593605321e-01 8.585783660328639710e-01 1.656493532822711223e-01 4.162875300076566143e-01 -2.417978997649567752e-01 6.343080558626855783e-03 -2.259374488686465010e-01 1.543647915464844977e-01
-1.671927099086168989e+00 1.031887605622092474e+00 -8.740199212942343365e-01 -1.052367794356358077e+00 -9.074308986598323967e-01 -2.954909840491180550e-01 1.330733458044455753e-01 8.070131185321192113e-01 -1.656835259817065920e+00 1.589223285478590819e+00 -7.581363180667987089e-01 -1.173243478985138477e+00
-8.478508133020332682e-01 -1.379576165823847012e+00 -2.716044961026876092e-01 1.646632684694086857e+00 -1.143012799384741651e-01 -2.442155428796061178e-01 3.478111276593413570e-01 -6.891431256679279339e-03 8.300565720553579885e-01 -7.857182451471133033e-01 -6.218976627702531568e-01 -8.921234092389940251e-02
-3.884804587917071172e-01 1.287497776559370088e-01 3.910343064825455017e-01 2.176473527746285719e-01 -1.291510561891199282e-01 -3.442798706843961942e-01 1.665107438612335455e+00 8.021173166503025032e-01 -1.067194819666236860e+00 7.933730644066551430e-02 -9.520549039350002102e-03 -1.261327169520913616e+00
-1.600080235734903100e+00 1.889011105122549772e+00 -1.386883052796886173e-01 7.254129063409667788e-01 -1.835877491696489505e+00 1.067234982544425170e+00 1.791590897855678710e+00 -6.857877210130921553e-01 1.124212652349142694e+00 9.615148450388515400e-01 -1.336303475703543464e+00 -4.498008239138591435e-02
-1.864837003820915662e+00 9.841449650462075205e-02 -5.061536009590266172e-01 -6.403866834108334904e-01 9.046106715300424039e-02 1.531866181145828509e+00 -1.913945031034989031e+00 1.700027020175930437e+00 -1.611962224690403955e+00 3.440547675690346086e-02 2.065828366030915686e-01 1.561573321558131777e+00
-1.190483847654286498e+00 2.430550071276896540e-01 -1.858245230395763892e-01 4.545008504381133352e-01 -8.131752852097675621e-01 2.041686143616269433e+00 9.560155920792710038e-01 8.311616655964541023e-01 1.121078658551864171e+00 2.378613995014112747e-01 -1.136913356786815932e+00 -5.678482596490601608e-01
-2.569667786145204413e-01 -5.117957241413360059e-01 7.815471169059872159e-01 4.410968966889870502e-01 1.022722276916162853e-01 -5.487437823562145711e-01 3.473780717117341266e-01 4.719755608554271342e-01 -4.453192010978272442e-01 2.474449980629764290e-01 -2.286220086372640209e-02 -7.141036375471830899e-01
