-4.524657097467898320e-02 -1.803569297458572918e-01 -2.559156209081439037e-01 -1.349418123999774344e-01 -2.317774610976159610e-01 4.915803576969689503e-01 3.020069720695344739e-01 -1.053564770796502903e-01 -9.139477864931994100e-02 -2.232739004271671046e-01 2.232624890683756469e-01 4.597101777571806908e-02
-3.156595533947945120e-01 -1.746453406010190224e-01 -1.962110404689713927e-01 -3.446170704293523013e-01 -1.432222761393025789e-01 6.159718851663961159e-01 2.771397004189687929e-01 -2.446241473662859323e-01 5.334629105862497001e-02 -3.146739474058323216e-01 2.924933648056090019e-01 2.502482017331041919e-01
-2.628891514513226890e-01 -2.725292707073861953e-01 -1.568897743369887243e-01 -2.396446734796151279e-01 -2.265096965545090046e-01 5.364793300511471186e-01 1.285994131848151589e-01 4.082908373745543912e-02 -3.407491829196185318e-02 -2.061253792142054841e-01 2.488163944008997541e-01 -5.782468044976878802e-02
-1.717729538734924510e-01 -5.635968947516486333e-02 -1.763276927852987230e-01 -2.581517609405037383e-01 -7.410069601908016168e-02 4.377050216973283336e-01 2.208181110172656170e-01 -1.368729070572210216e-01 -5.274143571500700123e-02 -1.801131566571867459e-01 1.976824261495299107e-01 -2.482432661068673108e-02
-1.850982136188106253e-01 -9.615103114474449209e-02 -2.727431451113005445e-01 -3.258645534634990737e-01 -9.450094364461271434e-02 6.121882835946613755e-01 3.440567569019499783e-01 -1.860402533101528644e-01 3.461264417940522475e-02 -2.270424922195973250e-01 1.170230392147656451e-01 -8.862063356907691480e-02
-1.219064820160631613e-01 -1.035088454227600652e-01 -1.155078159663906895e-01 -4.266484847088780619e-01 -2.441570770880859553e-01 6.317482916500327672e-01 2.713106882112056861e-01 -3.539786576709470084e-02 -9.761374784835922342e-04 -1.233428858573884790e-01 2.229601381370582835e-01 -6.191954889891901348e-02
-2.063415863030327868e-01 2.462231653024980066e-02 -2.307878662566757166e-01 -2.966954466239093424e-01 -1.999649945761353964e-01 5.139373609925399489e-01 3.091578090102845011e-01 -1.103770276140977336e-01 -1.017508582720591526e-01 -2.788323351749606438e-01 3.363094436558157763e-01 -5.149862522677225996e-03
-1.496921858046302289e-01 -1.170222915551746325e-02 -1.730251825900493701e-01 -1.787051308389206727e-01 -1.933601179953322591e-01 3.834250431384953473e-01 1.099826972162878946e-01 -2.288895632620942255e-01 -1.338130324633340640e-01 -2.484991862947200092e-01 -7.494256863801868063e-02 -6.290209718466509281e-02
-6.679425225130120047e-02 -7.266680028856498108e-02 -2.762508879879490009e-01 -3.453394536942736570e-01 -9.180872706853827891e-02 4.528206367076704764e-01 3.098637405921531029e-01 -8.061764915043087565e-02 -2.795101088676550400e-03 -1.766050495407122112e-01 -2.999189540911973068e-04 -4.419987392164231865e-03
2.506129153694560199e-02 -4.683673687841830718e-02 -1.825425142025778602e-01 -4.673693102506760733e-01 -3.711140151689004130e-01 5.267753659606625449e-01 1.761418075375026371e-01 -1.111323027624954718e-01 -1.147232607724566478e-01 -1.588288773240352225e-01 2.273151039317212740e-01 4.895147203151763507e-03
-2.493187973514357225e-01 6.120739853939585057e-02 -7.877616780708830702e-02 -3.540948359663218525e-01 -3.406775554913455961e-01 6.775849745803177449e-01 8.983628557867842646e-02 -8.368935916478636994e-02 1.865569429930543158e-02 -2.247400450066389110e-01 3.097627047143913237e-01 6.913885383081851133e-02
-1.948376517136038988e-01 -2.205494580434690793e-02 -4.754761578212021722e-02 -5.274647475657372464e-01 -3.361439789468596562e-01 4.747530120321703517e-01 2.114065926950012275e-01 -5.486765668226895737e-02 -1.003420223585545779e-01 -3.936023691001426794e-01 1.444515070331032769e-01 -1.491373246863234026e-01
-5.398617045998680558e-02 -5.861101942859373720e-02 -1.735112646922188639e-01 -2.379755571515293766e-01 -2.554220100269887217e-01 5.240084775976657783e-01 1.537366212945063815e-01 -8.574952109106107057e-02 2.836016535862406329e-03 -2.782233166699579208e-01 1.852107352143892438e-01 2.086705847489789614e-03
-1.197700422077674631e-01 -1.566960169580997320e-01 -3.429838811252578501e-01 -3.710366936634661439e-01 -2.061649614370411332e-01 4.420431909680385685e-01 2.286004974753340635e-01 -1.442231749984668465e-01 -4.725898533094327614e-02 -2.875416510016501892e-01 1.144418799261135156e-01 2.566057580830626711e-02
-3.020297450654363045e-02 -8.492639621812403394e-02 -2.116680321332943537e-01 -3.691098718464551620e-01 -2.684113323472421264e-01 3.493852299887119095e-01 3.971793861723482144e-01 -4.432142903599251699e-02 -1.494574688030487208e-01 -2.037875706647387930e-01 2.768368135313418743e-01 -7.814610068620984895e-02
-2.710231665106956900e-01 -2.778326384817295450e-03 -1.780347358591043150e-01 -2.793154826109235378e-01 -1.808595097725963219e-01 7.304526753215656587e-01 2.922019063792198890e-01 -1.755808951259098249e-01 -3.130631130778240012e-02 -8.681535665858525208e-02 2.183684234190160778e-01 -1.571999285392409740e-01
-1.833638866453154437e-01 -7.255974290863687060e-02 -1.366914254098636483e-01 -3.455714270086603923e-01 -1.801815398062769080e-01 5.331739910194894794e-01 2.023281205868431298e-01 -6.053901095534038740e-02 -1.308221984664501847e-01 -2.669944932637826618e-01 2.662332327302993629e-01 5.659220585971944800e-02
-8.262412200230107029e-02 -1.499844319733902032e-01 -3.336555430384774978e-01 -4.685227407846832559e-01 -1.676931928897126278e-01 4.024816857611520082e-01 2.160899417586833460e-01 4.261238839648933546e-02 -1.672524572861636138e-01 -2.811709808556376311e-01 5.706552872544373711e-02 -6.169275450313883163e-02
-2.372149751218845526e-01 -1.689989586903961893e-01 -2.654531982146803304e-01 -3.283505240472893716e-01 -2.620155943780830970e-02 5.142924217213794558e-01 3.441088820690397232e-01 -1.337824014263926664e-01 -9.801122254034289050e-02 -1.995858568533230848e-01 9.576086997892596653e-02 7.679787081500445700e-02
-1.124507554267125953e-01 1.013784665726203127e-01 -1.159407070571567971e-01 -3.022345634971959072e-01 -2.587455396906859217e-01 4.198076199676686882e-01 1.615027505288906817e-01 -1.943784600920046290e-01 -2.842429090009735912e-02 -1.714046737207580162e-01 1.209772267633721643e-01 1.207483346427009746e-01
-2.013757531058293360e-01 -1.840312090866871586e-01 1.076558089736759545e-02 -3.976457506551439591e-01 -2.681725079995003203e-01 3.496397053452150461e-01 2.792755605563186916e-01 -8.565447504487130881e-02 -1.296440418137863870e-01 -2.476726493690833975e-01 2.641141222407517586e-01 7.735603195771613427e-02
-2.078929155485634284e-01 -1.779743301873173700e-01 -2.133829305965853351e-01 -3.436637291913472447e-01 -9.769330286830381349e-02 5.982412234934779693e-01 3.358019488090649429e-01 -4.341451097067321879e-02 -2.354280372557176482e-01 -2.853958353987190444e-01 2.188706241947765974e-01 -3.540069983199289200e-02
-1.209345838524995276e-01 -2.522314024044913783e-01 -1.785386650568452083e-01 -3.503483870422668955e-01 -3.041618694967600511e-01 5.359124223342328630e-01 2.761963304154308463e-01 2.800615222841815535e-02 -1.142733376293965097e-01 -1.116125343100307643e-01 1.711722279726121121e-01 1.002243092308311573e-01
-2.540797717069345762e-01 -9.839867908447486045e-02 -2.041878037960283276e-01 -4.438154160790979130e-01 -2.873577434007068554e-01 4.008848596701020672e-01 3.560639565156164532e-01 8.522967209532467114e-03 -1.148781721260076771e-02 -1.695789754252514103e-01 1.516191189373884349e-02 8.554449433372414424e-02
-4.416121828476220895e-02 -8.748647059097716672e-02 -2.002560325811131026e-01 -3.545691290051077305e-01 -2.104399347867525749e-01 4.159337365842907253e-01 2.396875689406632315e-01 -1.437560153105179317e-01 -1.095375981725492387e-01 -2.338661703045085694e-01 2.669648067342285658e-01 -1.553625377551109271e-02
-2.520274458074669433e-01 -2.014221732056251796e-02 -2.956326767578171810e-01 -3.888152589224221911e-01 -4.707553290101982313e-01 4.160945096263773957e-01 3.062899796726335500e-01 -5.033975094784144504e-03 -1.919756541134737607e-02 -4.266283948394387071e-01 3.560811389974704588e-01 -3.115197113660441580e-02
-3.392297443485636221e-01 -1.918673054215803975e-01 -2.682524693441253327e-01 -2.384105483424240057e-01 -2.447962754880150527e-01 4.355950867152453276e-01 2.197560854714743495e-01 -1.029898958255544283e-01 -9.639407832727200920e-02 -2.881241145899853251e-01 1.205646791088928471e-01 -5.772557381789321720e-03
-1.056869143878795027e-02 -1.585106456082674697e-01 -1.065181657963967937e-01 -2.782068228646046304e-01 -9.958987982880342094e-02 4.382996468182635552e-01 1.826414002213273546e-01 -2.517943969142552030e-01 -2.166638811459726810e-01 -2.297368396984513783e-01 1.177549689979263403e-01 1.185906817367737426e-01
-3.169113130948284507e-01 -9.988931926743968570e-02 -2.452017866997646400e-01 -2.944793073015372631e-01 -3.644200776287870314e-01 5.094219718458883328e-01 2.650974799159060979e-01 -4.793093010280408822e-02 1.851457187357866780e-03 -2.550257902626599793e-01 1.964036051961378093e-01 4.773278245881523024e-02
-1.480196683605865086e-02 -1.103220250375941923e-02 -4.056603160614287440e-02 -3.010640170895318990e-01 -1.365708563278352772e-01 5.020303663117564597e-01 3.031069078138556860e-01 -6.314112400828963967e-02 -5.707931630909836296e-02 -3.608622101015167560e-01 5.109086861558110870e-01 -1.353268424350554944e-01
-1.566235734079907127e-01 -1.000493673522625526e-01 -2.511511023782037055e-01 -4.132809302210019853e-01 -3.524916105032864788e-01 3.433089191541522367e-01 3.934156574372598553e-02 -2.750738375218790902e-03 4.772686040060920842e-02 -4.143509806108830462e-01 1.053491174737716252e-01 1.203599655716839668e-02
-1.339666826401809119e-01 5.301589509273228404e-03 -8.241844774111238559e-02 -4.736830052736608065e-01 -2.220022763513879449e-01 4.245368133455120208e-01 1.995647370054241532e-01 -1.007453102142659984e-01 -4.229789930901874107e-02 -2.400212948704478766e-01 2.557822606636462326e-01 -3.487344117821632866e-02
-5.840419017011957287e-02 -9.912961257812605287e-02 -3.936275544898783230e-02 -2.357632991712137194e-01 -3.586478000999155924e-01 4.990703864440928506e-01 3.720000520336824157e-01 -1.372539282727788523e-01 -1.863273084245759548e-01 -8.678864270931987979e-02 2.183599500976264318e-01 -4.395868690105222271e-02
-1.825032024820481547e-01 -7.691804679447100668e-02 -1.854448938165944860e-01 -4.036787186018622187e-01 -2.798654609854981379e-01 5.449910381207516696e-01 8.590527925900517947e-02 8.567069701384344427e-02 -1.120307073450394764e-01 -2.274081637758796903e-01 1.325312063435983012e-01 -1.296349929304623470e-02
-3.140391099726631552e-01 -1.883997139976525126e-01 -2.571994654175988049e-01 -2.574958612809788994e-01 -1.778235447727616325e-01 4.858763579622610296e-01 2.353893709036121717e-01 -8.138185273230420097e-03 9.106697708340150132e-02 -7.297117720027068710e-02 1.042025104667177737e-01 -2.200240207481918980e-02
-7.471671061163731586e-02 -2.178118398038667858e-01 -3.225565312172505306e-01 -3.459183969535630787e-01 -2.567083295647157870e-01 5.234506453543422699e-01 1.871627227814011696e-01 5.932876820373342991e-02 8.664599825514143761e-02 -2.759660056712248122e-01 8.412909768758100593e-02 -1.293987961540457587e-01
-1.409987852657201279e-01 -2.643697540559534764e-01 -1.199781432652236995e-01 -2.641239820859999643e-01 -3.988412808709151242e-02 3.790615402774766274e-01 3.696769976658951795e-01 -2.373987882963169913e-02 3.364025844110531127e-02 -3.836007333869034808e-01 2.290460165924825264e-01 -1.360398632384311659e-03
-1.158740032204716996e-01 -2.694931602508008339e-01 -5.327682288951351985e-02 -2.426152576542162376e-01 -3.355272229367990411e-01 4.980020760643919520e-01 3.290299945723598046e-02 7.825215827752998038e-03 -1.381217688019500955e-01 -2.931877663318392946e-01 1.366288041303237444e-01 -5.561259605489215357e-02
-1.672476690508838404e-01 -7.034521016412484395e-02 -2.148164957136493303e-01 -2.157787457452705338e-01 -2.862438355865617456e-01 5.900180169215991643e-01 2.666835108537533583e-01 2.474380781267315407e-02 7.087635496220540121e-02 -8.266071531978952391e-02 -7.264278048251027187e-02 -1.110532506272832592e-01
-2.093428034897892309e-01 -1.563136821569046375e-01 -3.023631598391134934e-01 -3.969072568641577314e-01 -1.315448081815396297e-01 5.750550518699030222e-01 3.844430705235186152e-01 -1.767299485080211785e-01 -5.092036976099005574e-02 -3.152175118577604795e-01 2.415813582628937306e-01 1.603294001070535227e-02
-2.023020799726197860e-01 -1.211058816480426459e-01 -1.822089633576282897e-01 -2.984843094880179626e-01 -3.393389292799871004e-01 4.392104911546159118e-01 2.363361058844664631e-01 -1.968342830675136323e-01 -5.339659814160488405e-02 -1.663447640699815544e-01 1.707838596676956033e-01 1.235650848009928332e-01
-1.287236324835586421e-01 7.919028764006214027e-02 -2.005217881740751495e-01 -1.558965643416365954e-01 -2.843443416759382503e-01 3.396192354293519622e-01 2.697066575260528842e-01 -1.474859777756720447e-01 -8.667954628950982898e-02 -1.745177564281785720e-01 2.696338531808243899e-01 9.421741829607195584e-02
-2.672747061661697177e-01 -1.592230100492779410e-01 -2.320382728257263938e-01 -4.733869331358951937e-01 -2.874276713441937803e-01 3.784614232068713169e-01 2.769787791274653244e-01 -2.229487958977624806e-01 -2.420782267150057079e-02 -2.549333898528533537e-01 3.057624989100356516e-01 8.763485823090591889e-03
-1.256447865121043395e-01 -6.313622910812881350e-02 -3.842314086155654285e-01 -4.062712097110989795e-01 -1.779111495897318651e-01 5.294964086636381184e-01 2.009708999520234962e-01 -2.642992331323599023e-02 -1.344754122102362337e-01 -1.416227273059932346e-01 4.877053938153458335e-02 4.465393447046914904e-02
-6.567451852094161047e-02 -2.461409443241577288e-01 -1.969030794481109459e-01 -2.672328932458450934e-01 -2.210551979935841682e-01 4.061096633217534668e-01 2.863398600762451784e-01 -1.702325338066864313e-01 -2.240989559503245299e-01 -2.441037742144917533e-01 2.634998548058710699e-01 7.062790310732240673e-02
-7.056447205118668298e-02 -9.326178356296982441e-02 -1.098490780122416549e-01 -3.639200228114288782e-01 -2.764427588909728062e-01 4.699149601731942294e-01 3.270937246974341961e-01 -8.697192294734598650e-02 -2.715406982187600418e-02 -1.465848302669066350e-02 9.827936249040744587e-02 5.988907352311403226e-02
-2.673602644909944259e-01 -8.997480137237320874e-02 -1.137993502547171160e-01 -2.791401302474695312e-01 -2.335754121663945193e-01 5.476181769644615782e-01 2.082923125085266447e-01 2.822085670573478908e-02 -1.067372633020397255e-01 -2.997395521349227598e-01 4.391311078363169251e-02 1.403310114856720081e-01
-2.186263739755304192e-01 -1.549923135158876308e-01 -1.477372873444620371e-01 -3.159472955621767110e-01 -3.191689152638932381e-01 5.553444572092429699e-01 8.504267767978129777e-02 -1.348006245678536053e-01 -7.293208161123299060e-02 -3.028010896382083983e-01 1.952142403565709228e-01 8.784489444462896535e-02
-5.003777453590887297e-02 -7.398580243521837851e-02 -1.386246410200497603e-01 -2.524556940223539048e-01 -3.809521103731583480e-01 6.826058232788565494e-01 2.102884460307965497e-01 -3.143284395264623471e-02 -1.035765641355286260e-01 -2.886396283027160559e-01 3.657962655016003262e-01 7.803436200318845939e-02
-2.122781653520618428e-01 2.927187556425877579e-01 -2.305191801789631401e-01 -3.259973341158092230e-01 -4.567577139914819062e-01 4.541953825587335958e-01 5.762108833252062023e-01 2.551384496779688371e-01 -3.000115690236563326e-01 -6.819111620494248127e-01 -8.456991916438791335e-02 1.997515988869175141e-01
2.646456817722108237e-02 -1.335292800351429443e-01 -2.936046678146181921e-01 -1.942668021716061066e-01 -1.265530399510668980e-01 4.702898935301043082e-01 1.965619360958014150e-01 -2.025286887960630888e-01 -6.507582834199074871e-03 -2.414512348645208584e-01 1.383186030455024196e-01 -1.272446404798881492e-01
9.678155753976304052e-03 -1.788360642349124119e-01 -2.299794203249735103e-01 -3.868575364592801158e-01 -2.796641176747851620e-01 4.336663487696343910e-01 2.237014756599950416e-01 2.452359790502783507e-02 -3.565507726046857756e-02 -1.520747049160957598e-01 1.829934782455894804e-01 1.029662562304982792e-01
-2.555749480842128829e-01 -4.489703329558788342e-02 -2.786940528682015361e-01 -3.810556265782336638e-01 -1.696716488323898320e-01 5.145569375782725885e-01 2.289155548461359602e-01 -5.443841642856401403e-02 4.616318198054222832e-02 -6.391762616117947771e-02 2.054842699780382032e-01 1.290512737966667545e-01
-2.455998414047696476e-01 3.751389124070039077e-02 -1.342813355706159728e-01 -3.711982759982437319e-01 -2.368855382526534881e-01 5.717275720247287918e-01 1.614948558435861381e-01 -1.132238393065907733e-01 -8.021181425981918633e-02 -2.541838086719030998e-01 1.665458347641590731e-01 9.167448206288249246e-02
-2.772698971936642387e-01 -5.660363547949755908e-02 -2.749240668153214995e-01 -3.083443950209094897e-01 -3.687375165096997698e-01 4.429362301170226002e-01 2.139530932430711019e-01 -6.122201443563069639e-02 -8.956945682770153794e-02 -1.487949937936173805e-01 6.629296407661833257e-02 2.068544428767570831e-01
-1.877665120802975429e-01 -1.655616374691012138e-01 -2.974997339566048393e-01 -4.490526568123250906e-01 -2.029605857114691325e-01 5.534031487771422508e-01 4.319471802285017037e-01 -4.247848989707444373e-02 6.596112107445381567e-02 -2.063550463027783999e-01 1.016537632131142566e-01 -2.962004221007483173e-02
-9.205070925721983710e-02 -2.868569648715223463e-01 -2.552938363449360759e-01 -3.251684559377818751e-01 -1.723297903277619947e-01 5.847799159067338381e-01 2.767904389674746279e-01 -8.560515522753148199e-02 -1.806615723522650083e-02 -2.352411145908082646e-01 2.608871062728346790e-01 -2.401953430203657147e-02
-1.668153256777167304e-01 -9.360088445822220549e-02 -2.724951084515584987e-01 -4.442347899577435699e-01 -4.513563484320832764e-01 6.027014144198431511e-01 1.641028048872336664e-01 -1.288366113826565351e-01 1.930580265277109450e-02 -2.415204815323988563e-01 2.510627790782322122e-01 -1.358057708598964762e-02
-1.276326987632489252e-01 -6.688984041621268140e-02 -1.130877837702304739e-01 -2.163213105683997328e-01 -3.171856016722162108e-01 4.442637780377137746e-01 2.953621671041210539e-01 -9.378545766836755837e-03 3.707080705657457564e-02 -3.133759662903286003e-01 2.100799838939254038e-01 1.677792545637010191e-01
-1.226180522192376887e-01 -1.110915916784717128e-01 -1.856097707640906591e-01 -1.645389488641121056e-01 -2.368601316843687299e-01 3.937165875764607748e-01 2.867373235601414216e-01 2.898374284140854511e-03 -1.673127154336920830e-01 -2.681567261331626595e-01 1.649910989344506307e-01 3.253260998602101189e-03
-1.439552135305049996e-01 -6.397031529170466024e-02 -2.256379615225150570e-01 -1.619183456752183170e-01 -2.094529286293815018e-01 5.354161357673041799e-01 3.600836898094439964e-01 -1.259732871325315029e-01 5.005727831359972624e-02 -1.335343151366241154e-01 2.152687470971469397e-01 1.206316277240157414e-01
-2.869214931344867825e-01 -1.277328415345282409e-01 -1.739397630999076905e-01 -4.103791267243231955e-01 -3.543419532259431959e-01 5.340669066575093327e-01 2.290429724568177061e-01 -1.176545325405427278e-01 1.283121459892960226e-01 -2.296296087643764916e-01 1.081127432262040111e-01 -8.482361262942107738e-02
7.060044385004676792e-02 2.778206650758968665e-01 -5.210828574561143789e-01 -3.262578269557568911e-01 -2.789324896287604938e-01 4.232913506692020933e-01 5.082862378926791269e-01 -3.103278324927292164e-01 -2.514174367444537914e-02 -5.834795227257472128e-01 2.496143309820225142e-01 2.225515928047772790e-02
-2.328179265490337158e-01 1.719669199040108759e-02 -2.250561774470630494e-01 -3.987426401693032751e-01 -2.352202524797598338e-01 4.011158834271541518e-01 2.435939200006386751e-01 -1.769919776178256188e-01 -7.228241910743951615e-02 -2.018598526820951089e-01 2.342688825057109847e-01 -5.283492696445115516e-02
-1.889135573279029368e-01 4.258133079688703609e-02 -1.829731549101389632e-01 -3.909764723648512241e-01 -3.574122451030429248e-01 4.273161409691439427e-01 6.151748999665044432e-02 -1.436491064154070962e-01 -9.153219068367374200e-02 -2.605622957101151882e-01 2.109538414940047013e-01 -5.772256122981758025e-02
-2.379796655747182244e-01 -4.318939633265373584e-02 -1.584891668299921730e-01 -2.949211526009067885e-01 -2.381146878565106040e-01 5.330356815003916005e-01 3.632309088515214834e-01 -1.535931470432772283e-01 -4.930190696000726069e-02 -1.682444545118907397e-01 1.784466075861573797e-01 2.195126070965024156e-02
-1.599725987662157234e-01 -4.938397072362583212e-02 -1.584072746413061894e-01 -4.602188775237000540e-01 -2.170880021544084604e-01 4.890584473408212673e-01 1.467258610975238908e-01 -5.847285757447607396e-02 3.895241739825437699e-02 -2.861376433421184418e-01 8.056319746987936070e-03 4.419142965062793776e-02
-1.527362386631456737e-01 -1.811599251795888710e-01 -2.837749385538905211e-01 -2.531607242935158819e-01 -2.447732896878339337e-01 5.814035682324447674e-01 3.483910787226283667e-01 -1.560919275065647260e-01 -6.335444982057493457e-02 -1.558986217521704520e-01 2.906764254907577283e-01 -1.173910664158232947e-01
-8.625541653513527085e-02 -5.728615032770232457e-02 -2.114356746736173742e-01 -2.466003437642914908e-01 -3.273792238403511190e-01 5.708885996779433647e-01 3.367371785752243940e-01 6.727379629819940469e-03 -1.419843337244098280e-01 -1.889354789371472942e-01 3.087236946417770134e-01 -1.315523866154956756e-01
-2.562443523006980306e-01 -1.971131022083126572e-01 -1.139269297557697208e-01 -2.212806850263931702e-01 -4.170853591975949293e-01 4.238874274412479659e-01 3.824700157453427285e-01 3.109118982417715532e-02 -9.296246437498151272e-02 -4.304299595493614738e-01 1.810806297512648766e-01 3.981076600390031153e-03
-9.759862602402538667e-02 -1.109609417609419557e-01 -2.945042526504781377e-01 -2.396188838506866647e-01 -1.002456998042646902e-01 5.814492494472183193e-01 3.044293871202334301e-01 1.633020717431845140e-02 -9.623510299386467404e-02 -3.507683521891639122e-01 2.413366095102452147e-01 -3.269153874206214699e-02
-1.123208453256812067e-01 -2.026179240964426642e-01 -4.747802826156627409e-02 -2.773474874291400605e-01 -2.731776604439888345e-01 4.362927236387618146e-01 2.447952068534170467e-01 -1.644669772277286904e-02 -4.384089305704613748e-02 -1.514806411564114108e-01 9.466870335530389036e-02 1.001423897010409597e-01
-1.643242248532417182e-01 -7.399772193893366934e-02 -2.186563215920336034e-01 -4.636335155477149250e-01 -2.387810419017743213e-01 4.579144538333528303e-01 2.297885980690799190e-01 -2.693252157006804579e-02 3.528264513534180857e-02 -1.973304126107327527e-01 1.013251479802817490e-01 1.633738794866881894e-01
-2.908872025286715970e-02 -2.173164330206242834e-01 -1.260833252209040689e-01 -2.996114277424635208e-01 -2.196902820152879243e-01 3.741992211870530105e-01 2.064455477005918693e-01 -8.077899434212909568e-02 -3.594428921041316338e-02 -1.144576543313952435e-02 5.978422383059170397e-02 -8.841152783281315541e-02
-2.210176627412488992e-01 -5.074907065448341220e-02 -2.389246197583060616e-01 -3.382866930634398361e-01 -3.480253366983546703e-01 5.116628303913598463e-01 2.222379634577582586e-01 -6.853081998192989133e-02 4.761071018989072867e-02 -1.398617153751680053e-01 1.580717750966322832e-01 4.813918496011865972e-02
-2.053152374439770611e-01 -1.535945894322204019e-01 -1.396294163736556959e-01 -1.635334017216879265e-01 -2.481308376549582750e-01 5.032167272380987377e-01 2.243796557118161727e-01 7.571427812332794278e-03 1.935222605455981792e-01 -7.746400680578605091e-02 2.080979155506130773e-01 1.263140713977112806e-01
-1.341040931866619990e-01 -1.522794612054755581e-01 -2.414367635796961509e-01 -4.212686724381877745e-01 -2.292379448624860261e-01 4.441420098077368817e-01 3.464136605431513138e-01 -5.583462692074831618e-02 -4.095880151666292379e-02 -8.242521445690575987e-02 6.860543496187843093e-02 -1.360236260096140404e-01
-9.619997179081238303e-02 -9.888303467213621634e-02 -2.313629944136117167e-01 -3.685135111873902858e-01 -1.598918417054322194e-01 5.691016764687018004e-01 3.478640190721838388e-01 -2.838746264937429542e-01 5.114887849621277405e-02 -2.360922006145526053e-01 2.094816441483952629e-01 1.203065417504217867e-02
4.160612919685117289e-02 9.951907449334385092e-02 -2.261608306834600179e-01 -3.311259115018301280e-01 -3.186803735413625827e-01 5.525889328392605826e-01 3.806901131257141579e-01 -7.820414379937742910e-02 4.248245322224621090e-02 -3.724311705160284758e-01 6.719715529051972780e-02 3.918153668065977452e-02
-1.559951862036970116e-01 -1.422235973236878059e-01 -8.262226901439685689e-02 -3.809844336799345088e-01 -3.609065810381590911e-01 5.350644954353014349e-01 2.688856809238365231e-01 8.261261681666778878e-02 -1.138410846510864299e-02 -1.969764862579267417e-01 2.250275341129437390e-01 -9.040755571931453904e-02
-7.805257574558840949e-02 -1.486357378971940035e-01 -1.722350336813748550e-01 -2.404413524738623076e-01 -4.030049469142811258e-01 4.623366472751243572e-01 3.059006560564486166e-01 -8.991421731974105769e-02 -1.228798560294750708e-01 -1.002885257888060100e-01 9.612815016562628601e-02 1.726371171384677439e-02
2.472342293864140256e-03 -1.672985240666367279e-01 -3.320089559617144803e-01 -2.646355195213442313e-01 -1.505735646500558633e-01 5.499236798891329325e-01 3.039442200669712491e-01 -3.373937005556878338e-02 -1.187281946962812917e-01 -2.229246061668428980e-01 1.889279160602901908e-01 -1.537102181169977717e-02
-1.923365946704139740e-01 -2.342923706747159496e-01 -3.602866692161942885e-01 -3.692533852146629991e-01 -2.991448411670701857e-01 5.628077257801721300e-01 3.508061733285447459e-01 9.826473787362860479e-02 -1.583434288701587866e-01 -2.136049390946327953e-01 2.004793291073755923e-01 2.943441879328930616e-02
-8.309832808844278551e-01 -5.036098533438519986e-01 -3.682456611408956859e-01 -6.101014846760032251e-01 -3.321398398543555786e-01 6.142609026787464455e-01 -1.006739697106900477e+00 -1.591080384696388572e+00 5.343962419188332813e-01 3.967396630905872801e-01 2.054703989224625271e+00 2.626042068250222794e-01
-1.896273586838407299e-01 -1.032651017860688747e-01 3.688880514144884937e-02 -1.035770325970271216e-01 -1.704317579980890729e-01 4.811932378261575272e-01 3.887792237347897362e-01 5.899156867578728841e-02 -6.415727679659315175e-02 -3.435764160435819115e-01 9.477220614826012413e-02 -1.225343961902345263e-01
-9.536890547232820814e-02 -1.705888756699190101e-01 -2.895100799930732521e-02 -5.189373724207774208e-01 -2.252573573601365509e-01 4.381078825179210989e-01 5.306252483460410091e-02 1.575500073274694046e-01 -2.612730920968761236e-02 -1.449903373147843899e-01 -1.911048491155993290e-01 -2.802226798117860018e-01
-8.843574451835517491e-02 -2.864596324513611347e-01 -1.454488723451839716e-01 -2.856429516963343573e-01 -9.189024926741344579e-02 6.800707479282093182e-01 2.981224500457632653e-01 6.616845075308577795e-02 -2.766599852099436638e-02 -3.001654675976386244e-01 1.263166610269554069e-01 -7.225649423161188689e-02
-3.022892234906693343e-01 -6.057362718455008149e-02 1.954131565530910775e-01 -3.080862943939712828e-01 -3.107252883695321710e-01 4.009898569792365031e-01 2.355918857861978299e-01 1.720132194555976934e-01 -2.139637969104052906e-01 -3.661927033441196855e-01 -2.460445214350244769e-01 -1.939161495464765406e-02
-2.346160246420597728e-01 -1.790618339864664954e-02 -2.511117284496731106e-01 -4.196974621358419144e-01 -1.722555245967081206e-01 5.286406719125782416e-01 2.832303558972160684e-01 -1.287043532049560179e-01 1.203392694013392938e-01 -2.338399215335996706e-01 1.321700635152242009e-01 2.931546872866852005e-01
-2.413790281763213974e-01 -1.377289602662404022e-01 -1.449076696880068071e-01 -2.821642992946709061e-01 -2.151395615513180537e-01 3.703800162591368572e-01 2.249650102568686028e-01 -9.938954641631686515e-02 -1.771930122448233877e-02 -2.914424188200709365e-01 -7.048458410596122881e-02 1.103852266078149263e-01
-3.080388781734549886e-01 -3.008781890339738418e-01 -2.424686338400128538e-01 -3.791192379239317622e-01 -2.265659656735604377e-01 4.827849124034557793e-01 2.074079648556891309e-01 -6.174208931285355556e-02 -1.474838212592182937e-02 -9.949805650393395151e-02 1.853786310507600232e-01 8.395189875044979655e-02
-2.200607748749959791e-01 -2.697796387784329730e-01 -2.122608184753239924e-01 -4.256177458784788925e-01 -3.476096357262172809e-01 6.082700724389610292e-01 1.865190312550060181e-01 -1.167391217847213170e-01 -5.003216018214744210e-02 -2.003428661837028946e-01 8.039765377190999374e-02 3.286257523559462518e-02
-1.044184210973328586e+00 -2.647402814326788589e-01 2.487700348579942045e-01 -3.978382884285466270e-01 -5.021594646514521143e-01 4.643860387245232202e-01 1.129191151841043850e-01 4.218639907315371307e-01 -2.054845702900055526e-01 -3.746125241324286259e-01 -2.824505741144016091e-01 -4.845891877968071942e-02
3.814046542483001123e-01 5.782102460073021422e-02 9.325401502952011812e-02 3.361681802378155282e-01 2.636738615104816108e-01 -5.093692842621984074e-01 -3.547077576272779087e-01 1.779102010723878635e-01 -1.083434183915104321e-01 3.002735394537945357e-01 -3.019071750927293518e-01 -2.748273542580961099e-02
