6.830351782198429422e-02 -2.382634075908010018e-01 4.166660318714546229e-01 1.302500799568224177e-01
-2.308717772139621538e-01 -3.564600189433521082e-01 2.901828555538310626e-03 -1.724508301120396547e-01
2.073435937991143507e-01 2.875801020092575433e-01 -4.629440392388530778e-01 2.214488738941458035e-01
-1.837932036213695344e-02 -1.150660166090697323e-01 2.494365451772381781e-03 1.463896883135435423e-01
1.472764711035729479e-01 1.052534237811177525e-01 -3.001910264132271466e-01 1.905891892636245588e-01
-1.145802953288719839e-01 2.718424638586135478e-01 -1.737187013150546036e-02 7.177385703932917527e-02
-2.230720386661234900e-01 -7.190723149515602930e-02 2.516924941471050392e-01 -5.316582943833962627e-03
-1.500231985386251549e-02 -7.391280755985189799e-02 8.435365902871637400e-02 -1.884561669429346276e-01
-2.324625699797833178e-01 -2.702543455587124721e-01 6.216976252844495093e-02 -1.719754417273958724e-01
-5.613526743049770257e-02 -2.845052837270083956e-01 8.162429718670330403e-02 -4.516066175867744850e-03
-1.589731045838548018e-01 -6.883448009159735814e-02 -1.420322084929188655e-01 -1.604603468140575750e-01
3.666064022866129535e-01 2.382485056703457227e-01 2.760718770509543729e-01 -3.120420267356261435e-01
-2.238638468619723043e-01 -8.588462261473826798e-02 -3.354292143439557838e-01 1.164407675635302231e-01
5.031915014946132247e-01 1.345237303741985968e-01 2.440462128601004199e-01 -1.706528662591510481e-01
-3.762912486794809941e-01 5.699074869848993474e-01 -7.640210752529721927e-02 8.252714415684128668e-02
5.012253228812163508e-02 2.061194805866070068e-01 -3.113537705116968257e-01 -2.129175913388582364e-01
5.439210492785410272e-02 2.970685059992436705e-01 -9.882876238036418515e-02 3.015766681954757944e-01
1.695679968427939166e-01 1.500385464152775017e-01 -6.232191876117308682e-02 -1.035580187757577549e-02
1.134349978866302025e-02 -1.665688149331550835e-02 1.456934781613447583e-01 1.402904596512042912e-01
1.137700838085910909e-01 -1.663696551077611385e-01 3.760190085115803355e-02 -2.671848668200231813e-01
1.990009348307286707e-01 1.414742860861788465e-01 -2.173803303740109438e-01 1.940715453484426201e-03
2.755179590691673730e-01 -2.387042940883709052e-01 -3.783772561958713143e-01 1.136263902345246990e-01
-3.712442958439413077e-01 3.071965613996689437e-01 -1.524099200227310991e-01 -4.520415628150486337e-02
-2.923941797764793155e-02 1.088064393566593596e-01 -2.639031644477541350e-01 2.835105093367599749e-01
-1.072674785085153681e-02 7.624042557246340363e-03 5.052147618960878273e-02 -1.426099999026536613e-01
-1.704023971006572158e-01 2.990304818144813859e-01 1.943542049557615559e-01 -1.163436553588038103e-01
4.818485000015471642e-01 -1.660952273846101385e-04 -1.484072698452022776e-01 -1.610050103191019641e-02
-4.576535534006411637e-02 8.445955290141823890e-02 3.299717991884289492e-01 7.615270663993706224e-02
-1.895278554257372461e-01 1.563733924212347068e-02 -1.085359551234904064e-04 2.285451207220960401e-01
3.000148836501055905e-01 -2.393241075238294047e-01 -1.919544193627331918e-01 -2.738431417791323819e-01
