9.667251170043336672e-02 -1.197898321312952513e-01 1.119599101891899789e-01 -4.205427457200957425e-02 4.248506536183557607e-03 -5.135337786846219492e-03 5.332377755406291636e-02 2.020949037330437709e-02 1.530655622521527592e-02 7.513714618203450046e-02 9.759789933308520016e-02 -4.757570648667071300e-02
1.755318001592771626e-01 6.142510357137257598e-03 1.227980372163388206e-01 -3.446176288952062378e-03 5.404667282042992238e-02 -6.166626473185160551e-02 -4.901169233046519941e-02 -1.097647829852466395e-01 -1.035951349779616198e-01 -1.420711059032825629e-01 1.192458241264329338e-01 -5.878294446013510900e-03
1.237687945767018682e-01 5.091801848441650929e-02 1.028480142752738330e-01 1.513671751229747342e-01 4.141392745668900921e-02 -2.319165096648592717e-01 1.182365056438218626e-01 3.926286060605558431e-02 6.700001462359464477e-02 9.700146948176040229e-02 2.412478377581035727e-01 4.441839266272132325e-02
1.109218971316685842e-01 -2.331946105572155897e-02 1.966460444123442619e-01 1.860061172455927322e-02 -2.053673645723794877e-02 -2.735723049820339842e-02 -1.128903219318264234e-01 -3.485861200013851656e-03 -8.969777997069607045e-02 -3.972680810304907162e-02 5.010829257420262167e-02 -8.836796462412105369e-02
-4.220581935281760011e-02 -7.896013532443209304e-02 1.244571023961498629e-01 1.117695128114157277e-01 -6.097308424482693334e-02 -7.517510983620344367e-02 -2.441655433489398411e-02 -8.888459871912499088e-02 -1.170719539782820407e-03 -8.992394650664784980e-03 -2.488248282502321211e-03 -8.795814231866452837e-02
7.153643454021135772e-02 1.028883399165677476e-01 3.887901747625866627e-02 1.033538626665838345e-01 8.627753537628853053e-03 -9.098510425505541843e-02 7.418342109839527743e-02 -8.377608094419941587e-02 6.654327226369556592e-02 -1.296774099132137203e-01 -3.094041222167926569e-02 2.030639227087931153e-02
1.070220579138311638e-02 -2.420151718965621312e-02 6.708251232205243719e-02 7.812375425901610382e-02 -4.028360595144158708e-03 -5.058169925180572291e-02 -5.885206043793671932e-02 -1.198361898902694789e-01 -4.358845652710493374e-02 1.542435201129003508e-01 1.154804250790511383e-01 3.455415520664960240e-03
2.164582451035501065e-01 -1.444933968163664845e-02 5.395358848622742315e-02 1.315261198089705263e-01 -1.908438268845061292e-02 1.366672564414723179e-01 1.464151625859014538e-01 -9.382474789879186039e-02 -7.496475473713747062e-02 -5.647217201532900299e-02 1.261952885518382098e-02 -3.129014028763280747e-02
1.278671278360868913e-01 7.698760262913534498e-03 -3.572725600319958360e-03 -9.119944003626853646e-02 -8.774791868473719170e-02 9.418114823591231671e-03 -8.898488711568657006e-02 1.068123669699674594e-01 5.268975489207489843e-02 -5.445579154608995616e-03 3.996673024156723042e-02 1.574778133969437915e-02
-8.142955042162692073e-03 5.840814070270786834e-02 7.162641655158626108e-03 1.532794492591218749e-01 2.307240998482419092e-01 6.229249289980844095e-02 -5.472821530821015551e-02 1.751383861893576494e-03 -7.817125794514813431e-02 1.430876598661220134e-01 8.556897154327332278e-02 3.476833520589159288e-02
1.664233614163715402e-01 3.752877781898539961e-02 1.484551018821999857e-01 1.849513501768948812e-02 -9.388452621407222809e-02 -1.030963528187341105e-02 5.328158128123620246e-02 4.685171893250968979e-03 -1.284561574643123746e-02 1.873932506972679837e-02 7.736103270801224230e-02 3.869369625534509194e-02
-1.644087350413552667e-02 7.719168741092219919e-03 -1.996060372457859541e-02 -1.006057686376393145e-01 -5.284666638959595319e-02 -5.167479400828871305e-02 7.561759205933622774e-02 -3.146551401723005070e-02 1.074488367125037563e-01 -7.348566583523011113e-03 1.376114032732667913e-01 3.857309755212422198e-02
9.065408553902681854e-02 -5.942653500615503043e-02 -9.661362395259106423e-03 2.559712612635502670e-03 9.318269028704587176e-02 6.219589385522331093e-02 -3.722733627177798182e-02 -1.808701876191706470e-01 1.710579788359394005e-01 -3.746869120014764687e-02 1.310723944241935779e-01 1.006231093120214526e-01
8.506110192064744724e-02 1.025606195038450269e-01 9.672300490071984724e-02 7.498383129128588509e-02 7.525801144582353053e-02 9.700438041389429500e-02 -7.493843061793066529e-02 -4.011912846425984974e-02 1.241949956996640375e-01 2.833134068060116570e-02 -8.905537161928543666e-02 -1.016943199672700748e-01
-8.514011777075786158e-02 -1.213027827667327169e-01 5.073251366513640377e-04 1.447567849507551407e-01 4.527108485065900467e-02 -4.705691544520358011e-02 5.013574379388436447e-02 -1.653519466608823027e-04 2.031717468340978050e-01 -7.161729644738042133e-02 9.685416519887228570e-02 1.606941089231452707e-02
1.105537092006292355e-01 8.234027764640584890e-02 -1.238748021859061160e-01 1.439976607737576686e-01 -1.162207143431774059e-01 -3.491711460505681625e-02 6.019812737173097644e-02 -6.285029487205896770e-02 1.439104833737556502e-02 -9.675837484387124487e-02 1.146036159947640271e-01 -9.264293703242998390e-02
7.512041988326165209e-02 -6.552031243751609002e-02 -3.977515546752676684e-02 -1.016624419984777372e-01 4.409318656195473918e-02 -1.028812809014011814e-01 -1.586302947763640614e-01 -3.685455446004748392e-02 -1.600411027922644946e-02 -7.981244502182126277e-02 1.071137584391885916e-01 -5.163458350396299412e-02
2.342697060814254439e-01 -1.928482328829509151e-01 -6.166797615869667321e-02 -3.920098275837175655e-02 -5.897145750449991897e-02 5.227730129803496821e-03 6.189611628424936812e-02 -2.896615567780196770e-02 2.909389910420654562e-02 2.675137908335835715e-02 9.871987726487653492e-02 2.498793055001619079e-02
-1.549086405451927662e-01 -2.717595389709886317e-02 1.803183386273192468e-01 1.569975887916947588e-01 -4.062445511544107886e-03 -5.414580580340348781e-02 4.215733566131650394e-03 -6.954659139817507586e-03 6.139029542107025256e-02 1.036474184188172082e-01 1.123087145438476792e-01 5.765589672682469580e-02
1.734742812236068910e-02 4.956168363429331453e-02 2.653136201353241755e-02 4.103777406521482568e-02 1.894876277268812970e-01 -1.903104325307159589e-02 -1.038266811691866860e-02 -1.970876365570574992e-03 -3.677082802594391214e-02 8.264531798215891956e-02 2.467550076657772651e-01 1.067290107974457614e-01
6.787837394531899896e-03 -7.407314802941732113e-02 1.282970446126968297e-02 -1.841398101723925110e-02 7.921375284261790786e-03 6.615555185693318407e-02 -4.774285920386848515e-04 5.059647639032083255e-02 -6.066005357616961052e-02 -1.566064839867718217e-01 1.514338232574554410e-01 6.782845997206510269e-02
1.213490435906233733e-01 1.691601751996886505e-02 5.527160396655212457e-05 8.982359821145177725e-02 -3.511171660908668501e-02 -7.400793797574496680e-02 5.578020439134371428e-02 3.984871777017594957e-02 -2.992172546179573678e-02 4.966963256502024415e-02 2.732564546787801321e-02 -4.779645546250423094e-02
3.063863353197422423e-01 5.809653037936006459e-03 3.415129505008330374e-02 3.126957223545869663e-02 -1.623784474638465675e-02 -1.525856020425085391e-01 9.276477865784991950e-02 6.711418874280011826e-02 2.059870596775881246e-02 3.038044838969962674e-03 3.344610029202298856e-02 6.248497745444188400e-02
5.748193037390809945e-02 -3.028315277033043901e-02 -3.792359391397328444e-02 4.869197821911552121e-02 2.166179625161924333e-02 -6.625323380267188200e-02 4.702927738853350764e-04 1.059804272811428194e-01 7.529116396699474245e-02 1.864158344747177953e-01 2.502429262938457230e-02 -1.800547562346500041e-01
-2.630989492391517387e-02 -2.299359423925872170e-01 -8.414112269825672896e-02 2.029284510788064433e-01 9.655126989567694440e-02 -1.676353362774602451e-01 -6.938521885263053413e-02 5.179259382311707759e-03 -8.523735390498841935e-02 9.858188137495348113e-02 2.655409464943102663e-02 -9.034011762379565158e-02
6.659752383131972708e-02 -1.376291851204094752e-01 -4.178846225197416914e-02 2.375820276298426861e-02 -2.830206925039480126e-02 -1.502941294876652609e-02 1.040637311697200501e-01 6.309462507602944803e-02 -3.102588900027167251e-02 6.866982447408161161e-02 8.229761699220382309e-02 -1.878782181609727209e-01
-2.238892421885281536e-02 -2.844752644308163464e-02 1.755565341597502271e-01 9.596858671820038614e-03 -9.819067563489011774e-02 -2.216545808094218164e-03 4.159575031462820621e-02 9.096459974369680568e-02 1.577584333295108110e-01 9.829893015370107234e-02 8.333803989591363759e-02 1.140268917801905424e-01
1.239431940244342112e-01 6.543529774564917079e-02 -1.723540569077525522e-02 6.233086089433578086e-02 8.675142675112651469e-02 3.290044050053628124e-03 -1.360155031978202700e-01 -5.268551478179634567e-02 4.537943042933895860e-02 3.068119358813753070e-02 -7.449291017687231266e-03 -8.478998842813942338e-02
6.604693632928262947e-02 -2.275447390376124368e-02 -7.114356723521127190e-02 1.340557752712556450e-01 3.397708493012431552e-02 -1.796884082853183462e-01 -1.145487347139458739e-01 -9.216468253735715654e-02 9.748208550202132339e-02 -1.113364826759394161e-01 1.662543615946892317e-01 -3.098818946220540521e-02
-2.018864168091494965e-02 6.694943396927204027e-02 3.476989221082129461e-02 -7.349036261868446829e-02 6.827452875268250065e-02 -1.123748605258708261e-01 8.509771251135904435e-02 2.144413616139164563e-02 1.581670250784718290e-01 4.053731223176930409e-02 4.647128047821433988e-02 -2.532903243088057560e-02
-1.191023849770913396e-03 2.476071732433526851e-02 -7.171600695299850878e-03 -1.493950310210775782e-02 1.656240360598237871e-02 -9.115098927651681116e-02 8.729240994236516990e-03 -2.041884292920281563e-01 3.754951919147022504e-02 -1.224859656542463988e-02 1.450352942478375373e-01 6.522528502407512474e-02
3.780572567917991206e-02 -5.079399315465910753e-02 -1.338455818044039514e-01 5.723689286737970033e-02 -2.849796494125162588e-02 1.927987692820783833e-02 -1.181586592581737420e-02 -7.397575195493005795e-02 9.482868607060542659e-03 -1.252288705494382648e-01 1.546141900765991839e-01 -6.372205721792220667e-02
-8.919949603352334000e-02 1.108463821255347842e-01 2.072892343615339097e-03 -3.745249216195199043e-02 5.139540381145088488e-02 3.347650503481171269e-02 -8.635506345516357971e-03 -1.036552240682768744e-01 3.443730340610581114e-02 9.307105002715378161e-02 2.502504226822601097e-01 -4.862947147336983689e-02
3.937544644190516668e-02 -7.977780877455610542e-02 1.844031443759480970e-01 7.449107326838708132e-02 1.147954853098041017e-01 -3.991040019780931619e-03 4.746424275305274193e-02 2.014038197155704896e-02 -2.618346940449266941e-02 -2.093940538664826601e-01 6.565816687291368969e-02 3.336419499377548618e-03
-3.419587570072506189e-02 -1.194032416520608014e-01 8.199950891892150706e-02 1.590906071374810493e-01 5.104632388626204054e-02 -1.203521147145622874e-02 -6.314757221900753337e-02 1.095681351591452080e-01 4.602528329963651715e-02 -7.052636884054579169e-02 4.819647737869117016e-02 -1.036379782734776211e-01
2.265573829040254394e-01 2.072762946925143374e-02 2.541070265123946889e-02 -1.427464201456756510e-01 5.365700015629594477e-02 -6.264733739598730977e-02 -5.489126600639970127e-02 -1.258568658259334727e-01 9.227618060897681274e-02 1.035071197588885855e-01 1.972546996231591410e-01 -5.265193799957164356e-02
-2.842940296417594687e-02 5.575904368288565199e-02 2.341151808675761767e-02 -7.239624328900326478e-02 -4.305504856986848428e-02 -7.822008051428887276e-02 -1.497943596148918789e-02 -7.618429359105668985e-02 -3.733369614547649845e-02 -4.518331909579879901e-02 2.071555216988785475e-01 3.408794388334676628e-02
1.380893493178062259e-01 1.169301722861334353e-01 2.817956337043116613e-02 5.719940499622157976e-02 7.287735756769711526e-02 -7.846451414601086916e-02 5.674530385794041704e-02 3.894636980570383850e-02 8.268254641484297507e-02 4.790307909696334132e-02 1.293139675722432824e-01 -4.902820963301657287e-02
-2.076811269715690689e-02 -2.854321292725591971e-03 5.646498602377090364e-02 1.049694786950790271e-01 -2.387407326364897886e-01 -6.837258215844167764e-02 -2.315468569469809335e-01 -1.695012950717375844e-01 -3.076046072258458233e-02 8.261431795810640633e-02 1.480820188779455593e-01 -3.194141338420057596e-02
-2.506893068862398738e-02 -1.290452608325021733e-01 7.100642575092618036e-02 6.919872574669036491e-02 -1.321030092874527981e-02 -4.454656157324565898e-04 6.676806301939340604e-02 4.910607067247280133e-02 7.608029470767536592e-03 4.622265972704069081e-02 1.125219923341122946e-01 -1.331422145069843799e-02
2.847965482764611839e-02 6.550493965194838231e-02 6.138881110528363744e-02 6.527330989266666439e-02 5.919324831226142891e-02 -6.001825899584899149e-02 5.135366945047099146e-02 4.808882782202994477e-02 3.679237832623342280e-02 -1.181731396355738956e-01 1.811316787834910402e-01 -1.675956111208410032e-03
-1.625388574558361832e-01 -1.960952733526574732e-02 6.673904514858293446e-02 9.602115333613081560e-02 1.378453557758725634e-01 1.779318650556461767e-01 -1.394259035602537777e-01 -4.301467715908785516e-01 -7.778419331464849450e-03 2.443699130994069282e-02 1.334084167524877129e-01 1.005367333154713883e-01
2.916971905443198343e-02 4.533310976007540877e-02 -2.832002703056018048e-02 4.008105702652643015e-02 5.500941289492905506e-02 -3.597490483172047226e-02 -6.287695726571627952e-02 -9.547753579236487043e-02 6.071837665455143834e-02 -6.550769365475854478e-02 1.435707894184685418e-01 8.917862388522745931e-02
1.898956696306423192e-02 -3.553298974503612401e-02 -9.659306413181763251e-02 1.264239194887140927e-01 -2.287619222368939692e-02 -1.311041023991659782e-01 -1.078528573205572022e-01 2.141587663421109372e-02 1.450257958013432547e-01 4.115013024777560043e-03 -1.141977673889716105e-01 7.941647507280141099e-03
1.169593295393017984e-01 -1.125580605797819531e-02 -1.295658904018060290e-02 -7.373208058383723396e-02 4.105347162474286271e-02 -7.116111848009777467e-03 2.495507551848683350e-02 -1.077190285626865862e-01 -5.521335281995445182e-02 -5.614471119268170385e-02 1.451452907882410381e-01 1.155372150862311320e-01
-2.764188853838852461e-02 2.469283032900044389e-02 -8.407463146312875446e-02 3.840970395577181923e-02 -9.694056551512228448e-02 -9.629023519621425498e-02 -4.378591913657615270e-02 -1.603673709325516283e-02 1.325893904247985311e-01 1.951873558781781412e-02 6.716765216963502261e-02 2.198324097429916330e-02
-1.188418801281644344e-01 -5.610448993154051184e-02 4.252581899119873415e-02 -1.694353964575489799e-02 1.538290694187487151e-01 -1.010255111332704764e-01 -2.281710033633436649e-02 -1.659005249764570478e-01 5.621851109614927483e-02 -8.196128549728250168e-02 -1.070165887715677638e-01 3.566165912094224847e-03
2.678486409542792934e-01 3.267020827919236287e-02 9.907347489146182962e-02 3.798762504272380595e-03 1.225855504661501061e-01 -8.863807388491416750e-02 1.230856631401428397e-01 7.341778150082883814e-02 3.348922976798706513e-02 -7.664226387652096906e-02 1.629554181053285700e-01 -8.958921628717647634e-02
5.713341493975748753e-02 1.179787696104551004e-01 1.243480780995409457e-01 -9.948849498817971537e-02 -8.757384892633553880e-03 5.124324060770871908e-02 4.681780005468990508e-02 4.729839041500299990e-02 1.416963894407103908e-01 6.485873062240544995e-02 1.002186364091683518e-01 -9.755231355416496553e-02
-1.128940638509470518e-01 -2.852361569950628284e-01 4.422673834234627788e-03 6.928229639336180856e-02 -4.328945926629075569e-02 2.512577087270172638e-03 2.185520592249014238e-01 -7.469165428825269397e-03 8.809379274263924586e-02 -2.037175102260385950e-01 7.057171868676045956e-02 4.235144826315176414e-02
-6.880593424611056164e-02 5.978026355307369116e-02 -1.048597650266500508e-01 -5.398643960258994040e-02 5.267213249709504219e-02 -9.083126348846333464e-02 1.270080185405884909e-01 6.614729514875011818e-02 5.764827207712416857e-03 8.390794705744571147e-02 5.819728244457430394e-02 -1.061776070363490421e-01
-4.554718703782448946e-02 2.451483520404734995e-01 3.360384966179977978e-02 -4.473437982078379976e-02 6.337561231354027491e-02 -7.599056181218256933e-02 6.567377385732907358e-02 -1.621238954597118698e-01 1.468400383030566692e-01 6.351499756864818769e-02 -2.508029036704788675e-02 4.914844839597772019e-02
3.428407802810448657e-02 -6.899494752753411453e-02 -1.520135012248833087e-02 9.536149762467621693e-02 2.297670954299117080e-02 -9.034954499556076268e-02 -2.676248906422458787e-02 1.841745958624506699e-03 1.010273469562815787e-02 -1.233912646893510351e-01 8.689673933931414684e-02 -6.306684415891825046e-02
3.934847511800553671e-02 -1.620983720429098052e-01 1.673540518684628678e-02 -5.240791101581609296e-02 3.534264668319649083e-02 8.940433130103005166e-02 3.730944484025437019e-02 -7.573321821820663824e-02 3.436176000910707434e-02 5.524452294426301924e-02 -5.053203111162312550e-02 -4.119004880447419727e-03
3.195996843091908346e-02 4.935528059785638383e-02 7.038370301645700128e-03 -3.677237315385985944e-02 1.261450431133420425e-01 6.387330641633719337e-03 -4.238409326348831913e-02 -2.518081855522225770e-02 -1.347901592290881856e-01 -5.023653428469898596e-02 3.485072701681121710e-02 9.890203777739034474e-02
1.064545831896286099e-01 -7.695294096883951995e-02 2.157476992361135812e-02 2.964522575872984358e-02 -1.182560874142891960e-01 6.927315685647535137e-02 4.964431785174867190e-02 -1.938061028180504686e-01 7.605865805409357805e-02 1.259398634596698152e-01 1.199671472299076586e-01 9.961873579334565298e-02
4.476187651089424957e-02 1.077850105750632198e-01 -4.792556483916633053e-02 2.297623305661793472e-02 -5.332257163591259952e-02 -7.138837880880584408e-02 1.879457781240254435e-02 1.388353627980997429e-01 2.816130554683411030e-02 1.255361205413429437e-01 1.084456324371489283e-01 -1.274700433075621753e-01
-7.663285207456177472e-02 1.987159323547111056e-01 -5.189073505466789554e-02 -7.309730284545049028e-02 6.440445037870973222e-02 3.262158854260646668e-02 -4.566827201767844485e-02 -2.539548476139952271e-02 7.565042452034041742e-02 1.011083375135668067e-01 1.612399790448596770e-01 -3.064445223830465637e-02
8.890533962414956526e-02 3.476626932408940357e-02 -2.450108797448724562e-03 7.713347439884921108e-02 -1.890188335783138385e-02 1.960679610564680653e-01 -9.910588262306506413e-02 1.422779391106208415e-02 1.162138556251671034e-01 -2.503883241992854378e-02 6.420882606024849726e-02 -8.864242682904222015e-02
-1.083313103293238322e-01 -5.490383405095942276e-02 2.199809220169452739e-01 2.096615738945587781e-01 -4.089378659476014533e-02 -1.775516403654655434e-02 -7.162368504696435545e-02 -1.689960351478356736e-03 9.374307043974516862e-03 -2.380540513100052810e-02 1.175534018433507105e-01 -3.645205558917513633e-02
1.721236171588092501e-01 -1.923902556674021713e-02 -1.346228311841397504e-02 4.142324247225249306e-02 -4.577442808016353448e-02 -6.489671584190716269e-02 -7.901035355612024899e-03 6.247639178549140027e-04 1.297636491338118314e-01 8.989573139543884095e-02 2.259035745328067182e-02 -1.171872378046200092e-01
6.440453914251460799e-02 -6.052891571622246586e-02 -3.954355896214766658e-02 1.331892148638674500e-01 9.612400687506624224e-04 -4.554814840634492483e-03 1.283963310648716764e-02 -1.094415865173760383e-01 3.003430786908207334e-02 6.223266962158292837e-02 1.418360885753925660e-01 6.017208903133658415e-02
1.906369267555769187e-01 -4.101397695783576963e-02 5.364892192052348602e-02 1.146635467993265822e-01 -5.445382040262608699e-03 -4.600405955532983759e-02 2.430748232323324751e-02 1.408207147259710468e-01 -7.073081208618652027e-02 -6.940614634242504855e-02 1.124228319013270000e-01 -8.288680550437271810e-02
1.241132525488543303e-01 -9.181839157026579212e-02 -1.174269039241802454e-01 1.802287925015536862e-01 6.071942660716179996e-02 5.139689066969278103e-02 -1.545668759823965177e-01 -4.035018150462435504e-02 4.192794046608260689e-02 -6.540476788452383172e-02 -1.384515406692538309e-01 7.732149635505766727e-02
5.335781098299187397e-02 -6.322787424710356319e-02 -4.533798896362064429e-02 1.970743009167464088e-01 -6.802419303168757980e-02 5.025720109014499481e-04 4.280236146522412716e-02 1.894648036231186966e-02 -1.186781416696115060e-01 -2.483949534086039024e-01 1.433767707612081665e-01 -8.001024639165374430e-02
1.602678064822410930e-01 5.244817072811101127e-02 1.332655276632307151e-01 -1.619923454155333398e-01 6.627856442480373200e-02 -3.854822335794647059e-02 4.658251074158797217e-02 1.091871487838700916e-01 -1.093178817442808232e-01 -1.555804622981401229e-02 -2.104762387062579163e-02 1.073575546460176777e-01
-2.406577045538833143e-02 1.542979568894608730e-02 -8.095654715020873110e-03 2.916425918000542170e-02 6.124356568831973435e-02 -6.780879235009180939e-02 -4.548918493229200249e-02 -5.475446999114394215e-04 -1.355309549140536196e-01 3.711287148072754671e-02 6.362458386670191181e-03 -1.074950798428002674e-01
-1.402374003148165182e-01 -7.652438589053138507e-02 -4.391888167320547737e-02 8.261902142068175414e-02 6.881847870938567757e-02 4.116961309033116689e-02 -3.820885107452006574e-02 -5.895515746651682626e-02 5.242960901358390685e-02 -7.052509197078953192e-03 1.464702442216803818e-02 -2.482667131193046217e-02
-4.768216198931992528e-02 1.001415621647640253e-02 -3.585576084020670323e-02 -2.593153835749214056e-02 -6.917402798800897923e-02 -1.247350253942182546e-01 5.659164769865854955e-02 1.137482389193583861e-02 -2.246989583397478868e-02 -7.727653949765671271e-02 -7.519301585211275729e-02 1.143729881987579772e-02
2.930086316817862718e-02 2.325418395342464251e-01 -4.445492369126951421e-02 5.731470218716264858e-02 9.586880481809220006e-03 -1.059074369360260143e-01 -7.307413165759953089e-02 -2.786566256669651548e-02 1.538542593549240001e-01 3.606158484533145137e-02 1.255427652353856560e-01 -5.474413743326792502e-03
9.218804297205435150e-02 -1.252980526934184546e-01 -1.176652888975764505e-01 1.296533057795418997e-01 8.887926817859054252e-02 -1.271611559772462333e-02 1.235565089288526847e-01 -2.377397352609399855e-02 -4.344305143182512069e-02 7.344112298679976447e-02 -6.364765781557697732e-02 4.676938623177233356e-02
6.667151670383934803e-02 3.932922123213177662e-02 6.589610537734795492e-02 8.577745791502419670e-02 -9.860111529661474972e-02 -2.482001341660082794e-01 7.417622295069328797e-03 -4.180066677146153896e-03 8.352940443169983020e-02 -2.669958608328689212e-02 2.669168744416900232e-02 -1.918589026925092422e-02
1.769387642686232609e-01 -1.895382099517785995e-02 -6.564949383820768702e-02 9.350659759490281830e-02 -7.411814671143104882e-02 -1.285803949206786381e-02 3.243403957038665936e-02 6.652205411850473094e-02 -9.637114426952188284e-02 -2.263173920583029172e-02 1.650806014750818285e-01 -2.146433090003011662e-02
6.372259494398367641e-02 1.228017852086305123e-01 6.866806222840242391e-02 -9.961572683888250679e-02 5.426178423647534665e-02 -2.979016855925438727e-03 -1.315304361426083146e-01 2.516161985471330326e-02 -2.963629290802999305e-02 8.212301772788214993e-02 5.624800943417946524e-05 6.819024439153587025e-02
-2.250511595026043806e-03 1.725657484756855931e-01 2.252424286293898750e-02 1.287752539719528265e-02 6.945163212389821039e-02 -1.222635248121968082e-01 -2.868013685818450106e-02 1.602827711750868522e-01 -3.464785178635038793e-02 -7.118072401908927260e-02 9.354871762902565446e-02 -5.361419752055843202e-02
-1.257321977997257756e-01 1.287577007556084674e-01 -1.330588835722618934e-01 1.043211990951455892e-01 7.754875871315622393e-02 7.830571088453446016e-02 1.857336813997178260e-01 -5.149064448300421509e-02 1.584334514872662025e-01 -1.011952043286953734e-01 6.343397604892650476e-02 -1.070134498615738228e-01
-5.962462304199055846e-02 5.299900670713902223e-02 1.401848174623708532e-01 2.018039678036999060e-03 2.060802826307887164e-02 2.222008861791924250e-02 7.466229511294895926e-02 -2.509621632190427859e-02 1.718149228079995650e-01 -5.041506821307362163e-02 1.062896045348009494e-01 -4.004917961671022875e-02
6.169336976711368992e-02 4.854391398232537486e-02 -1.152004959536628154e-02 2.156040015449735836e-01 7.587150818748628067e-02 -2.909138925825770911e-02 2.344395295900316908e-02 -6.728115117355512598e-02 -9.133762646869703766e-03 -1.143011336715220455e-01 1.993459099076251573e-01 9.384414944939245551e-02
-4.943450312598583057e-02 -2.554407313305965405e-02 1.211667311372798678e-01 1.010005585910284109e-01 2.197705649982464177e-02 1.935116239269062399e-01 -1.611505280722248246e-01 -2.204859947637687057e-02 -1.629253299888615836e-01 5.134148891648741830e-02 1.377813998333627110e-01 7.788209961684783300e-02
5.791747485955282826e-03 -2.314043994841356172e-02 1.737963042721222054e-02 9.827798068452922586e-02 6.950732795764025251e-02 4.569728606408593463e-02 -1.874897532110405760e-02 4.083805904492429119e-03 9.724508539555615227e-03 -2.066880427394194031e-01 8.716265994032938724e-02 -5.648744389404661281e-02
1.330139322787175608e-02 -9.423466505649692737e-02 3.751590847178448013e-02 -1.183656767198864278e-02 -8.909243690521123638e-02 2.140260379357968312e-01 -5.202354911704643731e-02 9.070636074616039712e-02 -8.048777914918596454e-02 7.831570430318594844e-02 9.167245455515381225e-02 1.270037285805595828e-01
2.819204998590549294e-02 1.205844867142750604e-01 -6.027232957699157206e-02 1.094000146483916670e-02 -6.901162707773986216e-02 -5.569021803866293363e-02 -9.203647490180431531e-03 1.513864444935375184e-02 1.902364583370494133e-01 -3.526814588002288864e-02 3.057354776841011632e-02 9.414449980142311492e-02
8.334670989739823010e-02 9.877182782281422602e-02 -8.072815614863345030e-04 1.617350786216833203e-01 -3.273172136416696576e-02 -1.631410038932931128e-01 1.154063142686584525e-01 1.325583088217506533e-01 6.532590291898755785e-02 -7.157531318764213946e-02 4.805006592911098377e-03 1.171134568412340177e-02
6.144414783824503345e-01 -2.245321966076248843e-01 1.775921146098871917e-01 -1.414372859938834714e-01 -1.330952398790757052e-01 -1.739538906003781360e-01 3.908089012129572493e-01 -1.552894182470267725e-01 2.782714297312932628e-01 -3.828888311272665712e-01 8.228622029479569500e-02 -4.757035627913483999e-01
6.812811375296533301e-02 1.003153943728906788e-01 9.960047542405665866e-02 1.998846098431665552e-01 -4.488568066032022630e-02 9.924867269713592843e-02 6.014359989754571728e-02 4.843015072355685846e-02 -7.315078218895441908e-02 4.997083756293581314e-02 8.896125286596286152e-02 2.380066922439522670e-01
8.954560304150452343e-02 -3.325182650676616197e-02 -5.786481908590788287e-02 1.812663908389033560e-02 -4.993805699786968422e-02 1.513621970984024845e-01 -8.378020646754520684e-02 -1.359068454632344491e-01 -4.793977035088483468e-02 5.559351539977404333e-02 2.722751573337228725e-01 3.351680182449334050e-02
-3.708919714387626243e-02 1.120543231598472161e-01 6.836310318564541022e-02 -9.351208876217834143e-02 -8.117566061437939129e-02 -3.587396435099582392e-02 -1.817706036653189347e-02 -7.258515954542438253e-02 -1.316828607486371927e-01 2.025226416257410456e-01 9.037039200169451336e-02 2.488146779679459852e-01
4.472532462374997908e-02 4.676805599161121957e-02 -2.829126373022960647e-02 1.956833485955012178e-02 1.001640080452697867e-01 -5.838642564957195746e-02 -1.268110575868199030e-01 5.346150573924770590e-04 -8.813002109786402527e-03 2.260247259735349290e-01 1.277530211267215443e-01 1.073632113377180897e-01
4.925147546189979908e-02 1.651116614131526161e-01 -1.107437390580970488e-01 7.325688937620969399e-02 -2.989844016581689329e-02 3.648981869684166102e-02 9.792909163358280711e-02 -5.281591482640789897e-02 -6.439234199673054410e-03 -2.186286195371519789e-02 1.473064076164110336e-01 4.131323183868576554e-02
8.833315140328634740e-02 -1.056075834869343727e-01 7.904271357535476439e-02 -4.190556004687339547e-02 9.290763973894142214e-02 -5.047783724535949423e-02 1.098649258124563682e-01 3.518847339521340850e-02 4.113333538483718993e-02 7.425020815557347408e-03 2.313660177143981034e-01 -2.141308973938994553e-01
1.049783284184322985e-01 -8.561007742744226878e-02 9.036746216657190467e-03 1.913203554910701543e-01 3.561897991179774348e-02 1.162358710725788918e-01 4.830099922560424780e-02 1.296150471842289209e-01 1.099334901282654486e-02 -4.256033823931067162e-02 1.958141131977252647e-01 -2.612665357964925623e-03
-6.945312405640868825e-02 1.218539811892778782e-02 -2.028226875287108266e-01 4.063414001844806861e-02 3.944817968154297472e-02 -1.457212519379651461e-01 -4.757971252476141805e-02 -9.165294267095125402e-02 -1.480402399221850693e-03 1.217904227346269103e-01 9.779032296032431903e-02 -8.324214360969134363e-02
2.619752559052042074e-01 -5.436177373857453005e-02 8.674123598930329193e-02 1.489628106482111247e-01 4.563365867130088349e-02 2.817463926947071928e-01 -8.186515009413893040e-02 -1.542079580383926840e-01 -9.632678725392936070e-02 1.476780488823354054e-01 1.511833031892074464e-01 -2.701707234750323483e-01
-1.354085092533612034e-01 -2.118377095334554594e-01 1.081274955134781529e-01 -1.044437552918355133e-01 7.428413996433970434e-02 1.039172195322123904e-01 8.898504195463865368e-03 -3.609899544443431751e-02 4.172649346328038272e-02 -4.695411856143800848e-03 -1.252923641685484146e-01 -3.475793648643509676e-02
