-9.101393150421426270e-01 6.664868668067845947e-01 -1.975941482602127652e-01 1.147225027842295741e-01 1.041076175501611134e+00 4.036832632980453250e-01 5.887833169503409181e-01 7.041529071703735987e-01 8.267040545223409628e-03 9.072365015346472994e-02 5.685710999862109843e-02 -6.360245045182043588e-01
-2.758433653829014953e-01 2.737548565191563199e-01 4.500050580558662139e-01 -3.461594231127816390e-01 6.766072247373814408e-01 -2.332946818022706981e-01 4.174740051054083301e-01 6.781707930796544437e-01 -4.664721214609528904e-02 2.818395224494377738e-01 -2.848495528916112352e-01 -6.181089682979731270e-01
-3.728799332186254478e-01 3.081309152943988439e-01 3.927018598766812141e-01 7.025053493778683489e-01 1.111732046295372811e+00 8.242127315239826391e-02 3.386634915078657881e-01 5.851810212733318250e-01 -5.790239820571952967e-01 -1.470193508214908684e+00 1.555893489002951047e-01 -5.354165256793245176e-01
1.724187624435921939e-01 5.272831786751713823e-01 -2.511852843165489624e-01 4.801839367077354592e-01 -1.343665436856098960e+00 -4.272949062273636578e-01 -5.391373276796969094e-01 -6.052576792690201879e-01 -7.653260251044856632e-01 2.655965354822886759e-01 -4.115485119091121247e-01 5.098151672229503939e-01
7.839118825114197442e-01 -8.921556344505162661e-01 6.448550025594153023e-01 -1.789964479079826587e+00 -1.167641166072938885e+00 1.643323351034909230e+00 2.526251331000496370e-01 1.257480818586663718e-01 -1.127374664460786713e+00 -4.630998437585064353e-01 1.185315007930232145e+00 2.483050473555316329e-01
-6.232077233437458563e-01 -8.240014641536409501e-01 2.221536912741179370e-01 -2.536164063630402810e-01 6.498821929870240988e-01 -2.004414909733107097e-01 -4.969216225437170231e-01 4.797791379298697589e-01 -1.295191956670568301e+00 5.372669856210728900e-01 1.291560757631657896e-01 -7.215435922667176039e-01
6.796930866590067399e-01 2.931422355381985589e+00 -2.573001692989463907e-01 6.910487935039446583e-01 -3.075097297740114199e-01 2.145860198875970126e-01 1.138017153788387192e+00 -5.085297239619565035e-01 -5.484192065004502847e-01 -1.212142679168742632e+00 4.346153020192414784e-01 6.595795619645250518e-01
-3.983387206134313407e-01 -7.481483348207336181e-01 -8.127788615938352779e-01 2.243330343387752723e+00 -5.467442386881555816e-01 -7.185374138412735645e-01 -1.387101708359248300e-02 -1.460167360333658237e+00 -1.831587454343289068e+00 -5.263192469897223225e-01 3.536638387846812726e-01 -1.447608816076083826e+00
-1.065232803173874476e+00 -1.940234165721023696e-01 -4.079211373165049226e-01 4.887144650295517367e-01 1.292459285223855003e+00 -5.116327919733364427e-01 -2.804040761468362675e-01 1.169561797913442502e+00 -3.064577560470321260e-01 -1.629444131670605422e+00 -9.499521310071048497e-01 -4.721406986006211337e-01
7.916600453524187397e-01 -9.505990445770774455e-01 -2.225493489845746242e-01 -2.024080945842041956e-01 5.184003329312554254e-01 -1.026896885599978271e-01 -3.016931511367888508e-01 -1.670750748277989306e+00 -2.121699010905764293e+00 8.475696919125538242e-01 6.865642736004928803e-02 -3.445931020611203450e-03
-3.912686251910628132e-01 1.959188334709603074e+00 3.616561270308009113e-01 -1.001448080879719482e+00 1.484165321128269877e-01 1.505290983258515403e-01 1.232916323020783883e-01 7.311954201099778450e-01 -1.142615734692148610e+00 1.192807152394806502e+00 -6.805044057762800469e-02 -3.384058557803751310e-02
-7.422269909402254839e-01 2.091516471622026252e+00 -2.847476928974289057e-01 -4.561930875899314897e-01 3.386096570866135469e+00 2.949582146851527642e-01 4.016640347413175105e-01 6.183706673482529670e-01 -7.057422139210295375e-01 5.788896790939455916e-02 8.436696703131255637e-01 -1.470117032687420000e+00
2.578580170701004759e-01 8.386962465802996203e-01 8.958179968041206365e-02 -4.218780746525653824e-01 4.201291420285779843e-02 6.046297262951554341e-01 -1.011675865510978101e-01 5.895578658341223965e-01 -1.546740977377598913e-01 -1.456220363544196150e-01 4.319501431944244296e-01 -1.491667422185505854e-01
-1.372901441060857541e+00 3.676120267769467098e-01 -9.892912503724995421e-01 4.802576056618776401e-01 4.378063109933397756e-01 -6.167538790668975618e-02 2.744249460541593466e-01 7.622732617144410971e-01 -1.573640858182422830e+00 -7.272752423141669587e-01 -7.847963709767442619e-01 1.141138273407972248e+00
-1.094881779621370343e+00 -4.538378718210682727e-01 -6.322534731261804375e-02 3.480549073887148626e-01 1.292690662298891235e-01 -1.128404509582656257e+00 -9.108427746731924401e-02 7.121882263312321326e-01 -9.858841572912296902e-01 -2.080439186924100126e-01 -5.097842714261437980e-01 -3.402150145580873919e-01
-7.176907781275777554e-01 2.792232998990667459e-01 -7.319560046712536572e-01 3.247886465520177235e-01 1.107927432741530271e+00 -3.386739881003109076e-01 -3.245072173319927256e-01 -7.038001365963527656e-01 -4.279208592321430138e-01 1.261840191004042211e+00 -4.872043777051731639e-01 -7.309290733599083101e-01
-1.132312742709763009e+00 -5.483311226496045965e-01 -2.051057330580221549e+00 3.125337474252796732e-01 1.417592689915821547e+00 -3.035904167095684891e-01 1.545305723318861346e-01 -1.137140076065134675e+00 1.315052338938286658e+00 6.307910842523367645e-01 1.017448967160033080e+00 -4.886455313608805140e-01
-4.377635376697799896e-01 3.344193354718081879e-01 3.282118074521878093e-01 -2.017969798459136599e-01 -4.110192814913203319e-01 2.197298858682862344e-01 -4.891396024862756375e-01 -4.455934098207746663e-01 -3.279139040654332257e-03 -1.007045429442742362e-01 -1.352598738426341873e-01 -2.730373207768262978e-01
1.007679491610930400e+00 2.598620096404312019e+00 -1.956497454596161090e+00 -9.581491317941265295e-01 2.156913134000352006e+00 -1.474161830706991194e-01 1.088989950803309403e+00 -1.019452267262772327e-01 -7.260322424353938819e-01 1.679121617973568403e+00 8.311377941887602150e-01 -3.798905165471201939e-01
1.527744228571263907e+00 8.089587948075387391e-01 -5.327771465585804389e-01 1.332389975489709055e+00 1.474787134188262128e+00 4.761803568641703732e-02 8.409242003413368582e-01 6.339920853037803727e-01 1.860693160206271290e+00 1.250400367608886398e+00 1.089849420925423223e-01 1.992100480618728353e+00
7.812171459989745992e-02 -6.400045613619855800e-01 5.294451702324969034e-02 6.325507208703308182e-01 1.000397649584009230e+00 2.813901987099341473e-01 -3.444306190867404971e-01 -5.296215127006570489e-01 1.484771948477826786e+00 1.759416374211560941e+00 -3.487680337598508817e-01 4.043806091488033605e-01
-1.085495182612744802e+00 -7.226551456054687295e-01 4.248412858871928460e-02 -4.027121168681567498e-02 -5.917094097604479463e-01 -1.534576967875385556e+00 -2.202840815726815116e+00 1.681846496398177848e+00 -7.327365866641930570e-01 2.038916112443839079e+00 -1.407864440671936501e+00 -1.221805719004206869e+00
-4.524353313026518997e-01 -4.064383329667754507e-01 -8.652317408057792480e-01 4.930554193689544173e-01 1.014351218919933961e+00 -4.200039289423826983e-01 -2.702739570410688241e-01 -5.602936142226820904e-01 -1.478596588218133334e+00 -9.750922298603521554e-01 5.382361836818495837e-02 1.099826441146857653e-01
-5.879675861568748330e-01 5.613165075050073616e-02 -5.683248359637163016e-01 1.511807269839379186e-01 5.103595712281773222e-01 -1.169024714841796708e+00 -1.520293879813510163e-01 4.430979819769698125e-01 -4.055527792449420410e-01 -5.535108693496277876e-01 -5.037232121608162805e-01 -4.519879201352053344e-02
-9.617134104032845632e-02 2.732340501471613781e+00 -2.449243835231715849e+00 8.705191343127083314e-01 -1.019161370905497410e+00 1.735064590077385560e+00 -3.717839279770403238e-02 5.827228881672108507e-01 -2.087788927615389145e+00 -1.170697579688649570e-01 -2.374181806248165383e-01 5.396203326563369096e-01
-9.174004023185029499e-01 1.005427340828119326e-01 5.629249325282229544e-01 -9.135969771873889145e-02 1.445441579144952193e+00 1.643535684565821386e-01 2.979578913413748475e-01 7.199709014473445468e-01 -6.607242512229781761e-01 -1.281718420250890000e+00 7.781629372878373641e-02 -7.888941130192023143e-01
8.643175111747087858e-01 -5.300322880020774674e-01 7.622781218992751295e-01 -7.844925978334356120e-01 3.104359086932250156e-01 1.826593936002697538e-01 1.119868883367212131e+00 -1.213293649032750832e+00 -1.071058941572882395e+00 1.525094082408628982e+00 1.208276255538903943e+00 1.074165025695068970e-01
-6.482295223306668852e-01 3.463354675325910209e-02 -2.486565739353016960e-02 -1.323986906357461392e-03 -4.766123551048187523e-01 6.486997127783357409e-02 -5.353458096789905918e-01 -4.057407368473027187e-01 -4.831349531473376202e-01 8.123920103016403216e-01 8.562200265553526757e-02 8.132334573153177093e-01
-8.670478281713124291e-01 -9.531708539421624993e-01 3.363193531140094006e-01 -1.355601676930693333e+00 -1.607903518845052560e+00 7.362121709733886465e-01 -1.222206281229658797e+00 1.264106109903161190e+00 1.395129889897901210e+00 5.805397680271817684e-01 -5.370049404958006090e-01 3.568477773519599383e-01
7.045921785872716336e-02 -2.947072063894350946e-01 8.988204508113686320e-01 -8.678037944729133368e-02 7.212308845744033192e-01 -9.480023664553989537e-02 9.275603600877849741e-01 4.359000752395060518e-02 -2.902859160790451920e-01 1.331705353485554522e+00 2.667811013309278612e-01 -2.867711963950259624e-01
-2.047630193109556962e-01 -7.049867737330703932e-01 -1.068104934956333185e+00 8.488893826481843652e-01 5.461185061171242028e-02 -7.746563952411574805e-01 -3.880354457418479508e-01 1.431689992122578692e-01 -5.868162074406377826e-01 9.188381687675446496e-01 -6.394029521077231049e-02 1.874955658433367089e-01
