-2.860198304823646342e+00 -5.925105142571162276e+00 -4.644505351436623464e+00 -1.248737634519926587e+00
-4.192556746278899737e+00 -6.147381427276839894e+00 -5.683591854075599414e+00 -6.652092540910359730e+00
-3.603114235426517542e+00 -3.771692719571240637e+00 -7.589871340274202405e-01 8.406740812831690057e-01
-2.223406628385464767e+00 -2.005863303190051905e+00 -3.258103983585498131e+00 -5.106819211964558569e+00
8.440688526955526516e-01 2.977898787714247764e+00 4.472276194303272945e+00 3.937193916779087033e+00
1.017203570160407855e+00 1.702656437421480984e+00 1.820415598137239410e+00 -2.540545403138421698e-01
-3.923622282560403018e+00 -2.710262702741863539e+00 -3.398406435677021165e+00 -3.372926927049739287e+00
3.364064363931456469e+00 2.957769167639963115e+00 4.565457345356953134e+00 2.399190687497866126e+00
-2.127111978995589681e+00 2.485428754891583658e+00 1.915521562413593060e+00 1.102631527176193282e+00
1.471914485172384879e+00 2.951733054637982745e-01 -2.246082036735710385e+00 -2.394482988092247133e+00
2.050509644464164616e+00 4.170746994883797854e+00 3.531074619567415418e+00 3.941805128585453843e+00
2.001482393679909322e+00 9.091456022908374346e-02 1.028662428401380335e+00 8.722478466136232012e-01
-1.119970448122617340e-01 1.811332023067348418e+00 3.237995203737518146e+00 8.292325497927892641e-01
-2.100554309105681305e+00 -2.522323547539489397e+00 -1.014014761920456253e+00 1.564917021285300747e+00
-2.790028574593576671e+00 -5.176403246162761818e+00 -3.969701646157274499e+00 -1.981094747005266443e-01
-3.325684974223455548e+00 -1.420349460497595029e+00 -1.716276132263709231e+00 -4.065425927169166620e+00
3.752054866314867621e+00 1.918691920662632722e+00 3.184463314164759140e+00 2.934685719660772296e+00
4.431772323844891837e+00 2.883228089128872629e+00 2.707198781285236944e+00 2.557831976714743494e+00
2.796510598303838080e+00 2.881438935953255509e+00 2.350554800249002430e+00 4.208019153866196516e-02
-3.500483133691294046e+00 -2.113862596397363181e+00 -2.938286417224467595e+00 -1.429212204202942704e+00
-2.128600784392805867e+00 -4.861790457180459768e+00 -4.345234370616243957e+00 -5.361176426706614428e+00
2.637477903249518363e+00 1.038280625700579884e+00 1.313262195221979400e+00 5.119672451912644640e-01
-3.982580568981345603e+00 -4.216791345249126799e-01 2.922322434868541707e-01 -3.124525668936277700e+00
2.077993059105792462e+00 6.839650949689962900e+00 6.603931880341981753e+00 5.261283229698089592e+00
4.473844326566951413e-01 4.320467902214499833e-01 1.331249436980450396e+00 1.186204509236282068e+00
2.382962252085562671e+00 -3.911970619674620231e+00 -9.730766478680572540e-01 3.683234870139068473e+00
-1.459115530060389743e+00 2.857208005106862125e-01 1.151284161774399406e+00 -2.400164312176786274e-01
4.096872917010062842e+00 8.341419374015153210e+00 8.610678125600630395e+00 7.360168676011758393e+00
-3.844975796930409029e+00 -1.869572360520757925e+00 -1.707203140867348701e+00 -6.749550142678718556e-01
1.598177926045019737e+00 5.318177156410748729e+00 6.427042591998096910e+00 4.823833049606859547e+00
