-1.920632163538450676e+00 2.588267843861324913e-01 -1.205915229994908744e+00 1.810359545878842680e-01 1.906221714338301445e-03 -6.305589422537851707e-01 9.208945338359278976e-01 3.366454083257645058e-01 7.120096069119822291e-01 -3.000705950201256744e-01 -2.998713191624091112e-01 8.582824986895212227e-01
1.597988655343937525e+00 1.953100926723567721e+00 1.150139063052143668e-01 2.897878331229750692e-01 9.435475783545380635e-01 -1.772226108694633651e-01 -9.577243036374575302e-01 4.845915737926977385e-01 1.170835114214763273e+00 8.065893002076151008e-01 1.960017649016124186e-01 2.410054325313445156e-01
5.273477390740699544e-01 -6.127176268469571030e-02 3.424582890607476005e-01 1.499338197716765242e-01 7.884795039496451247e-03 -4.453298242130445117e-01 -2.539549470659745456e+00 -4.638168010846078215e-01 1.731430362580815618e+00 -9.375565948965164376e-01 6.274121470452947991e-01 3.333744640225759781e-01
-2.708299075318923999e-01 -2.625855422961900221e-01 1.394454503899432929e+00 -1.775882427231500471e-01 -2.269969238237298903e+00 6.874789318707924535e-01 -1.894396832286886267e+00 3.372852293020197068e-01 1.199861639911688371e+00 -6.310522328513498147e-01 -9.693524351355683466e-01 -5.983968600381518455e-01
-8.224185638987753233e-01 9.657586452130062504e-01 1.272226274487574527e+00 1.616839356508675163e+00 -1.612704282005030576e+00 -4.862948976125996969e-01 -3.125694077401813598e+00 1.785413570669899475e+00 2.058453438701875360e+00 -6.871227417865145570e-01 -1.409284775201266049e+00 4.777049478984246811e+00
1.160063889833985229e+00 1.207485362662928496e+00 -1.363416386827739080e-01 1.014284501750307266e+00 -1.516804101375373914e+00 6.508623614285778958e-01 8.124010581822793675e-01 -1.529729149337076377e+00 2.247575716724049766e+00 8.737869249790385373e-01 -1.843537356664228521e-01 -1.736991705768801575e+00
1.388157101551465988e+00 6.713714199041572739e-01 -1.432429660437917474e-01 6.328022000703811267e-01 2.411399149889043247e+00 -2.134931615703349994e+00 9.399969674750009441e-01 -9.056662252435390137e-01 -5.154694005566914372e-01 -2.238850784910068281e+00 2.649859652334141114e+00 -3.419714564395396561e+00
-1.119172936300197208e+00 9.715969813267619770e-01 -2.014763648543134444e-01 -1.836546865795373407e+00 8.985006406034539150e-01 -8.470342207603220874e-01 8.104751061327138961e-01 3.796876400011083702e-02 3.691312685122754900e+00 1.625319830149765665e-01 -6.665355069633659424e-01 -4.250391828999996457e-01
5.388489101236546563e-01 1.525766173606865284e+00 1.149709473704348728e+00 -5.340550311182427734e+00 3.709131287187531711e+00 -1.430583302184855521e+00 2.734869553645372431e+00 -2.184485528103909946e+00 -3.013102458110732407e+00 5.317478957774594006e-01 1.016230621782675314e+00 2.497951020610408968e+00
7.308985343949241376e-01 1.554708492927619368e+00 -8.591575987537618531e-01 7.201428085509171684e-01 -7.458985522035637139e-01 6.760423361014665788e-01 7.895127225451746833e-01 -1.370184119095085418e+00 -3.557771855187630838e-01 1.430968644103143506e+00 1.941562631015363027e-01 -1.792448065427004078e+00
2.582404922477812281e+00 1.218346784517349235e+00 5.549856204998717679e-01 6.870957849626542213e-01 -2.992303528927698145e-02 1.818541566252125097e-01 -2.249465643456588282e+00 5.020825581275955019e-01 -2.497386073628715675e-01 3.280541420282432896e-01 1.867488894976837566e-01 -4.317684467572246443e-01
2.525091754028400803e+00 -2.107540956969505164e+00 -2.051232226236711309e+00 -1.272922110944150642e+00 1.812121537086011092e+00 1.003598264872763712e+00 -1.458517570297632959e+00 -1.176701940218095460e-01 1.150257296748705138e-01 -5.292188748654942376e-01 -1.119868362779540716e+00 1.846240068639572185e-01
-2.391278039080754425e+00 -4.872731638003737764e-01 2.205002493626711857e+00 -1.791599115213767135e+00 -1.904793018866554721e+00 -9.749667866469637900e-01 4.614204319701864510e-01 4.930482302107645154e+00 -4.579174837905060080e-01 2.728014141237733892e+00 -2.553849694551602489e+00 -2.213545730870675854e+00
-1.163720718011549193e+00 -1.573456301157863724e+00 1.013399277357829087e+00 5.372502479148990595e-01 -2.131084797913656903e+00 6.736427181980056966e-01 -5.837911256537814397e-01 -2.328448722422396866e+00 1.427391488222103266e+00 -6.353067025498674303e-01 -2.028834001542319243e-01 -4.185758867242296510e+00
1.139755223360752634e+00 -1.130114633528013668e+00 -2.992603638856575543e+00 -1.378687767419568555e+00 -1.009075069934259439e+00 -7.974892788569380997e-01 -2.453293065914472937e+00 -9.033485322875138834e-01 1.132626280520044437e+00 4.588539048630751460e-01 -8.754975429300112522e-01 -4.753704175122482334e-01
-1.917119073974063781e+00 -1.411894475844323038e+00 -1.615768470982021698e+00 -2.329082594256310479e+00 1.165058037602528934e-01 -9.592271167929615761e-01 6.828734443285379152e-01 6.534708331755051391e-01 1.662414065913548233e+00 4.993550352539591342e-01 -2.323747015174350672e+00 -4.283673139041799804e-01
1.629795754585982692e+00 7.722991612067334755e-01 5.834970844132373324e-01 1.568567239232667165e-01 6.298975313932763109e-01 -1.758728888466546625e+00 2.243613481731718817e+00 1.246323788848812120e-01 -2.506571796343181724e+00 -1.944636923598448863e+00 1.165275603828947348e+00 1.793524076613388196e+00
2.334874883275765700e-01 -7.172627321312324833e-01 -9.677211708916010346e-01 -4.895953568144183476e-01 5.079484059751518954e-01 4.257776595518605323e-01 -2.651962684297967776e+00 4.043269551002724449e-01 1.505569803082192903e+00 1.513127067275329141e-01 -1.472511180802498654e+00 -1.389950368511749357e+00
1.026274871276729117e+00 -7.707080544414394163e-01 -1.373805151112147183e+00 1.624082249717701654e+00 6.034551510881753789e-01 1.077797144942401086e+00 -1.446770467011496697e-01 -2.626402017975987935e+00 -6.056910023224453266e-01 -2.367160069832996705e-01 1.163598598789277849e+00 2.787625039282742856e-01
-4.212360565025592973e-01 1.942848056484073049e-01 -2.006970741261408231e-01 7.574555665657727310e-01 -6.240932321890052537e-01 -9.819113413133287449e-02 1.822460016680863104e+00 -6.290231857509486213e-01 -1.572926344910360041e-01 6.152615542819399597e-01 2.012660174463838381e+00 -1.076258877592545460e+00
9.792826691444448395e-01 -1.941034705605754751e-01 3.065895465081678872e-01 -4.075678893408044567e-01 -6.754590968300775433e-01 1.126569104919502573e+00 -2.072265239693096284e+00 -1.226147982227355770e+00 -7.774240841169272054e-01 1.394343826799243180e+00 -1.782645153949679040e-01 1.707936968696572577e-01
-4.453139288162920373e+00 -5.305444870448146055e+00 -1.273558729895249320e+00 3.696006240769833973e+00 4.118278708362809404e+00 -5.904215460461153420e+00 9.916151073971423147e-01 5.424242298681499541e+00 6.777433515857551605e+00 -6.257078447493611861e+00 1.379655295978974738e+00 2.776263453866226527e+00
2.663316709057919951e+00 -3.809265434467405953e+00 -2.080918292373003187e+00 -6.850353862929193793e-01 -1.723659532125934257e+00 -2.587550715660027034e+00 -7.102316413612385082e-01 3.529602978360427135e-02 -1.489429936953355682e+00 1.400379064173058241e+00 2.300976055459647895e+00 -1.881004019473068167e+00
7.183959361184498738e-01 -1.432863793203476233e+00 -3.713641179618548893e+00 -1.540113409702367431e+00 2.585668899714319013e-02 -6.354398959919443923e-02 -5.263145136696257831e-01 -1.331281784402373214e+00 1.719056428466966491e+00 -2.741470180301025295e+00 -1.085859301557102974e+00 -3.695676799156604186e-01
-1.034605709445806987e+00 -1.687956017390753738e+00 -2.891972656367479466e+00 7.089542860284183678e-01 1.699862623498497705e+00 1.641919759640672716e+00 -3.151101775893827006e-01 1.020337386021374027e+00 -2.567154766768823038e+00 2.569717366878515818e+00 -2.810638656834516080e+00 -7.166845312570486737e-01
-2.027954487559613383e+00 7.320470703957230978e-03 -2.836604925701452853e-02 -1.192095718836407719e-01 -4.349729480167232043e-01 1.455760436529732527e+00 -2.900455568493203948e-02 1.235604967396055631e+00 -2.063034174132549747e+00 1.893345230394587020e+00 -1.302782176100915956e+00 2.788806749073399427e+00
1.272109817173529889e+00 5.868113797950239574e-01 1.893690808101986811e-01 -1.246757605241466393e+00 2.118667631156409215e+00 -4.180499837445132982e-01 -1.772672962523253792e+00 -1.014997458204245140e+00 -1.395770202292567097e+00 -5.437193033937270936e-01 4.395309000134052901e+00 2.708681199771440506e-01
1.475920874613289246e+00 -2.152235533277875312e+00 1.371781163795033676e+00 6.500576867019881577e-01 2.155315714964322726e+00 3.211280061032633526e+00 4.214826157923478034e-01 9.083008055237385969e-01 9.095945647121322919e-01 -4.855527532883797126e-01 -1.197565146784412837e+00 4.061358199209084280e-03
-5.526125573215535658e-01 8.268578011579446052e-01 -2.137052582040263715e+00 -1.053416644206093933e+00 -4.372422809674458399e+00 -1.933429830818843786e+00 2.108099595417880501e+00 1.422403201212920409e+00 2.951949632349922581e+00 -1.477411276738195278e+00 -3.725626892674400725e+00 2.796983903877201527e+00
-4.175578367167851468e-01 3.003037414660857607e+00 -3.493395992643828940e+00 4.484753354502827860e-01 -3.262277839314638328e+00 7.749919726599262537e-01 -1.018665766608116474e+00 5.190965183061641008e-01 2.637080770065148183e+00 2.141166465567538424e+00 2.135507241047708948e+00 -1.920145165260610076e+00
1.760593586483235162e+00 2.121504313470466307e+00 -2.771734359488569055e-01 -1.564040310046147964e+00 -1.166739630579508136e+00 -1.418618135473385111e-01 7.554671665834761241e-01 -1.226618345089961926e+00 -6.283798549986066018e-01 4.799569790081312792e-01 -1.565868245564968342e-01 -1.465784364494760572e+00
