1.184880703921166623e+00 1.296075739489670031e+00 1.099913395682339923e+00 -7.267791952482672846e-01
-2.018386575310356701e+00 -1.584538001938548879e+00 -1.407648101023439402e+00 -1.206332571633294881e+00
-9.495532675121064470e-01 -1.144763395015512719e+00 -4.902234569346868298e-01 1.222172015819600333e-01
-5.161847053607762081e-01 9.984380688724611153e-01 -3.064055438530181585e-01 -6.052993697691334551e-01
-1.487013117659283346e+00 -1.521325058822062593e+00 -2.428223445421832383e-01 -9.907034775899864476e-01
-1.766467987174861642e+00 1.817286161023145219e+00 -1.180041511347884375e+00 -1.502487274960912833e+00
-6.369793970925353710e-01 -8.807796637596990719e-01 -7.530947965863926674e-01 -1.822293654870848822e+00
9.829882660574987829e-01 2.156220267247499489e+00 1.561768681896411604e+00 1.281884864870039831e+00
-4.566111190741330983e-01 -1.930023460351512954e+00 -6.141566217095481006e-01 -8.701941270578492094e-02
6.963138793152662265e-02 1.060938804822144865e+00 4.969246884527013242e-01 -3.896339900984857052e-01
-5.035780033225820684e-01 -1.101713247661690209e+00 -8.775248606808135898e-01 -1.797489882267089722e+00
3.110115786250181036e-01 3.743536011390417584e-01 8.148530986178107449e-01 1.554839280535272039e-01
1.804190898586162328e+00 2.460480344365975902e-01 9.671226407731208230e-01 1.281990159474790447e+00
-4.241740424250954322e-01 -8.138589859827519701e-01 1.081115814370910533e+00 2.375869356857236991e-01
-9.899107071224144683e-01 -1.398492790922978513e+00 1.138614586455505701e-01 -1.365874954016228271e+00
-7.646612096064817621e-01 -6.601388915476900099e-01 1.110276440297471301e-01 5.325342223867826630e-02
-1.397403047238425122e+00 -1.786894683130922257e+00 -1.748455196535197542e+00 -9.112527450762997194e-01
9.351995861460281612e-01 1.858581192203406340e+00 1.306714485817712434e+00 9.138751428062642512e-01
-1.129208427888986011e+00 -1.096255670854990427e+00 1.468518712433348195e-01 -1.868926138364085832e+00
7.167932171865218915e-01 1.144507444973658528e+00 1.005382686190461117e+00 -1.231748432426603077e-02
-2.547423975952664010e-01 -9.111800394223293909e-01 -4.604083272597304100e-01 1.733296765634420866e-01
9.882403896166495061e-01 1.610786295156326098e+00 3.004124135179810362e-01 -5.802058562805343378e-01
8.370677674584482419e-01 -4.245808236105801936e-01 -6.681282223960581523e-02 3.278654585536547317e-01
-1.983175743889652898e+00 -2.360251801516972225e+00 -8.886667590942292083e-01 -1.967141945586377894e+00
-1.634641692721115813e+00 -1.626316706042759019e+00 -1.050368381322119182e+00 1.134187309796353266e-01
1.161839191977875663e+00 5.758885411178955582e-01 1.573914126031125349e+00 1.034155898050717948e+00
7.461387633106051354e-01 -9.398954889954173053e-01 -1.559373860612050799e-01 -9.320111608234143974e-02
2.465675765290257504e-01 6.004669241290393478e-01 1.790894560950093028e+00 1.374636974272227974e+00
-1.064627623712466553e+00 -1.252711591149731518e+00 -1.777883540998381084e+00 -1.294935298900018461e+00
1.020412527034090910e+00 5.810107865749341016e-01 -2.014484278203422518e-01 9.484029572666897723e-01
