1.622400324312303355e-01 1.365363135057912292e+00 5.247492766705680323e-01 3.867720381679166097e-01 3.277650747274675758e-01 -9.230744240553577784e-01 -1.892198320496216168e-01 -6.275529157265191671e-01 1.224434610724792899e-01 1.535462646215168640e-02 7.439012710271620810e-01 2.576381607786516481e-01
4.136026837310333715e-01 1.741387616483102696e-01 -6.888812006464659632e-01 1.885420098107879194e-01 -2.948017277329545993e-01 1.879430063671085338e-01 1.362072013827496375e-01 -3.644974590715290841e-01 -2.460332999711499213e-01 -1.670273147299186911e-01 4.865384952841226851e-01 -5.921253566624946618e-01
3.373192900026169561e-01 -8.031523589366574845e-01 3.034840614865884079e-01 -8.336482026673694423e-02 -6.600022814520404291e-01 -7.973473113009632574e-02 4.963410981883584205e-01 1.024815110516104077e+00 -6.941062903434926934e-01 -2.190654514757026383e-01 2.817193870690667956e-01 -9.356252210248774404e-01
2.050244045549760030e-01 -2.338994389971570387e-01 3.482089650916955770e-01 -1.152697884109154386e-01 -1.995963639641449294e-01 2.588502120707281834e-02 5.115919126748776774e-02 8.364125018824070112e-02 -2.102423920203044250e-01 7.195029264618217450e-03 -1.921115568028817708e-02 9.509185780296471047e-02
-3.120495420534720177e-01 -6.211632120093034670e-01 -6.547275395592863090e-01 -5.748818393350423328e-01 -5.650899961070050548e-01 -6.679775048127809534e-01 -5.399738029180921606e-01 7.025951425206579115e-01 6.469325158883181270e-01 7.465355145841655604e-01 -1.068995556408200542e+00 4.436575284697530930e-01
5.762723370258484440e-02 -3.403718922230217214e-01 2.090046959855796499e-02 6.632204806791757168e-01 -8.421975263127576827e-01 5.220008043212960303e-01 2.577754281947049197e-02 -5.703416307692665832e-01 -4.229933356156141966e-01 2.955452570865426121e-01 8.048597968373283340e-01 1.145212129148289321e-01
2.963827476536118888e-01 -3.817731337958810700e-01 7.656384672595183405e-01 7.731619060261041287e-01 -8.282422400634041892e-01 1.620290975047697257e+00 2.379732282142121014e-01 -5.410079495056523413e-01 -9.072892083796397777e-01 -4.560922795986180334e-01 1.008574315654554132e+00 -6.773038960167669931e-01
5.691449126803093117e-01 -6.893818641287450255e-01 7.666841702018618587e-01 -4.381263206553967504e-01 1.707070070363897185e-01 -8.203388744951274347e-01 7.931361983664483861e-02 1.301761611621608417e+00 -4.776615815500931395e-01 1.653415525718232026e-01 4.968190205878741383e-01 2.399211366806921764e-01
1.097629107904091739e-01 5.691382478998370242e-01 9.252097305450303066e-01 -7.463602901189388961e-01 -9.424227744661307637e-01 9.192644877688680438e-01 -1.069250819052077972e+00 4.104665777593245468e-01 1.110789542042879940e+00 -7.414068556982771063e-02 -9.775537431471144068e-01 5.043330011705288163e-01
-2.702512133964994900e-01 -4.146911083664957254e-02 -7.744097612602814928e-01 -5.590403659187828111e-01 9.916144892016641454e-02 -8.576715522617492926e-01 -2.232063660979041395e-02 -7.964708584706245431e-02 -2.913412676954963421e-01 3.831825963515623767e-01 -5.074928536151994685e-01 -1.071047100334561603e-01
2.102622820700361383e-01 5.851632562345122635e-01 6.617879929647355053e-02 -7.984169242836774982e-01 2.865077951331679307e-01 6.114002269302852843e-01 -1.640798348329560730e-01 1.283108151277947140e-01 7.293677476531978954e-01 -5.232047615330128743e-01 -1.246851304241224367e+00 1.705649236183813811e-01
5.595592704101975262e-02 -3.820466744912829893e-01 7.882779941459978901e-02 1.191236555780522677e-01 -4.189645063726412655e-01 4.662592712491221980e-01 3.027388362074864836e-01 1.762702236152988711e-01 -3.242878376575317745e-01 9.256998858079569514e-02 9.833118170720037132e-02 -6.114130107139049697e-01
3.413981924402204049e-01 6.912693183806986053e-01 9.920733620994833801e-01 -2.504655315065779098e-01 2.292438892513624649e-01 1.906447564465823197e+00 2.511993941159518240e-01 -7.354002294438278797e-01 4.026193453219200080e-01 -6.354438542464677653e-01 -4.958132082995562184e-01 -6.923775863627016358e-01
-1.188510286879396860e+00 -5.233776385683853727e-01 1.565557215184505135e-01 -3.220221868251552655e-01 -1.483994467704011555e+00 1.001326255640613505e+00 -7.097560316750934906e-01 -5.740578098925499528e-01 -3.002144150618945573e-01 1.089851847671250873e+00 -1.161751796825660071e-01 3.036657375047217000e-01
2.799710628299490467e-01 -5.976534472145698107e-01 4.301262009152725385e-01 -4.184065067321044440e-01 -1.638064017617554824e-01 8.798503081665031145e-01 -2.973514510376037423e-01 -4.223068351049981128e-01 2.500225850493839608e-01 -5.665663320583764345e-02 1.026336216448687499e-01 3.137567033647279402e-01
-2.408491658762098864e-01 1.443035347482634900e-01 -9.993160565939298579e-01 1.386262940961861465e-02 1.097369781469497152e+00 -1.805142754340218536e+00 -4.989280472566263724e-01 -1.152837090286240818e+00 -8.889795395916873233e-02 7.938024976431411472e-01 6.080987309205158065e-01 1.630507186564571720e+00
5.811724330559424612e-01 -2.270229852193302866e-01 3.923456995130614189e-01 6.812087716722138586e-02 -9.021940232238685464e-01 -9.931665442260945165e-01 -2.168503146293853934e-01 1.848166529262400326e+00 -2.313907479228775599e-01 5.065117211370753075e-02 -1.963512163522029841e-01 -3.026984059405125049e-01
-6.662260458785377315e-01 -8.549865309503049127e-02 -2.294491791831205219e-01 -2.633950773391904865e-01 -8.340199659908653640e-01 3.725207661308404528e-01 -7.682782262912286608e-01 -9.688486438069936202e-02 3.308267070474562033e-01 6.714687004930823822e-01 -3.504621740118852302e-01 6.676571043098781244e-01
1.078005781579163685e-01 2.243686865134694730e-01 6.548174384450918817e-01 -4.791036668074820648e-01 1.574372451507130288e-01 3.393127471754985303e-01 -6.067712928060185057e-02 8.633130887945533738e-02 7.449399587627333896e-02 -4.606351199088208337e-01 -3.990809206241620055e-01 -2.060640610412423079e-01
8.650537439406931206e-01 -1.728414465889598906e-01 8.214119247714325445e-01 -3.364693693997279356e-01 -4.737642199155111533e-01 1.463066265027122836e-01 6.952760772473123296e-01 9.382167849755514988e-01 -8.372299651779303575e-01 -3.742620577804077198e-01 -2.204597443440721449e-01 -7.484488248076147654e-01
-3.050121230847581133e-01 9.277902403131162157e-02 -7.851680804240632749e-01 3.910413631411617241e-01 -2.814169896560275164e-01 3.378459790162917087e-01 1.600987926479763568e-01 -1.351208395603588741e+00 3.030434722787713198e-01 1.200366761479721572e-01 -5.036022340751027393e-01 -1.718491010532323671e-01
-3.437735017518394609e-01 2.239118534378118364e-01 -1.743608933649709813e+00 3.927104237553980526e-01 5.480782817722373856e-01 -7.907416324575357314e-02 2.271754636582075104e-01 -1.251854614278552935e+00 1.171174317557518219e+00 -4.651964548863383730e-01 -7.255987476469819564e-01 -1.314171281080079579e-01
2.131615659896530235e-01 4.880789067529727188e-01 -3.780611513767176413e-01 -6.369583476647577847e-01 1.379748726934620251e+00 -1.684332500820198586e+00 -1.935614477825728028e-02 3.974829626320823261e-01 4.781142480126168715e-01 -9.072146298082442092e-03 -7.941272459515817950e-01 3.766003668173812935e-01
4.267901095481922424e-01 6.799893276906388007e-01 -3.674929935951878890e-01 8.099033213656813279e-01 1.041996480334380859e+00 -1.444621747896944752e+00 8.649165627255486211e-01 -3.393369251369598438e-01 -1.659570291232454198e-01 -2.088330695796946634e-01 4.970701133914698922e-01 -6.651091741892533049e-01
4.808199714400610003e-02 6.082904143155902776e-01 3.669175862650689290e-01 -1.427369525623289337e-01 1.112519383366574188e-01 -4.339181827879464715e-01 -3.793247010295625748e-02 -2.791716699326241558e-01 -4.717768750032751146e-02 1.333475765020349368e-01 9.464481535199696649e-02 -2.314429405224527336e-02
4.850348726797977794e-01 4.112362290496481276e-01 1.405821017003984208e-01 -3.421150326445039913e-01 8.023200456479318010e-01 -4.145438061304732025e-01 1.297220733752307564e-01 -2.335385444562970356e-02 2.076161296258220157e-01 -3.865619984237762125e-02 -2.814977375646130486e-01 2.481202365188486803e-01
4.949321024027575899e-01 3.479258453211235280e-01 1.514291573172129146e+00 -8.665183427190084053e-01 -4.035430140331642823e-01 3.526883472875713688e-01 -5.342673035406467763e-01 5.894488372325746850e-01 7.287246145360896099e-01 -4.623979398614871394e-01 -8.959563529219916056e-01 3.962399224346861981e-01
-1.488624587990421411e-01 -7.669756835592986821e-01 -3.838690157653611990e-01 1.317500241050580112e-01 -2.309243209434194699e-01 2.556708681889134915e-01 1.741981318808692170e-01 -5.589454884240362131e-02 -1.761835829274651932e-01 2.011120648791239057e-02 3.487900898110553594e-01 -2.249436595513415460e-01
-2.972196928937593241e-01 2.083591233818412047e-01 1.925692468047843109e+00 2.248227177789287601e-01 -5.509855046232551290e-01 1.549131312312688191e+00 -6.342534890715422202e-01 -1.061000502089864739e+00 3.050772403087049778e-01 7.564769293605266842e-01 -8.177752682522794470e-02 8.920387399924141203e-01
-7.689299334255366158e-01 1.093342410303521500e-01 -1.110563211772197939e-01 -8.870438160848636011e-01 6.363317122177531981e-01 -5.875243862927206351e-01 -3.413529111854792658e-02 5.666861912971025983e-02 1.066655449860173660e-01 1.253047305937028122e-01 -8.199424741523423377e-01 -1.490204518446505422e-01
3.264001620621065358e-01 2.937127227126180018e-01 -4.034378120729945755e-02 -3.539824948283293304e-01 8.896682356068574826e-01 -4.384156880280455915e-01 -3.752779460207049111e-01 -3.938032537479126127e-02 -2.293601050666788654e-01 3.070042278854882567e-01 -1.391418137821291978e-01 6.577030134412624740e-01
