-9.098815579091711764e-03 1.837605997957299175e+00 -3.511173394323077734e-02 -1.430461189636645036e+00 3.051917699604334011e-02 -1.011632998343856352e-02 -7.300418925792274694e-01 -3.058229151353354935e-01 5.547573620935158933e-01 1.893731968324545489e+00 3.632211898749130308e-01 2.271478637146527035e-01
-1.080876244157387700e-01 5.337457207879293675e-01 -5.222892872722785240e-01 -4.037379748707274896e-01 5.660301402181970587e-02 -2.154502896925419575e-01 6.206936792411622550e-01 -1.188981142511590441e-02 7.188872151836903646e-01 1.001822249022563449e+00 1.065409318532344052e-01 2.979605871636861747e-01
-2.452947595211439277e-02 1.363988623691216207e+00 -2.312137097264549634e+00 -3.069011509198774634e-01 7.971083614588089228e-01 -1.978134004354384079e-01 -3.663145361151303181e-01 -1.208344609752275006e-01 1.073881668213613860e+00 6.000855528074287154e-02 -1.126258465145757004e+00 4.833266802566874715e-02
-2.812518503913091772e-01 -3.067358440016644816e-01 3.716643874425281657e-01 4.826455563789744940e-01 -1.308073134667300519e-01 1.772831760466846984e-01 -1.132116133605886477e+00 3.484682036725941234e-01 -1.116189932764939802e-01 -3.233227424707807440e-01 2.105747180344334779e-01 -3.485177805688288166e-01
1.048177742168470150e+00 -2.760943340625728881e-01 3.261948985544622093e-01 2.418668684823396253e-01 -7.200738566545203945e-01 6.427366553836869056e-02 1.609641140365928869e-01 -1.617509836551479230e-01 -2.154444382592863583e-01 -1.881336314325751380e-01 -2.982002871557656865e-01 2.182948346507065929e-01
-8.825775621642331092e-01 -2.635536410431106938e-02 2.382617387978357704e-01 -2.843320837943986157e-01 8.548429518940737770e-01 -5.912931397455470361e-02 -9.575767428227907607e-02 1.255798848521484379e-01 -4.999068187953514264e-01 1.026365584199441100e-01 7.362633746064654039e-01 -1.902505893283509553e-01
2.527809090419562144e-01 -2.317234408654653410e-01 6.808173364376386427e-01 1.525459786276901486e+00 8.337252984321574800e-01 -2.518832735837147063e-01 8.612756632039675342e-02 -8.170129778256451925e-02 -4.559822244620247156e-02 -7.192181296635483667e-01 -8.517705743545311847e-01 -4.011650790218707768e-02
-3.255099670286654145e-01 5.315294488974896536e-01 -4.819540311719769377e-01 -1.711219701723691033e-01 -4.238986334319870819e-01 -2.791089328940978276e-01 -2.384824465247634695e-01 1.216938958444658686e-01 6.032950644947909780e-01 6.028894455961458787e-01 -1.217192753506753239e-01 -7.563840576097881352e-02
-4.686678018926273420e-02 1.398991168962332887e+00 -1.174678463960392216e+00 7.045253222170443086e-02 7.013650908682130813e-01 7.611942975344546669e-01 1.769525086925275159e-01 -2.308355393544737622e-01 4.250800639854412366e-01 8.634519853907920428e-01 1.278138107160779746e-01 2.089148927628627916e-01
-6.405500358165980845e-01 1.208122894933568503e+00 -1.400850202411058287e+00 -5.043902960861877949e-01 -3.642403911731117438e-01 -3.316419809108647060e-02 -3.687437964915045718e-01 2.748899943467668638e-01 2.678206323592064453e-01 -3.985537880785375298e-01 -3.557407124275657750e-02 -2.335165199663074564e-01
-1.441363381919940068e-01 8.455233421972918606e-01 -2.926768513713878250e-01 -4.968319642246213363e-01 2.331762538874707913e-01 -6.206898392630484373e-01 -1.801845759874046160e-01 4.125792662078602846e-01 -3.652039669269041000e-01 8.119656211745964747e-01 7.120937987967053129e-01 -3.705164064605435681e-01
-4.888110319267066628e-02 -6.521713419500286824e-01 6.973899898320922164e-01 1.212216044091135592e+00 -7.069138020603935590e-01 4.708906474270511677e-01 -1.519836439071276857e+00 2.148561472141942430e-01 8.310335834943075595e-01 1.921669451745394719e-01 1.443087278928330219e+00 -1.061158764547102257e-01
2.831436286353140597e-01 -8.440114023466832593e-01 1.076426456934022946e+00 8.510390909547700389e-01 -4.223022996378697491e-01 -1.396371805985610892e-01 1.281347775820094667e-02 1.222992314521368223e-01 8.751795635019836705e-01 3.861279189196812484e-02 -2.818525954293127911e-01 -4.737481956164691504e-02
2.055994566011688784e-01 1.243586566347428812e+00 -1.200288611282830376e+00 -1.050185144599479897e-01 1.427567992558543830e+00 8.866597684347566899e-01 1.073517521911608874e+00 -3.938287790231509988e-01 -1.556909773734867497e-01 6.770744766184771946e-01 -1.223178569453208381e-01 2.826590975935614480e-01
-4.624698465842290163e-01 2.365274995895005339e-01 -2.815409935044310696e-01 3.723740051072069179e-01 7.813455767400441232e-01 -2.419899109145332017e-01 -4.821106449519472203e-01 5.390936900589606839e-01 8.263583101988526414e-01 -1.973383982660046332e-01 -5.318791857963351966e-01 -4.974821906377111524e-01
-9.542609731209557022e-01 6.751948728350000151e-01 -6.921087809979125094e-01 -8.795969582689321109e-02 7.145118957273854932e-01 -4.328854796577506249e-03 -6.712013181407192053e-02 3.830550645478916771e-01 7.402145151680659119e-01 7.309995945287330044e-02 -4.116611130471392599e-01 -3.331192627808379769e-01
2.032828906976139327e-01 1.383837900419974398e-01 -2.864497996675245406e-01 -1.051518540911084432e-01 8.487917531698116469e-02 5.577266523110280261e-01 3.680022187846849757e-01 -5.766255845879998398e-01 6.291330467138829263e-01 -1.457710097967112595e-01 -3.534570157146019742e-01 6.328234584167756749e-01
-4.902914754297069133e-01 -3.063355773918017416e-02 -1.591526782712529564e-01 7.318592693694503382e-02 6.167069833168286053e-01 -5.175000327516358911e-02 1.846401310904335902e-01 -7.443048852625598621e-02 7.150117431208292684e-01 6.714907708899352234e-02 4.500179452887549392e-01 1.918020574539214262e-01
-2.855616302618673719e-01 -4.188535553992299154e-01 1.987550892220633636e-01 1.731741562420365366e+00 7.422980749215729590e-01 9.179023941078541526e-02 -1.042162727705356687e-02 1.399368079292456768e-02 -4.627254722886314231e-01 -7.376191266200308183e-01 1.045836794828325145e+00 -4.301454225129230230e-02
9.101591937539157962e-02 -1.587077677616792748e-01 1.006335370984892327e-02 -3.370788317476794416e-01 2.662132531365236088e-01 -4.293993645935282877e-01 9.848713274657517891e-01 -3.714226531708404999e-01 -8.397183702503564773e-03 3.073313962448541159e-01 -8.757865512813781117e-02 2.890143187209789355e-01
-4.748461223631633144e-01 5.755232765830220476e-01 -5.542971132738594431e-01 1.338350452558760562e-01 6.772072725738917170e-04 -8.741599124304748336e-02 -2.853003704350093317e-01 1.593013998725216762e-01 3.168267704506615851e-02 -2.761168722597025504e-01 -1.144411496480704504e-01 -1.487386284806019587e-01
-5.663386098304864502e-01 1.393424384692332485e-01 9.550720778464313887e-02 3.896121027496771139e-01 3.185610486774841377e-01 -1.032918080363536051e+00 -2.631762113798054026e-01 1.027842934064149505e+00 3.135084984738003011e-01 9.374294485212866790e-02 9.567049287194794027e-02 -9.439340284305969275e-01
3.595795164050005766e-01 5.172392247862103165e-01 -4.907792529010297500e-01 2.614265001807593580e-01 -5.694542542421252573e-01 5.540723551447965939e-02 8.066765035011136398e-02 -2.745099752912746327e-01 1.231516736581587335e+00 6.480575222451181450e-01 -9.779412820836446141e-01 1.561662209298230464e-01
4.476643210530132921e-01 1.366410784260873312e-01 3.097221444469193674e-01 3.358161893586086855e-01 -1.634100882828378509e+00 -1.228760101233277446e-01 -4.367649349028884798e-02 1.251235907025422534e-01 -6.687325799403804893e-01 1.182005915828016285e+00 2.428989623961725075e-01 -9.296533177307726714e-03
2.442338071944420985e-01 -2.571427273072789954e-01 -6.811298303580060054e-02 -2.992780688693205682e-01 2.469924290891332141e-01 1.638658874181563307e-01 6.290839988563521334e-01 -6.603717915452498310e-01 -1.863809051433570063e-01 -3.183613218447646775e-01 -2.164524255984190057e-02 6.719814935597713257e-01
2.301736730939858422e-01 -7.639533444370639748e-01 8.709644708871794316e-01 4.827174123550367346e-01 -1.337152358157893239e+00 3.959569948219701652e-01 -5.855027254870003306e-01 8.682886544377245441e-02 3.546825494819644958e-02 2.623108247852912189e-01 2.350652143487471646e-01 -2.977300231707544556e-02
-2.590423073572439838e-01 -2.483431843184459309e-01 -5.356330540566630605e-01 1.793972136034349962e-01 9.688445206846069135e-01 -5.096944039910280416e-02 3.207492993627950040e-01 9.689440729777494543e-02 -3.489446149367941147e-02 -9.603299345151643518e-01 4.626179220921748381e-01 -3.680070800290652366e-01
1.851715556614576957e-02 2.637584311462226605e-01 -3.959875840390136847e-01 6.356647256367144302e-04 -2.896474184871580815e-01 7.790550757541685190e-02 1.270893313099870914e-01 -2.708394344099618323e-01 7.535705664059415554e-01 5.472019205635847428e-01 1.458706843126211516e-01 1.885616551212869751e-01
-1.846522385861352200e-01 -3.538360825335578053e-01 -3.675270162974921678e-02 2.370045974094874552e-01 -2.690530347331430150e-01 -2.872872802035265072e-01 -1.453603097771691277e-02 2.302037352915813351e-01 -1.322477477174698546e+00 -5.241911688154365923e-01 1.053134201648656398e-01 -1.844544167955435576e-01
-7.843665601774625351e-01 6.206407658309411879e-01 -9.192194265776183482e-01 -3.186299494834727297e-01 -5.978396020429544988e-01 5.627836281220199854e-02 -3.011456826634368797e-02 2.893919059856327469e-01 -2.600598427386219824e-01 -2.025622131157980010e-01 -7.245950504765222289e-02 -1.868807586672815643e-02
2.375921983937005211e-01 -6.028942831032241267e-02 1.317439026100481470e-01 1.867148863374773482e-01 5.838282043762378359e-01 -5.470631561688584638e-02 -1.605440689208192107e-01 4.081139567446751548e-01 3.268241643885275716e-01 -2.037629550461231565e-01 1.858539223415973662e-01 -1.688902700015166847e-01
