5.600465554644020599e-02 5.787035158284493941e-02 -2.432727455969871735e-02 -7.296031102630113306e-03 -5.096867869741134038e-02 1.844172531572206434e-03 1.428503336692357739e-01 3.492019193263746352e-02 -8.519247668949433971e-02 -5.810856115760299617e-02 1.259843963814152035e-01 7.169335336936766279e-02
-1.411197113967455619e-01 -2.265120123054734438e-02 1.280903184390811411e-01 -1.434490431389554843e-01 -2.165601448396537246e-02 -4.508077488749608758e-02 -1.159641724798619739e-01 -9.595892359585090833e-03 -1.232386679702818580e-02 -5.470844569155821485e-02 3.804464932767324253e-02 -3.831402076371608068e-02
1.491748984434948522e-01 8.847499647626563823e-02 -3.118843198483744680e-03 1.704946616653686686e-02 -1.554123492655191396e-01 -7.896620849244338769e-02 -1.400473234248322298e-02 3.433460496205801432e-02 -2.705169537878673522e-02 -1.143012413386139264e-01 1.959032142679506261e-01 -6.441650113367200503e-02
-1.407538313046613303e-02 7.587386657368130893e-02 5.461301600317207405e-02 -2.226617130777055163e-03 5.134695356380913900e-02 -1.385450988476560723e-02 2.667168939015616275e-02 1.769233326044193644e-01 1.610918267306161392e-03 -1.191250382702999516e-01 6.129486174076221455e-02 -9.573888059125748584e-02
-7.029925415316926052e-02 -1.238197167383892072e-01 2.093784032620922275e-01 -1.483109422780655995e-01 1.302268323800716276e-01 1.410376738435651679e-02 -8.459126542109551838e-02 -8.975796814054365358e-02 1.886403767383166008e-01 -6.282873545282594008e-02 4.443811204918868100e-03 1.554578724996725711e-02
-2.958816910656168059e-02 -9.760900244460868347e-02 -5.468303067304822185e-02 -1.919869083225525797e-01 4.635328538473880433e-02 -1.525774818714962511e-01 -5.928749162376453080e-02 6.339478477760621122e-02 6.862450691638966038e-02 -8.919937278619156917e-02 -6.789289309298233988e-02 -4.998358997537158399e-02
8.063568296212336728e-02 -4.841474360388488274e-02 -3.589583008545089993e-02 -5.482054418563364617e-02 4.936674741586531689e-02 -3.469745464240491656e-02 -1.319742598062099981e-01 -2.295758096758659592e-02 -9.439954268050838870e-03 -1.158194865194490802e-01 4.870467886745877099e-03 -7.368080567755969090e-02
5.328286132072945075e-02 1.135229929266373672e-01 -1.085712370315539549e-01 2.067903592803380097e-02 -2.198289385289308936e-02 4.817878071030721326e-02 6.174896812768383009e-02 1.060561764280322228e-01 -1.440938437784312909e-01 -5.462935238392965104e-02 3.334420235872209010e-02 -2.102022742558377899e-01
1.056270580867537112e-01 4.043665356093285868e-02 9.260168238966730997e-03 -1.361509804601354623e-01 2.100764217582607937e-02 4.601570641630760988e-02 -2.277349636952131773e-01 -4.547479542313687811e-02 5.007543580768210323e-02 -6.704566932299355075e-02 4.054688813494799343e-02 -9.785383726800064852e-02
-5.059353072197208395e-02 -7.038939168583638328e-02 -2.121879840115126550e-02 -4.285659667672626905e-02 -2.787768050598744551e-01 -1.541606875092600866e-02 8.495350702357563899e-02 -1.272790819836526477e-01 -2.810416105186433131e-02 -6.458955579995303252e-03 4.423453030579702766e-02 -2.070325760128224057e-01
6.094063465446559330e-02 7.815872913045851522e-02 9.167789162491540161e-03 -1.053175957071038338e-01 -3.678514001626877195e-02 2.121729037858249844e-02 6.050757766231527369e-03 -6.034947542522303005e-02 1.443597672449275712e-02 -3.824033679672520641e-02 1.330939834315654664e-02 -9.555996609343765311e-03
1.093574208858948960e-01 -1.783607761272740580e-02 -6.957307715460624153e-03 -2.068389475235087038e-02 -4.355067786642209671e-02 3.901222183531839055e-02 3.643214966655917986e-02 4.618289008937109114e-02 -2.948622448882170718e-02 4.801007385558477697e-02 -1.349749841279338858e-03 9.791290728785281838e-02
7.941560635638333920e-02 -5.341547269767939199e-02 -7.329661816841419320e-02 -4.143078594009957927e-02 7.142756355613567865e-02 -6.082474698949944664e-02 -7.768039313393498846e-02 -2.580135961573564243e-02 4.247149428233538970e-02 6.941373773791024125e-03 -5.792095773090700367e-02 2.267547912499094306e-02
2.560643744307394831e-02 -1.494557992520300360e-01 -6.235978990506022002e-02 4.519306588684468551e-02 1.272152559530007332e-01 8.450842495236758622e-02 -4.057684957374420830e-03 -1.091698787944756777e-01 2.007432892229449595e-01 -9.136525554291839712e-02 1.179456304427784624e-01 1.652183722207224703e-01
-4.457468747180226565e-03 4.776230602258915714e-02 2.536284933507573433e-02 -1.229205149605993863e-01 4.478814192826661988e-02 -9.252770969659977751e-02 -3.318434522548913690e-01 9.524780187621853522e-02 -7.783338153598323705e-02 -3.851613243331741300e-03 1.703154025759103310e-02 -1.099817569383657601e-01
2.693362164633213846e-02 -2.265378549608217454e-02 1.243227649093326809e-01 2.585427388208722671e-02 3.020725472461527686e-02 4.666549987595677157e-02 3.942269484476696589e-02 -1.866507910447885721e-01 -1.655799684185323487e-02 -2.188642795885764950e-02 7.003180496111659215e-02 3.059418850359719652e-02
7.078588151284512242e-02 -1.029551253013290812e-01 4.232286803946661013e-02 -1.559998626267235060e-03 -9.276467893512453655e-02 3.703733600264960961e-04 1.902302096000509091e-02 1.709424756405497278e-02 -6.708862178184032965e-02 -8.962974935580171609e-02 3.506371668476992304e-02 1.399115039235258318e-01
-2.407207270898809037e-02 -1.203711803979231887e-01 -3.699968847016274487e-02 3.227641057724131568e-02 -8.537371130978509137e-02 -1.043794833589196530e-01 -1.000705635532427723e-01 -1.002813565249002503e-01 -1.116154062332204711e-01 -6.215609384695287148e-02 -4.935817261603264033e-02 6.846036512000427954e-02
8.865860011493859397e-03 -2.481970062916425898e-02 5.131529800375175809e-02 -7.341327441242137541e-02 -1.044975340253436608e-03 -4.117355060885522638e-02 -1.125374996531671029e-01 -7.055109309636667381e-02 1.360959820766038594e-02 -2.131149586201766810e-01 6.111094339612779119e-02 1.937669306131621638e-02
-7.938874703304010794e-02 7.430059391209073959e-03 -1.401901438997037522e-02 -1.202796085100355239e-01 1.172388408118329312e-01 -1.263951352392199967e-01 -1.641407104759832689e-02 -8.834959881260880978e-04 -7.502411566491290484e-02 -6.432060937157824121e-02 7.442521714273091227e-02 -3.426625247307746314e-02
3.193236779690348387e-02 -4.195922203682998786e-02 -1.612925419603147836e-01 -9.774545898990240692e-03 1.549221356317546754e-02 8.175648611218298834e-02 -3.635187706558874049e-02 -9.069505478273684820e-03 8.741135459753981984e-02 -7.480149511679595742e-02 1.743232624209378467e-01 -9.590974362892723537e-02
4.072816063914235646e-02 2.977263824241082810e-02 -3.839169022772020989e-02 5.670796631389410890e-03 3.065252760988854477e-02 2.601247470379654952e-02 -1.316248215142340472e-01 -5.884983739433164579e-02 -2.656596085452032560e-02 1.327953698228737378e-01 -1.325451806137805943e-01 -1.570179144620984790e-01
-1.132973550098016931e-02 8.943614298548996366e-02 4.020106158341588132e-02 1.075773186116938361e-02 2.188403482849488393e-02 -7.934740916646292053e-02 7.161594529215566107e-02 1.200930580483404453e-01 6.220815595099285500e-02 -4.697282833032481036e-02 1.762677074792801390e-01 4.118411720781390076e-03
-5.886533525381744403e-03 3.660847395016705863e-02 -2.896064035800502076e-02 -3.396621714784874013e-02 -1.156299527864445981e-01 -1.413669475367724526e-01 -9.756255411797751242e-02 3.337228981614479700e-02 1.046028295242472650e-01 1.478241907203013510e-02 -3.062789360182527690e-02 -2.553749508149358860e-01
9.027775224308373994e-03 -1.160268498367467704e-01 8.666761584534350693e-02 6.608420357279254365e-02 -3.961857800703366683e-02 -4.223396779588907239e-03 -1.518038827362223064e-01 2.314991913213385391e-02 3.055774915501971792e-02 9.949987789233842583e-02 -4.835728838476448938e-02 -2.333472136670033600e-02
-2.774588375125643797e-02 9.747046921739230263e-02 9.760749220452964725e-02 5.625101734423396636e-03 -8.822507338505887475e-02 3.632049574770008366e-02 -5.243481355359734530e-02 -3.142210878971753857e-02 -2.645762694469526791e-02 -1.497342792746728969e-02 -3.856991812792413127e-02 -9.102883670037575925e-02
-9.746461727609467829e-02 3.110409928321839976e-02 -1.826279936669420248e-02 9.094361116086299712e-02 1.679999811682952038e-01 -1.162667477919901021e-01 -1.801785944484102231e-01 1.382833578464952862e-01 -2.482207812426545299e-02 -1.319578293682067693e-01 2.092857761621619642e-02 3.132486017180303312e-02
-9.823654167755128605e-03 1.376755841255550561e-01 -1.208708123656919570e-01 9.877582851007116194e-02 -1.993187654107469731e-01 -2.641266440597064835e-02 -4.829104309017903662e-02 7.333551699185891781e-02 -9.982290656988596078e-02 -1.157907785777884530e-01 8.608863168559037493e-02 -6.959974701255311480e-02
-1.210053581373404970e-02 -1.060373792634034251e-01 2.228725631519051439e-03 -6.640245251522289283e-02 -6.160568468588996371e-02 -6.883633318645694665e-02 5.324457167039228778e-02 1.458902954228680389e-02 -1.202272304001832937e-01 -1.910022203740651681e-01 8.616356271844748463e-03 1.496717261241916307e-02
-5.747166869927804872e-02 -2.241630884866934251e-02 5.946993826438559672e-02 9.243065527444761439e-03 -1.676080355184027607e-02 -1.245194726091518149e-02 5.016141769682892076e-02 1.522337389569490725e-02 -1.600395911073189750e-02 2.826735867954329601e-02 3.408212649702718061e-02 -1.989558506087188774e-02
-8.141019078968875222e-02 1.522102273181183685e-01 1.181029457396067656e-01 -7.418084990896123276e-02 4.139021551147621658e-02 -9.262958808330691574e-02 -6.596278149326889606e-02 8.686850263074914584e-04 -9.233716910521092003e-03 -2.084113012529924952e-02 1.426044728833018860e-01 7.982843951818049955e-02
-4.415429046599016888e-02 6.817256450641609455e-02 4.753658164688343707e-03 -8.001759978092090608e-02 4.651650758642870975e-02 -8.556514612150899202e-02 -1.625292416993964761e-01 -1.921233144357091527e-01 3.430152271799398467e-02 3.007520667847776372e-02 4.031435314945249621e-02 -5.464399001483044582e-02
-5.780766655355528555e-02 1.097385318346717487e-01 -7.699298046423491172e-03 -1.292258965387876879e-01 1.380459540291351372e-01 3.362190334149555565e-02 -5.791331712561378214e-02 9.813031786907551110e-03 7.447143097384070244e-03 -1.844874347109643764e-01 -5.957762978356213011e-03 -1.514352756719619386e-01
-2.996378235761201769e-02 1.403031690240308105e-01 1.445836243061789372e-01 1.235739399133375382e-01 -5.954240983309647128e-02 -1.089552896596618532e-02 -2.871959591449534804e-02 -2.940492209575068863e-02 1.000790652431465810e-01 -7.940182643781501515e-02 4.339978205428797649e-03 -1.608572668397025007e-01
1.927977305045524420e-02 -1.000758972156398641e-01 1.504256142022509790e-01 -8.121500816855875549e-02 -1.403054701216006894e-01 -2.835451605890260129e-01 -1.818936015205253054e-01 1.590785413825127337e-01 6.758739807640681829e-02 -1.699525879073648105e-01 2.564604398608115801e-02 -1.293232927322018333e-01
-4.829847747994633206e-02 -2.691564339937715933e-01 1.457502938512842405e-01 1.646081266979601276e-01 1.250482157556352392e-01 -6.253509925848499407e-02 -1.939651738668083936e-01 6.458714298924470021e-02 2.737122852344574600e-02 -8.519922966645897267e-02 -1.781397935880718320e-01 -4.826246703976601327e-02
3.753678288926618617e-02 2.069273917137566532e-01 -8.675495616711832725e-02 6.023359465628724818e-02 -4.449062235549339217e-02 -1.471638714429686912e-01 -5.807282150551557054e-02 1.336477419427473945e-01 -1.324212224749820310e-01 9.006664015983813221e-02 1.871441170109436683e-02 8.111902204412754780e-02
8.674870019690710324e-03 3.912597398446654440e-02 1.715461065127507970e-02 -1.682784954216745843e-01 1.394153362958577558e-01 2.531231167940882487e-02 -1.580018183916034880e-01 2.032274179372825160e-02 -6.469785191253094037e-02 -5.364208068712329053e-02 1.598341312777367892e-02 1.050312024695122248e-01
6.876389590614537251e-02 9.065320882534644298e-02 1.911846271732037597e-02 -8.440276959579892657e-02 1.951304943683275159e-02 8.750440232206337446e-03 1.329205086271781910e-01 -1.288956410132666430e-01 6.936032995947286062e-02 -1.935223390851270875e-01 -1.068991484831258304e-01 7.385725224243724907e-02
2.047612048013128933e-02 -6.648489296957713068e-02 1.068490730488791535e-01 7.934359489827330636e-02 -4.709189740067921959e-02 4.771973436100997862e-02 6.780495647232635814e-02 -5.097120306189063116e-02 -5.950451288162421359e-02 -2.873940044699825613e-02 1.909058889462890776e-02 -1.062896128817956143e-01
4.086552199959327808e-02 4.333667583501073228e-02 8.712865063317155878e-02 -1.409824431090666913e-04 2.804076387824927172e-02 7.658876840264709773e-02 -1.478067059814440753e-01 8.550821677409148336e-02 -8.719666948846360732e-02 -4.458551563355347275e-02 -7.708822505735455841e-03 1.416926274631842390e-02
5.139671139934686578e-02 -1.485320808066588338e-01 -1.032831394621678139e-01 1.975315943256802653e-01 -1.921036968157167346e-01 -2.694031546570614388e-01 -1.407760767964199577e-01 -2.718274214764247396e-02 -5.848669655945067103e-02 2.295422873735074032e-01 6.387661164738962782e-02 2.514707207881445791e-02
-7.174396313708017447e-02 -4.170995143236687352e-02 -4.458240704043138491e-02 3.926747159416216215e-02 -9.309798477066012767e-02 -6.210582892475959710e-02 -2.593372125355136032e-02 1.551457635023718688e-02 1.895783216140366559e-02 -6.498430549359809905e-02 -6.038110590417537955e-03 -1.080947192268777723e-01
3.508636626560870247e-02 -1.359621119910809639e-01 2.072432114815135271e-02 6.853997670911518569e-02 1.109937498295680142e-01 -1.753963854579849990e-01 3.822161959434745154e-02 -1.016004329345930601e-01 -9.142503178985159074e-02 -4.269785063520337848e-02 -9.354679451575180493e-02 -4.675280351982299509e-04
1.920440499657860012e-01 3.711237726075504451e-02 -6.352403450720821299e-02 -8.897035562257710195e-02 3.751475974942190122e-03 -1.321426202538475035e-03 -1.316956535713790892e-02 -5.649858828574268882e-02 8.457045497063578332e-02 1.472563354138354576e-02 2.713894016214314989e-02 -2.338163848264097552e-02
-2.013715560564012241e-01 -6.581930465284743792e-02 1.861073182839020901e-01 3.414896324667288097e-02 -1.913283030993929643e-02 5.531135009995479662e-02 -2.211277252605730048e-01 1.055048647062367395e-01 4.197965437425865698e-02 -1.409845562593161628e-01 -8.344752503895895568e-02 -5.711177697159336430e-02
7.409813908556903139e-02 -3.388404989048230710e-03 1.259052757813416135e-01 4.520178749740339820e-03 1.528414129403610489e-01 1.109907246540430825e-01 -4.921184218963747109e-02 1.128685727160215480e-01 1.599514807115893361e-02 -2.595551124007144939e-02 8.061906562364866413e-02 3.710461417158934794e-02
6.340051923524200883e-02 -1.238966205883717218e-02 -6.061950835273192950e-02 9.010833636934528768e-02 1.002892161663729159e-01 1.727478162250021404e-02 2.756756665040942245e-02 -8.113959533751135753e-03 -6.799094404726005458e-02 -3.633132571206808964e-02 1.686471772209305608e-01 1.386467579653551281e-02
8.321827080968047241e-02 -1.815475505980836679e-01 1.525649975540952288e-02 -6.479777688235288657e-02 1.735075273256945494e-01 -7.132916901447718117e-02 -4.387957360165505721e-02 5.073191017737168490e-02 -1.137027809664084566e-01 -2.858506266094982401e-02 -4.775023419800755037e-02 -6.291232143350669603e-02
4.816929847467687348e-02 1.143296941158052360e-01 -7.401094861398639646e-02 2.402466918246150274e-01 -1.965258971753461592e-01 -2.313061776157983307e-01 -3.428330124257478878e-02 -4.182285354345507272e-02 1.433429743181111327e-01 -4.435192970022280162e-02 -2.238453090054804695e-01 3.439528840974368507e-01
2.665214423814643574e-02 -1.248586783608352825e-02 8.546214462776481613e-02 1.550590449945127569e-01 1.035143681158151169e-01 3.426829074208927878e-02 -2.241361918234730660e-02 -7.610696414550026379e-03 -2.878948595771487276e-02 -5.197877527682528281e-02 -1.666664391143858615e-01 -1.714836183134652858e-01
2.912756210767683540e-02 -1.380346424871789213e-01 8.478996062185291394e-02 8.674968306611754998e-02 1.268156038713307565e-01 -7.047782781562958454e-02 1.336242144637138085e-01 1.270921568310420281e-02 7.220827609532012858e-02 -5.033553945026316562e-02 1.193321173207318314e-01 4.428304717996767170e-02
-8.226903147558728424e-02 -1.699020497172855915e-01 -7.204921353065259215e-02 -3.405251734323895552e-02 1.061564100472752598e-01 -1.048172838080851238e-01 -1.229592702634097617e-01 6.834641211960543195e-02 9.095254923599485619e-02 7.123351927251413140e-02 9.358802875836592927e-02 1.165613340785906331e-02
-2.499711153347733417e-02 -1.460300606344734631e-01 1.915697642579170523e-01 2.242181506750182129e-02 1.735954066898688086e-01 5.403303308017642220e-02 -9.442975819407313509e-02 -5.630832968847952064e-02 4.118634735185587592e-02 -5.752283973851920335e-02 -6.522792027677869198e-02 -6.608414097171619317e-02
-6.661408995219358919e-02 2.427424116001275847e-02 -1.219151503276493381e-01 1.307387616837789590e-01 -8.157205308995395254e-02 -3.801819388636407809e-02 -7.547797519581399273e-02 -8.117076250458737929e-02 -2.773924122685947000e-02 -1.072729209594303484e-01 -7.752981124288944870e-02 2.803209783013641543e-01
1.412283560229760093e-01 -9.096365197795175384e-02 -1.185904859364202840e-02 9.564791373577602451e-02 -5.404398706129107111e-02 -6.300707841560965194e-02 -1.896336141594492236e-02 1.146253675960357855e-02 -8.151860979397868023e-02 7.509191783444911505e-02 -3.247037638954732713e-02 -2.411650688664695140e-03
1.211969015954542928e-01 9.089673161213188135e-02 -2.937586311888354743e-02 -3.386549416578817431e-03 -9.081802058527555996e-03 -1.812238568728225252e-01 -1.607443057685408183e-01 1.540589059705948227e-01 -2.031194061534024320e-01 -1.000939756144210019e-01 -1.591786287340225467e-02 -1.160897645698586722e-01
-5.844569468511188332e-02 6.552515442104953070e-02 1.934873356053498986e-02 -1.189645301334485948e-02 -6.132984219093622069e-02 -2.301305506555396396e-01 -9.471595940354993193e-02 3.985154724587391256e-03 5.324855551743348792e-02 5.783456638462598082e-02 1.083631464559838137e-01 1.572941341878726293e-02
-1.809575939918234289e-02 -7.543183654020896300e-02 -7.626294435207213451e-02 -1.676346471524783194e-02 -3.837769270738236593e-02 -7.483649643434940602e-02 -3.820784575140123013e-02 -1.359614570473961130e-03 -7.104146667865793296e-02 1.392899115688343327e-02 -1.077503450227890319e-01 8.285826573009769103e-02
1.005715174513560628e-01 -8.372277131460861832e-02 7.178697672401317120e-02 -1.842130290465581605e-02 3.078845276858578964e-02 -7.866315663102468880e-02 -6.365119027721663492e-02 -1.501029591975880095e-01 -1.373705415770587746e-01 1.792667371352477806e-02 -7.685408886061652345e-02 1.301399149956713151e-02
9.456737565633291376e-02 -8.563021098012697438e-03 -2.210028022581122034e-02 -1.521679492102190855e-02 4.051890853465772713e-02 -3.880708087683768653e-02 -3.156626582101865197e-02 -1.927162615490886910e-01 -5.908912901807356066e-02 4.457711738354899061e-02 1.407361580419420333e-01 -2.290972915628072537e-01
-8.599357377434918787e-04 -5.810684869650704909e-02 -7.589012776056813445e-03 -1.163326763013900755e-01 -4.478706249800806782e-02 -1.253783024445133953e-01 9.104006664582752970e-03 7.046621416748585776e-02 4.626438657883810701e-02 7.289183131624556167e-02 -5.211824990855466050e-02 -2.123795623068148661e-02
-1.256107030914913603e-01 5.491602503701981108e-01 -1.801341774609674373e-01 -5.143371353882579544e-02 -1.677416268378028874e-01 1.118188888450895174e-01 -4.057361636025021423e-01 -1.021413226727866941e-01 3.068506519329018412e-01 -2.215082309920187453e-01 -2.034156113946683220e-01 1.171369610957948559e-01
-5.508812661498529301e-02 2.348228782056837882e-01 1.614179905687482819e-01 -4.362210204671773672e-02 1.015666777956462236e-01 -1.287494722504665956e-01 -1.253573928564430950e-01 1.145466409826549903e-01 -3.429795399282468960e-02 4.758059945979347533e-02 3.104580045730862548e-01 -9.239254778845637506e-02
8.921253580212823442e-02 -5.338348836662164254e-02 -3.539640361719141766e-03 7.426859310245809143e-02 2.332414721893047715e-01 -2.880534679195494441e-01 -6.284205349733556524e-03 -1.051507129365867599e-01 1.070722724502145284e-01 -5.020971266776062120e-02 6.049848522187190741e-02 -1.064267099541748619e-02
-1.315867619975693570e-01 -9.530327959008147443e-02 1.708436392173432047e-04 -1.583287045278891358e-01 6.251044283251722296e-03 -1.849397030091469440e-01 1.765946636527538499e-02 3.514810877174424225e-02 8.813973136730671176e-02 -9.618472546667412859e-02 -7.707868791717597395e-03 1.269008896129657782e-01
1.370655593198047972e-01 -7.886876527528732805e-02 -9.217391381859861565e-02 4.604458772554655133e-02 -1.051719289427232445e-01 -4.809269014219438171e-02 -9.757253332941857871e-02 -1.211906610642684845e-01 2.710077275704825608e-02 -2.902709316381189564e-01 3.511164725627568400e-02 -2.024762732281375210e-01
-1.601562104226619820e-02 1.520530827359598824e-01 1.070011428728352282e-01 -3.161833090236584876e-02 1.131136333766954299e-01 -1.860689382086211097e-01 -7.291426264431556670e-02 1.276647567946871120e-01 6.725910801309623564e-03 3.950450636911816832e-02 -1.138173397083275112e-01 -6.556997447771145682e-02
3.629913843548505242e-02 -3.814887260062468921e-02 2.574494536269975389e-02 -5.603990781550070854e-02 6.556828413772490538e-02 9.587021783922174134e-02 -1.100980936233757895e-01 -5.989196750612124122e-03 6.937959385866104313e-04 -5.019715637095543276e-02 -3.308606819974185126e-02 -5.572051555404766710e-02
2.477107911764669934e-01 -8.860845699356578731e-02 -2.595519305085384164e-03 8.632529375347365933e-03 -6.549480004430514868e-02 -2.244833166882306483e-03 -9.852563671832087477e-02 1.228339216272117396e-01 5.195140977627427104e-02 -4.011585896856306038e-02 1.719501835823914263e-02 1.151161979531883373e-01
4.075853647960931553e-02 5.507869717093195894e-02 -2.443065759011223484e-02 2.700166960832156571e-02 -2.847645104526731405e-02 -1.245844418721265695e-01 -6.616848895712343359e-02 1.064920479327931546e-01 -3.593407218339375597e-02 -1.098058559255100514e-01 4.270092552412765169e-02 1.757084000261572576e-01
1.525339557892931852e-01 1.614364254867479975e-02 2.847758221861145314e-02 -2.009106793392399226e-01 2.536971092265615305e-02 7.778133615069357434e-04 -4.444802103881360933e-02 3.571357445253731805e-02 -1.623934322233278327e-01 -4.495687115442374010e-02 1.343038275427127781e-01 2.286836187381376465e-02
-8.372739107201229714e-02 3.660637588404090648e-02 1.110430203846543146e-01 1.091947032258739313e-02 -1.165050538512024808e-01 -7.347844251914108227e-02 -1.239017180378756272e-01 1.000947967001436234e-01 1.409828600899927509e-01 -3.448087439756285927e-02 3.806231470449345650e-02 6.326461353796922205e-02
1.085096234094045098e-01 1.661917090195556834e-01 -8.231451031442123256e-02 -2.971129804137981334e-02 -4.110149905031808271e-02 5.420881421308135911e-02 -1.453694154323887378e-01 -1.061247552904041602e-01 5.664082158536291878e-02 -2.667668315339349894e-02 -7.488003877823000420e-02 7.303340706607477917e-02
-4.225367465105580450e-02 7.278946193675311926e-02 -6.990408114517977778e-02 -2.416541673796187423e-02 1.131532723067347080e-03 -4.098377999896634510e-02 -6.873245896240690045e-02 -3.082416990188422898e-02 -9.443143548786836483e-02 -1.556564683855876131e-02 9.952341897035123230e-02 7.181138483388437672e-04
1.376798229039623567e-01 -8.687513075003602814e-02 -1.009061685422761728e-01 -4.405273749387945970e-02 1.944498754497850715e-02 9.208979543809915624e-02 4.940442844600146516e-02 -1.384639050330148946e-01 -1.304833001778313642e-03 -2.067220433594012599e-02 8.970368712812844258e-02 1.550353802323224117e-01
-1.089933087208765361e-01 6.186523220865204620e-02 1.412047146471474557e-01 -1.400394173094637353e-02 6.815988499329438122e-02 -1.275871295368872227e-01 -1.731454200859961629e-02 1.657274336175005580e-01 2.877231509550939523e-02 -4.631270515805300386e-02 2.538497340711357367e-02 3.372219569249309407e-02
-6.522160419499783979e-02 1.651199411307300580e-01 -3.264029608606622279e-02 -7.884562795497701559e-02 1.174112537526282724e-01 -7.484807920936775716e-02 -1.276174040909225094e-01 5.371346267899628629e-02 -9.445657288988876243e-02 -2.914291421874972143e-01 -7.677051595214190276e-03 -1.016034343373947713e-01
-3.843606830504838617e-02 1.986808340173877932e-02 -1.481287801470857479e-01 4.652175587793690170e-02 1.603825516471486801e-01 -1.405229985223473699e-01 -2.269056028146998472e-01 -7.026506042649083121e-03 4.859729706404820404e-04 5.127874591756521189e-02 1.284357904135403905e-01 -9.787702794102282056e-02
-7.059532822632583193e-02 1.700442527836053819e-01 8.771470600633139714e-02 -5.403308882112235756e-02 -1.039656568049507519e-02 3.485088817055855687e-02 -3.779054864178876122e-02 -1.394570335215299661e-01 6.061824677840785269e-02 -7.469689871314622032e-02 -5.299330493008275883e-02 -9.189640315564470696e-02
-1.779954812086015359e-02 -7.686295590395633703e-02 7.177820248208972853e-02 -5.517501908569233393e-02 1.401797850749041119e-01 -1.647825849009892096e-01 -6.266941091773933770e-02 1.218228416346919529e-01 3.371928691210787643e-02 -2.970874786826121355e-02 5.718176196848703124e-02 -4.254725614793899990e-02
6.823309363979698783e-02 9.851572220226562093e-02 1.679888163109236054e-01 -4.809451540789652646e-02 3.013795911334365973e-01 -1.335237993424909508e-01 -1.870026696844789282e-01 2.933149200579361973e-02 5.738912578474315851e-02 -9.180799645479680027e-02 -2.782306332579820643e-02 7.919994421756179973e-03
-2.313057893667510440e-02 3.504482170336348235e-02 -6.094213586140782846e-02 -1.825492993835573230e-01 4.564230277319417106e-02 -2.070355114021965766e-03 1.178869275399659251e-02 4.163326327349640282e-02 7.853346767400321005e-03 -1.362113223697583760e-02 -2.537943929752644115e-02 -1.040634262949196864e-01
9.565671813700538095e-02 -6.697847086768723424e-01 -3.475477016069937752e-01 1.715572189765167399e-02 -2.095563523705703743e-02 -2.459879426705914029e-01 -3.881654259853978828e-01 -3.475815083235662684e-01 -6.061988411792291753e-01 4.222141848503948441e-02 -3.684619785916578572e-01 -1.718605341082188043e-01
1.467836403449464533e-01 5.784255593053459765e-02 -6.539159713488047754e-02 6.307013434668354290e-02 5.077708221713274350e-02 -2.851204889217745508e-02 1.885239341720042205e-02 -2.242809375005125685e-02 -2.404147080268511927e-01 -8.117113303712938932e-02 1.435173597225612198e-02 5.740065163838756201e-02
1.318328682847293432e-01 -1.333159062465097688e-01 2.789621706169641627e-02 9.186124679733695397e-02 -1.145446656166354722e-02 -2.195135469623065577e-02 1.577661442698862632e-02 7.693070982008354264e-02 7.559942153664583886e-02 -6.160352012540628447e-02 -2.126142905072183342e-01 7.857380170642080941e-02
1.787002668706473563e-02 -2.263041740797175627e-01 8.698667689437526718e-02 -1.111375085556365327e-01 3.299846562221370183e-02 8.230749755827672029e-03 9.019026915270190667e-03 -5.983129245113601863e-02 2.678881124170255923e-01 -8.623572599588465171e-02 1.319025189354658123e-01 6.545367069532082027e-02
1.378941290527983532e-01 -2.251651035049967720e-01 7.896268608909347286e-02 1.322628334255888383e-01 9.164959317024023652e-03 6.433404203201513460e-02 -5.870523186360534357e-02 1.641959603966156311e-01 3.675695626881471390e-02 -5.363355013521158704e-02 7.727696404382088102e-02 2.084119191608630739e-01
-7.914964466866597492e-02 6.815288555824236538e-02 6.964460560593864480e-02 -2.395743841737944108e-02 -2.430396001792467855e-02 -4.959740212961819689e-02 -9.268887456810430414e-02 -8.703225173282286287e-02 -4.174990985007084876e-02 -3.016319856439166058e-02 -4.733561403206824197e-02 1.530556640137971935e-01
-1.690629604226904781e-01 2.111978401794654403e-01 -1.352218240707830366e-01 -6.885977982403637676e-02 -1.408280034467198349e-01 -4.028656549443272034e-02 -4.985331718798762662e-02 -2.246275447757951904e-01 -6.778570490903412793e-02 -1.619517410904773858e-01 -2.247532842007752552e-01 2.843138353369715002e-02
-2.057054966307996224e-01 2.673563028539102659e-01 -1.394691416134871131e-01 1.966839500044884337e-01 -1.726466447731770104e-01 -4.443174396483332705e-02 -1.089561162759777740e-01 2.425379655202326845e-01 -2.004043439285188299e-01 2.888122563089009706e-02 -1.639624449885296043e-01 1.472892036432447427e-01
2.083539514279535848e-02 -3.494650258554196642e-02 -9.526186329884135662e-02 -1.730311755867721402e-01 -9.224412363156726802e-02 -4.982460368026763592e-02 -3.022813153287846888e-02 -2.604731624641359530e-02 4.643313109763752555e-02 -1.707859581014221639e-01 4.669117755185470814e-02 6.456873000849969180e-02
-1.560435986102804429e-01 3.670114018568477188e-01 -1.823715427441969794e-01 1.034282789252798929e-01 -2.181321656196218706e-01 1.280749364976109007e-02 -5.087421486136765869e-02 2.748467111308504698e-02 6.905241926671171204e-02 -8.720566729904501158e-02 -2.088347339492440391e-01 2.199302877664447708e-01
-2.217812407389388105e-02 5.153564432910415216e-02 -8.988504409084467628e-02 -7.838581502049539462e-02 2.698877405104447430e-02 -1.045954338191232708e-01 9.165678797528843680e-02 -9.182967626098954839e-02 -3.537983356533228735e-02 2.660913813905131653e-02 1.226718376573530294e-03 -1.265727765222221350e-02
