-7.924305393923077034e-02 7.842924936685601034e-02 2.655640428941088427e-01 -1.462956409376481304e-01
1.811439073446559633e-01 4.883365951590090681e-01 5.675815525982501331e-02 -1.955232868529656887e-01
-6.682400794970634605e-02 3.293332140651059614e-01 1.704339939332297771e-01 3.331198758808535110e-01
-1.484583757053493658e-01 8.801354270483152664e-02 -1.971972246297629683e-01 -2.892563113775767358e-01
-4.465738683545003029e-01 -7.568939515854188060e-02 5.404873910336717435e-02 -6.049445319080409139e-02
-5.877066509845536857e-02 -1.071908078424370359e-01 4.441993114567714396e-01 8.139535021030271100e-02
9.837943302139338930e-02 3.969798634725523190e-01 3.839232483299753751e-01 1.359215322884038679e-01
-5.066847954981059526e-02 6.964646438645351323e-02 -7.259132424203805500e-02 -2.668345259587333596e-01
-3.246787983058345428e-02 -6.413172354886797870e-03 -1.673562440752512093e-01 2.134684262283874367e-02
3.884145184872069279e-01 4.843629790795714318e-02 1.013585835234801363e-01 1.330113743378246727e-01
6.463255133032834721e-01 9.626726951280502320e-02 1.267880915457264002e-01 1.655204770830042971e-01
1.208776928264904127e-01 -8.795097608869077710e-02 9.717912258187490215e-02 -2.281699706558578122e-01
-3.644193103699364805e-02 -1.627535767859833171e-01 -3.181383751430952311e-02 3.365678279474824119e-01
4.605807598264916730e-02 -1.788725316638580809e-01 -3.097554381800705636e-01 4.945375038151622049e-01
6.500100999323739082e-01 1.563437224139178558e-02 -4.766376926191989161e-01 3.247977132517514132e-02
1.204695882503279275e-01 3.480406125331482192e-01 -9.600451727606096330e-02 -2.768807193083754406e-02
3.053852072820733773e-02 -2.620888067990585490e-01 3.307582924671532143e-01 -3.430502636276710482e-01
1.956025133413739070e-01 -1.470212230401740094e-01 -1.860657362631765455e-01 -3.026414461627979779e-01
-1.980346915363018767e-01 -5.414071512899636396e-01 -1.799836218062778326e-01 2.018933123204898206e-03
9.073500031156145340e-02 -1.388751331056242433e-01 -2.008658261036721793e-01 9.468339440691367348e-02
1.050729459323443415e-01 -1.874855796079233708e-02 7.321592795299819434e-01 1.558116527640589777e-01
-1.699259276586139455e-01 2.312517926264130996e-01 1.772589724195367256e-01 -6.541253456552507950e-02
7.950961373534213422e-03 -2.944289780004293866e-01 -5.203297594564753048e-01 -1.715814282311655392e-01
4.541978061529517580e-02 -2.986016715358598764e-02 -2.575133451055929834e-01 3.084532550177376264e-01
-9.050758195945765583e-02 -3.545126687636148133e-01 -1.682716817060586623e-01 4.448129995151880317e-02
-9.889982181053422541e-03 4.119458584721465422e-01 -1.795349860381034029e-02 2.088884893167825690e-02
-3.357123976659298070e-01 1.920669476547898491e-01 -1.910567700268195057e-01 2.857863685182341351e-01
2.012358681381638537e-01 1.265737445463017107e-02 2.237589949361174224e-01 1.637769031657288626e-02
-1.481437675967768250e-02 4.572415895939938579e-01 -3.627029087051333867e-01 -2.414563564529010123e-02
-2.345997066168332978e-01 -9.072074199336987999e-02 6.748645494095759090e-02 3.389695438653820836e-01
3.239439378766253430e-01 3.858317934531461935e-02 -1.369189136462134748e-01 2.276760478043725333e-01
4.815038266112092735e-01 -3.251956582254039163e-01 5.053668376762447956e-01 2.771714747969218628e-02
-1.518141251784788648e-01 6.123562220834528613e-01 1.652810667313153181e-01 6.520555498484813250e-02
7.995266870728716391e-02 -2.667528020615664852e-01 8.513202022418268899e-02 -1.290831578663027002e-01
1.981504974731781166e-01 -1.108088788327082630e-01 -1.469039210992461111e-02 3.554171221966792027e-01
3.391119270540342290e-02 -2.271207317929303526e-01 -1.735269682356417945e-02 3.374761436034492967e-01
-7.907168301129870180e-02 3.420921134990895784e-01 2.491808173417994210e-01 -7.359630274117717752e-02
-1.461780115702461524e-01 1.121697735719332373e-01 -4.669434766724675501e-02 -2.764851673765139628e-01
2.837918788954594262e-01 2.303114062239406679e-01 -1.808973574477760471e-01 2.971060221534209123e-01
