-1.363643169192104744e-02 -2.799887867339408837e-02 -8.473198184961942825e-03 -3.768550366127695894e-02 4.555732771916033014e-02 5.641789592324705782e-02 -2.920901864643509621e-02 6.854135074831158025e-02 -8.913496426672634643e-02 1.245764742153066540e-01 -6.460880272216126818e-03 -1.080618083565573900e-01
3.516825440496630650e-02 7.349576913409555656e-02 8.184913336133126105e-02 3.432683913712505225e-02 7.637742335761374748e-03 -2.323799761768933006e-02 -4.141226328053115857e-02 1.632084015214962380e-01 1.127646726193565901e-01 1.562307703628566975e-02 7.237556250156079729e-02 2.281364055465207596e-01
-4.271691513208199231e-02 9.736700484116435350e-02 -1.563772159578929455e-01 2.827671231476328040e-02 -3.686356367610256479e-02 4.803032065950029990e-04 -4.033041302009131301e-02 -2.900523405068943308e-02 1.615780098452478941e-01 1.102093561853815379e-02 5.018003034561406561e-02 -1.404105700881808638e-01
5.114932364644893259e-02 1.941678598112943355e-02 9.125393520228493316e-02 2.784507541023359747e-02 -2.244582354366674720e-02 1.186441847076891848e-02 1.254987707814970155e-01 1.185035392052335643e-02 3.156450464583655108e-02 5.864058779269248900e-02 2.350086659147481230e-02 7.754756858872502434e-02
2.170015005427528010e-02 -2.833652024308337403e-01 5.674813299838320224e-02 -3.356501397674847842e-02 1.322539078568849558e-01 -2.489339905004720604e-02 -1.008163794990933615e-01 6.816087924473734905e-02 1.015040834940399150e-01 -1.652118477674656416e-01 -5.217418561560656365e-02 2.741568889265063105e-02
8.082380122057217231e-02 7.600073003255677570e-03 -3.349239824277193411e-02 1.566860277164691673e-01 -4.104677805206879970e-02 9.293309173937200351e-02 2.162548537529709186e-02 -4.159521871290636913e-02 -7.306222854364133323e-02 -8.652446465104743356e-02 1.226066922552832873e-02 1.953940646647784884e-01
-1.197051888208751358e-02 -5.088807522810879364e-02 1.251111335413821780e-02 -3.880586829673589311e-02 -4.090680779836684822e-02 2.729049613107183483e-02 3.049195209177665844e-02 -7.334329062495847928e-02 6.662843557727927968e-02 1.882489653475560507e-02 -1.597871950148863074e-01 9.115354770156171293e-02
9.051308697596455177e-02 -4.935950961494696074e-03 7.304320743127293292e-02 -6.165383023517567729e-02 -4.948994774145529241e-02 -1.685378729001891784e-01 -8.133741567562671748e-02 -2.359788941754484629e-02 -8.044347998868439653e-02 -2.017945566466187307e-02 1.129017077231763977e-01 -3.149695431173678978e-02
5.481341343492941373e-03 -1.717480083387550299e-03 3.201372794222200058e-02 -5.803326725289605428e-03 7.722651278271641662e-02 -7.550366931645569046e-02 1.167950047244812606e-01 9.679909213129880494e-03 -1.288470824534913850e-01 -9.686476284371184353e-02 -3.664428471699121559e-02 7.882165714571753856e-02
-2.984390655670958806e-02 -9.403861249371466002e-02 1.591360889895714337e-01 9.707693883261293843e-03 -1.137524551825621066e-01 9.043549469276196406e-02 -5.736747270588690717e-02 1.033124669594215339e-01 -3.813582185726718983e-03 -1.229944892343268342e-01 -7.276181497298114809e-02 -6.244604754159803484e-02
4.475939963263295129e-02 -8.436417724195072187e-02 -1.567047476195307376e-02 2.994872538766588793e-02 -6.234320573731264720e-02 -1.183567094686607812e-01 -2.274808109635121159e-02 5.942860355602147017e-03 2.903270980613645649e-02 3.215819810648598565e-02 4.594845991561515020e-02 -8.968139564220063698e-02
1.211331751304224255e-02 3.061272342578215400e-02 7.182233996896589256e-02 -8.207990349346191983e-02 -1.082143828547611625e-01 -6.896598154165359262e-02 -1.707921906072106255e-01 -1.239870103229646081e-01 1.092306378551605173e-01 -1.651667646778081366e-01 3.198884636778596968e-02 -1.537822121056340099e-02
6.580590594175924485e-03 5.021201601927698099e-02 9.184637081960062011e-02 7.687181141871544943e-02 1.070574303431424124e-01 -1.479955383056867080e-01 8.856056773336090648e-02 4.992561621645520697e-02 6.845906553470293421e-02 -1.998593839353085544e-02 9.574870265175697281e-02 -8.425301304257795665e-02
1.071814641945677132e-01 2.686335506234365823e-03 -2.192325972940841784e-03 -9.756279322718020355e-03 -7.258130708791583896e-02 -1.698284217615989578e-01 1.314356931263171990e-01 -1.032289347316124040e-01 6.310499335893144691e-03 5.537696331600203831e-02 -1.063200694970468929e-01 6.381358181812214758e-02
-1.224172764164918187e-01 2.829574099399326595e-02 1.396418684396527887e-01 -9.199803339926243551e-02 6.756484129504089498e-02 7.787353345365390089e-02 -5.636739465676818273e-02 4.901288323487250354e-02 6.774157756553976506e-02 7.781916631601559775e-02 1.406212187236078326e-01 -3.382931484325491650e-02
2.137715994275908582e-02 -1.245656621958609600e-01 -2.188302798369711477e-01 -6.890521231192543727e-02 1.404467053687418615e-02 -1.186354536112547153e-01 2.924380429818128624e-01 6.947779766059192230e-02 -8.068777643352200574e-03 -4.529167994134261632e-02 -3.404021856757540911e-03 9.222790586901241650e-02
-1.458966552965841601e-01 -1.166726226669377864e-01 7.591747397955075916e-02 -5.975167390113476223e-02 1.872521759163628396e-02 -4.457881762877913268e-02 1.147157483623730823e-01 8.646751080671845335e-02 7.830661643102782010e-02 6.947167814286306364e-02 3.161298957789607927e-02 5.983849715196074698e-02
1.080820993535286101e-01 1.261016053534286530e-01 -2.308214182391581451e-02 8.731550757872802437e-02 2.228030385737415631e-01 -5.827834984250637729e-02 -5.656514838864458439e-03 -1.281717026814169491e-01 8.732423327160546145e-02 1.314069323310298326e-02 -6.649169045720951243e-02 1.270143855427475488e-01
1.068290081608110342e-01 2.451992830943711815e-02 -8.481328337450451393e-02 6.771200108983105315e-02 -7.976705339154105401e-02 1.603950966221224794e-01 -1.274538254258076875e-01 4.665841840435903248e-02 9.529559593666686590e-02 6.526328667662957550e-02 8.120481672774960968e-02 -1.733799657450009121e-02
5.255797523223715989e-02 -2.296649757283887941e-03 -9.316228425792595635e-02 -3.772170500638638568e-02 -1.160630515522146355e-01 4.598251985787259188e-02 -1.727153529292587697e-01 -1.945746414557308901e-02 -4.716927968467169580e-02 2.292271281214827011e-02 3.412648349590001462e-02 -5.099577339082281280e-02
-6.253505766830802504e-02 -1.103799901302445485e-01 1.399703059139828509e-01 1.302972727166121225e-01 5.959878340426402743e-02 1.592497985816968345e-02 2.086101790806439010e-02 -7.872030901579822604e-02 -6.084171349949202973e-02 -6.630472928293659751e-02 -7.731372172172973345e-02 -3.659913350539345522e-02
-2.196071123269728641e-04 8.869566992084357976e-03 -4.270593982762855428e-02 -2.852066003022115173e-02 1.256654871469230494e-01 -5.813730198459740595e-02 -1.420890139178144773e-01 -2.622533923994050525e-02 7.150793616854572710e-02 -1.665897674488009961e-01 -3.632768650926596066e-02 1.604242054294865300e-02
-3.366792108237660203e-02 1.553444491966269117e-02 1.222296016386743567e-01 1.564171974993475711e-01 5.139053599405256356e-02 1.736213926476629088e-02 1.358986505515674126e-01 5.542161297202129189e-02 -1.505938640580925178e-02 -2.079882658345703211e-02 -2.562764960865776195e-03 1.418148384061592160e-01
-2.093696654077997765e-01 1.893651251446742956e-02 5.970915238925603857e-02 -6.992120320250151157e-03 8.024279674501007265e-02 6.209245744927144317e-02 -3.464384256331025369e-02 -1.000315185122445036e-02 -2.992356589108909753e-02 7.784403953709051471e-02 -7.775459711684308550e-02 3.163347923842071280e-02
3.568267670810063019e-02 -4.172710702208341782e-02 -4.299122467396106206e-02 -1.725483093348834096e-02 4.151792457950362336e-02 5.119854477985773256e-02 2.915606128907564237e-02 1.802719332133497221e-01 -3.313055225373705281e-02 -7.520798305485303092e-02 -3.504244776089315838e-02 -1.724270877634643401e-02
2.136918178057076179e-01 5.549589339465691579e-02 -7.905801045055654841e-02 -3.547669294359809267e-02 6.206110454567115992e-02 -5.362786483572143381e-02 1.631441310409686152e-01 1.868548017990583898e-01 -1.051330646005237401e-01 -9.701832607862156954e-02 3.528544417982334069e-04 -3.585600493277737999e-02
3.269739888542703282e-02 -5.177921278892345935e-02 5.627718253124776304e-02 -1.787184562630390050e-01 -7.847284109349039966e-04 1.043141650196430237e-01 8.302624324710955461e-02 -2.215171908856156113e-01 1.338733870913588059e-02 3.435091401620987001e-02 1.722513283783911331e-01 -4.117077172359324966e-02
9.452480574336014074e-02 -5.313427186533146475e-03 -6.952584825523734635e-02 1.062734557770110035e-02 -3.142184119165305784e-03 2.532056952251632645e-02 -7.347888388210220556e-02 -2.910188669720962379e-02 -6.481961004154549594e-03 -4.444674955522948806e-02 -8.537577594407524950e-02 9.686318266916746356e-02
-3.174888262072302070e-02 -3.658529218150680107e-02 6.215354403789240256e-02 1.419061767688997444e-01 -4.602508854941839145e-02 -7.602385593198085489e-02 1.054797204253730969e-01 1.415902291538092550e-01 9.484914352536949478e-02 6.335246842803413103e-02 1.132785835292595827e-01 -5.621804510733358073e-02
1.224874129199678419e-01 7.334361792785644429e-02 -3.710878384257125517e-02 8.645840286593116375e-02 6.108079359907069017e-02 -1.180605676100550568e-02 -1.442764512408642452e-01 -1.666987101524526615e-02 2.634432332660503057e-02 1.099580471160979955e-01 9.319515999368447809e-03 1.516880942873750637e-01
8.870362139319901140e-02 9.661997326658612606e-02 2.158625731919060764e-01 -1.274385672039934359e-01 -1.353682438094725715e-01 -1.484712740073861059e-02 -1.011238683457607174e-01 1.088652389653306865e-02 -7.441607793166860052e-02 -3.546960916469100306e-02 4.891193875371269845e-02 -1.031023520336713795e-01
-1.309036788416001185e-01 -9.070741655997990871e-02 -4.925005881555978571e-02 1.343687183236120797e-01 -1.441506673452338030e-02 1.451495514110638652e-01 6.534429554218992332e-03 -3.685372048366174907e-02 -4.935388382988077204e-04 -5.288537419116790678e-02 7.121745762305858873e-02 6.479390481545696523e-02
1.352843820544389897e-01 1.064765967208054220e-01 -3.170414560895544465e-02 9.710949941589205880e-02 -2.517838400688846012e-02 -5.876003891182715599e-02 -2.820049489420902583e-02 -4.448366971579097162e-02 -1.293247159748953838e-03 -9.861436232922582423e-02 5.890845748576203911e-02 1.005577931545846050e-02
3.295534989477402754e-02 6.715674788866450584e-02 1.351022789178928929e-01 -5.923228068545036834e-02 -1.153837803651107802e-01 -4.430816072780079107e-02 -8.538965949468235728e-02 -8.195998573209775651e-02 -6.185162822199134075e-02 -3.908885319638786410e-02 6.144740656679865271e-02 1.535382847643781620e-02
4.715711011434584217e-03 6.897815125472395170e-02 8.571425481929510759e-03 5.840756564187696981e-02 -9.432156506243856431e-02 -3.435466347834352507e-02 -1.271766028886343325e-01 -5.685323372533820918e-02 -9.975127231439831488e-02 2.798123148104747493e-02 -2.783100849184858006e-02 -1.415393040100315636e-01
-1.238992251906658459e-01 -4.904216031485920946e-02 -8.057919622503872947e-02 4.833000683608060927e-02 1.639881345369929161e-02 -6.288301066315990506e-02 1.006971458587414825e-01 1.678557756971129494e-02 -1.108597119611421655e-01 -7.701742361991743835e-02 1.018705718202166932e-01 -1.096556411180527740e-01
7.822316856748404157e-02 8.879139351795564683e-02 -1.650249112554198483e-01 9.658978972423648557e-02 -7.377811633050662676e-02 -1.072507268926515406e-01 9.238991564036765081e-02 -3.450134045756662882e-02 6.519423733570846313e-02 -1.773362907136215305e-02 -4.715806502188685939e-02 -5.478696882113229943e-02
-5.829508360446023635e-02 -3.874364320678976015e-02 -9.167308265793325250e-02 -2.228107813975562304e-02 -1.327545400682585315e-02 -1.931778593885393747e-01 2.248171591250391066e-01 1.029181361723186805e-01 -8.374513002496489222e-02 1.170621126852951221e-01 1.018344441558226288e-01 2.444525822959379979e-02
3.314976400513654914e-02 -1.316599182457920680e-01 1.247687080291697420e-01 1.578494999850840741e-01 1.582487280176567840e-02 -4.021883486631491755e-02 -6.728997232559238983e-02 -4.111104303929155601e-02 -7.090992191599051683e-03 -1.559937718157155540e-01 7.683582607993882929e-02 1.334613411589565674e-02
6.745517965400379956e-02 -7.273359400186554325e-04 -7.375961970035407878e-02 1.372802940697635810e-01 -9.868361602426307944e-02 3.092326780044343804e-02 -4.035347488477121491e-02 -7.070776833426462016e-02 5.385618249396190160e-02 1.106699735306267141e-01 1.296589488981014955e-02 -9.781643666396362680e-02
1.531592604759516307e-01 4.764129566608205080e-02 9.712393490879300470e-03 4.815430221244491882e-02 -1.263504690291355759e-01 1.829273327295501215e-03 1.179732817184996931e-02 -1.347968756719760720e-02 1.004277713353115137e-01 -5.879334289166766869e-02 -2.199230106183936231e-02 -8.229495949669769772e-02
-8.817889283567531544e-02 -1.070871007511486339e-01 2.194742911546627290e-02 4.887145865191262067e-02 6.304771990032063955e-02 -9.044910528791097470e-02 2.937719282448424812e-02 -1.517960348803059356e-01 2.080805562440302126e-02 6.737937293110646264e-02 3.267040610153555853e-03 -9.197639045118441437e-02
1.621741592495558673e-02 2.373981434656969106e-02 -5.972365277175700760e-02 -3.427928757351148686e-02 -4.345032118277999955e-02 9.159924799136510976e-02 -5.973707434980532471e-03 -1.036797063666623220e-01 9.459441645339719887e-03 -1.538279351958042884e-01 4.548052420738657453e-02 5.239634533692667795e-02
-1.179750634296462541e-01 -2.454233089095529119e-01 -8.482685341503844526e-03 -1.022827607225652857e-01 -1.082682155446399175e-01 1.016752377549815511e-01 -1.535426672251780783e-02 3.137101364395198516e-02 2.460938547746798627e-02 -4.144328226399077858e-02 2.041354973813441429e-02 -7.676913292182599435e-02
1.522485406805975661e-01 -9.445093589950803725e-02 4.205354369251536328e-02 8.823873851992643236e-02 -9.957031983453160096e-02 2.749762097078346790e-02 1.644275909958020920e-01 3.095634935216065933e-03 3.714779651922989201e-02 3.353390132537727858e-02 -1.113958969814351496e-01 -3.342947542451404214e-02
1.742129357923443214e-02 -7.843213721210379533e-03 -1.137606016948651405e-01 -5.805534623089705915e-03 7.821393169497897757e-02 3.886736157962070171e-02 -3.102567732459968197e-02 -8.070541351174593397e-03 1.779063468218872457e-01 2.424371110613851021e-01 -4.057584144874375187e-02 4.796460453284471376e-03
8.529749881152576263e-02 1.857079596900043650e-02 1.117003864728224882e-01 6.323783345362707364e-02 -5.896434262409973315e-02 1.540091287793998454e-01 -5.727335387441147285e-02 3.474470395697902558e-02 -5.645083917404970092e-02 -9.988740254848135769e-02 1.425454231911989222e-01 -1.348494776744612045e-01
8.524559358922600971e-02 4.975177185406902403e-02 1.624152035162700902e-01 -1.720318010001611539e-02 1.103363061759983776e-01 -1.217876446810730456e-02 -1.716746801849189374e-01 1.446230847119500118e-01 6.265279435386628126e-03 1.875020092743950317e-01 -5.052534276688761677e-02 1.446583180851760894e-02
-1.045537482921321815e-01 -8.158345599637235879e-02 -1.231805725000048313e-01 -6.012233535663285069e-03 1.414592109253216996e-02 -1.170515854101215336e-01 3.285271538382776579e-02 2.147271186463144479e-02 3.086155237384670402e-02 -5.715768376563813008e-02 -1.009349474815046804e-01 1.237121250095953445e-01
3.633576844407247763e-02 -5.720377346808873734e-03 -1.795229855312867606e-01 3.912246905225676141e-02 6.320790247893223746e-02 -3.027869651065783277e-02 -3.039255128586110938e-02 1.426178117030550349e-02 -6.019887078939692437e-02 -1.025744812462600214e-01 -6.530640202493023100e-03 1.850470221534188109e-02
-4.411084449638034283e-02 1.000360418625497322e-01 4.523608722450542241e-02 4.204487109717240656e-02 1.251427485406191309e-01 -9.560969621491274134e-03 -4.587859939253828567e-02 -4.603622487309756706e-02 1.240434553448671075e-02 -7.752593564691695471e-02 -1.018737299004279923e-01 1.471919949926134286e-01
-3.786427208084089391e-02 -7.636328454141377842e-02 -5.702248955135478387e-02 1.421000249102290225e-01 -1.090219465407286370e-01 -5.322496243990332276e-02 -4.204796595331239395e-02 5.968351205279365246e-02 7.284268255441012085e-02 1.021086890404411876e-02 -3.759343499686684104e-02 -1.886874458155478329e-02
-6.455943496997230968e-02 -7.532353608659508870e-02 -3.843814854305610540e-02 -8.701994648938557453e-02 1.174581320257639533e-01 4.613819101947398693e-02 -1.972849246807283422e-02 -9.406464732673816553e-02 -9.759392457021554002e-02 2.381661619058605961e-02 6.052189952686293228e-02 4.757263243027633204e-02
1.247445919083246813e-01 -1.910158839176691603e-01 6.570949436545664435e-02 -2.378439522566750536e-02 7.141168488925782321e-02 -1.211200489644351785e-01 -3.561102011032040576e-02 1.066545005377158043e-03 -4.876080562599011820e-02 5.498318289537212911e-02 2.050980951568389526e-02 1.579064212999525540e-01
1.322157006018085390e-01 5.986754927653834338e-03 4.918531567851150421e-02 -1.185973858907701378e-01 8.827500693745567173e-02 6.378234973046256751e-02 1.166607453848231973e-01 -1.026381073896206197e-01 -3.443094733329647023e-02 1.435523576657491696e-01 8.984452033777086573e-04 -4.467554894032888663e-02
1.057472267003639055e-01 5.770865472856399198e-02 1.463560474917746830e-02 -1.186827315238938307e-01 -2.788035745052713787e-02 -7.694530829227562430e-02 -2.711209791251287249e-02 -7.533809983736380889e-02 -1.048385071779755623e-01 -9.433347892849550109e-02 3.964135124461494637e-03 4.476840371311441996e-02
-2.629175592922336491e-02 1.121269964531486363e-02 -4.812991627486613855e-02 -1.233184891644310138e-01 1.148541869310391733e-01 1.338693208805348707e-02 -4.178986807849041640e-02 -6.562837119951506204e-02 -6.416563256486418343e-02 1.493684622060643674e-01 5.523320607334916699e-02 -1.379921171392629042e-01
5.183133624542077267e-02 8.030185045277643541e-02 7.509523356184630294e-02 7.486787035901421028e-02 -8.785095581154592215e-02 6.734128192974500604e-02 4.052030001203282827e-02 -6.649625622185778573e-02 2.958517018642453991e-02 2.520284978076581944e-02 -1.444449575690846532e-01 7.981339840449633294e-02
2.460720942451614240e-02 -6.245372107939748535e-02 -4.107781525567051270e-03 -4.528511210624494576e-02 -1.291814049295111552e-02 -1.862014215268832651e-02 -6.386929966735586939e-02 2.700010449041254784e-02 -6.719207568304864583e-03 1.550305738360410190e-01 5.362530048826652518e-02 -7.918848190254224040e-02
2.434533850244191902e-02 5.195031024245281431e-02 -6.118922597245038397e-02 7.591900048245395216e-02 1.935268641270592588e-02 2.797386291762431546e-02 6.103060602958712555e-02 -8.469935441623850647e-02 -7.737914179002416959e-02 -5.754481609504824742e-03 -6.797304843727532131e-02 6.257592194429690419e-03
-5.368199616274455660e-02 -2.576450701391131207e-02 -2.736454088698557496e-02 4.569334530104808556e-02 -1.274961325375916776e-01 1.012121308898890071e-01 -1.691461120248974048e-01 5.212819210001496534e-02 -7.996243151537416050e-02 -3.736949591895182693e-02 5.853290812069170124e-02 -6.235292592640914733e-02
1.445092664294586084e-02 5.667549493446071007e-02 1.843143845947401577e-02 7.969047102844922792e-02 1.984577920232909187e-02 2.518839002509844563e-02 -7.179749430500037555e-02 -4.689602967406140965e-02 -1.838636428755794847e-02 3.900978926650738865e-02 3.123916590255379835e-02 1.713158044250589693e-02
1.422041187928732020e-01 -5.659647908571779906e-02 -7.369589761718650656e-02 1.040723959097744622e-01 6.326312837428461899e-02 -2.010478434260433780e-02 9.429225762370395392e-03 3.262516898102640894e-02 8.794452009486183885e-02 -9.451243668773045420e-03 8.990905118243899818e-02 1.085648435608133205e-01
1.060043252107406853e-01 -4.870202256312381600e-02 -4.121692186855392681e-02 2.314476515215019986e-02 -6.296474717612557392e-02 1.455542179180120341e-02 3.791401933614526459e-02 -7.185608189023582823e-03 -6.136226888727053588e-03 4.138544390593890815e-02 1.602127178191103257e-02 5.068060213521295015e-02
-3.974095108193844567e-02 1.251892537739615618e-01 2.405489688021028583e-02 7.338802265567724581e-02 -6.444054562868115066e-02 -1.357787474040997866e-01 9.299853635074015190e-02 -1.808520995275950116e-01 1.315514949517712640e-01 6.435503842575177047e-02 -8.239627035498100355e-03 -1.071400944955017698e-01
-1.845591279791232164e-01 -4.429161171331073843e-02 1.386381762358156189e-02 -5.690240119364615295e-02 -5.983607485698761580e-02 6.629942183322417790e-03 -1.378892658940830129e-01 -1.474792322098151046e-02 -5.408009998918036909e-03 1.050320046297625876e-02 4.429046933681319437e-02 -5.857400781312858268e-02
1.505762363912568069e-01 2.528167430370962046e-02 -7.650219619081302658e-02 -8.133230025823523501e-02 -9.932844503835842886e-02 -3.704232888331004947e-02 3.003110971330656687e-02 7.571536700753814242e-02 -8.693406001624834345e-02 3.523102778052916717e-02 3.951184825410797297e-02 5.957402185370930942e-02
7.891542425023309604e-02 1.402774736944683090e-02 9.080187037701333008e-02 1.084314654509380693e-01 3.820690703991715120e-02 -9.361250907583547332e-02 -6.863269561406734609e-02 7.722586263198269463e-02 4.154665270225483403e-02 1.638926103069172635e-01 6.911714736927629388e-02 3.563938731882985295e-02
-1.359836422253769828e-01 1.380489564099443567e-02 -1.367957955902347200e-01 4.819748278398972019e-02 -3.255750426364988417e-03 -4.196332455586241489e-02 1.040462388160746585e-02 -1.156817329050440768e-01 3.950691744014659529e-02 -5.346734013042418396e-03 6.998511570612020449e-02 -3.282317153869386550e-02
-7.202843391958833885e-02 3.810609649157838813e-02 4.197441083591169769e-02 -6.682919018624629282e-02 3.074405011447956318e-02 -3.099614477657765266e-02 -8.556113525496278349e-02 -1.957143288839314349e-02 -5.191528589515517766e-02 -4.186472503704659689e-03 -6.006982488021588018e-02 5.765661822270557596e-02
2.418295124849667577e-02 -5.911216967925195936e-02 -7.359795033880675574e-02 -5.874645083622237127e-03 9.122606565322748801e-03 -9.898495684498059832e-02 2.371542487886476105e-02 -8.528411446859714140e-02 -1.149351911161282658e-01 1.700896400538228631e-02 -9.934990200957999340e-02 6.034864192325078980e-02
-5.457138185711018011e-03 -5.639271848573918985e-03 -7.356019352141379697e-02 5.458853271858124523e-02 3.752270747429121978e-02 9.192731004990191412e-03 -1.575952161186648659e-02 -5.731771512658252743e-02 1.043227550527789094e-01 2.815484907549017923e-02 -1.238599074476358780e-01 7.013995565699143730e-02
2.143623255135943817e-01 9.866728908836927547e-02 -1.438156270943583871e-02 -5.641265645025575828e-03 -1.208330352230168048e-01 1.427553692035431546e-02 3.325409528457821950e-02 5.240374531567914586e-03 1.116149670193790529e-02 6.019750222868606310e-02 1.750651666242910090e-02 1.161373128899624851e-01
1.052435697331192133e-01 1.557575610558393220e-01 5.226168090099281294e-02 2.287442011342701725e-02 -1.512417388784928485e-02 -1.619422902375122764e-01 5.206645295204122281e-02 2.837578045205918498e-02 -6.782688489447332748e-03 6.302833343709697556e-02 -4.101518259944483130e-02 1.512221793198574860e-01
1.578848773886337986e-01 -2.132141408092686277e-02 1.683285504075946459e-01 2.133525797308332139e-01 -3.408859558536483925e-02 1.303652561724741310e-01 4.501367797552551821e-03 -1.676006883467010822e-01 4.115987655082378044e-02 -1.525966778810099456e-01 -5.860105137554986326e-02 5.359895306176840069e-02
1.114736033508745283e-01 1.083449189989643124e-01 3.792210675387726326e-02 -9.738399182872331528e-02 -1.472676453534216279e-02 -8.445768680221530018e-05 -1.633080149729840627e-02 -4.062666908480346874e-03 -1.223428684120126397e-01 3.302793323566288047e-02 8.702001382003568541e-02 -4.527150723557590850e-02
1.213446345457140502e-01 -1.262349867294217942e-01 1.554375721276622137e-02 -1.457025018006471162e-01 1.222296060551145286e-01 5.692596069164638367e-02 -6.731403159572048669e-03 -4.537228938472112616e-02 -1.877708432917531145e-02 8.443531934648818016e-02 -1.555537045109451136e-02 1.108170293500899441e-02
1.035323077340236653e-01 1.852834094465646841e-02 7.451973868787206690e-02 1.816140159101848062e-01 7.127133927717993478e-02 -3.097728924900820433e-04 -3.952669004719831097e-02 2.359471611795959517e-02 5.468642718050407969e-02 3.863336147922473429e-02 1.341104948702305788e-01 2.553591534590066506e-02
6.761817408962990383e-02 2.131413768692776434e-01 -4.007415561828274464e-02 7.122717908866152414e-02 2.671918187571702477e-02 2.403117740899297222e-02 2.636706345920166589e-02 -1.867613875873995813e-02 -1.155015812882705106e-01 7.113781787175399440e-02 -4.418951297875049755e-02 -7.687716026335502176e-03
-4.683952417944531321e-02 2.768299295820760009e-02 1.109328566535333904e-01 1.252542082982368021e-01 1.011744677462561026e-01 1.457519583462374597e-02 3.437299666986140534e-02 -8.189394379418971082e-02 -5.442199031928092456e-02 5.236141999231733180e-02 6.835375803923371407e-02 -9.945675241917029119e-02
-1.754782672057204895e-01 3.902907500714974942e-02 5.430700655527331833e-02 2.129021114731773079e-02 1.347714594993140984e-03 8.544627043785409104e-02 9.962732882531912318e-03 1.107199104313993238e-02 -6.257222470369747103e-02 -1.372419712586326612e-01 -7.778818484802244027e-02 -1.004989557213074869e-01
2.200412300597559823e-01 -1.113971624734542282e-01 -1.230855254235816154e-01 2.628206303224469437e-02 -3.973106861606499202e-02 -1.549075241549994209e-01 4.107692276729595082e-02 3.450777941316525432e-02 9.068502236082322254e-02 1.946263077676686770e-01 -1.414071280703733079e-03 1.698841055143430340e-02
-1.325015826674321717e-01 3.983037648771002581e-02 8.009079922703790655e-02 -1.453269102535726387e-01 1.001533458208956895e-01 -1.358675417328853996e-01 4.863112415121235987e-02 -5.917536333502916579e-02 -7.989581479351010040e-02 9.605967015112518159e-02 9.203369248013102549e-03 7.927556651651844130e-03
-1.486634230960519679e-02 -1.408938630724931515e-02 1.414509750694254442e-01 -4.941624356207997837e-02 5.199764384945396861e-02 9.769407503327762199e-02 -1.098211813871722165e-03 -7.427760485944259750e-02 7.842753148621078169e-03 5.425049483310770415e-02 9.200412945003536014e-02 -6.785825280230939338e-02
1.621500825393160372e-01 1.037592820477381828e-01 -1.076551343787352788e-01 -3.987483930813606747e-02 3.761711800223492552e-02 1.334321279864356113e-01 1.510661876625052011e-02 6.186648805784360217e-02 -4.851795051991900087e-02 4.001799476809467238e-02 -7.319683339439245207e-02 1.122496415987187107e-01
-1.568087185592968447e-01 1.035888281790608711e-01 -5.207560613667693017e-02 -2.257709873111129507e-03 -2.730513494019214810e-02 -1.889307410392604691e-01 -6.221605881586512315e-02 -6.300869947890058720e-02 -5.318024983064296302e-02 3.842851905872146645e-02 -6.531941965596553545e-03 8.768532490167642302e-02
1.210154648855536474e-01 -2.226903628434616714e-02 3.979540685909109532e-02 9.254916818616832491e-03 7.879386694946662051e-02 -8.231252017950000527e-03 -5.041122695237504336e-02 3.407612092107401014e-02 -2.003726195997738296e-02 2.511873870239263173e-02 1.695420823894928583e-02 -6.776144727560569347e-02
-1.191497273501559151e-01 -5.344739189262907170e-02 9.188114670985365884e-02 7.390544890693293012e-02 1.777875217093366836e-02 9.539768410583812641e-02 2.441347084040447479e-01 -1.523444721319672790e-01 2.699899422660560072e-02 -8.920347697016571542e-03 9.827159771172603447e-03 1.081095438884983606e-01
-4.849448536796361481e-02 4.861422711903199551e-02 8.747109670756088350e-04 2.933487500112372248e-02 -7.209738571663149020e-02 6.010796915460890621e-02 8.819538329299181356e-02 -1.222177530815574953e-01 1.243843223886416244e-01 -1.331748563966691275e-03 -1.478374665236716935e-02 -7.476907247057214267e-02
4.497295112156068919e-02 1.347612182675644310e-01 1.633207815567625509e-01 3.513944055234292929e-02 9.620170092944070606e-02 9.964306102683265220e-02 1.452643718627765479e-01 -3.995954848431048506e-02 -7.356316064789523469e-03 -2.533882433092388663e-03 6.525361779688472127e-03 4.511224445397608168e-02
4.192004802940756114e-02 9.749571482311987503e-02 -5.433249095914630122e-02 2.026293460804834065e-02 7.192824373699686913e-02 2.522752464200335790e-02 -1.560973803485553035e-01 -4.588586986452017347e-02 4.985443543706638558e-02 -1.901673302648126604e-02 -2.011881042316194038e-02 -1.376612363311253973e-01
-1.340600859364422526e-01 -4.937120630800388016e-02 1.577553266011066588e-02 -1.002278081319974978e-01 1.281381092293715695e-03 8.431937886832886753e-02 -2.558408478932572717e-03 1.894960631493608494e-02 2.511529088426806000e-01 1.259872310948678686e-01 5.571644408874602133e-02 8.721264688706206747e-02
-1.267393484338351362e-01 -1.363038266707576884e-01 2.090669945842290045e-01 -7.576924395801168388e-02 -1.146941028660150227e-02 4.234606737170964162e-03 -4.103166162454251198e-02 1.879079725656154169e-03 3.797571426883782075e-02 1.060633975846917015e-01 3.106979762362348588e-02 1.346338534166951761e-01
-8.260702426467673998e-02 2.505991058240813335e-02 1.345090072681525140e-01 9.836484273194702477e-02 1.671500434982520211e-01 5.888780275117687368e-02 5.116479577279512553e-02 6.813363409980344176e-02 -6.381913625911445065e-02 -6.340224331487237519e-02 -1.124295530342889204e-02 1.297722372031421267e-01
