-1.005861016225900462e-01 -9.108008876137224652e-01 3.426332307862157700e-01 5.846787326298223952e-01
2.030471735230235275e+00 8.545610151090404782e-01 9.005970561516991602e-01 8.269039354933765962e-01
1.799378427994759444e-01 2.300506948596712675e+00 1.634901543673800584e+00 3.920093775024625637e-01
1.476927264965212545e-02 -3.491143382470048850e-01 -9.535331753283262657e-01 -1.954009400277413877e-01
1.536642115205109627e-01 -1.434130423857714609e-01 3.602152306102842649e-01 1.033956127225834409e+00
-1.779063721121819375e-01 -1.464750440852431890e+00 5.301385992282396931e-01 -2.010549744747544221e+00
9.180964249454828252e-01 -5.658098491346452708e-01 -8.994189845359920055e-01 -5.230717126963573271e-01
8.741453520100059826e-01 1.644940493344650978e+00 1.296269417754075226e+00 1.149539983149545197e+00
-1.031331441743571498e+00 -1.253721348851754014e+00 -1.408317276696807507e+00 1.952194475999883272e-01
1.480247854521337336e+00 -5.150948042486488410e-01 2.774625023221622966e-01 -3.694737020691435947e-01
4.056904660210354230e-01 8.982515602083969153e-01 1.938795219166711714e+00 9.388096849781006892e-01
8.144005131652201079e-01 1.055038289953721398e+00 1.423523695418694723e+00 7.271648025316666819e-02
-7.779739194846863048e-02 -1.067288075550427928e+00 -5.077621396217709693e-01 -2.349692429010419303e+00
9.142353020504443428e-01 1.016378815490494247e+00 1.521386597756716474e-01 1.253434556632784691e+00
-1.113506956302898088e+00 -2.787058234528613787e-01 3.078386529828753826e-01 -1.387804606171348099e-01
-6.391494742371174320e-01 -1.568376119173493288e+00 -1.539720307030904456e+00 3.902650794996801453e-01
2.191044736611204302e-02 2.137049045487782628e+00 2.597875911071985122e-01 1.297823074083879424e+00
7.905549073374548152e-01 1.539465775008668436e+00 -4.319721395422132515e-01 -7.749635609365872480e-01
1.261621707744781107e+00 -1.378044825060687761e-01 -2.204534494694900260e-01 -1.536507101137827291e-01
-1.326634657596803546e-01 -7.585490545300782594e-01 -8.280250115510774389e-01 -1.010221521806716094e+00
1.123812460889078046e+00 2.193724081293584760e+00 8.870781663577501641e-01 1.723734875407685552e+00
-7.885247272566902055e-01 1.543554201068586262e-01 -7.835887408355354244e-01 3.195265540334006338e-01
7.753629659389048578e-01 6.832924396159777425e-01 9.829076167601707992e-01 -4.613057787978721569e-01
-4.741353590974269339e-01 -9.734493512344387645e-01 -1.387022291766088766e-01 9.614790363955592056e-01
1.400792759955560962e+00 2.906384743790832448e-01 3.441690824849754637e-01 4.140670814028850621e-01
1.551362900366937358e+00 -1.593135277236948089e-01 8.059983888930075668e-01 4.649418226533374443e-01
1.900276474750241640e+00 4.825995963703757496e-01 1.372193742925296167e-01 2.057116158704208053e-01
7.958850742027560043e-01 1.356924951080163089e+00 6.595071132469901842e-01 -2.784453617538569861e-02
-4.613701785080752682e-01 -1.260084315644709907e+00 -3.721377592901444209e-01 -1.049280143136186894e+00
-1.190443972847050613e+00 2.836018642506449305e-01 -1.102289971128654011e+00 -1.800519544096470081e+00
