6.047573809275508250e-01 -1.387563059639774554e+00 -4.207532868082934918e-01 1.017556546414647434e+00
-3.277068874559869172e-01 5.824045322547916070e-01 5.535613444508588055e-01 9.364728473876100523e-01
-1.599647040942275389e+00 -4.557571576259448753e-01 -1.175757308624125086e+00 -8.069271539980427121e-01
-1.385153945374079321e+00 -1.817229941071897947e+00 -6.174224446030807112e-01 -6.327751367863171730e-03
1.279811185098239212e+00 1.008767259378401615e+00 7.597756700033301280e-01 7.088839775700108703e-01
-1.330994590317511550e+00 -8.184680458456480290e-01 -4.713662912247226777e-01 -1.331164669546015533e+00
-1.008988812367928700e+00 -7.250109397552533252e-01 -7.793636244921910983e-01 -6.277703781784215176e-01
-1.177690825565425925e+00 -1.213517201558077074e+00 -8.672588669147440754e-01 -1.767555220731635623e+00
8.686611284835169533e-01 -3.441262928246948127e-01 3.855882248788145006e-01 -3.082789673435682443e-01
6.928724801474538397e-01 2.249808234497062021e+00 2.198403256891143243e-01 5.699927855359815387e-01
9.241151139063017439e-01 9.206808460139410677e-01 7.974868427794775672e-01 3.787423509134711375e-01
-1.338215386743604629e+00 -1.233921992578006499e+00 -9.968446315537894398e-01 -9.725994117230090108e-01
4.728641107306318370e-01 6.256029647021883466e-01 8.970793682187312434e-01 1.257862435871192730e+00
7.993208952519053057e-01 1.290244211183028566e+00 -5.103612426380401690e-01 3.930334201699471341e-01
-1.265948310704880786e+00 -7.173022052946527172e-01 -3.007675178791509585e-01 -1.351313410923788538e+00
-5.900586296404788378e-01 8.387002620591489654e-02 -5.965461811298657935e-01 -3.948203942300100300e-01
-8.985532809828202794e-01 -1.091372455847110956e+00 -6.934729766828849895e-01 -1.288129352564238772e+00
6.631236172728066647e-01 -3.201674821699217466e-01 9.297492644991864896e-01 1.137760425794714481e+00
-1.183899077081312035e+00 5.253932612625957788e-01 -1.297365669790268461e+00 -1.335620990527885521e+00
1.340196377197178101e-01 -4.245428078697308094e-01 6.859045206229852365e-01 4.823128514054977889e-01
-7.564811584852566551e-01 -5.427760352060657656e-01 -4.058833074023162624e-01 -4.714967326255536939e-01
-1.216234301921016447e+00 -1.676720791671109101e+00 -1.233400529381212252e+00 -3.293251917388194117e-01
4.041502835792519233e-01 1.390041132795396761e+00 -3.995712832285022720e-01 7.674999817363371557e-01
6.702569454774972568e-01 5.606026903475508361e-01 1.329027216084636143e+00 9.274344381084285160e-01
7.234193169061293727e-01 8.454803812122629880e-01 1.399325145528786951e+00 6.175786030084150502e-01
2.122095179007883470e+00 7.749145699412425259e-01 1.113508540003716574e+00 1.140691447006156212e+00
1.381743881078861591e+00 -6.303526042493076131e-01 6.028911861154946372e-01 1.666708793184390247e+00
1.020518595184803701e+00 2.260939011119393882e+00 8.810218509295587586e-01 -1.175487445213171611e+00
1.151204400360772206e+00 1.868877297384574421e+00 9.561412036962647631e-01 8.574535194989919562e-01
1.451211614425568230e+00 1.452942349207925199e+00 1.059312858770262711e+00 4.270251954801430050e-01
