1.451388918641239312e-01 4.259476691428247808e-01 7.453145019570250884e-02 3.883018178445378499e-02
2.150190281256538771e-01 -7.444470899783806397e-03 -8.963335817785485216e-02 -3.359663432571318165e-01
-4.758919292798479556e-02 2.868051780249659122e-01 -8.178371658552814616e-02 4.746678517720590018e-01
-3.269249545684585478e-02 2.001811650835287615e-02 -3.408535179658237491e-01 1.391078052289488332e-01
1.866411129192199203e-01 1.888495468819963163e-01 2.907493605406632486e-01 -5.229289692208222845e-02
3.104648343451730796e-01 1.881115358725704290e-01 2.008405225891509993e-01 4.441051662933685057e-02
2.689053599196991606e-01 1.387103564800410138e-01 -1.850913403858617245e-01 -3.186702214368979796e-02
-2.947244967434327068e-01 -4.112419732107127079e-01 1.139240422527835334e-02 7.306307019644232570e-01
-3.575827536103569071e-01 -1.826392144683819385e-01 -1.726891805328862328e-01 -2.649190163888247573e-01
-4.717480786136607485e-01 -4.482825475588966130e-02 3.904609546016682975e-01 -3.234256061153410050e-02
1.026595033299265852e-01 -2.793917823351720758e-02 1.562162751434927332e-01 -5.572480236067012260e-01
1.260133962352515402e-01 3.853806357529349080e-01 3.040033880886395395e-02 3.862477977917582739e-01
-5.247909169561270071e-01 1.215894057085718100e-01 -2.189810025358450152e-01 -1.105830207689048744e-01
-2.437883027088323384e-01 -4.100100701448326085e-02 -2.617136169313463157e-01 4.200781306616943045e-01
1.772353438333542086e-01 1.539937781116241799e-01 1.172642169040977039e-01 5.187342387107568564e-01
-6.671474338063992926e-02 -1.493920992702973405e-01 -3.444469674600054154e-01 6.212541608089759970e-01
-1.415619544371848337e-01 -1.491838105143593607e-01 -3.245067353010954170e-01 -1.263030929125846802e-01
4.546879990788110781e-01 2.118449558709995517e-01 -4.470134307257017103e-01 3.387227639753114805e-01
1.025883065887988471e-01 5.628351329917448409e-02 -7.222251386916950233e-02 -4.884198401066950496e-02
-8.153572019717461039e-01 -3.218747341935129097e-02 1.216433643107662221e-01 -2.081817203738519084e-01
2.984502470044116951e-01 2.646164715198803807e-01 -1.155907964819684608e-01 -4.134413419841557191e-01
-8.137628953459483117e-02 -3.755108750617596192e-01 2.334029945175136178e-01 -5.896464448058063024e-01
-7.326063976763730334e-02 3.254499790630229206e-01 5.546733578857019481e-02 2.484185307328297121e-01
2.850385403105232252e-01 1.343024390589178663e-01 -8.832021288200973819e-02 -4.268486856707916499e-01
-2.402278046200781725e-01 2.354133041532081166e-02 1.242453139339578932e-01 2.420768416298201275e-01
-5.043945135660968249e-02 1.577183459852180003e-01 1.276134097020285296e-01 1.846340525235317664e-01
9.023000299250040490e-02 -4.045770909659432424e-01 -6.789986033658174103e-02 -3.409081559426938024e-01
-4.767421545463589316e-01 1.720292836233961731e-01 -3.850226235883510290e-02 -3.382809223169344626e-01
1.045167610387062740e-01 9.633181188683063306e-03 1.578118951292060979e-01 4.090815382964436281e-02
-1.036460168807417787e-01 4.435297893220987997e-01 -9.097737696041845179e-02 4.909240812023376033e-01
2.623793970013187371e-01 -2.021324039590259303e-01 -2.272432205999398713e-01 3.872063990304007719e-01
3.701444534022197419e-01 1.866914343136628629e-01 -2.802636838616806014e-01 -6.873899446439030170e-02
8.676350262878844422e-02 3.409767383472580016e-01 -2.785503377689376725e-01 -5.459916716280295290e-01
7.653746312435880106e-02 1.426968654697135797e-01 -1.171792721349559918e-01 -3.036935506558418596e-01
-2.585434901689717679e-01 -1.247911626282218467e-01 -3.052586041562574959e-01 1.815476734265240588e-01
-4.065037559194505101e-02 2.555988835706773932e-01 1.044250383579955815e-03 -1.899008344194229592e-01
-2.596016930191140659e-01 -4.924579211875602935e-02 2.871315782985192078e-01 -2.148216995178282851e-01
2.162129576711318280e-01 3.663688236709163881e-01 1.159767285748434101e-01 1.354183564162584341e-01
-2.799931633814949361e-01 -5.090073283142775018e-02 -2.022500272767402685e-01 2.805718170204329898e-01
