2.388130833788158075e-02 -1.785434475853115988e-01 -6.905405755647099630e-02 8.383794778144876281e-02 -2.227233236732865246e-02 -1.657496362637056811e-02 -4.825924010691243216e-02 -7.183368383601683449e-02 1.700896914947178096e-02 6.870135241697533646e-02 9.591214701040873258e-02 -5.243866405282832793e-02
-8.143191856359877079e-02 -2.839496738611364812e-02 5.499694358024852237e-02 -3.670622754493427925e-03 -4.159260415770388297e-02 -1.055568484961862952e-01 1.398212608115184108e-01 1.122910626199423306e-01 -2.292534519725417802e-02 3.238320925688188689e-02 1.786537571191239571e-01 6.058039538331413953e-02
1.523224377982831945e-02 -7.746266923013833683e-02 1.735840064604093069e-01 5.632836098547592402e-03 4.220127262914340205e-02 1.417501735100544155e-02 2.030720158023724686e-01 6.778913492560136901e-03 -2.397265625106642650e-02 -1.182010663399996192e-01 3.734707646443317236e-02 -3.432784709997559192e-02
-1.118221112187886696e-01 -1.344197078299812220e-01 -5.047372305320967784e-03 1.198073616019554180e-03 -1.055855455117663336e-02 -9.830859249926045262e-02 3.326493000977405468e-02 -7.088342887561917272e-02 4.152496563000795948e-02 -4.591856586510856264e-02 -1.112834417285262362e-01 3.491027493700456924e-02
-2.115902054014982131e-02 -9.759049326958808834e-02 5.823700635808755355e-02 6.228872620116561454e-02 1.043996630291441630e-01 -3.123619600513477274e-03 4.877570641322468564e-02 -7.777823407576597847e-02 -1.840855251251803937e-01 -6.997192788500475324e-02 -2.680839627581080298e-02 -2.247146505576160316e-02
2.957615530939849274e-02 -6.476982080005105891e-02 -6.364875962742601312e-02 8.229386019726254997e-02 -2.374994490386014845e-02 -1.859698867338670514e-01 9.276091475514391949e-03 6.240623109666727092e-02 -7.437240106718710775e-02 3.714090556258887316e-02 3.403860918864048263e-02 5.319192715056889932e-03
2.430122368701522206e-01 1.326043339546824698e-02 -1.856264768905062645e-01 -5.113761153879403909e-05 -1.990560030175205983e-02 3.916013349790375270e-02 -9.107205574756928323e-02 1.110531144150679606e-01 -5.082594311380584512e-02 1.385296538865033768e-02 1.609763025746950016e-01 -6.770979613863292723e-02
4.000227077759557770e-02 2.433433038733457537e-02 1.410860363217484037e-01 -2.766073946529166300e-02 -8.243306752206728052e-03 1.644900986460932635e-01 8.585234438387523079e-03 -5.394416421258446670e-02 7.536174396615740768e-03 -3.888291039969066221e-02 7.353463333846630215e-03 2.481056812003496204e-01
1.136957850314797847e-01 8.653540687082290905e-02 3.381630398650867231e-02 -1.652113705708525490e-02 -1.234956906423230472e-02 8.876549193671380567e-02 -1.529348649100790714e-01 9.484376342003417171e-02 6.252946724019337044e-02 4.950806979770133731e-02 3.463522037631577843e-02 7.966328680900530701e-02
-5.566796633318028820e-02 1.154749550820416693e-01 1.577130002842470624e-01 -1.109757436185279146e-02 -2.248432789263341558e-01 2.252061043878067926e-03 9.211933618801665391e-02 -7.661531934713569853e-04 6.963374679769286646e-02 -7.055275997363341656e-02 4.751830601406417665e-02 -2.222000301978520331e-02
4.158436768907085301e-03 -9.499816442462241661e-02 9.876517092955452992e-02 -1.723650087680494436e-01 -2.448219507796423750e-02 5.397161806895979519e-02 4.796102996030003618e-02 8.501085894249139907e-02 1.011322155621688090e-01 -8.824800734125434754e-02 3.451203355706363579e-02 -6.259729202472421542e-04
7.336510782592017832e-02 -5.112109463067602416e-02 -3.499908849133095967e-02 -6.990227555416259064e-02 -1.844120652075048050e-01 8.704446975280445697e-02 4.936120624513568034e-02 2.943506402706292172e-02 -6.028861190576187586e-03 -9.718321536453708442e-02 7.531151523056646424e-03 9.848986191821137992e-02
-3.684080755117305483e-02 1.324918736029257194e-01 -1.366112291723895755e-01 1.379534381062779425e-01 8.502465258976468765e-02 -1.544291340820658220e-01 -3.777355515155311066e-02 -6.196504947887319925e-02 5.130918042703351556e-02 2.275539237780073165e-01 6.177240412281190945e-02 -5.032038419918907768e-02
7.840239850291133572e-02 -4.719191543325463450e-02 1.681606009133781998e-02 -8.971188446978829723e-02 -4.895044616390113040e-02 3.092585491100910758e-02 8.682916271873641900e-02 2.485895380229751206e-01 2.679086375365437311e-03 6.828365486726839691e-03 7.424489557135503792e-02 -7.710929223391414788e-03
1.076415762502178353e-01 -1.068523846902237617e-01 -3.481447783205365160e-02 -1.086149674571080248e-01 -1.189217256649029580e-01 -5.326643778177583832e-02 5.060850036317010581e-02 -1.015292862020068659e-01 -7.394865702947432673e-02 -8.738480709565052407e-02 -3.676557980105062823e-02 1.308438900999873457e-02
-7.095726308552846584e-02 -2.774073557157068562e-02 4.873708091798768099e-02 3.684958797615767168e-03 -5.720411169047438793e-02 -5.389792181812275151e-02 -6.043473462949742331e-02 -1.340114686679939882e-01 -2.005967869975845350e-02 -6.993281959051420027e-02 5.002038129007937983e-02 1.118832282850495269e-02
1.983511256239842493e-02 -1.196766266936733630e-02 1.521256269698419705e-01 1.000716750061850513e-01 1.396395423193109442e-01 3.705160977165387892e-02 -7.650072842810134999e-02 -6.040443128895817831e-02 -4.710874614731136965e-03 -1.146469125149297136e-01 -1.302736903546185820e-01 8.847007374969212412e-02
-6.745061131939793231e-02 -8.275418411587201484e-03 3.843123259716149653e-02 3.807371842772350190e-02 8.247501902065446089e-02 -1.358495615837433390e-01 -4.472836792312444298e-02 1.043322794726627978e-01 5.000668174031864394e-02 -4.205994062713115655e-02 1.370661125100598038e-02 3.439204714601164919e-02
1.035303625093995233e-01 1.107680171964456478e-01 -8.430625631603003156e-02 -3.001144353754315458e-02 1.272793213204611446e-02 -1.566378162506611993e-01 -6.168858074640005962e-02 -1.444574063003876974e-02 1.556502087979702020e-01 2.105530974064400151e-01 -3.639066441967312576e-02 1.204974069455271440e-01
5.780775226454366866e-02 -3.478238240884294619e-02 -6.646944825429011716e-03 5.976507072471778405e-03 7.854846247160265915e-02 -1.111133343916219374e-01 8.287050412266781796e-02 -1.220856616027981012e-01 -1.196280278075580183e-01 1.026571979952295988e-01 -3.475660663912975845e-02 5.081816174126946306e-02
-1.031514891529465919e-02 7.022852999109502337e-02 5.886404427202264478e-03 -7.056548289254716000e-02 -4.778134743369379100e-02 -2.634624571122250961e-03 1.355232701644738455e-02 -2.468972009754211161e-03 -1.189472645052264271e-01 -1.586982767602453936e-01 8.029728050480633428e-02 2.245713856069474559e-02
1.544202746706306029e-01 -4.044185089894088841e-02 3.007024413917859691e-03 -3.973623852058907890e-02 -5.348966126076656197e-03 1.375203842132872306e-03 -1.366341660792933302e-02 -1.678431770038244786e-01 -7.801186223493676575e-02 -5.101069279304419612e-02 5.341661415796306045e-02 -6.276612956330189508e-02
-4.930803937755048882e-02 1.870941813261587511e-03 -1.636946166245215883e-01 3.338074176652563313e-02 1.294188093301587746e-03 2.053020961702849492e-02 2.770794059093627595e-02 1.183924305078977619e-02 4.304564482988366969e-02 -6.249503538618680909e-02 1.184565333887490773e-01 6.607830004999124679e-04
-1.318641586686321874e-03 -3.710789969587412890e-02 -9.582200849693939260e-02 -9.856396214798808508e-02 1.324828005117853480e-01 2.002444055061985972e-02 2.320494755323021865e-02 -9.278803626536030746e-02 8.611194613394186625e-02 -5.716401124420937563e-02 1.497898044795203110e-01 1.098377608987488874e-01
-1.438424828074057183e-04 -7.527655619604345372e-02 6.782225454350497562e-02 1.013937743885468812e-01 -2.648047806829902096e-02 -1.007971853364020010e-01 4.439646662500269791e-02 -3.591085727577379705e-02 3.028863208583979297e-02 4.563321043987024483e-02 -3.805353439335574378e-02 8.184549132409815742e-02
-7.522257834154436051e-02 -8.873479352371967110e-02 -1.800208911653891674e-03 4.933309396425836213e-02 8.326578777720148108e-03 1.114890863602675461e-02 -5.837051218877269132e-02 3.067056723040129454e-02 -3.262351774337596266e-02 2.304880303381836096e-02 4.627189474058748808e-02 5.173565315655694052e-02
-9.180503881052549942e-02 3.350607957060491859e-02 -2.147090189874294522e-02 -7.628312941383123304e-03 4.138522201756028064e-03 2.741920063162807571e-03 3.996665913178622243e-02 8.496532800452004375e-03 -3.516942759718439965e-03 -1.065400034290803766e-01 -5.537322298606671411e-02 -5.897865749517980372e-02
-1.042066890984296168e-01 6.092741103811828013e-02 -7.755737037889946350e-04 -1.328412950029600817e-02 2.060141371433027099e-02 1.163522506907008897e-02 5.967419408068862230e-02 2.526068210855403687e-02 1.381095442699572726e-02 1.477578727585392437e-01 -1.479634636647346735e-01 -8.139946486008980964e-02
-4.780579440858193085e-02 1.047254502071571919e-01 -1.112460245367595524e-01 -1.558043848972395957e-02 9.420519669579575928e-02 -1.183415589879181773e-01 3.097618600876306943e-02 -5.561702164519888303e-02 1.508790916048614178e-02 -3.821124685795655729e-02 5.220235158335631565e-02 1.266989389262513643e-01
-7.614444418092963796e-02 5.599108367884690629e-02 6.014161121746697258e-02 3.957815106014053730e-02 -9.325483469188533547e-02 -3.022565116046399894e-02 -7.107742653300677671e-02 -4.256844183605840160e-02 8.893689983800541488e-02 -4.700006465352367380e-02 9.825454986525999912e-02 -4.619124802455799872e-02
3.873403548844424858e-03 -4.299044718519835773e-03 9.167935990614070607e-02 -7.640515880159999551e-02 4.759872195491727381e-02 2.716231376132858394e-02 9.286323077600233677e-02 -2.449476778885214048e-02 -4.719677695780181981e-02 -9.988422754212022969e-02 4.499410392788278507e-02 1.364922131015290814e-03
1.037624773363480940e-01 1.308060674488699116e-01 2.852141629712590803e-02 1.037892358979365104e-01 -6.237972684439211518e-02 -1.978252122141802016e-02 -1.893521198972025407e-02 -5.503433439656972570e-02 -1.510743961273596121e-02 -1.555029702282160475e-01 6.114566212128460729e-03 -6.836265101666738619e-02
-6.413494980826542347e-02 -1.405266344398099776e-01 4.904678460837857967e-02 -2.080186726100578462e-02 1.155343660419909102e-01 -1.176362860985967762e-01 8.724359508223446247e-02 -3.898016850803329159e-02 1.523787839457676208e-01 -6.348519476778816117e-02 -6.108278236829710328e-02 5.971917928387616981e-03
8.296247694439794207e-02 4.886982721771274824e-02 5.622598801773526916e-02 1.946653481460392243e-01 6.824469798110625873e-02 1.125655256101553425e-01 -2.862640668726936649e-02 8.983027196812429227e-02 -5.004057118069402815e-02 8.818742457383033084e-02 -2.917821990536838619e-02 -3.270860447665908249e-03
1.251000701579354710e-02 1.379040871954270719e-02 1.492577899983294487e-01 -2.289734561772486382e-02 -7.868894211091265189e-02 7.938990068627133079e-02 6.668558822939191222e-02 -3.372695178916060993e-02 7.749125857227956438e-02 -2.974185003118653275e-02 -4.372157889460463742e-02 5.450118560655376615e-02
-3.758775488547191901e-02 -5.358413256645830347e-02 1.045614024863452118e-01 -1.106670909838654467e-02 8.191800645824057203e-02 -1.672828857895269222e-02 -1.907016507586451262e-02 5.740911137753761107e-02 -6.868891876927815665e-02 -1.646207226989561054e-02 6.892922426660660906e-02 -1.078833553975538512e-01
1.268748462025731105e-01 8.262793860559181081e-02 -9.280037048652259313e-02 1.215158302636618060e-01 1.105544200841317576e-01 1.211579673249327943e-02 -1.256442040211461497e-01 -8.672298456796363741e-02 -3.815953393905320568e-02 -9.137423322582939600e-02 -9.808252823942401055e-02 6.686753222624614024e-02
7.954760938249963789e-03 -2.585798667165110226e-02 -6.282532404400686943e-02 7.654451636974278494e-03 -8.335220777537610815e-02 -7.951291351991113254e-02 -9.565708776411424585e-02 -1.648871831491882933e-01 -9.036155453666844251e-02 -2.872077592649428107e-02 -2.118955386764834192e-02 7.904453233130967482e-02
6.943126679435006332e-02 2.128862774696404711e-03 7.291496476307311736e-02 1.106839640492909005e-01 -1.043681389989206329e-02 1.103624424930099886e-03 -1.572785020334638850e-01 5.392315681387811754e-02 1.436016454007381093e-01 1.513003981559608727e-03 -7.286413760144866414e-02 -1.280924384481544054e-01
-1.642249471247374248e-01 -2.383608609212517493e-02 -1.523030734929042840e-02 -3.260075510023396905e-02 -6.363368287780724053e-02 -3.416554475473615807e-03 -6.677609025183212088e-02 -5.845449385547107912e-02 7.072971461935417814e-02 7.428694024034288024e-02 -3.945197547163449558e-02 -1.698766326234842777e-02
-9.920561075717132526e-02 -1.438503542185143869e-01 3.389754400118668437e-02 2.321677485216790474e-02 -9.122233501726735583e-02 -9.082384498338991197e-02 -9.834388741054274352e-02 1.981624993061288555e-03 3.424618673491503819e-03 1.351450468910481983e-01 3.682379875470015440e-02 -1.723017548891424625e-02
-6.136109102173509938e-02 8.719160631496043756e-02 -1.262132353878194641e-02 3.220118546126309218e-03 1.596051208879328276e-01 8.414862737187746300e-02 -9.447418811982993825e-03 9.386439961322043390e-02 5.512871366577820620e-02 1.143119500649630443e-01 -1.470797479020498517e-02 1.003310038176924088e-02
-9.665097943607361963e-02 -5.596298388488522846e-02 2.417572284336932942e-02 1.177881390791806482e-01 -6.067084000979905412e-02 -2.072073086699578737e-01 -2.611250052338089100e-02 -1.163212097834644687e-01 -3.010603874321143153e-02 7.895179227721535464e-02 4.944813814768415916e-02 3.340881172679352473e-02
-1.790813504441698262e-02 2.597441496688639856e-02 -2.042088313392081619e-02 -1.096356005113738596e-01 2.366027819954538702e-01 -1.767526596875850786e-01 -1.769516105819845253e-01 1.487683631035494614e-01 5.703610574976546166e-02 -7.893435114251591556e-03 2.823327762160904655e-02 1.100232173558204074e-01
7.855142902795810012e-02 7.442790034251434150e-02 2.093679958756024945e-02 -1.287104436912173688e-01 -1.423051211274218020e-01 -8.433787049791520440e-02 -1.891468634563493734e-02 2.900514818379499021e-04 1.019277168033946995e-01 3.316588903074096928e-02 5.411330818084440775e-02 -1.066354664717718113e-04
7.897975250024519278e-02 2.508970301689051330e-01 2.958699256252961957e-02 -1.282048327655145037e-01 7.539853920638202311e-02 2.407276199135981454e-01 -9.961237036188326510e-02 4.458583187636233625e-02 8.032422999601408764e-02 1.840459816938165571e-02 3.749137592425885734e-03 5.736427058943505131e-02
4.249874910981729648e-02 -1.235611427092050130e-01 -4.566264707185588995e-02 -1.735371278623144397e-03 -4.792652303405769976e-02 6.441455405478571650e-02 -4.551432398932689360e-02 3.982185417505380159e-02 1.070604154618423065e-01 -1.980921374459844453e-02 2.041253238711729368e-02 -2.126747335576058273e-02
8.933940082940418359e-02 5.313600275029248948e-02 -1.095253786877917329e-01 -1.753158320053230940e-02 3.157965150723685693e-02 -1.490052043128402559e-01 -1.013971662447764321e-01 5.192173893123767925e-02 -7.080876450061870941e-02 -1.121262025259853329e-01 -8.144141203062466722e-03 2.727919598995319148e-04
-4.585749925266583565e-02 -1.903601151971202193e-02 7.825588749263985566e-03 -8.591683915630711488e-02 1.785306596478076213e-01 6.609782511562683517e-03 1.255109225839590725e-01 -7.053222923805277378e-02 5.228181208399609869e-02 2.509249749990809519e-01 -9.609909918118671179e-02 -1.621924622160789142e-01
1.042797093293571231e-01 -1.394119739591614428e-02 -1.322274743223928080e-02 4.886258981698072754e-03 -1.052615890659512887e-01 1.163104137614079381e-01 1.558289905498379535e-01 3.916598765731616610e-02 -3.328100848602738582e-02 4.273274884880588070e-02 -2.617586596097139576e-02 1.386618592717594502e-02
4.826519036083307124e-02 -4.799976748021521356e-02 -3.356396416701312030e-02 1.067740705908831467e-01 -3.004903788265149769e-02 -1.681659945488920282e-01 6.511739289783824436e-02 2.587571505467488667e-02 -1.116283820550270992e-03 -1.332448990738280548e-01 3.872470197832409561e-02 -3.427451813266695069e-02
1.533438961696378250e-02 -7.003762490795098494e-02 -2.373862663020062103e-01 -9.924718825578150716e-02 2.538881594410876200e-02 4.131306214209292532e-02 1.965198504259658974e-01 4.158381667806183846e-02 -3.430928668964270019e-03 1.826824451044006814e-01 8.543812926182117740e-02 1.050443994034998621e-02
2.589677544699710982e-02 -5.218397983150933547e-04 -3.053508720941848498e-02 -7.540775779963137040e-03 -2.954276939065050150e-02 -1.904993664161244438e-01 8.240990074199143478e-02 1.223888273183314224e-01 -4.127781282177121758e-02 -8.839980512379330690e-02 -1.641349579077711063e-01 -1.628646931141946447e-02
3.295640367248406366e-02 -9.632292094519941117e-03 1.992783244722517166e-01 -1.102726531240431351e-01 -9.205909817225672864e-02 -3.969427537870456185e-02 -1.846379134893899598e-02 -2.494732627462028021e-02 -2.378828107543038209e-02 -3.209111627416748498e-03 -3.736849988324052185e-02 4.865112284451238167e-02
-3.174521648294574561e-02 -1.246881039969667399e-01 -4.875611585687833482e-02 -4.412976987188494543e-02 -3.284778826234498877e-02 4.720176370025622875e-02 -1.026882605198222234e-02 8.207762305273214043e-02 1.278745766102045156e-01 -5.213529475795165152e-02 -1.775116622793032617e-01 4.952592227205668968e-02
6.841129301575454846e-02 -7.852973271487931339e-02 3.493924294155371923e-02 -3.625984179328824164e-02 -6.018954128329476877e-02 1.554225389113521039e-01 -1.000366172541719556e-01 -4.223709892826339740e-02 -1.164593150168026503e-01 3.408491093039868469e-02 1.394524380387224816e-01 -2.354245272710874665e-02
1.275428073430761450e-02 4.063095760308758908e-02 -8.684669777963666126e-02 -2.910036207056801438e-02 2.175704876514811606e-02 -8.778149990071394682e-02 9.455020895403610376e-03 -4.613006687025157648e-02 7.363433826808396532e-02 7.655910797515017019e-02 -1.557212803646815420e-02 7.674310741199399932e-02
2.255417282632787290e-01 3.906365070738022915e-02 -1.319512612585174889e-02 -1.398896475651716376e-01 -2.164541403968810174e-02 5.127434859678121383e-03 4.065990439548908958e-02 6.454399873854924086e-02 -5.924364915505657414e-02 2.716622385394448086e-02 4.439587990808408630e-02 -7.446490014426936088e-02
-4.613730849567802828e-02 -3.521966953402719258e-02 -6.932487554406502328e-02 -8.049637129319989204e-02 -7.467243587711171193e-02 -6.059123935368752184e-02 -2.117009023597488104e-01 2.108363052101700288e-02 7.701046456994764533e-02 -2.141511039213937068e-02 -1.278753841884503785e-02 6.150201083132932935e-03
-4.411644157736109573e-02 2.278757611017339160e-02 5.109051896247363000e-02 5.706324255647075155e-02 -3.980080503521492286e-02 -1.553062427581453631e-01 5.485264975315852498e-02 1.396109478480549518e-02 6.936009705373799572e-02 5.139780491899169010e-04 6.539740275778788137e-02 -1.868867801803341111e-01
2.491796060078974376e-02 1.013582779037777437e-01 -5.978525083451258215e-02 3.627390468678358404e-02 -5.818542922215988455e-02 -1.016702997136764361e-02 -1.851324025382330637e-02 -1.128375564567169753e-01 9.406248109460835227e-03 -2.923739522141764052e-02 6.695846659677481827e-02 -2.887277104171121281e-02
-8.168127670238584104e-02 6.724463657594570432e-02 -1.619947872467552077e-02 -1.646483035402337702e-01 -5.376602474281592242e-02 2.239892489838431547e-02 -7.571841081871509734e-03 1.499571834697411010e-01 1.188416858797372751e-02 -9.494600232479329105e-02 3.564751356304519947e-02 -4.755094181250767507e-03
9.903528734542135781e-02 -1.221858468984006740e-01 1.366894567850484576e-01 1.635651425393415959e-01 8.412489904151849995e-02 4.839776482338611907e-02 -2.948749647199406382e-02 4.676616388981397199e-02 -1.607214166939587713e-02 3.043008165824538924e-01 9.542323778989333233e-03 3.607488797404606595e-02
1.164777540996065897e-01 2.688858535590164800e-02 -1.084331052846158883e-01 -6.498023946561551356e-02 1.519849526602340961e-01 -2.780207022040901213e-02 -1.126594626049216008e-01 -1.309517286541224124e-01 1.065712355507042602e-01 5.767367726821878704e-02 -4.371978850577681874e-02 2.985441304622844794e-02
9.379164478380273492e-03 -1.008702290223278952e-02 1.128557959638066578e-02 6.579013003210844313e-02 4.150261836007346217e-02 -2.436268815994368023e-02 2.241860224888200543e-03 1.003752652524881606e-01 -7.728325215455901509e-02 -1.438822643384471411e-02 -2.106109116519597516e-04 8.078345330716800443e-02
-1.717481198957386199e-02 7.514963860044271415e-03 2.311267895429238717e-01 -1.673491832186872405e-02 -1.234777514402186915e-02 1.647443530909740647e-02 1.638897515905824234e-02 1.099204461171246483e-01 -5.146593996406806371e-02 -1.035809068792316184e-01 1.417823613226612892e-02 -8.611887264891521232e-02
-8.440302317347778138e-02 4.247506834471750925e-02 9.730555804745749660e-02 1.729473483345960183e-01 6.527016719155953606e-02 -9.778620941756377416e-02 4.029000043048610279e-04 4.775153670684765400e-02 -4.193725586319126120e-02 2.962878460501756211e-02 6.352220711020764576e-02 -1.264650209005025241e-02
1.212408147379450407e-01 -5.047241751219369577e-02 7.658443846974179181e-02 -1.138971561889211281e-01 -1.725827304565024159e-02 4.305356402750493833e-02 7.920167419348431159e-02 -9.703762091213777308e-02 9.066901078899822219e-02 2.325858741257750065e-02 1.603327559304511263e-01 -2.499812219825385887e-02
9.817935333000341047e-02 -1.322948777000239606e-01 1.063354790594554528e-04 -8.803262472527911831e-02 1.217728891978817618e-01 -1.054767981310566483e-01 -1.433766712615105743e-01 -4.115797028186906487e-02 9.915372219052597663e-03 3.162197143295704393e-02 8.891615971722049983e-02 9.951396362526288009e-02
6.461330417025867856e-02 -1.133892193159077577e-01 -1.392323420685275537e-01 -6.551261997762934663e-02 -1.018199052994706033e-01 1.168147979995157182e-02 -8.325998569578850483e-02 9.690115496546627960e-02 -9.611752133326589842e-02 8.629348334260913966e-02 5.636955441626140262e-02 1.387758173719361721e-01
-8.937933623306188249e-03 -6.046821374645701581e-03 7.145098315210048068e-03 -1.077111159777643101e-01 -8.351692898126624257e-03 -6.305355716907927455e-02 -7.513763654226228439e-02 1.169151529845883358e-01 8.224430662499444822e-02 7.274140769919692356e-03 1.805372698458276165e-02 2.098675876986261790e-01
1.294708159640763356e-01 -4.659717108009317488e-02 -1.031258869445435683e-01 1.798902259761080147e-02 1.610164991752447428e-01 -4.803981534528013048e-02 1.474544267546810672e-01 1.167073267630717864e-01 -7.613074389820474741e-02 -7.725472360968077545e-02 3.456056907309241338e-02 -1.281189790811568946e-02
-7.213838976220379728e-02 1.415691719489160505e-01 7.106846209650831414e-02 -4.481190204270495137e-02 1.117358872298924305e-01 -2.573583943060805262e-02 2.204270620918156454e-01 9.057487609143623913e-03 -4.987081143018246010e-02 -2.144350348707483450e-02 1.160243625068895779e-01 -7.487373920621942514e-02
1.749073283231371845e-01 1.268834358705771825e-01 1.576405690317005505e-03 1.041207280812283531e-01 -1.061972008439539608e-02 2.081522272772274099e-03 -2.031468046502317090e-02 -1.453138927884932707e-01 -1.043438843595150857e-02 -2.191456346605799577e-02 -7.631446384270962335e-02 1.090508765243379946e-01
-9.166838680434098892e-04 -2.709642359576729456e-03 -6.893901806195383564e-02 1.128281919131225580e-01 -1.513211894442137440e-02 5.651016429452994372e-02 -1.345511627584276004e-01 9.300209151043598022e-03 -3.736316192739642938e-02 5.838279363417049617e-02 3.049156688133303206e-02 -9.708417016403859956e-02
-6.562510996950689235e-02 4.800336634774902272e-02 1.105306443387161011e-02 -3.070859655343139566e-02 -8.367754573947762398e-02 8.152155611052527839e-02 5.322180132699489558e-02 -6.682073709789500141e-04 -1.074179361218890044e-01 1.814919461757494995e-02 1.577814863018476288e-01 -5.094032062434264430e-02
-1.240940897589735414e-01 -1.281724575536332400e-01 9.072115102137726095e-02 3.813882144209591180e-02 -1.069843436382812152e-01 -5.587470004389522016e-02 -7.801186453820357913e-02 -4.704460405932180123e-02 -6.842059873461527053e-02 -1.078045989396872739e-01 -3.587058714012059113e-02 1.024427908276924343e-01
-1.170476332678368203e-01 -1.152011285667277202e-01 8.400359525218267787e-02 -1.083035643751642241e-01 1.301293752523042246e-01 4.883400023708773380e-02 -9.741871724331169213e-02 1.780830244868956136e-01 1.242940652951206593e-01 -1.329149870868660301e-02 -1.686210677022349502e-01 6.629138864908806772e-02
3.463019355287388218e-02 -2.125953363271898544e-02 -5.867482891853523924e-02 5.213515385187349194e-02 -4.271778831813916044e-02 -2.115372385697334226e-02 7.945636302462752432e-02 1.063076007740448858e-01 -3.182334552440389645e-03 -1.315976957472589082e-01 -5.466076108189395211e-02 2.357315045866227934e-02
1.288769110574942145e-01 -8.629841042330323175e-02 -9.470865994606691984e-02 -4.069672623637057840e-02 3.083615224827254003e-02 1.080113437863536394e-03 -1.163295080568439374e-02 -3.842798011740147790e-02 7.558485724999601529e-02 -1.045470593973465007e-01 4.152723360884896797e-02 -8.907266456615112182e-02
-3.688300007010972270e-02 3.546692049111523169e-03 9.488310886984216777e-03 -1.025591233983170203e-01 4.263812205881132439e-02 -3.907353090285202403e-04 -6.437894937680241347e-02 1.096511032133763164e-01 -1.106574676678239305e-01 1.106308712970507577e-02 3.224859898975031280e-02 8.026874655539013859e-02
1.066826139295599246e-01 -1.528403061921982387e-01 -2.524729881454313568e-02 9.299260771127922098e-02 -1.990506898854095194e-02 1.335114356452595519e-01 -2.581114782494451365e-01 -5.343116460478948559e-02 1.191148971504631983e-02 -1.016631172594485988e-01 -1.174330738847084166e-01 -1.286187360398804436e-01
-1.510631475696580517e-01 7.135069459281814797e-02 -4.038976296207665712e-03 4.607535074579800771e-02 2.210999242129757514e-02 3.309853181975649927e-02 -1.312632905514124482e-01 9.729842286462897505e-02 2.743873025577562089e-02 -3.933546661574811865e-02 8.181203137655237989e-02 1.887777083650860402e-02
2.284146015659380483e-02 -5.021303200287459412e-02 8.486077554899731923e-02 -2.467223245852907115e-02 9.725915939937773702e-02 -2.844938584700884912e-02 6.539132419891106884e-02 1.284049153797563458e-01 2.176525789902253039e-01 -1.673569883088186216e-01 1.628238626414062543e-02 -1.539387133029303523e-01
-2.021756091830320401e-01 7.012831575943026530e-02 6.675951138640678906e-02 -7.822430707191881105e-02 3.797083679307153986e-02 1.385301419809317203e-01 1.528295904256511163e-02 -4.385794985309100086e-02 9.822107255198517239e-02 -8.544613780428117478e-02 -5.724606499785265395e-02 -2.256470736889490403e-01
2.628242498158612009e-02 5.470914237633767857e-02 1.224241058924978309e-01 -2.062036457089876929e-01 1.596046420574743271e-03 -1.782884692373048474e-01 2.388822315254781128e-02 1.046906780998363776e-02 -1.317657285559140079e-01 -3.978935741483167338e-02 5.145709022094061003e-02 -5.878246555542425422e-02
-1.221739959515525178e-02 1.901900826703649683e-01 -2.590314326554157874e-04 1.993253399441379525e-01 -1.113251322564636214e-01 2.637802695910296605e-02 1.574673715845345545e-02 -2.967341901877677823e-02 5.153033726134098602e-02 -8.371080049575060911e-02 7.305501624254358284e-02 8.790698439210251069e-02
-2.569610068781018608e-01 -2.534031271842475744e-02 2.855324485793879832e-02 -3.489855754056734455e-02 -7.959043477178205650e-02 -6.349855165105484922e-02 1.149459715986395764e-02 2.251708720275649028e-02 -8.031282658113658018e-03 3.829262697164041718e-02 6.356094603824596900e-02 -1.090896794918172763e-01
1.037296249269679775e-02 1.863717355543732779e-04 8.352665320674830529e-02 -3.733576541520259792e-03 1.077263000889999989e-01 -2.021830234397988674e-02 9.087932069465588791e-02 1.810518032864868732e-01 -2.140742136492340686e-02 -5.954609532896329438e-02 7.737135261978084211e-02 1.010961244418401989e-01
-1.118215749088703470e-01 1.735073237354958497e-01 -1.099997524798810786e-02 -8.539163648006216356e-02 -3.309351702785248012e-02 1.587315919713729040e-02 -1.281041564442030392e-02 2.451736491430592940e-02 9.661826701933536043e-02 1.059180933937081334e-02 -8.077985536191213678e-02 3.985374386024041066e-02
-2.287334801565194323e-02 -5.508880812304483947e-04 -6.013024746427805822e-02 1.065660805127337241e-01 2.390275676836475793e-02 -4.433877387845317625e-02 -7.953360612930421292e-02 1.378250953388639455e-01 1.889228145865861144e-02 2.498833692741857584e-02 1.320047916125945478e-03 5.423658681761558964e-02
-7.945456758432314914e-02 5.953679205245083345e-02 4.511488328080193178e-02 8.450605816293702000e-02 1.290789292283557876e-01 1.183487558303794075e-02 1.190159650595690732e-01 -1.354149050407606192e-02 1.081373290299500189e-01 -2.449146154102015832e-02 -1.094718000411974423e-01 5.580325885646206935e-02
-2.144942334401681722e-02 1.315860914601444942e-01 6.315330444189853898e-02 1.414614842043049048e-01 -3.429254059609172789e-02 -7.919908504090483747e-02 -5.521865276623805913e-02 1.158636020118195137e-01 1.955193609125187582e-01 5.596573965463020467e-02 2.109371219549313961e-02 1.422281052365293730e-01
-1.768110481272420001e-02 -8.227823701087622066e-02 9.881979200012616649e-03 3.259067945709727410e-02 7.995490533962136548e-02 -6.923553234784073085e-02 -3.182616362306474322e-02 -1.155118237245346680e-01 -1.976912464433729436e-02 3.223859107972521648e-02 -9.755066237327894574e-02 -1.209994960265757258e-01
