-9.800103989110332380e-04 -3.422072719305094823e-01 -3.118838069300745586e-01 4.444136707308454226e-01
9.221719932935851238e-02 2.482768824160636600e-01 1.774298209174907659e-01 -1.312850525212039265e-01
1.790419889291404443e-01 -1.567196489013878424e-01 8.928372629210637457e-02 2.540749007314763719e-01
-3.876288921977251167e-01 1.676883055398679379e-01 -1.949832105259393191e-04 -2.988577419090844289e-01
2.838556712902822743e-01 -8.995527881356857325e-02 -2.850167769940363249e-01 -3.275632460991561579e-01
8.098923135728629263e-02 -3.550421704844786697e-01 1.182450002762982788e-01 1.023807334952948178e+00
-3.412664634334204861e-01 2.721629024578752776e-01 4.314452308107177142e-02 8.365662534459521182e-02
-6.299746147505873584e-01 -1.555924774926510656e-01 8.441206431926777040e-03 -1.535568596317331558e-01
-2.052535278564799615e-01 -1.264164787788025490e-01 3.304608304121015028e-01 4.251221378061617595e-01
7.084396017899979858e-02 3.787310789266073313e-02 3.486888051761133922e-01 -2.026259691347245470e-02
-6.240913110870087710e-01 -9.263514331087628617e-02 -1.263553158507722818e-01 1.425873580577882195e-02
2.544356267864895105e-01 -3.727280395287409925e-02 -4.883622425675427370e-01 -1.945811712712065267e-01
2.610279215284297960e-01 3.911538665335275167e-01 1.264762321205553652e-02 -1.181845066922002918e-01
2.550458012046505352e-01 2.792202172576977448e-01 1.473073302475616242e-01 -1.508418404102169208e-01
-2.995073620762877531e-01 -3.117838906701225765e-01 -8.078610197998087328e-02 1.475472667718663033e-01
-1.817290958115863053e-01 1.449486476516421984e-01 3.500252845002310154e-01 1.601115684658289406e-01
-1.015217169732175878e-01 7.283570106041191428e-02 2.180563048805021220e-01 -5.359610656935032136e-01
5.695859604113942543e-02 4.578329058143868618e-02 -1.602131346832092462e-01 1.161722946719836586e-01
9.364106857423831753e-02 -3.266806238396365858e-01 -4.502456992900620847e-01 -6.667423528778307351e-02
1.308426670731147323e-01 -1.225621269357394655e-01 -5.702726406325332453e-01 -4.903238343517645620e-02
1.981598721333769908e-01 -2.183066098648726860e-01 -2.031765404729430347e-01 -3.134256430935456472e-01
6.901305579524687206e-02 2.422436125236251264e-02 2.072472391514778300e-01 -1.496765736424867932e-01
1.186655000004240845e-01 7.052083532238047348e-02 -2.753042723273087522e-01 -3.769939104340847558e-01
2.632775570577574054e-01 2.130585567890497245e-01 7.636745923011432902e-02 4.796433566831392326e-01
-9.571828733453843774e-02 3.066763296499330216e-01 -2.351311593003791237e-02 2.933042889234374617e-01
-6.411737716684363930e-02 1.932059284273479616e-02 3.621135015335817942e-01 7.801698370346124567e-02
-1.941928530168374467e-01 1.282598111092095872e-01 -2.447447183404697080e-01 2.532562013865553158e-02
-2.055181654978623651e-01 -2.362281337390823022e-01 -2.971804940869737233e-01 3.856219398523275665e-01
4.107506013913764242e-01 4.359389777222891053e-03 2.266651620687329949e-01 3.994224374330528349e-01
-4.048054143385446113e-01 -1.918865250758663987e-01 1.978059464725681338e-01 -2.929212619133202966e-01
