2.220573579647598939e-01 -1.633565924757490462e-01 -4.134110748745090796e-02 2.381898828463472895e-01
8.403765750504356424e-02 -2.497601165988811434e-01 3.080857313001371667e-01 7.251515244460433884e-02
1.052720551110702535e-01 3.259520664606168072e-01 -2.070581883547698843e-01 4.436869959808203423e-01
6.345490222457318696e-02 -4.129377227184690691e-01 3.593480401367651900e-02 2.324021229083174378e-01
-1.786439680978309796e-01 -8.673367365651041272e-02 7.433759361113168040e-02 -2.406077385322813456e-01
-4.641643670442386349e-01 -1.127375902989717626e-01 -6.371590917079728023e-02 -3.954215328481636704e-01
-1.443538003734986253e-01 -7.213804760092809576e-02 2.338122567178999855e-01 1.880610697030866973e-02
-3.397295730326824748e-01 7.315623929197240249e-01 -2.087437873186288873e-02 -6.566310281665944937e-02
-1.572896491244706041e-01 -4.522160132633640250e-01 6.926792522219550607e-02 -1.400187180356302630e-01
1.058817742434333131e-01 4.260034926423810209e-01 1.585698052191555907e-01 4.958542702871308050e-01
-1.488857698903259530e-01 -1.644130778816051408e-01 2.510557040200063830e-02 2.132822095924090666e-01
-6.419591224510201588e-02 -2.263667730802041145e-01 -7.741007345137479456e-01 4.091580391067697886e-01
1.594797434077296350e-01 -5.438624454501003042e-02 -4.256664101755025693e-03 3.133612619777536579e-01
-2.998554931532866896e-01 -2.837560440667339159e-02 3.770041575581121740e-01 -1.884145023395017993e-01
-2.733295640001522364e-01 9.427643176637900968e-02 2.776577678947225736e-01 -3.436083536094634849e-02
6.829015359500946458e-02 -1.287128405851891144e-01 -1.153468850961742592e-01 2.358988283088474802e-01
5.085450128182834179e-02 -1.284536421680297913e-01 3.383553595517844736e-01 -3.302788967935770675e-02
-9.898338802987691198e-02 -4.356013179831094706e-01 -4.059520554913774275e-03 1.294607668058525285e-01
-1.703991429025859539e-01 3.010031368030369192e-01 1.344087084714569169e-01 -4.479664655709513117e-03
2.396294870398560095e-01 -3.541711786986703053e-02 1.392742657881995416e-01 -2.963450682763320576e-01
-2.605158089114746889e-01 -5.057380302665955840e-01 7.483504879375066365e-02 5.545907546732141702e-01
3.754223797252972394e-01 -6.538853683130779748e-02 -2.196157088832233761e-01 1.264270939003172001e-01
1.469986808400598477e-01 -1.508479883947674016e-01 -4.945336029616875240e-01 -2.946245215101274684e-01
-2.493252094106578054e-01 7.680463051924550644e-02 2.892738659643282473e-01 8.818371585340332997e-02
1.424901166261181018e-01 -1.436927555391420974e-01 -2.826789849792307741e-01 -1.995365996196193925e-01
2.614129840777480451e-01 2.135832766273585981e-01 2.674263704902692940e-01 -7.699423600700952032e-03
-5.561519491844949675e-02 1.440632284992223455e-01 1.449326341617827585e-01 1.486053849618313716e-01
-2.347081619904918259e-01 -3.548053498867542732e-02 -1.642316571249173018e-01 -5.677915659372351209e-01
4.181563778837607548e-01 -6.776849644354333846e-02 3.164337805737620773e-02 -1.289333056457076486e-02
1.656813072614058031e-03 -2.458081938675497347e-01 4.310672583179033790e-01 -8.009271798088669903e-02
-5.493770539279517751e-01 2.783064691670744661e-01 -1.048172365696254521e-01 -9.606303758199136178e-02
-3.708284057291975078e-01 1.454117081448571235e-02 2.013904072275370383e-01 1.180119125897288596e-01
2.021904396330324316e-01 3.191362554642218075e-01 -1.176511222101627036e-01 -1.253205800920961510e-01
1.243637473340425126e-01 -2.098524159367103625e-01 2.291150161655557405e-01 -6.551728606790961640e-02
1.953468266082670091e-03 -2.374167061825184222e-01 -1.128835674016519103e-01 1.791926884920986007e-01
-4.225546751886208319e-02 7.601645897544647701e-01 -4.354298318195456985e-01 1.209606416443667065e-01
1.708261177372980832e-01 -3.557986919828826783e-02 2.396402753118696480e-02 1.234039783971092180e-01
-6.719069229777596686e-01 1.659542012055469917e-01 -4.258860200435709009e-01 -3.923391016085910760e-02
1.425719151204446755e-01 8.575219739321091050e-02 -4.508120538431347746e-01 2.978485932510098466e-02
