-1.068286067629852648e-01 1.917146906036598653e-02 -8.562517349959225532e-02 1.438398483667317762e-01
3.491616661657039322e-01 -3.391509922381507058e-01 -5.258806358527451374e-02 9.005106826006060994e-02
-6.100986115375535146e-01 -5.089921318458494603e-01 6.640499667354329838e-02 -1.366841874093484011e-01
-3.586883912612158221e-01 -1.044396811907639389e-01 -1.097075926502020099e-01 2.982571182067481619e-01
-1.893566592228214107e-01 6.956841583663725403e-01 -5.818940487767890191e-02 -1.647994780332084908e-02
1.524061808526817278e-03 3.529768534067767027e-01 -2.996664330409103405e-01 -2.809309014772186364e-02
-1.289993123378127939e-03 3.424304198321024423e-02 -1.497436365250729984e-01 -4.262143617830337905e-01
3.018252385632382850e-01 3.838526279698675769e-01 3.463159350421290417e-01 -3.894340914541220139e-02
-1.866868912200004837e-01 -1.420712807615213610e-02 -3.369434402698582853e-01 -2.060206199837212593e-01
7.457416044377390696e-02 -2.512859008156155260e-01 -3.527081702400131635e-01 2.474535885692243000e-03
-3.484255348906770688e-01 -1.743832644459451520e-01 -2.070734513977578670e-02 1.174769146512849444e-01
-3.259386954546009260e-04 3.659406398251171533e-01 7.359520023821275285e-03 -2.913401593753277008e-01
-4.025344928364451014e-01 -1.822690496936282267e-01 -5.455809323315478909e-02 9.320476678568689888e-02
-2.359255004369344988e-01 9.712434328823812968e-02 2.443727093712915743e-01 -1.657698320527562774e-01
9.327014310813994125e-02 -1.324789295759536412e-01 3.522435944811101449e-01 1.398002412266685091e-01
-2.433309546803476275e-02 -2.621815377713967443e-01 1.717474107813299899e-01 -3.641116458836260450e-02
1.509068960140774740e-01 2.688019732132684303e-01 -1.927313996586933753e-01 1.379345983579145229e-01
-2.154635383780662342e-02 5.332516621696674342e-02 4.601430475910225359e-01 -4.089183402587673322e-01
1.631616553701988326e-01 1.080664428362600182e-01 5.016070535334159475e-01 -2.681032531366558391e-01
3.084581782208279388e-01 2.418801854257527917e-01 8.120040045752144331e-02 -4.135198818815850608e-01
3.681180405984864068e-01 -2.363430984127440349e-02 -2.750236800899230061e-01 -2.276402019175759461e-01
4.339478989698827838e-02 2.116422191056707147e-01 -3.979345590674743249e-01 7.904845199621082785e-02
-5.058271858617289229e-01 -3.016463731947413573e-01 -6.616200049113253601e-02 -3.606605039527344680e-01
2.629013528587761384e-01 1.978103170164383640e-01 -3.393959377427074875e-01 -2.434338662649835616e-01
-1.819235303479968535e-01 3.419753366470255213e-02 4.576449454534294720e-02 -3.145644110578488806e-01
3.902992251980057503e-01 7.776051651425158577e-03 -1.766794043500811984e-01 1.035987653420059745e-01
3.506162522855247460e-02 3.751546067082328073e-01 2.251436542185532019e-01 1.453000733855146498e-01
1.982567320248591058e-01 -1.446683393542611828e-01 -4.400323691448441293e-02 -2.872024288387055591e-01
-2.210246389297219338e-01 3.151730627696393561e-01 -3.015337630521577883e-01 -3.275242583260212087e-02
1.604023576430297846e-02 -5.366088098631067310e-02 -1.687705549003764016e-01 1.265371294705309735e-01
