3.977011590019997600e-01 8.942644531191032420e-02 -4.006058489267316225e-01 -1.669896377808915977e-01 -5.017340462437005488e-01 1.524738143522344214e-01 1.378471159295733273e-01 -3.747789265681377713e-01 4.797944929524326496e-01 -3.235793743374313913e-01 1.228037406126336606e-01 -7.345719480139011048e-02
3.067417002532587533e-01 -2.402198990966822323e-01 -3.412636435720586836e-01 -1.080122933943036684e-01 -3.941323187389606519e-01 2.788588665737641858e-01 -4.529783780932031267e-02 -3.046248157428231296e-01 3.271115263910596149e-01 -2.718428276147146216e-01 8.185423401728297854e-02 -1.142098596598978451e-02
1.425187330821831022e-01 -4.325007403841759496e-02 -2.986603671771788718e-02 -1.287179628870810943e-01 -5.379672719081491916e-01 -3.487495426747456995e-02 5.019335413810720181e-02 -3.593836645298746357e-01 4.920840486248896917e-01 -1.058180005159022052e-01 1.915004204999497528e-01 -3.679595109345238507e-02
2.736400769044611825e-01 -1.258406880599027833e-01 -1.808568520925197265e-01 -1.632659360567140575e-02 -5.122999588551050421e-01 8.678533239878125083e-02 4.276711328040382065e-02 -3.217705436496353655e-01 4.253016360512558713e-01 -1.561437351727283096e-01 1.091008968607772855e-01 6.701836307864252051e-02
4.021171068255212644e-01 2.189320050235843418e-01 -2.495376799090409103e-01 -2.969871431133510598e-01 -3.881166489965405808e-01 7.263576400662588584e-02 8.505148243905454042e-02 -2.633595652738069393e-01 3.520430145955813495e-01 -3.668640637495425572e-01 1.719535688188640332e-01 -1.912076913051836968e-02
3.208300561702152054e-01 1.089061227037831925e-01 -1.785076842625209492e-01 -1.718302761516630750e-01 -4.084811548683205396e-01 4.949886012651369405e-02 1.771117544317191150e-01 -3.333946322416970198e-01 2.513275344092675279e-01 -7.953358351250439107e-02 2.559231861558874388e-01 -7.228178422780150159e-02
3.483071419549984560e-01 2.068104777675776051e-01 -1.219204378204947481e-01 -1.722557565298566962e-01 -5.472322783848566630e-01 -4.994118877295128378e-02 1.300884348677320834e-01 -1.346542512697169180e-01 4.618547565095698082e-01 -2.985615151163089620e-01 -6.437344380503244590e-02 2.853445665622032779e-02
5.631470610649530473e-01 1.070594786178182267e-01 -3.084329265119922225e-01 -1.023659652178012941e-01 -5.888636403784217599e-01 -2.517080551161367512e-03 1.708108767863044872e-02 -2.761946920598114530e-01 3.891828245184680291e-01 -1.039025914854100618e-01 3.427587361618717465e-01 -1.971802370351470341e-03
3.065849499663488853e-01 6.538494904415141640e-02 -3.636598497364600946e-01 -1.385340208746416168e-01 -6.073212631932127792e-01 3.480073568357441860e-02 1.231711490683609495e-01 -3.673800098190219132e-01 4.781681298591997087e-01 -3.263610557327985551e-01 2.370937670292130317e-01 4.798007600957213820e-02
4.667616850172445764e-01 1.774517260737437097e-01 -1.838382500275388409e-01 -2.380709176990976617e-01 -5.498337523222791567e-01 6.333300926272630860e-02 1.922172780285603122e-01 -3.148340991038154901e-01 5.077179887695365545e-01 -1.477278428778862340e-01 2.551980263125653847e-01 1.180474119362524658e-02
3.021494279830279073e-01 -3.378332570175935495e-02 -2.277163569822341915e-01 -2.123978631748526524e-01 -5.341355808987531262e-01 4.623374041340527763e-02 -1.020472987506982308e-02 -3.779666251089846551e-01 4.245946886533937259e-01 -2.249655285138187633e-01 8.370481027406034835e-02 -1.222552533866161500e-01
2.217660761791893642e-01 1.103882031658645069e-01 -3.275728812209904306e-01 -1.612605794862997377e-01 -5.232668124502311002e-01 -4.568189442422956881e-02 1.037308382072254925e-01 -3.959335098710404233e-01 3.219803642939672028e-01 -2.502872760853986356e-01 1.684504708476251000e-01 -7.922397416095346145e-02
3.657908922686297082e-01 -5.941114706064113543e-02 -3.008587846625159767e-01 -1.709513710390823671e-01 -4.071190335199884047e-01 1.897173020564418139e-02 2.065842997072943610e-01 -3.649815877058547042e-01 4.086934015872704662e-01 -1.969776953966723421e-01 7.990305099629033125e-02 -6.693538697331953558e-02
4.001118825355710618e-01 -1.677330072040948694e-02 -1.442964786655603904e-01 -4.234242269720160656e-02 -5.590987819141732817e-01 6.797264832717509440e-03 2.129710682500948193e-01 -2.715394088221249613e-01 3.833359180484511852e-01 -2.844833838027819861e-01 1.764614724224821685e-01 9.581628983294597501e-02
2.820584296142778502e-01 3.392017002147169197e-02 -2.025647131006368951e-01 -1.324899420521588600e-01 -5.460135548230349301e-01 -7.734843906876886881e-03 7.672461716404056775e-02 -3.913154546628439534e-01 4.143416271075419099e-01 -2.496270308759916678e-01 1.012185756776050882e-01 1.006769643670542974e-01
3.643894365445359274e-01 1.810603877558293329e-01 -3.388337014892587873e-01 -2.141966193726469458e-01 -5.485156791063949822e-01 1.707996336748743571e-01 -2.013517518970660107e-03 -3.350587992453459285e-01 4.865786245360433360e-01 -8.389820520356636169e-02 3.057190081504774226e-01 2.435665198483968896e-02
3.326599261325339230e-01 1.566379559228341933e-01 -3.360097484881653940e-01 -2.022258438595896449e-02 -5.779451738886010048e-01 -1.850912042957957582e-01 2.240641920651290087e-01 -3.197782866999929197e-01 4.434588136387894175e-01 -3.658861644482533371e-01 1.194980760568225830e-01 -4.744517851358441389e-03
3.016634072308918002e-01 8.726836117275399429e-02 -3.558508503452741389e-01 -2.554079608169648186e-01 -5.343302215278225020e-01 -4.246666999895348793e-02 2.203652359503499025e-01 -4.331185432702897020e-01 4.870010276373696878e-01 -5.719052684778373752e-02 1.995858877883724958e-01 -1.635011240767991758e-01
4.852312698935731250e-01 4.040354393901460922e-02 -2.943112344265463864e-01 -2.372206820227010238e-01 -4.907969213939504249e-01 -1.276885381730377411e-01 1.709158378564438197e-01 -2.920211756784042989e-01 3.839886658478171566e-01 -2.575592357792944598e-01 2.003752287878212204e-02 -1.327584438833322340e-02
3.156096050499219707e-01 -1.409593377072930649e-02 -1.879248746059485331e-01 -2.373327901333916953e-02 -4.326153356352925861e-01 -4.895860867820625573e-02 4.839849511862258369e-02 -5.178806324060608590e-01 3.993499965062372037e-01 -1.143173704726097306e-01 2.665972974904483594e-01 -1.137947982397393837e-01
2.480868968432107802e-01 1.006598328602549032e-02 -3.170492533610979602e-01 -1.704827451852790055e-01 -5.840608566061871176e-01 5.088972540738992412e-02 2.079330082536209323e-01 -1.762153149052610168e-01 3.328774256259395270e-01 -1.804875893695625372e-02 3.009472726490120542e-01 9.864998195551748228e-02
3.040945268657323508e-01 2.295018402652653638e-02 -2.335810779030100259e-01 -1.904135018410018088e-01 -4.116494996803148898e-01 8.374531487702319144e-02 4.792145783632362210e-02 -3.133321448125145348e-01 2.482709605014257748e-01 -2.792903663123529751e-02 2.647310238339942723e-01 7.174742653301678652e-02
3.635928231202978367e-01 7.135139509571425398e-02 -2.278404139550465612e-01 -1.713578664735261881e-01 -5.588855546127935447e-01 -1.629836045557677415e-01 1.050772505998801704e-01 -4.075894511461748970e-01 4.060716328312691803e-01 -2.421043193523729486e-01 1.299806728537221956e-01 9.054098090105743013e-02
2.681848385147700409e-01 -1.174390366968946185e-02 -2.042240612785734544e-01 -3.516319623197862176e-01 -4.575490818401317106e-01 -6.039864989739221479e-02 -4.623984437116659962e-02 -3.441388002561117099e-01 2.561803320905738368e-01 -1.983188231870450513e-01 -2.236742176866502677e-03 -3.212984168389277501e-02
4.143498608668956251e-01 -2.721769188424628255e-02 -3.630340285778834164e-01 -3.906723264437791943e-02 -4.146433951210482527e-01 -1.906938544728126878e-02 5.272427800856831215e-02 -3.152414430521605637e-01 2.650906948064340463e-01 -2.166808442070683738e-01 9.007779517322522800e-02 1.068881608321433224e-01
3.118891466770565835e-01 9.384758671253531914e-02 -2.815123800756219041e-01 -2.802828796173683634e-01 -4.033205171173455672e-01 1.147764911442354929e-01 3.629997522311230462e-02 -4.591365556494640399e-01 4.421655053361276955e-01 -2.142198147944958386e-01 1.680176380558679461e-01 3.791860506087988553e-02
2.323810376223635621e-01 5.790136152579389989e-02 -1.248024833831669345e-01 -1.776468937586483943e-01 -3.933578240065380149e-01 -9.829012425751329496e-02 1.052282653397224217e-02 -4.678570584308684999e-01 3.188171290528473700e-01 -1.058722536233068501e-01 2.254262402654821917e-01 4.385907116727307681e-02
4.544709928428636303e-01 1.819017888460552346e-01 -2.335243478959852514e-01 -2.807485091153882339e-01 -4.453223317530181080e-01 -8.203115453047779559e-02 1.037650748389483263e-01 -2.618566401467225524e-01 4.766089066541333019e-01 -2.414252329383587969e-01 1.562442606667786560e-01 7.761820625875551043e-03
4.171692873162836657e-01 1.556176955613222113e-01 -1.904926388482812150e-01 -1.182864493499119901e-01 -4.374702846799687905e-01 -2.197316514596864001e-01 -8.420355552869896593e-03 -2.753852649223346716e-01 3.102196711585759048e-01 -1.822021238671372168e-01 1.582690141028315067e-01 -6.005054645819749709e-02
3.185524558751048341e-01 -1.064293806727094338e-01 -2.726253713690574565e-01 -2.574816152018492565e-01 -5.541360471631351370e-01 -1.765790296431695577e-02 3.010263910320967393e-02 -3.148544223545544640e-01 3.785356217220672836e-01 -5.559703390232524634e-02 2.254713862533700430e-01 8.202348730947613131e-02
4.046261020514502205e-01 -8.927310944842301033e-02 -1.636315883167839269e-01 -1.382708916121608844e-01 -5.589909832902806297e-01 -5.974453287788469846e-02 1.625786671820533269e-01 -4.024751119675025746e-01 3.618180319755546770e-01 -3.030644398083650048e-01 2.403881268561041118e-01 -5.669088260688683739e-02
3.214447090267867901e-01 -4.234454705843077732e-02 -1.654630987570166467e-01 -3.508361512026491047e-01 -5.420112592006713914e-01 9.061813072917807022e-02 1.151185481979011827e-01 -2.635084844497314061e-01 4.819934610612587877e-01 -1.576890555681900452e-01 1.346813238437323257e-01 -6.277557429873913131e-02
4.082776903928463375e-01 -4.109075688948306965e-02 -3.932716816536567239e-01 -1.620748450682616415e-01 -4.728930509973175433e-01 -6.010636549421767560e-02 -3.420227094427401304e-02 -3.196977180658425177e-01 4.336011298039908479e-01 -1.868075427556765422e-01 1.964841327746339461e-01 1.421688170401321817e-02
2.981513282213174021e-01 8.937769233838754879e-02 -2.124061734619188679e-01 5.485856037515013384e-02 -5.062164716429720102e-01 -3.244060589395136862e-02 -1.410619205001563230e-02 -3.668795776034228795e-01 4.581731617410974011e-01 -1.754048815980286669e-01 1.810012067899859911e-01 -7.775156923746738558e-02
2.692553497572048871e-01 -6.498180293189425964e-03 -2.733248436466247377e-01 -1.599617309213041683e-01 -5.060145818965674502e-01 -2.812492116893719474e-02 2.846349641857027768e-01 -4.597771149471970298e-01 4.938088742620307392e-01 -8.493122032606076344e-03 2.394171655734875226e-01 -9.042479128156398482e-02
2.179321022539628672e-01 1.728953779245853140e-01 -1.638097959800837722e-01 -3.544512535258770303e-01 -5.085042819218767995e-01 -6.867657075517913379e-02 6.810972958328985472e-02 -2.857495164097484941e-01 2.451208396751782814e-01 -1.889199770410694701e-01 1.473581696153124510e-01 2.680731729210743264e-02
4.403013605920834683e-01 6.682993922563054690e-02 -2.311760039885978890e-01 -1.210710325253949587e-01 -4.983684307167362548e-01 -4.757037967209669371e-02 8.431956651548612458e-02 -4.017680928869958312e-01 6.230431968844851731e-01 -2.198722471559979852e-01 7.637488586302632054e-02 1.173006739726931563e-01
2.987080996635943508e-01 1.074920715210733457e-01 -3.183161169533564316e-01 -2.048640245431248563e-01 -4.485187381188812661e-01 -3.109355585120785956e-02 1.131249200021544193e-01 -3.907010329881236976e-01 3.102963284573954650e-01 -1.928545279234998577e-01 1.726638583852400100e-01 -4.877994333768945895e-02
4.584029376202597428e-01 -2.741723910162226219e-02 -3.250895583901364794e-01 -3.694480468385803462e-01 -3.980744489979232692e-01 -5.646917129914531819e-02 1.330368086670002947e-01 -2.882060537468645323e-01 3.379694220187922649e-01 -7.316395786338153462e-02 -3.453344304459298603e-02 1.525226513679061036e-01
3.673255897707894402e-01 4.806935993744858998e-02 -1.056833408105149752e-01 -1.101650981252268874e-01 -4.100691404303936083e-01 2.187855139504607527e-02 1.142655859690696329e-01 -3.660371275241011690e-01 5.200174942503468234e-01 6.638028392248829235e-02 1.868277900253658298e-03 4.003314997037229345e-02
3.640730293163398912e-01 1.218337208397899940e-01 -1.893520170325788121e-01 -2.338307556486021732e-01 -3.937256568136248691e-01 9.763140324420147009e-02 4.337905067524180924e-02 -3.561817499715457802e-01 3.353076105852336730e-01 -1.034043556509639250e-01 2.237630742154008145e-01 5.332774074247342150e-02
3.535006545058940741e-01 8.254238542685785052e-02 -2.871608998179099870e-01 6.076427286688980411e-03 -4.139853323955761666e-01 9.072228451405026095e-02 -5.999174136730993367e-02 -2.867127025198064616e-01 3.569004024048608170e-01 -2.004306814787404634e-01 1.781513681061276388e-01 -1.150201721497082046e-02
2.950341061740454629e-01 1.711571063662612607e-02 -2.178456810565790880e-01 1.577501939159350539e-02 -4.647900218640346748e-01 2.938038857461070658e-02 2.618974956727344594e-01 -3.499786921810962848e-01 3.696889528496598021e-01 -1.235583877152977295e-01 2.808069431745797151e-01 5.117455921366161758e-02
3.751030532816639340e-01 1.999834638221896499e-02 -1.299031036861017785e-01 -1.957290763003676215e-01 -4.154580020625605052e-01 -1.664444406521944225e-02 8.240288101787936192e-02 -3.116811949327253362e-01 3.966222969778575025e-01 -1.407827334053488866e-01 3.007748946592693762e-01 1.473086335150706749e-01
5.099019264731651235e-01 3.754885363186528501e-03 -2.284884723477977331e-01 -9.458389517796030044e-02 -5.585539959998768733e-01 7.674228227775627305e-03 1.544126857651874074e-01 -3.489474511315723837e-01 4.994884842544229930e-01 -1.805376354996667543e-01 1.409036668767367495e-01 3.369475325860076670e-02
3.106379873700266803e-01 2.538203880845316812e-02 -2.132824653091991984e-01 -9.564946087269614317e-02 -4.127312539972251559e-01 -1.653270828147598570e-01 2.467329208528581397e-01 -3.041407389030850728e-01 1.561468463610440061e-01 -1.151930697810977511e-01 2.985086209921335443e-01 1.016873680948283259e-01
3.679872933602316154e-01 -9.970348134660100836e-02 -2.756422083659516020e-01 -3.406611992415797818e-01 -5.559210047862568338e-01 6.277945336849362346e-02 1.165902632559344676e-01 -2.281384708380667925e-01 5.640003724138271668e-01 -1.375890061011825483e-01 2.042118548567241620e-01 -5.996134741916172434e-02
2.866673018202228196e-01 2.093169775710243541e-01 -2.005365712304339465e-01 -9.912896557340779291e-02 -4.791667754130291557e-01 -9.864025402751658289e-02 1.217497745925208014e-01 -3.207197503133014105e-01 4.514671783902866609e-01 -1.954578287768279632e-01 1.767442177486111543e-01 -1.037614322461421351e-01
2.000208289757220981e-01 8.049735585314132802e-02 -3.180033613838952333e-01 -1.749608821560141303e-01 -3.299895045468468902e-01 -1.546372085318835077e-01 6.867113496883604784e-02 -2.908069186738362899e-01 4.358381151104200879e-01 -1.699928374827544275e-01 2.259649856448586736e-01 -2.162519968299732032e-01
3.545091803547306686e-01 1.010035193771199324e-01 -2.123733934502049503e-01 -1.663746473228858713e-01 -4.872497244436996833e-01 -1.705132380983581941e-01 6.033171897385268892e-03 -4.684655018325518117e-01 7.049614029477766497e-01 -2.936203106752757752e-01 3.433623835983705130e-01 1.015074964342324443e-01
4.017945119846794144e-01 5.746190788033111313e-02 -3.047166539175261701e-01 -2.380387412453486284e-01 -4.470172445536066408e-01 -6.508398475563065277e-02 1.196369252280275464e-01 -2.040827359640509930e-01 3.068781997502396108e-01 -1.056326776580707172e-01 2.556774435305497750e-01 -4.852394240833051743e-03
2.881016862286220892e-01 1.980748700780805560e-01 -2.607363617702495584e-01 -2.610765081287557687e-01 -5.486858879195382066e-01 5.419235105170276678e-02 1.940517061906732454e-01 -3.232437844519711612e-01 2.145540705225886247e-01 -1.793792265551397980e-01 2.684774634019422845e-01 -7.594919006992274790e-02
3.027673048606424056e-01 -4.333144139089742906e-03 -2.501781647216518856e-01 -1.839038323769064953e-01 -3.519060558552417617e-01 1.629380671059517047e-02 5.369624042702270117e-02 -2.416853558409464975e-01 3.258630401941746135e-01 -1.424623883639992983e-01 1.672396321289258969e-01 -1.311983641278377521e-01
5.629472468169817168e-01 6.240912045133104047e-02 -3.184911741137884111e-01 -1.206244336801452210e-01 -4.932661058727479397e-01 -2.759237381817701562e-02 1.411951003428361662e-01 -4.399075627066565963e-01 3.877656742358210340e-01 -2.029123969123366733e-01 -8.320807466194131419e-03 -1.802825506011234147e-01
3.222105445979557281e-01 -7.579077195343006390e-02 -3.870053219385735654e-01 -1.180596083047747158e-01 -5.838028696714949728e-01 -3.496966522676592248e-02 1.648527535780341946e-01 -3.841301430120222515e-01 4.114099104765493453e-01 -1.611759037102596659e-01 1.260819379226621739e-01 -2.998209241145139564e-02
3.227117373010670587e-01 6.454387091751165317e-02 -3.248205248881848584e-01 -1.928559527095879966e-01 -4.634499390384503870e-01 7.531491889644634230e-02 4.815096910255983742e-02 -3.676908006490282044e-01 4.182946012560012083e-01 -8.739702128841775330e-02 1.701308364317670740e-01 -2.573122245317581436e-02
3.577853902983207934e-01 -4.486952460420428473e-02 -2.167158013244132597e-01 -2.036429592516941778e-01 -5.676092961861614050e-01 3.130801926061806822e-02 1.336738915531335836e-01 -4.128285167697743341e-01 5.051143298276287164e-01 -1.345702829398792988e-01 1.003615098494195779e-01 1.842970080994435532e-03
2.420042809695617803e-01 1.345508210586137364e-02 -1.788734553911177083e-01 -1.223082348079444909e-01 -5.279395672909434900e-01 8.569448306694425407e-03 2.178082611202992180e-01 -1.452003185183100842e-01 2.936829446545018985e-01 -2.011779760737986977e-01 2.004524236523956282e-01 1.012369726006898639e-02
3.513198201753561234e-01 4.060999602342030453e-03 -2.404918675178526200e-01 -2.039436503264022704e-01 -5.110439473985042280e-01 -6.115030920302701178e-02 2.281779883262107789e-01 -2.991203589686642350e-01 4.041873771982021357e-01 -2.133426283688451275e-01 2.120532289564081574e-01 2.150500698683980305e-01
4.203728221929530218e-01 -2.438200666688776497e-02 -2.622996286885458939e-01 -5.233260538395217293e-02 -4.239639438450614750e-01 -1.998861357031634506e-02 8.014772282739614229e-02 -3.140007962543333586e-01 4.321567386772534047e-01 -2.321014949836580354e-01 3.524217469129375252e-02 -6.935770247577553727e-02
4.063780499253047962e-01 6.606001436714245556e-02 -2.498622769471071092e-01 2.035509352429007782e-02 -4.902480251779237075e-01 -1.019612990367195493e-01 1.108490962655688111e-01 -2.981266303187027344e-01 5.034545352995822842e-01 -2.837583231150613838e-01 2.040405229445908519e-01 1.294182280388607720e-01
3.988697948570660845e-01 7.919227964095462702e-02 -2.699963524027833017e-01 -8.094295432937330392e-02 -5.179980388084552967e-01 -2.071797683900743550e-03 1.788089954638392709e-01 -2.804190204800728892e-01 3.887045283453970934e-01 -1.178604608205839621e-01 2.203335946102779053e-01 1.742804236958281350e-02
4.691373443629244244e-01 1.323126591307127176e-01 -2.299786330177410743e-01 -2.030240818990529730e-02 -5.588143926006809981e-01 2.465458591030049440e-01 2.444105444842233077e-01 -4.932810973263513366e-01 5.433293060358348470e-01 -8.426949806922195974e-02 -1.336859351478256186e-01 1.888657303834559431e-01
3.244245560194868316e-01 1.633788819893960270e-02 -3.156907314406062759e-01 -7.883887097000576161e-02 -4.051219114834606061e-01 -3.542515287655541734e-03 8.974929003111466186e-02 -2.946602478152562932e-01 3.916219714666492879e-01 -2.206961850042830353e-01 2.140876524134240344e-01 1.857663783670954584e-03
3.152104304369052201e-01 -8.293961214910949842e-02 -3.441344887506772587e-01 -1.937237652579156810e-01 -3.982495162401657463e-01 1.122390825598601483e-01 4.659006967689628687e-02 -2.286335221327815137e-01 4.881396611139820485e-01 -1.385420418281934352e-01 5.492510479176999222e-02 1.568696228894470371e-02
2.012430887180852168e-01 3.830085452904325588e-02 -1.311146218917284556e-01 -1.478840704201248579e-01 -5.925698633944571636e-01 -2.568094046787559870e-02 3.965205896418748377e-02 -4.417318939969566149e-01 4.217373749118911719e-01 -1.785455123861834636e-01 1.354223403509116352e-01 -1.318738871047382862e-02
3.179906595672313818e-01 -7.566097194037738061e-02 -2.156192253913983281e-01 -1.161981818602552952e-01 -4.529176060337550269e-01 -6.263644115634030285e-02 1.604010499946716406e-01 -3.303857096859543208e-01 2.598476613844951655e-01 -2.246219337463851995e-01 2.081087871884035323e-01 -7.815196267889339132e-02
5.563465103475094820e-01 -1.132219257854725214e-01 -3.106196700826643897e-01 -1.258816186778937696e-01 -4.524725964819660828e-01 9.645485414563045867e-02 1.347921486548950831e-01 -1.553942471459814068e-01 2.372095180401004311e-01 -2.048798584170300197e-01 2.201624849511039650e-01 2.654359988137515447e-02
2.928580990685721863e-01 1.196707935018741925e-01 -1.833541819693604302e-01 -2.651696656181932732e-01 -4.604512110213261900e-01 -2.701493352434033296e-02 1.263420812840594931e-01 -2.987882227582742689e-01 2.981038471702516790e-01 -2.444868294821202770e-01 1.656368121019534678e-01 -1.645180402415328397e-02
2.993186694916116775e-01 5.652301090003424705e-02 -3.176580932149066228e-01 -9.530901568605508467e-02 -5.680916203695773881e-01 -4.755861884904066805e-02 4.503912354444654376e-02 -3.669406195554029693e-01 4.321607964888086184e-01 -8.753648219162987743e-02 1.359883914278466333e-01 -4.441989945634643860e-02
2.419350973684472050e-01 -5.939182795148380961e-02 -2.194395261121871443e-01 -2.040475966008722941e-01 -5.217816388067852973e-01 7.329493485170138212e-02 1.311124299827659719e-02 -3.058145966810255634e-01 5.410811724135420331e-01 -1.511817481047746103e-01 8.767610547782239694e-02 -5.726100688845223857e-02
3.587679918180253225e-01 -6.863163702127010601e-02 -2.180374189515612571e-01 -3.048447813181409671e-01 -3.862892691163354875e-01 1.563691720048132339e-01 2.570108971752945726e-01 -3.461631417060326288e-01 3.944485980535190062e-01 -1.836259555048096181e-01 2.615404793302613662e-01 -1.870022616748395761e-01
1.269117078847698532e-01 2.737219664791225304e-02 -3.684790718537762078e-01 -3.133972269680483369e-01 -3.650726662551642687e-01 -2.912875096998795293e-02 7.311109312741097266e-02 -3.754075476696277502e-01 3.537438111903140059e-01 -2.516592562661482124e-01 1.801440663284716304e-01 -6.999154297954453263e-02
3.313383912728341540e-01 8.932081232091632073e-02 -2.472688327339622183e-01 -9.070639291874592336e-02 -5.281720204517568185e-01 1.626150354990473501e-01 7.369716949232958669e-02 -3.639527856473021017e-01 4.435168868956158028e-01 -3.159286811022326558e-01 2.993887324805433736e-01 9.315341103458078809e-02
5.894476748244786846e-01 -8.850150717240537479e-02 -3.330983643969583352e-01 -2.760840596548386761e-01 -4.880824456419225466e-01 -2.662155807524418938e-02 -2.206123954576774335e-02 -2.592031265893487424e-01 3.216832201414546177e-01 -1.106371891458188816e-01 7.778431499922391912e-02 -8.110934470774223970e-02
4.066365809360045214e-01 1.631362802766944675e-01 -2.980696259253543534e-01 -1.947847103996463436e-01 -5.000052698788839400e-01 -4.159306384927945188e-02 6.883987814007989925e-02 -2.126816122834306044e-01 4.254489395840319044e-01 -1.521380037735988455e-01 3.106467404878061056e-01 3.361811160865226661e-02
1.902709195640784889e-01 6.304935992191909588e-02 -1.458151919018455533e-01 -1.929184843751421408e-01 -3.890573334691729834e-01 3.129465306089124210e-02 1.926242874741439515e-01 -3.978838370503353095e-01 3.304768006429710803e-01 -1.174439061204864410e-01 2.545393703880018954e-01 -4.102986889520052888e-02
2.243847948378409063e-01 -1.117537794117130223e-01 -2.173499699998505119e-01 -3.031608981695811944e-01 -5.765439368219809069e-01 -4.639865457871561460e-02 8.179637153767770064e-02 -3.821433935429717210e-01 3.484185514903875291e-01 -2.500956735397513037e-02 2.534717341428474047e-01 4.426421713062447111e-02
4.608661238075500988e-01 9.489184854135368496e-02 -2.693429523141987469e-01 -1.874207028160863597e-01 -4.007199217542866676e-01 2.476223091905892931e-02 8.686140200189494676e-02 -2.997835156512313470e-01 3.933512455785673212e-01 -1.629128012520490720e-01 1.014572159938249840e-01 7.344199301531297019e-02
4.878524263822769935e-01 2.615512716389500197e-02 -2.740467730450102946e-01 -2.066985269958670490e-01 -6.023590716726476835e-01 8.921259786630006752e-03 1.642239194001471336e-01 -3.583802142723613859e-01 3.518359455489698528e-01 -1.603028126494468741e-01 3.662601198537613484e-02 2.325737996087403059e-01
3.941173410948365374e-01 -4.956892810036805236e-02 -2.017796273110536442e-01 -1.538250304896904841e-01 -3.335641379527586881e-01 -5.802141139294890448e-02 1.513045942984179160e-01 -3.070386447317125511e-01 4.411437457032803544e-01 -1.914277830703624839e-01 2.334068486982282531e-01 -2.164666492620946348e-01
2.879161646485388637e-01 2.132039533901654293e-02 -2.847073770603903431e-01 -3.273164143933764980e-01 -5.165807126640586944e-01 -1.487046851389169262e-02 1.242348009137722309e-01 -4.349690186388332491e-01 4.609241902877223018e-01 -1.771509148690863789e-01 2.225321364830307735e-01 1.432723398201131704e-01
4.115742807198758957e-01 -7.286958929839232324e-02 -2.902847468696245214e-01 -2.683333410038231115e-01 -4.817092734089404860e-01 -1.670404945067464342e-01 6.340656057577338800e-02 -4.542275588543556730e-01 3.644399354843134708e-01 -1.222378470821190444e-01 1.836201231829756031e-01 4.033126127942043143e-02
2.889608941245829232e-01 -3.200380469623163582e-01 -2.981424591390630652e-01 6.401297132224002817e-02 -4.110216227010688450e-01 -1.643772987929338625e-01 -3.490164920238245649e-01 -4.661737061375444413e-01 5.448243133848176267e-01 6.883399285837195174e-03 1.674075318596094375e-01 1.514899695821438942e-02
-1.690865313876332987e-01 2.268024615100200370e-01 -4.293015571601833114e-01 1.111835067410609085e-01 -5.267347899957823820e-01 9.361789766334019380e-02 4.463964762986200041e-01 -7.010592989167514499e-01 8.332229007740547810e-02 -2.187376575412343926e-01 1.720412409262364606e-01 2.356612280084789957e-01
1.345752221838321383e-01 -3.484505897624089882e-02 -2.967845741219107270e-01 -1.665107277564950583e-01 -5.844105411833178110e-01 1.269927926217778447e-01 4.404771571531186369e-01 -1.900517539995561223e-01 1.832757490495933173e-01 -1.301932609776914329e-01 5.072977961647138351e-02 9.553992066297532781e-02
3.022787885897973981e-01 2.472207744713810496e-01 -4.275753113116895210e-01 5.883322305363290067e-03 -5.540604040130017172e-01 4.672480108888872607e-02 2.412172223676571081e-01 -5.588783415236180385e-01 1.769698907425844014e-01 -6.233076032300694652e-02 2.143545469302260420e-01 8.278068825876612469e-02
1.546077769578357575e-01 1.827179369878703108e-01 -4.095326208001942025e-01 -2.668362754219371080e-01 -7.010885776317294926e-01 -5.066786181907849407e-02 5.149145975591611357e-01 -2.434081332296542388e-01 1.962950298839781227e-01 -9.436947556934013881e-02 3.135809815863953021e-01 8.375109844759263955e-02
3.412531781258455466e-01 7.967078352302889299e-02 -1.869232904420746744e-01 -2.938140368577536465e-01 -6.034183656114837646e-01 4.379888628158733199e-02 -5.617383839014508662e-02 -3.381421072558628560e-01 3.215476162685654837e-01 -1.748311437210592623e-01 1.248937601048366181e-01 8.565217679211440532e-03
2.237890604191243304e-01 1.051331395482830132e-02 -3.092556221000615779e-01 -1.478068106919706581e-01 -6.117030230969426885e-01 1.322352149284480027e-01 2.695958608820274716e-01 -5.020567571611330715e-01 5.047616544414071926e-01 -2.016683413503981004e-01 2.416192954571428908e-01 1.262189746926698775e-01
2.987332341173629668e-01 2.280149927574630364e-02 -1.590559047717615138e-01 1.991979782303789429e-02 -5.396210939961028075e-01 2.999736522812119794e-03 1.257617858206913075e-01 -2.001400532677465038e-01 4.505307686746501949e-01 -1.340281405198405495e-01 1.046620463865087503e-01 1.482432082211783686e-01
1.690216940371920273e-01 1.141400035736795104e-01 -2.893872265397935961e-01 -2.867318926775208263e-02 -6.039354388484345915e-01 -6.626738846499999336e-02 9.866519106290576324e-02 -4.354949511776882720e-01 5.213977083468765983e-01 -1.257482197644211042e-01 1.449577855671347337e-01 -9.496264458691809629e-02
7.499908017472622923e-02 -1.358068347726265057e-01 -2.156353634579862844e-01 -8.493275605636295411e-02 -5.885486163788109515e-01 2.012397079597302574e-01 1.214414981002849697e-01 -5.953683523206516615e-01 3.684958325805355872e-01 -9.679023034801884084e-02 6.346625809259059947e-02 2.674216855019447836e-01
-4.325790901287546730e-01 -3.529645840354236203e-02 4.091561421452111214e-01 1.383666807739647731e-01 5.171411283291649230e-01 -7.218622444803925176e-02 -1.572946287640504814e-01 3.455940118094891766e-01 -5.089717066801755507e-01 9.828686075761050578e-02 -1.558513991601996607e-02 8.140504503272570636e-02
