-2.004196919085532436e-01 -1.888187474318423278e-02 -2.109404038803766590e-01 3.774472639288953268e-02 8.980099841161648389e-02 -1.565660646257490416e-03 -9.493575053049327361e-02 2.008551357518123179e-02 -5.765066353010589451e-02 4.052259428572406452e-02 -2.171170590005171500e-02 2.680685761871935968e-01
2.123397994940436767e-02 2.888356920054244159e-01 -4.072163091534612422e-01 8.932648945401409912e-02 1.739377652633369853e-02 -1.268248424367601490e-01 -9.966348159496398601e-03 3.275752219367879942e-02 -1.374601355208383002e-01 -2.569879356533834314e-02 2.111829399350735950e-02 1.031101700840195146e-01
2.666953486634709297e-02 9.266927783242127903e-02 -2.908808360378911106e-01 -3.953135723803664903e-02 -9.096774985103084354e-02 -8.326960914954495419e-02 -8.733332794938172827e-02 -1.449991578112461987e-01 -2.928275915533656154e-02 1.017180880456759751e-01 1.931459000540599810e-02 1.168600821302150650e-01
-1.883572884354071247e-02 3.049283725036696160e-02 -3.681501478602426380e-01 -1.301090319083857416e-01 -2.119168017997185294e-01 -5.548020792536827173e-02 6.694485473761471739e-02 -1.279474134065009816e-01 1.082786732933763707e-01 -1.297030805267296860e-01 9.353916417611730927e-02 1.994164315026297762e-01
-1.141867287714046220e-01 -8.534440531189400880e-02 -2.391225362965788692e-01 -2.095117118864049319e-02 -1.155426900380235322e-01 -6.083773430669172852e-03 -1.426583104040700378e-02 -5.313208929961478304e-03 1.105367799210961177e-01 -6.988601376503661422e-02 1.873809055761215259e-01 1.858336671731478096e-01
-4.503284846929849795e-03 7.052329089498986237e-02 -3.840061095068659225e-01 9.651224625787833966e-02 -1.858502642018454443e-01 -2.837881146836207860e-02 -1.833978106899582239e-01 -1.612479426133227312e-02 -8.663430776869468497e-02 -1.266647963867144622e-01 1.891588916013094424e-01 2.131803660107828291e-01
-5.169559674379973352e-02 -8.643574880142699396e-03 -3.324743677479808368e-01 -3.876362693849497165e-02 -2.060739624993200569e-01 -8.752356701439886755e-02 -7.839979244269937309e-02 1.194268826178766438e-02 4.902502887634863082e-02 1.070442039747394047e-01 1.377661572642145393e-01 2.377524491369539250e-01
-7.440917730931861929e-02 8.081919138242950329e-02 -3.696837402811423146e-01 3.689490199489797728e-02 -1.772843032104864658e-01 3.257210302412970500e-03 -1.610442331202198082e-02 6.130550785254946372e-02 8.986464199706503675e-02 -7.677935684698908303e-02 -1.832533923695585654e-01 2.320517790716683515e-01
-2.602933439834894669e-01 9.429268687512808167e-03 -3.428786619769528810e-01 -2.955089707551526376e-02 -2.783827524720654534e-01 2.383822945833019222e-02 7.844181742577569297e-03 -7.565176723887474808e-02 4.560185664676744133e-02 -7.420929473023899284e-03 1.195891296128114428e-01 9.486502338061791884e-02
-5.454479979587813915e-02 -1.338082086980063312e-01 -3.812671010446244124e-01 -5.827963289723582518e-02 -2.628093870714422464e-01 1.812094161029595765e-02 -2.383112020192790226e-01 -2.962389385217392701e-02 -1.075882776607200997e-01 -1.177493139531121807e-01 -1.817293393419537259e-02 2.995712347980761248e-01
-1.047142825339696937e-01 6.576757874485318622e-02 -3.138913359421145466e-01 4.725725593713672734e-02 -1.737637672677519174e-01 -8.861724998571263168e-02 1.832179364673238581e-02 -2.805595275839550817e-01 8.750175572796420331e-02 -1.697314911700472662e-01 9.155580825331926034e-03 1.350460316139425743e-01
-1.925533018160411891e-01 -1.106060623952429128e-01 -3.358881332262470543e-01 -1.360342567233418787e-01 -1.218627693653157873e-01 6.093992311549586982e-02 -3.224739835413049233e-02 -2.177932728876378829e-02 6.236925227700008262e-02 1.263905083919556749e-01 1.257074806752151996e-01 3.526769320987999112e-01
-4.078077079657530662e-02 -2.255332444111830467e-02 -3.219952027963016161e-01 -9.952444482928922420e-02 -2.216880041738970852e-01 2.860057578841884371e-02 -6.721461139964657328e-02 -8.274527905759491986e-02 -1.086618609523811330e-03 -1.686224460137541667e-02 -1.432994838361137391e-01 1.623783278876762548e-01
-1.638253009029210228e-01 2.265222461040297952e-01 -4.125954772335128085e-01 1.282293273695733204e-01 -1.642587015796873884e-01 8.610524081389198114e-02 -2.935588119349385322e-02 2.239078104163967978e-02 6.716994483552951589e-02 -1.063518810615485168e-03 6.385425158691442060e-02 2.695612348131664060e-01
-1.354484231145689499e-01 2.568961195129172356e-02 -3.069584608211906596e-01 -1.972537767473494796e-01 -1.865050657910319147e-03 1.119656532680654432e-01 -5.548765368824174621e-02 3.870401520552507052e-02 -6.711002356254128220e-02 -1.837900598808568306e-02 -1.086516327187035807e-01 3.817564869983575138e-01
-1.557232772319078196e-01 -3.191087451047769918e-01 -3.007397478007489133e-01 -5.017019248200942083e-02 -1.517975849586043202e-01 5.841725091372935996e-02 2.504407354864476298e-01 7.090073937280898242e-02 3.643537119325664098e-02 -1.408383036928827492e-01 3.934482113434098483e-02 1.335471521508008186e-01
7.826310636977543145e-02 -2.774680810229392331e-04 -3.081637070247358889e-01 7.144116826251210861e-02 -3.964657155851317866e-02 1.403254899123243526e-01 -1.991324522163960553e-01 -3.895704746114859313e-02 1.449679048860311181e-01 -6.438191356755035288e-02 1.079461172929169904e-01 9.981960114855090160e-02
-5.765859288199962768e-02 -7.951817324347541793e-02 -2.296097653670677863e-01 -3.593290905299764693e-02 -1.140544399569222711e-01 -1.140851545439789949e-01 5.253263914489069569e-02 -2.436117319635078618e-02 -6.903644055008612002e-02 6.762526831347767664e-02 -3.648721370572982625e-03 9.183704608291645699e-02
-1.831700905991145295e-02 4.614832898132582156e-02 -3.545103501765901055e-01 7.793580731431530573e-02 -1.327021323865512359e-01 -4.416605900639145044e-02 4.726049519725285947e-02 -1.872468965894820078e-02 4.683442298076118115e-02 -7.418381401832716557e-04 -1.144726223153122863e-01 2.286034147492272961e-01
-6.097678215658541151e-02 8.498748456856720923e-02 -2.821821994544553847e-01 2.359224494366387107e-02 -1.059325477986572950e-01 -5.493538287007404541e-02 1.295040324019690672e-02 -4.131963645363794652e-02 1.228794031154425426e-01 -6.077778039351354467e-02 7.299907447022092877e-02 1.764693477011995970e-01
-9.786221302736758387e-02 6.516485644777840480e-02 -1.509628187147532552e-02 -8.977633841542921600e-02 -2.837603206561308822e-01 -6.253695766618823371e-02 -8.666932645406016933e-02 -1.778106383901894086e-02 -1.201267576872064227e-03 -1.924415608996502547e-01 -6.519065061196634148e-02 1.364637608046962991e-01
-9.274566055866534375e-02 3.008453126749575240e-02 -4.296273820013129519e-01 1.084078478923988370e-01 -2.288825630661155131e-01 8.533868863024027251e-02 -1.816391601998572913e-01 1.138022132659438634e-02 -6.512887711428025361e-02 -4.435302407713606621e-02 1.060944026383720679e-01 1.034167190500018541e-01
-1.599163971071279611e-01 -2.740374262748706061e-02 -3.306125687112191902e-01 -1.415195551648132655e-01 -2.912711063075289902e-02 3.860761681780532084e-02 4.127098313704319381e-05 -8.863226111373560812e-02 1.941770790725311224e-02 6.752903846944230404e-02 1.334653036423973614e-02 2.171187717721130284e-01
-6.930895441635021026e-02 8.112229384527096243e-02 -6.015432960846942567e-01 -1.636608517724499612e-01 -1.480221438505252840e-01 -2.092408079255295497e-02 -1.494543259264189631e-03 -1.255437156687305433e-01 1.573365269618833689e-02 5.800532874031381902e-02 1.187287786865865863e-01 1.685585815429039291e-01
4.890249092504971723e-02 1.270986005206783120e-01 -4.550683826997860004e-01 -1.253031725899290127e-01 -2.033833239905427359e-01 1.224634341251882308e-01 -4.741060345646826851e-02 2.278380192840115046e-02 -1.211413714707216538e-01 -7.274443327299226492e-02 -2.358966205732391033e-02 7.974529805415361827e-02
-2.681418407163068673e-01 7.741860297023082926e-02 -2.633803930298889706e-01 -1.151126887626570533e-01 -2.608708411995470655e-01 7.905725575016761542e-02 -1.244153741087033471e-01 -1.999940252400421448e-01 9.994595725625304850e-02 -6.426512239609585841e-02 -6.939731299699235245e-02 2.100035590661563090e-01
-3.668382484857232034e-02 -1.826902443621458427e-01 -3.205328633652936854e-01 -6.843261445751609717e-02 -2.098119071425853244e-01 -4.811743283657335390e-02 -6.489491143673259410e-02 2.508534373436791670e-03 9.833906315736423709e-02 9.502695541735670451e-03 1.597990210959425797e-02 1.553898728315936673e-01
-7.728003360973689784e-02 -6.212091621134383499e-05 -3.425941638930306010e-01 8.671356462315259195e-02 -1.454725054768665760e-01 8.825019731134600698e-02 1.029375127298882281e-03 4.208507218727590947e-03 -3.771441348725458609e-02 -2.066477441729108189e-01 1.148113061018782716e-01 1.578986270889857768e-01
-2.371226235074717081e-01 7.545579728162644939e-02 -5.624472553529193952e-01 -2.489891759889941228e-02 7.106836299226923503e-02 -1.116478284509445640e-01 -2.642840915674457558e-01 -4.709537529008123863e-02 1.438168021234373095e-01 -2.686705556822917978e-02 4.802083338600673934e-02 1.953169532004653264e-01
-1.066283120913113017e-02 4.122276562527658200e-02 -2.908532980196108508e-01 -6.630879043068186283e-03 -9.801402110041976257e-02 1.625692673321096210e-02 -1.773348033107486066e-01 -3.767531582359618519e-02 4.367135299513463798e-02 -1.366100497820046944e-01 3.259301340958631332e-02 1.092634629829839221e-01
-1.601423862161132083e-01 -1.058276243307712389e-01 -2.824216604784562379e-01 -3.605595917790288540e-02 -1.683756990704563805e-01 -1.405555710887766430e-01 1.652731790785507415e-01 8.960886531174576397e-02 -1.018001383954402102e-02 -3.633642437585526963e-02 1.672951594276380627e-01 9.086846959992697648e-02
1.656438428516010747e-03 8.407067449863674102e-02 -2.008489867076231894e-01 6.121420273889108254e-02 -3.517031853515505402e-01 5.267906614641745811e-02 3.010449574419947136e-02 -1.430051371256411616e-02 -8.448321073608230578e-03 -1.239415335009714375e-01 4.655082845390018376e-02 1.523233291696644565e-01
-2.268950394539180349e-01 -1.137842176716623993e-01 -3.945780496657882996e-01 -1.399049072883624401e-01 -1.454493349435110328e-01 -6.339474437274578156e-02 -1.735561297944870074e-01 7.771918121970952491e-03 1.565025140149209071e-01 -1.170344469614247596e-01 2.188043236456975182e-01 3.034330815009556037e-01
-2.820492894183118313e-02 -1.516284060902679809e-02 -2.454135837329889935e-01 -1.151292338635883233e-01 -1.151965291286093651e-01 -1.825015844513866101e-02 7.977414438088459986e-03 1.332528147368180343e-02 3.146531409209220032e-01 -1.129186718268861689e-01 -2.570927700708051586e-02 1.887412880477262744e-01
-2.342233439613566892e-01 -4.739592846503054013e-01 -3.689111782925373340e-01 1.704438797125918670e-01 -1.771740549892728833e-01 2.216205819791952186e-05 -1.265399221290265108e-01 -1.245570085027618706e-01 2.956609382309963729e-01 -1.710709975601019117e-01 2.358368167736859741e-02 1.052556037826471724e-01
-7.144660117517828528e-03 1.727191611767828483e-01 -4.044200982477290096e-01 -1.102883285111922046e-01 -1.845315903721529149e-01 -1.406217163348627563e-01 3.424458428495060769e-01 -1.235659262262037150e-02 -3.548953672247051085e-03 -1.941850049535300340e-02 1.956318823699557466e-02 3.735095920738402686e-01
-1.115050764246562909e-01 -3.698137171563815190e-02 -3.473340874738000683e-01 -3.453614940197848732e-02 -1.083110909612433337e-01 1.612177854001274656e-03 -2.444825445760804086e-02 4.373410984159024212e-02 5.050636495634741596e-02 -4.905325788633788098e-02 -5.795984727894552824e-02 1.051546057677251733e-01
-2.377159832765681630e-02 -7.240677055762002878e-02 -2.808074936286230616e-01 1.356160840985793092e-01 -8.200739439511733897e-02 1.295216062877073693e-01 6.222954465008597585e-02 -8.110782216912008902e-02 -6.721880646770331258e-02 5.110175253079705937e-02 5.836032486105924288e-02 2.565497580462917093e-01
8.854776370096698046e-02 -5.568209820853388045e-04 -4.363355870822856475e-01 7.827416496347024480e-03 -6.012359096212140791e-02 1.037223161586711684e-01 7.330815615952550324e-02 3.296961936578747879e-03 -9.382733094658610162e-02 -1.293461731634160984e-02 2.179039626545901664e-01 2.398679165569976290e-01
-1.066651165152669167e-01 -5.488445810646683243e-02 -2.344758498094623445e-01 -1.803437824678469359e-02 -1.184420003314880787e-01 -8.722903703589979241e-02 1.269726673523335209e-02 4.296013039411970130e-02 1.618304645346533288e-01 -1.433730606289224663e-01 6.584666212284519260e-02 1.809358861439879784e-01
-1.976245885529599455e-01 -2.295818245030185542e-02 -3.470349489199416326e-01 -8.190023806847600285e-02 4.978889174359773379e-02 -1.407640163177092951e-01 -3.213541981204114367e-03 -7.517245845030952334e-02 -2.615704519436338332e-02 -3.311175360476115506e-03 3.846331639237519917e-02 1.843610705576778086e-01
-1.144002444842778243e-01 -7.208027010754490538e-02 -3.432675513860413141e-01 5.117962475198023498e-02 1.241984713006578644e-01 4.318011541499096329e-02 8.966450562453670559e-02 9.181158743448859794e-02 -4.121421446621995055e-02 -1.871458626135494296e-01 1.296294797729151127e-01 4.125941816035916254e-01
-1.981660484545423873e-01 9.726188585786839369e-02 -4.294726587544692165e-01 -1.220365888132285241e-02 -1.370556516872669349e-02 -2.158517167692701189e-01 1.913239424394893098e-02 -6.653839302496204755e-02 3.585587564255393600e-02 -4.722994461474572248e-02 9.441928152477570280e-02 1.809121621268028335e-01
-7.240048987624689292e-02 1.841111301638252706e-01 -4.093688638405533209e-01 1.416675209887286076e-02 -1.605661623704227048e-02 5.364039112488760627e-03 -1.623772671075919549e-02 -2.448170470054452860e-02 1.780350563563527500e-01 -8.253292634733924715e-02 3.899504024383404488e-02 1.661254784277898522e-01
-6.303421523417299110e-02 -1.521457836083263404e-01 -3.551633156644130040e-01 -4.985128126616843007e-03 -2.594724277749287378e-01 -3.534323185083526608e-02 -3.838011650327587815e-02 -7.841407609811183732e-02 -5.998053612075623930e-02 -1.991734268990539847e-01 3.049545863015652031e-02 3.951951417164038804e-02
-4.007361871618645571e-02 5.930069550954071567e-02 -2.854565211398753521e-01 9.546672928946712058e-03 2.537954091683087155e-03 -7.306851007005743526e-02 1.486490943391985398e-02 7.030783639923253447e-02 9.512772208495690052e-02 6.235770348433822448e-03 1.003222959953245647e-01 7.344255553674072790e-02
-1.120240369546789960e-01 2.996730404501137257e-01 -3.577483421369974104e-01 -1.292199967885783191e-03 -1.936307053882179996e-01 -1.170699367675941127e-01 2.882422022344272635e-03 4.943092567849732138e-02 -6.362331996878034523e-02 -7.875548385555139475e-02 -1.784680594490422115e-02 4.191181226281226468e-01
-7.207174195666843364e-02 1.071760920607892492e-01 -3.152729074768155226e-01 -6.589651552971662052e-02 -2.582217894196865982e-01 9.003172885804827663e-02 -9.876956048283723477e-03 -1.779669879843226721e-01 -2.512568541053534360e-02 -2.984003515991351940e-01 -2.671316404494289767e-02 1.442602550496282499e-01
-5.864302021681343929e-02 1.281771104144992512e-01 -5.184351708337440190e-01 -9.168743773219363569e-02 4.530334335483889724e-02 -3.049667568643391058e-02 -1.116213712961039300e-01 5.014081773190457586e-02 2.314688437986904268e-01 -1.167599740166182232e-01 1.187690735864396080e-01 2.006355130096627581e-01
-2.559232188795158569e-01 -3.651334029003282938e-02 -5.031774422764903054e-01 -1.335946359321574517e-01 -2.394352039228400952e-01 8.051662333202963540e-02 -6.199515144069047551e-04 -1.723677544798812022e-01 -1.083883031327297353e-01 -1.623298525574508044e-01 2.949214379161105640e-02 5.594552342333122263e-01
-2.777857945345774821e-02 -1.301236052476331395e-01 -2.638003000034143120e-01 3.597604901942672018e-02 -9.985893990342811777e-02 5.473005440374412167e-02 1.239114340957005178e-01 -3.058376537930315719e-02 4.063173380547584201e-02 -9.095054436670413356e-02 1.528091464746841877e-01 -3.058124563499431750e-03
-1.723215524131358478e-01 6.148202649283805027e-02 -3.792403663413599912e-01 -8.249015078272364451e-03 -3.333137816944625048e-02 1.023458991865199286e-01 4.464860717602501389e-02 -1.218923421244054311e-01 1.344962298669000189e-01 -2.109564626585148095e-01 1.772154850312582797e-01 9.876008160414581627e-02
-1.362309124623065082e-01 1.099465609521780712e-01 -3.083898969036122373e-01 -6.939149859019115574e-02 -1.801699244682656020e-01 5.709786515484743114e-03 2.607767010254653448e-02 -4.931545217585583257e-02 -6.876108313098147629e-02 -1.809447693855992245e-01 2.952082872503033334e-02 2.105578574380341239e-01
-7.706528813224949870e-02 2.542767952376249682e-02 -1.793391775649579301e-01 -1.384718157109371128e-01 -8.920875547528661631e-02 4.616456778429035845e-02 -6.643528052466007860e-02 -1.484366032845222186e-02 9.248353570305982083e-03 -4.748968828810051779e-02 -1.624821958308106384e-01 -6.646181132171338768e-02
-5.607740013207846569e-02 7.756906392536659645e-02 -3.840749442872932184e-01 -3.767733246758410426e-02 -2.963814803560747835e-02 -9.078205758534223929e-03 1.336273770371972786e-02 -1.369897561363362173e-03 1.830605791915983910e-02 9.147369326618134955e-02 -7.992922580224372242e-02 1.758351965098327585e-01
-4.733984500109027910e-02 1.489911127442279104e-01 -3.529688582595653101e-01 -4.486644205116605000e-02 -1.515627919522007649e-01 -1.119042473926029624e-01 -2.990474266999054026e-02 -1.383060319697020438e-02 -2.579583869655319855e-02 -1.017437860032223418e-01 8.034608118676732358e-02 3.242271690428021325e-01
-1.210028936542429379e-01 3.334057350350345950e-02 -4.109009334172190608e-01 -4.462885477730348972e-03 -1.894074823557690135e-01 1.273437134087807704e-02 -6.245826046951919591e-02 8.593503813758411602e-02 -1.053281522369732548e-01 -1.959753470178955959e-01 1.069262015308936470e-01 1.926357898752634745e-01
-1.749782854040550784e-01 -2.652559937229233625e-02 -3.597440837444115247e-01 -1.449913315352202060e-02 -1.030020949018080334e-01 -4.673277400837373696e-02 -5.812679554410491584e-02 7.106918638796973220e-02 8.103400997833173913e-02 4.072673353352440628e-02 1.777884561179131698e-02 2.564924117959992422e-01
-2.222903874572085825e-01 8.886592590658293125e-04 -2.958863581334952308e-01 -1.489857446590618084e-01 -7.556095569103565834e-02 -1.866486086981459678e-03 -3.537030746712021417e-02 -2.059526760128897183e-01 4.719368250305046308e-02 -1.034020398470591184e-01 1.347076387006515552e-01 3.297264080335537972e-01
-2.323493076585729233e-01 3.287997292797604360e-02 -3.560887196844222946e-01 -9.017078705038510111e-02 -2.467398994273486690e-01 -2.633649290958095870e-02 7.772949315405931758e-02 1.533481525501693282e-02 -2.325306672126404434e-02 -5.595175938361983403e-02 -1.107251614662525946e-01 1.160481657976889791e-01
-1.110182641164798312e-01 9.604317308399272501e-02 -2.077219796252224304e-01 -2.617180130803247184e-01 -3.384032425734879723e-01 1.176599798353859111e-02 -1.199560338059040346e-02 -3.832201353790001125e-02 -5.335656210536540711e-02 -6.537894846425980344e-03 -5.808446781769223410e-02 1.712628057869004516e-01
-9.296319615512246837e-02 2.053957175795257176e-02 -2.566900962373849793e-01 -3.214379186534117860e-02 -1.096753865500077196e-01 -1.096564713001570990e-01 9.149504316530346348e-02 -8.507981352941380859e-02 7.856956950875301771e-02 1.256070919471528706e-02 1.189186077764526304e-02 1.453606147348519562e-01
-1.921585804738467490e-02 -1.660273202160240935e-01 -5.066336952944354710e-01 1.421865650610815435e-01 -7.578536831015078024e-01 -9.095711380556101289e-02 -7.532836317760377258e-03 -1.387216250883785418e-02 -1.819063498963524039e-01 4.474144012645721313e-02 1.677063637772645555e-01 4.201504162165915768e-02
-1.470507650604313543e-01 9.880354774550705738e-03 -3.064283473081914067e-01 2.346981763495263693e-03 -1.980285925658847035e-01 7.025980177278529082e-02 -1.908965210936363135e-02 -8.037086984094511666e-02 6.414951298491153309e-02 -1.571748589835301746e-01 1.182476255767317269e-01 2.022419665076876649e-01
-1.987576251798587323e-01 -2.910391345122349989e-04 -6.174374305046728129e-01 1.556838576360207449e-01 -1.960197394944617477e-01 -3.444076938891039996e-02 4.343841444230141929e-02 1.590405216786744680e-01 8.699852747035510814e-02 -5.937901006661908121e-02 -7.510039396133903755e-02 2.641328069956493385e-01
4.982864195429346360e-02 1.086964507720560719e-01 -3.625576115568222568e-01 -4.480515369064256605e-03 -1.902506705954815913e-01 -9.226832952596367154e-02 -7.697971074632636856e-02 -5.449857873736680541e-02 1.232023096011600205e-01 -6.283405097834518505e-02 1.577208925068834255e-01 -8.340321301298406209e-02
3.146850069309346104e-02 -3.423697010739355784e-02 -3.937872374656214425e-01 -4.659145324464858580e-03 -1.900947934013312024e-01 1.919458257676958865e-02 1.767817387760849124e-01 -6.114476464116597176e-02 3.460849964601298012e-02 -1.907429382950857621e-01 4.991913320929285136e-02 7.836154439582343478e-02
-1.032455151611472166e-01 1.049562079060588488e-01 -4.264829460296685748e-01 -1.136380237715494818e-01 -2.712315043465096109e-01 -5.006874575970314545e-02 -2.224385710873801048e-01 -3.165653164204746545e-02 6.755309982860461561e-03 -2.936065720769283002e-02 1.318555591127003601e-01 9.499798847893919929e-02
6.036113382103812201e-03 -2.354742622945057984e-01 -3.562893347731555527e-01 -6.732457624522984740e-02 -1.940696775348515757e-01 -1.684096804321006391e-01 6.427570319258028853e-02 -2.009543898218425217e-01 -2.749195356646472882e-02 -1.468092255152720904e-01 -5.700104535006623313e-03 2.302082540033125735e-01
-1.728823030851427411e-01 -7.114724094524270404e-02 -2.984204277436983133e-01 3.053417497543108820e-03 -1.097571881358380408e-01 6.448828092061990175e-03 -2.546370886329062111e-02 -8.557559872451318828e-02 1.457658140620740617e-01 -6.764973982259567253e-02 1.495412235279316993e-01 1.628331845616167728e-01
-3.377534401946270717e-03 6.210775561726812610e-02 -3.934462373973398042e-01 -3.275547400169659396e-02 -1.362614045427597009e-01 -1.216492359766497000e-01 1.259770494280566533e-01 -2.108355866949525315e-02 1.215338242497746024e-01 -1.004401889347897314e-01 9.733306282795113618e-02 -8.198255186834993435e-02
-1.046223643651023327e-01 2.051393403245100056e-01 -3.495960906336715301e-01 -1.388926703790287764e-01 -5.101636196089678194e-02 -9.469953132707942256e-02 -3.483410369778113663e-02 -5.967177430175246017e-02 -2.019337836038623962e-02 -1.416393574906215647e-01 1.951054054200361196e-02 9.081841150486452685e-02
-9.017643355925616944e-02 1.139016999169026670e-02 -2.753119813481136879e-01 9.495683546089241089e-02 -9.767470544301462554e-02 -3.347684008248932863e-02 -6.766200404944833213e-02 1.650315051663090934e-02 6.893858259498439334e-02 -1.537157598958918681e-01 -4.819897959265505294e-02 1.783394190092342790e-01
-1.729052435674340721e-02 5.927992762074790756e-02 -3.771885637216510490e-01 -1.162771346748934891e-02 -1.079315332231882696e-01 -7.808714885672726758e-02 1.847037303206532088e-02 -7.388950397479358834e-02 1.226535624826984860e-01 2.912360774331255661e-02 1.081936657212674152e-01 2.160972198644519615e-01
-1.822959934123982162e-01 -1.789127887813819762e-01 -2.811277355861059868e-01 -6.219023697233930226e-02 -3.763825169293199407e-02 3.783482586613434381e-03 3.131819090610865695e-03 1.242529700637877710e-01 1.437216608725920032e-02 -1.792495834835620624e-02 9.293919996577955367e-02 7.211065702032443125e-02
-7.606972971505202019e-02 -5.203825328449974280e-02 -3.152616481369586166e-01 -7.790697127364758223e-02 -2.975915553754738818e-01 -3.099291905141038708e-02 -4.806492170083865451e-02 -2.612487387547802672e-02 1.410809554320574359e-02 -1.672859458827001891e-02 1.390284176394127602e-01 4.053181435611796779e-02
3.799828012136689109e-02 -6.039088651648479023e-02 -2.852011667315209054e-01 2.042039299994856047e-02 1.537790578599282643e-01 3.021036053756831832e-02 -6.006049530763555785e-03 -7.682321030172667431e-02 -7.615927802821526038e-02 -9.384251000010568333e-02 9.326089882265106322e-04 1.276787684973763326e-01
-3.791267751614680465e-02 -1.269040124274685155e-01 -3.360916973020505183e-01 -7.747975908340605511e-02 -9.025011183797312930e-02 2.487572465234802119e-02 2.753468793725699290e-02 -8.305942634846050915e-03 -2.505116892679155188e-02 -4.098498603535825381e-03 6.202445174627226054e-02 9.049539456104119250e-02
-2.955934327218032176e-02 -3.034292912068375578e-02 -4.206268549690132530e-01 -1.431068171572007774e-01 -4.313246160048456873e-02 1.881437136566588286e-01 1.112723315541472857e-01 1.127176204329738418e-02 -3.906029185560110084e-02 -1.479323435985151480e-01 -9.619402776018050327e-02 6.796887704705109612e-02
-1.585565290133310046e-01 2.509774165381179964e-02 -1.962932885623529522e-01 -7.279262850437957788e-02 -2.509671617060585391e-02 -1.065116177101299577e-01 1.589569583206759951e-01 1.968223416637806741e-02 -6.232000099865646348e-02 -1.158399287510479825e-01 -7.031112110118163672e-02 1.583168196904046754e-01
-1.058991828520916278e-01 3.861035888679374846e-05 -2.961716694618592993e-01 2.941305469809870829e-02 4.257606536412162019e-04 -7.758620014136363707e-02 6.844747090591174477e-02 -1.512617692448038620e-01 -7.013721900957531341e-02 -1.784847846094910206e-01 1.999260810747771622e-01 3.510043624718106603e-01
-4.708987005612366022e-02 2.851003636950765752e-01 -3.591498825106498871e-01 2.722289828887293570e-03 -1.194315202312713209e-01 1.290925894139028640e-01 1.782276002377966850e-01 -2.677573085905668102e-02 1.463411128589567900e-01 -2.659134822581913915e-01 8.958493846830929697e-02 3.401240043272103497e-01
-3.418391850469865850e-02 -2.586189454223429898e-02 -2.674016406800925894e-01 -4.395878250782034313e-02 2.914092296303184143e-02 1.793444837645099543e-01 3.403359943087757439e-02 3.039385976783071444e-02 -1.301096294835583089e-01 -7.277797593364371265e-02 1.678930508207259961e-02 1.340803967012786369e-01
-2.870397805272529856e-01 -4.320956458759766527e-01 -5.934235598398382994e-01 -2.244834218710660967e-01 1.170180505042788255e-01 2.168241911050204918e-01 4.954495878413234800e-01 -2.009396366031551417e-01 -1.250992674770840640e+00 -6.424166173682626102e-01 -2.771083809034480816e-01 -3.571065834982777298e-01
-3.575871564703018285e-02 7.985243628979604713e-01 -1.639040221379779450e-01 -1.552385610781543968e-01 -6.130201945304551703e-02 -4.330836261134726195e-01 -1.927371992103211473e-01 -3.003511452680344626e-02 4.379521441096146939e-01 3.032716088309566627e-01 4.107441137333450731e-02 2.548203155118541896e-01
3.349015739544488474e-02 5.471798336504493099e-01 -4.388870836000554054e-01 -7.427724528801397941e-02 -1.891492091210884297e-01 -2.224466801576169273e-01 -3.733404902230480493e-01 -5.441082210570320071e-02 3.790488720405930101e-01 4.559749536130220382e-01 1.250122386996566914e-01 3.233707648623560527e-01
-2.288325551656348877e-01 6.923438812282193267e-01 -3.600931590832466278e-01 -4.102121639630192107e-02 -1.263848094919014231e-01 -1.436898951974092398e-01 -4.151982604573027924e-01 -4.702546630733232119e-02 6.412846946600243569e-01 3.155213023615604517e-01 2.456314249396240323e-01 1.958453991507581038e-01
-7.186790139965321123e-02 2.797606152314314198e-01 -4.302537123598056401e-01 1.209040878871530354e-02 -3.875899594977121332e-01 -3.022507358231358854e-01 -1.297797855677873258e-01 1.177319113153489291e-02 3.079675109231104768e-01 4.572136715287527520e-01 -5.122218709665153635e-02 -2.298431892744719485e-01
8.956003718570065830e-02 -5.413761378035612803e-02 -2.454692453627301818e-01 -1.136633310946512203e-02 -6.992725123224537154e-02 -1.032919633637513213e-01 -4.838334382161028208e-02 -4.044307434916976501e-02 -5.535600263945339439e-02 -7.453145063290855798e-02 -1.304765075706729172e-01 9.579571090125088562e-02
-2.203120087778315805e-01 -1.729130134974920727e-02 -3.676194853612752556e-01 -8.725972724973841965e-02 -9.120424932828077869e-02 -1.539522874706164557e-01 4.774826285777048623e-02 -2.624869251599522627e-02 1.384942005025529277e-01 5.318406454587662480e-02 -1.921978215121243269e-02 2.863555515657183470e-01
-8.866238561060735268e-02 -1.651528117508564708e-02 -4.604734803617639982e-01 -1.675495147336904245e-01 -1.284936157173036109e-01 -6.647696304835584713e-02 -1.388208941393405046e-02 -7.261324870119890973e-02 1.326456616335791872e-01 -4.214478746747805926e-02 -1.490987611099865440e-01 -8.823886284593132623e-02
-5.834383704796856224e-02 -1.140881908763558689e-02 -3.892960610567968716e-01 3.216364665901579045e-02 -1.161959321917462873e-01 -1.007189036386083383e-02 1.853031083980341207e-02 2.665708023139528628e-03 -5.613499874696362135e-02 6.667404098960112713e-02 -1.435737745082948762e-02 1.929257271631606985e-01
-1.067413861570158662e-01 2.001865228656954099e-01 -4.313462400790347151e-01 -9.409121472826477428e-02 2.584287282157941013e-01 1.949014629412417210e-01 3.941787021008567038e-01 -7.136023982374718744e-02 7.699305213262039316e-02 8.552375514069232576e-02 -2.528281265631524555e-01 -1.191836170006565013e-02
1.571965649728462311e-01 -9.714688463287635134e-02 4.237132649509474103e-01 -9.104955276315968016e-02 2.448308170799288197e-01 -2.540007413605276099e-02 -8.262351357622174652e-02 -1.191245117923427493e-01 -5.010090584067222047e-02 -7.583018076180340905e-02 9.845106803942562865e-03 -1.669321744393572893e-01
