1.077331254133613525e+00 6.111760983080917198e-01 4.198657324058372886e+00 5.697517809468290118e+00
-9.866685035383984115e-01 1.312509685148354643e+00 4.090513512444658439e-01 1.773393809338052129e+00
2.553619922781791840e-01 -1.536152081119483093e+00 -8.203358442962126462e-01 -7.278530211298325225e-01
-3.711894613313106855e-02 3.652930738809631039e-01 7.579921803731522190e-02 -8.455878450115950073e-02
1.910585794082489519e+00 4.297754058901529284e+00 2.977158170966921702e+00 -6.031685768471186510e-02
-3.707593466566701412e+00 -6.847015638399162052e-02 -9.398117153793753564e-01 -5.854683217259335493e-01
2.461372805715789536e+00 -2.258193148700756159e-01 -2.487246427217507452e-02 6.851860404895618872e-01
-2.784452010337594263e+00 -3.095096715114154851e+00 -1.836237184242935694e+00 -2.368429282768800714e+00
-2.449237776498250252e+00 -2.911949391792012065e+00 -1.960631053265049939e+00 1.123457795705667284e+00
1.212780129815211216e+00 3.657527102895861137e+00 3.020253147864710996e+00 2.180326961663300978e+00
-3.232685856975266780e+00 1.073987995202924983e+00 -1.280289984571868933e+00 -3.019033040852950656e+00
2.787015738416346533e+00 3.224631036348101887e+00 2.087478011793988841e+00 2.485139656823486476e+00
1.702931834482459106e+00 1.928959075962568548e+00 -3.999691554129636284e-01 3.144218385549817807e+00
1.500151334843863316e+00 -7.028811084271614495e-01 -1.671881011022330332e+00 -2.561813063517725197e+00
2.387341980681624065e+00 3.130168259267740005e+00 1.042050957348206186e+00 1.558058023376059920e+00
-3.533257184776616100e+00 -2.199662577840231503e-01 2.576026799907221165e-01 -4.746894537317929430e-01
-3.205327027701053044e+00 -3.000944453833525483e+00 -1.875410054610743726e+00 -2.128603182045052833e+00
-1.572852261564601783e-01 -3.672523427918913397e-01 2.460598692835772372e+00 2.685507035108490204e+00
-1.548979232818632701e+00 4.033045442920775159e+00 1.306489047766484557e+00 -3.613899523297260608e+00
-1.554161185752259033e+00 -2.283739716575313494e+00 -3.215146364198432138e+00 -2.819000345647305839e+00
-2.423229346733847045e+00 -1.365102853683702877e+00 3.045929381038894324e-01 -1.111844208784305010e+00
8.777397722835640625e-02 2.980193298838976990e+00 1.670832146126073781e+00 2.663985901261581191e+00
2.494713549422905796e+00 3.644575092358187440e+00 2.533965922580768471e+00 1.434561248402531186e+00
-1.637140622068544937e+00 1.187615963343290115e+00 1.868051989320900441e+00 3.350642876639383094e-01
2.869865704065755807e+00 1.766346512229548305e+00 2.202004764416264138e+00 2.069033106303217018e+00
-1.526607670797520244e+00 -4.665643330224793495e+00 -4.263818486441211419e+00 -4.246888319234519926e+00
-2.621430711521493429e+00 -3.325791766294868612e+00 -3.627965250935953456e+00 -4.022369697317550674e+00
-2.501046505662164687e+00 -3.272593583957634333e+00 -2.993451430338186281e+00 -4.332200428518675039e+00
1.993335506987313321e+00 3.775643151386146812e+00 2.500997593796255636e+00 2.343309946314762193e+00
2.451045871870732196e+00 1.002804773465814536e+00 1.370137659553032794e+00 -3.022434620090443946e-01
