6.431446462361838368e-01 -2.086430671991922114e+00 -1.508462805777003757e+00 -8.802843697703137682e-01 -2.286011682377705245e+00 -1.407141000827764943e+00 7.431994360521393395e-01 2.464053910479663934e+00 6.084942328052543870e-01 2.879698196050486936e-01 -2.270084395478450645e+00 3.552825364982060280e-02
-4.207184972414222734e+00 6.660604337969982858e+00 -5.224239060708655735e+00 1.919785814023669435e+00 -4.837643678104059042e+00 1.883337218359373511e+00 1.662213457884588186e+00 1.324079840172439626e-01 5.069043613936658588e+00 -6.506089401623203372e+00 2.645869503147992408e+00 4.340598269007527321e+00
1.524697053142507031e+00 2.316499885124695179e+00 3.319031205881747271e-01 3.291814508336309841e-01 -3.493560255507210499e+00 2.518966890312085649e+00 -1.708620909905752772e+00 1.421020403725472558e+00 1.564415655347622669e-01 2.669849466230120427e+00 -7.562429279286299044e-01 -1.903908694352361319e+00
-5.576292581951602934e-01 2.808076675106330189e+00 9.175471616401411623e-01 2.536673711290073907e+00 1.566678948500502266e-01 1.918891005029358388e+00 1.018524209503382849e+00 -1.315753729426722751e+00 1.272333340676909064e+00 3.853079070290676422e-01 4.160718053725503407e-01 -1.277496558014685535e+00
-5.339045792716241579e-01 1.531761674963919351e+00 7.146135910282320515e-03 6.373847485455644279e-02 4.426802808902600139e-01 8.650978430734722613e-01 -4.507182374770050126e-01 -4.243928440073966857e-01 -6.011350804800755232e-02 -1.871508369515245462e+00 -6.065665297167475156e-01 -2.742890810144305913e+00
-7.807985829348388362e-01 1.340014179618331802e+00 3.075474156147001148e-01 6.721261961700801812e-01 -1.025395883823485121e+00 -7.925691762440976174e-01 -5.802682931562057334e-02 -7.526069727250813690e-01 9.495360521432227863e-01 6.088935954994582067e-01 -3.337369481997167209e-01 2.760061633847350482e-01
-7.204236540014010703e-01 3.562844131172677176e-01 -6.006934804358560198e-01 1.427310889743835798e+00 1.208222850620315203e+00 1.231450338639171083e+00 3.210983908076128213e-01 -4.837679651506797129e-01 4.915538416969510438e-01 -5.924503383920931565e-01 6.424023773753007038e-01 -2.138286316602219461e+00
-1.047293194473773115e+00 -9.920683697588433825e-01 1.701372882704892675e-01 -6.108302074118580061e-01 -1.834617986087504482e+00 2.192842375105465536e+00 -1.896731594857277381e+00 -1.194691965700201530e+00 -3.406950955536998560e+00 1.390134913488830559e+00 -1.391674083476060364e+00 3.956257743219277478e-01
1.057410539887928991e+00 1.219384918381424709e+00 1.446916592151378522e-01 4.249759510783883698e-01 2.060147922387302877e-01 -2.128826474437164329e-01 1.530805883772806020e+00 1.282352712540322237e+00 5.965681433294977021e-01 2.696660778541247194e-01 -6.621725733113200674e-01 8.162667915525646523e-01
3.337973276678929957e-01 -2.285275982497168568e-01 6.105837613604413461e-01 8.464855904912027551e-01 7.694922442334536372e-01 -2.179834541798458591e+00 2.584773753415853026e+00 -2.305893490037535187e+00 -1.751568684209824145e+00 1.928834994177407003e+00 -1.684908170982819753e+00 -3.475560649561875159e-01
1.023710692761766738e+00 -1.250830130397710294e+00 9.604483856874744818e-01 1.309228281376481506e+00 2.745745848083007146e-01 1.159522074610390918e+00 -1.548825679682993561e+00 -5.748345145807304268e-01 8.756388241990751276e-01 -6.259286321674175646e-01 8.418672486904651420e-01 1.914500967807781784e+00
-1.134047838641990991e+00 -1.198766195674536128e+00 -9.292616032559006256e-02 -9.676702290730586631e-01 7.653555351797948492e-02 -2.797539303462604973e-02 9.187806966948337539e-01 -9.621491318173714946e-01 3.808335002957031756e-01 1.679888545100281849e+00 1.371038640321093238e+00 -1.983298290954193244e-01
-2.595778110734572874e-01 2.174333770606629024e+00 3.931867783157879104e-01 -3.326095535757295218e-02 1.752696864254813081e+00 3.949681384946105211e+00 -2.547813340269387439e+00 1.950904254591250941e+00 -1.164416774671476640e+00 -1.062256558033246173e-01 3.210443417423006096e+00 -2.224230369668490415e+00
-7.751709463570732872e-01 2.122522146337185944e+00 -9.902811673388209335e-02 2.748652706335172002e+00 8.459499701606567612e-01 4.337296257269056099e+00 -2.552462634094967875e+00 1.453599256445905263e+00 -2.681637640478140572e+00 9.606733011893477114e-02 2.444698985477120889e-01 -1.453808450422960918e+00
-4.129368814574100099e+00 1.801171105321799804e+00 -2.437730283475478821e+00 -1.147252380284110862e-01 -3.865581213457425225e-01 -4.046570667973849456e-01 -2.988493909256197512e+00 -1.253033895070460035e+00 -1.173927215497345911e+00 1.884233078540252349e+00 8.607067064581297444e-01 -2.147263549367689706e+00
-1.483557376100151259e+00 -9.461835681960392708e-02 1.035153043172411857e+00 2.794334228635087847e+00 1.245180144079346407e+00 -1.732816899160414814e-01 4.967983288296771160e-01 -2.224083434269722215e+00 1.759561276244662187e-01 -1.165654597875613652e+00 -2.040466691890868489e+00 6.709941767424695835e-02
1.125484396301528189e+00 -6.673285577170445793e-01 -8.057268204114591548e-01 1.287241831027657657e+00 -1.408231494572775411e+00 2.744127414175249857e+00 1.759146508465614156e+00 1.071908636545386262e+00 -8.035952656715776854e-01 4.231164529246160821e-01 2.242949452690616852e-01 2.231407518045687433e-01
6.408804145646957995e-01 -1.356583664778530762e+00 1.640267226914614795e+00 -8.732633961520740451e-01 -5.155279791514810750e-01 4.775924303350934652e-01 1.859602069394970525e-01 9.510131429649605339e-01 3.843322036195253033e-01 5.926416823251358101e-01 -1.050410743870426655e+00 2.710211196770121234e+00
1.021485524344893037e+00 -2.071616032813307362e-01 5.651620628237301602e-01 -1.142177456486173082e+00 4.543507215035347269e-01 -6.494259840270614204e-01 1.966509622553162806e-01 -2.843248458564631154e-01 -1.157526253609664491e-01 9.410517794270855108e-01 5.025272130237775636e-01 -5.998812667552133604e-01
5.810768292591707018e-01 1.703193076250168136e+00 -6.218159129816793751e-01 -2.744243297476096188e+00 1.364543330968630563e+00 -2.689254220687923969e+00 2.021822438968924884e-01 -4.949867581820771578e-01 4.260443782814252733e-01 -5.900153443198504766e-01 1.486356933096770527e+00 9.251487804923496094e-01
-4.854688531952167652e-01 2.041000301685854876e-02 2.881835318570347693e-01 1.262814084650900393e+00 2.565538000980142064e-01 5.412005376220396791e-01 -1.933375603787381491e+00 -9.484314404833630308e-01 9.205068393403889049e-01 -5.900241098944971618e-01 2.075189416233487183e+00 -3.984545082146819794e-01
-4.263601176244677049e+00 -1.736869295771917177e+00 3.833027940564624370e+00 -2.309479577174455844e+00 3.035279661743233603e+00 1.766522417769055497e+00 -3.420258204651637879e+00 -1.665139190232900912e+00 2.885240850293260717e+00 3.530601846356488938e-02 -1.240844277654163497e+00 6.848390732124506330e-01
1.053797510305742868e-02 3.662306623272831851e-01 1.334577513698949856e-02 3.262102521342507555e-01 -2.804785752899948900e-02 -7.914832071717811113e-01 -8.084545687154087723e-01 3.678108749144527456e-01 -4.571020363176303558e-01 -6.119152550899331633e-01 6.669896859677522105e-01 6.019833567902354021e-01
-2.890248877842099273e-01 3.904845165387555994e-01 -5.263377312052918144e-01 -2.857770332151565729e+00 2.270156851297722600e+00 -2.073050296526921965e+00 -1.814579271656636406e-01 6.670026129547252935e-01 6.720163241731593740e-01 -2.133138920311177689e+00 1.209727914530384502e-01 -6.314084746130118608e-01
1.927502918211243532e+00 -2.390027491671835869e-01 -4.641528702182197708e-01 -3.218763508698518461e+00 -4.232021480805164132e-02 -1.756804036738749630e+00 -8.344600924648122309e-01 1.144527259072837255e+00 1.072829334628394360e+00 4.931523501639143992e-01 5.222426427922857162e-01 -6.244908487239703154e-01
-1.270806915999058040e+00 7.033307543543713125e-01 -1.237633603950819783e+00 3.549233493825560415e-01 -4.031478739810827328e-02 -2.137379339167720271e+00 -9.994891220064153203e-02 3.952951598524585552e+00 1.189481976518059980e+00 1.512845991733743567e+00 4.592893164522463545e-01 -2.386630699317133342e+00
-4.865251688393762985e-01 9.485818077118807201e-02 -3.797256027984632354e-01 -1.708441930771402939e+00 -3.266263049838095123e-01 -6.716215861453344038e-01 -3.623446138816436846e-01 1.126354514659387407e+00 5.143982868190378754e-01 1.217709113120174269e+00 4.512614959516935698e-01 -1.064488146492889475e+00
1.861110891757827568e-01 7.419434288814183431e-02 -7.129904045199916274e-01 1.255513663721016915e+00 5.156430754621358359e-01 -3.757520328532730769e+00 -1.267232941164970539e+00 -8.101306850332755660e-01 2.896344247233022084e+00 -2.741666571647316530e-01 1.836493048527680916e+00 1.668302027458197001e+00
4.255003575934961368e-01 -8.942531282796824244e-02 1.464484852296409345e-01 1.049913990481425641e+00 -1.620885396273703316e+00 5.567477110725314038e-01 -1.317215431042411344e+00 -1.044036719120356560e+00 -1.779616564009496027e-01 -1.270946868820137299e+00 -8.574099047121650496e-01 2.857645278556631974e-01
8.600960994924543301e-02 -5.818201383239743896e-01 -7.830773275217142171e-01 -1.585323124155049390e+00 1.203094177507741669e-01 -1.996572543113170062e-01 -5.304754945926180021e-01 6.607331902108659616e-01 -8.318811903253661155e-01 9.631628604933046844e-01 7.620232584600487025e-01 1.875311578361562592e-01
-4.421049115011557618e+00 -1.405042423714516486e+00 -2.332353405499795862e+00 3.829721578433593621e+00 -2.326668624384124140e+00 2.154213933314911511e+00 -2.135183618991602916e+00 1.016430570962693070e+00 9.583844114953621318e-01 9.994402822295092026e-01 2.022350239325154231e+00 -1.544259269551911729e+00
