-5.054215285765089466e-02 -1.437562245889247581e-01 9.808038419187864454e-02 2.789264478065905939e-02 2.363035355441314364e-02 7.971946814760452749e-02 8.136976718058445968e-02 -1.061379816950223064e-02 1.375407288127874529e-02 6.862750577847119560e-02 -5.624756671155543321e-03 -1.679755249754004143e-01
-5.853388900895051435e-03 -4.431891580912693945e-02 6.659248111314175489e-02 -2.972273695596017173e-02 1.667137936137718379e-01 -1.405660790673715077e-01 5.292505594590378448e-02 -1.294567319850751901e-02 1.706702982866669938e-01 -5.753862829152022601e-02 -1.874397462589519892e-01 -1.944857388426639022e-01
-8.757149889392104591e-02 -1.692250113488034391e-01 -1.361710668552250803e-03 -7.673189342659646195e-02 -6.094907069418178773e-04 9.171031864963613556e-02 -8.532720323000956425e-03 -3.937656007322472805e-03 -2.668456713287532117e-02 -4.897097512150792170e-02 8.848083627092259706e-03 -5.811272217279230684e-02
-8.318303517047490048e-02 1.789295361310082322e-01 1.391447873269332884e-02 -8.593185073336694069e-02 -5.254848335109586766e-02 1.443208215404640817e-02 -9.558941941691291577e-02 -5.230282145286988763e-04 -2.573096386085631931e-02 9.347698451892590826e-03 -5.117690693398762453e-02 3.354582619839498354e-03
3.017174346686269867e-02 3.052706491551886864e-02 3.242694738439187707e-02 2.544586986420966507e-02 -1.581736610617829053e-01 -1.296945270691463592e-01 -1.344785706591869190e-01 -6.508288098330332339e-02 -5.636665408051751147e-02 -1.472761538160465011e-01 5.011095241213302937e-02 3.786420771150460912e-02
4.906906882712693679e-02 -1.926436487597511793e-01 5.405922019953676716e-02 2.869421381609419536e-02 1.003670892658558439e-01 -1.187883432480671235e-02 1.101591907789583741e-01 8.163035349898774273e-02 4.817917868467037901e-02 2.077644071099140899e-01 1.385071297047811290e-01 2.264778939576985936e-02
9.546811362251944599e-02 1.517431462068030874e-02 6.321224357422017270e-02 3.681624371146390712e-02 -9.317603654466698193e-02 -1.246306652118870373e-01 -2.476157341922470469e-03 -6.261390874752781333e-02 2.203453720920692249e-02 -1.154357522202170000e-01 -4.433789529491497655e-02 -2.525399095890269383e-02
1.260825381960855029e-01 3.232092226620723180e-02 -1.168897631529969838e-01 5.994289337420635744e-02 6.155896246924186244e-02 5.246041406944530056e-02 -8.591929536084337571e-02 -2.270777944605636197e-03 -1.447182486074811980e-01 5.170545679084411622e-02 5.662211394243241852e-02 2.872151422211477109e-02
2.860933986961325046e-02 2.742146420808000418e-02 -5.212525082563179701e-02 -3.315693731349669826e-02 3.105225658581952080e-03 -6.876274607728849464e-02 1.635182927679471321e-01 4.597432582465674905e-02 1.452431454614364903e-01 5.218261604005293777e-03 1.237696802474036878e-01 1.678031074071655027e-02
-1.933137106148881054e-02 -4.548500522607502178e-02 7.917290905598142747e-02 -1.518340110448553604e-01 -3.286608473907262629e-02 2.922350276589806908e-02 -6.514138678608057120e-02 -2.569274797834672150e-02 -8.426951843601130157e-03 1.553299475521346118e-01 -1.619604510292795285e-01 -6.652429743846625942e-02
2.351398575649935388e-02 1.031956551693174497e-02 3.460552234286795592e-02 -6.657763562293629589e-02 -2.904155761687005413e-02 7.401509649917411247e-03 8.720123809757028555e-02 -4.194136760768332056e-02 -5.945772630036495754e-02 1.122378999347980882e-01 5.855644890811036868e-02 1.182548690161169952e-01
5.734162967373131886e-02 -9.731673981158628361e-02 -1.771962558705879667e-02 -5.364227912133943954e-03 4.901122242105286630e-02 -3.963225931202559588e-02 8.534558930586851749e-03 -3.226035522181964349e-02 9.121853869851684685e-03 9.051779884473590970e-03 -8.389493052789212535e-02 8.008954599140387376e-02
-1.173486598060876074e-01 6.956452013750333285e-02 -6.764178914739391035e-02 4.630844942064166886e-02 1.001207236863895303e-02 -1.335827831051247631e-02 -1.439303497103729124e-01 7.860819725725877449e-02 1.256326536167926278e-01 2.601339396023336775e-02 -1.475981337630221171e-02 -1.829592709313029864e-01
5.075180282237618662e-02 8.449153018265374501e-03 -5.123837384434140607e-02 -4.958879385422864869e-03 7.759397876952010831e-02 -5.707763816238233673e-02 9.949390297239985026e-03 3.197156213433174216e-02 1.080883620551835317e-01 -4.022600177411992523e-02 4.047424930833909938e-03 -5.890582138618746105e-02
1.138203474850957297e-01 1.291421063102095035e-01 2.000156097474585504e-01 -5.316083230472116311e-02 -4.834971410654516355e-02 1.593905953089095884e-01 -1.508186671386954336e-01 -1.468919839373389324e-01 -9.636478278928538310e-02 3.354650570941909021e-02 6.769239420047878930e-02 6.024967187198377455e-02
-7.065809976964840255e-02 9.948024454834725194e-02 6.453347468930627738e-03 1.530073260334372798e-01 -2.746103497464417661e-02 8.145818339094513735e-03 1.199593636404803071e-01 6.458229609755590517e-02 -7.417242869590766341e-02 7.882435046303219728e-02 8.617113873149054391e-04 1.028006845339181873e-02
2.492017572042263748e-02 -1.877764908527223414e-02 3.174620461536560578e-02 -9.403361997319455157e-02 -1.818200928095532742e-01 6.606828243687934421e-02 -6.073513209359719667e-02 -1.265215495088873876e-01 -3.284898255997942274e-02 -3.250246520915547888e-02 1.666160769538004363e-02 -9.319565252767676722e-02
5.709148490657518088e-02 1.841199441566853529e-02 -1.014534555189803844e-01 2.103751398429937886e-02 9.631063093773863104e-02 -3.413223326199615187e-02 5.076333784805346638e-02 -2.221165490779930876e-02 -1.556392130481349667e-01 4.616834230347297702e-02 1.355044619615927703e-01 6.378615073540518099e-02
2.208240850293238453e-02 1.075192180149818766e-01 -9.126502630627184032e-02 3.260501793992155034e-02 -2.288239302420011223e-01 8.089825423125709958e-02 8.787489953875941839e-02 8.272260737594469907e-03 -4.104431651833355399e-02 7.145127938355007313e-02 -4.106712024074827411e-02 2.773772392108133852e-02
-2.604333875660787279e-03 -1.836737992404343517e-02 -9.854260343724841054e-02 -3.040088999622575158e-02 -9.929603929454632050e-02 7.493931306771828282e-02 -9.295971338983012588e-02 1.088867313159276075e-02 -8.446616051030865838e-03 -6.262782877666640824e-02 -1.195525091311659682e-01 -2.925401282425800845e-02
-2.104699985057800413e-02 9.624073790324433331e-02 -4.839676239105218658e-02 5.817720204064553285e-02 2.178291480370134550e-02 -3.241256740398388431e-02 -1.644651718398471296e-01 -2.505921449121365982e-02 -2.952504503274496189e-03 -1.960990037926027552e-02 -3.357371205813452358e-02 -1.039679116973571266e-01
3.214391743308286226e-02 7.826607269198165850e-02 -5.410841035185610937e-02 -2.228984248632500526e-02 8.739458045954386078e-02 -1.161132085937717218e-01 -1.687881260123247351e-02 -4.130195706434795083e-02 -4.191369627263491493e-03 5.388336809009073441e-02 -2.000577734990209230e-02 -4.665681171920514798e-03
-8.924562675121106015e-02 -3.329618766449015527e-02 -6.264569256989484247e-02 -5.142380212995781991e-02 -1.950756848230128168e-02 -1.021329276924007323e-01 -8.387185348134525154e-02 -4.987709757993783605e-02 2.074969609647966257e-02 2.175857108017287267e-02 1.396462872551372247e-01 1.921054948386840058e-02
-1.596001126311098186e-03 5.496349708515444604e-02 1.878916468384306537e-01 1.046965243417484343e-01 8.294883969688578162e-02 1.167030335916511598e-02 -4.279175196287228478e-02 5.708075312595805445e-02 -1.528669029812392000e-01 1.664175886483444666e-02 6.672443283768578204e-03 1.764880299023631194e-01
-6.574874682573972340e-02 1.545530823210129572e-02 -4.738096208305285495e-02 2.008426182016491424e-02 -3.058585008534384433e-02 -6.695337247914315282e-02 -1.287547921189346745e-01 -7.128923924283379898e-02 -9.144845534852731606e-02 -1.387586020500118644e-01 -3.338489693202748715e-02 -2.105674584168047980e-01
-2.174508459476419062e-02 -3.516167556804002808e-03 -7.920421537015664981e-02 -5.019162022965092257e-02 -5.215886936300295762e-02 2.798321400303931464e-02 -4.181964792999391667e-02 7.666768150442423296e-03 2.733371621301874943e-02 -9.716750994498359051e-02 1.072909941665572131e-01 -1.513083570154160652e-02
-8.123516932437874205e-02 -2.697618245936977965e-02 9.380388232774483637e-02 6.821491710396533625e-02 4.384585362932158503e-02 4.310936997194495662e-02 8.139270313108314114e-03 -3.779972904651283504e-03 3.287103909302683397e-02 6.606064710878777058e-02 -2.320895121175165290e-02 1.821236198765677772e-01
1.893114210668218611e-01 -4.381642056582537442e-02 -8.654195231218442252e-02 3.893211007198619372e-02 -8.554691058498213596e-02 -1.100985183475608475e-01 -7.955070452421698912e-02 -1.637850367792663756e-02 -3.736826261036149677e-02 -9.852115865228351643e-02 2.425679607522362655e-02 -3.724196908462890782e-02
5.037934792388686772e-02 7.570500258043330599e-02 -5.299054245648560091e-02 2.482273226114251746e-02 1.057035399264153047e-01 4.504429400839300018e-02 -2.356472118220802325e-01 5.029966102350549341e-03 1.425452810394688130e-01 7.117347920371523695e-02 -2.403852396604696032e-02 -1.537483405104568372e-02
-2.976669847480936312e-02 -3.439096978600261062e-02 4.520521693778248307e-02 -5.635390448214974354e-03 -3.459917763808666169e-02 5.190675957433208559e-02 1.098293899391749456e-01 1.581326210644139474e-01 -2.015362351586091113e-03 5.901784453594437901e-02 -6.342387939392354380e-03 -3.199369601927056633e-02
1.642603100620546597e-01 2.915933333745143047e-02 8.345894214793189714e-02 -7.245087644066007526e-02 3.610618481884510234e-02 -1.185137846063522571e-01 1.045836833584577602e-01 -2.813619141276594085e-02 5.335572511531865014e-02 3.257235093002349563e-02 7.890860206807409627e-02 -6.376282501549811188e-02
7.387814626477856583e-02 -7.050580909799858409e-02 -4.069717582617378426e-02 -1.493698303709258546e-01 -8.093962786032869727e-02 1.371193873499054194e-01 -7.596324947333338296e-03 -2.629918670132259592e-02 1.807945543668885297e-02 7.129178181148536353e-02 -4.694258721565686826e-02 3.060616856391711396e-02
-9.681438728629696011e-02 5.285134164228424275e-02 1.208177848760983719e-01 -6.932589177543120595e-02 -4.961568765756853294e-02 1.242123802747853029e-01 1.503679287972159162e-01 4.980445032011158318e-02 -2.141210245237386983e-02 7.351235526000630960e-02 2.714714410691968297e-02 -9.201859921266162048e-03
-1.450940918108083351e-02 2.442857441523262063e-01 -2.306440504659584400e-03 1.307687171111037230e-02 8.021856695173898433e-03 1.459282650208760801e-01 -1.035305638683026025e-01 2.846884815837560576e-02 -1.316941059890680277e-01 3.913077429846174154e-02 -1.029145258647515271e-01 -1.274683547384535820e-01
-7.349701759228027820e-02 6.816622716737646970e-02 -7.420654846549909478e-02 -1.408177690338190124e-01 5.253043675142597679e-02 -3.219442839570293285e-02 7.531692682690342699e-02 3.235021085234140309e-02 9.805063054056211910e-03 -2.127230535322373883e-01 -3.814802414926329183e-02 1.330489196155863474e-01
-1.532388947195882922e-01 -9.034920471859930746e-02 1.923586532832347873e-01 -1.084361252204365106e-01 1.694743040074136731e-01 1.602093561263425170e-01 -3.736743261697181295e-02 1.421796642930847621e-01 5.039522709788014226e-03 1.836535841194931323e-02 -9.106412819607137554e-02 -5.484754563320388271e-02
-1.187954896831689977e-01 8.131788657376876062e-02 2.962465465466837880e-02 -1.008465554463677805e-02 -5.885106422775562840e-02 1.496470686260047422e-01 7.306387023427719785e-02 -5.181686199558801359e-02 -1.627468574474680019e-01 1.023091099023226008e-01 5.498332161858909134e-02 -7.224578077820527529e-03
-1.426189092358989274e-01 -9.231128419122103246e-02 1.143512686211070432e-02 -5.557083483075152958e-02 -1.122549119425417935e-01 7.068400576674871427e-02 -7.561159364374570035e-03 -2.051100626809930147e-02 -8.889706595791256605e-02 -4.982062477371129033e-02 -1.343933725813882818e-01 3.482276410710220121e-02
-1.868358870128922558e-02 1.018952525370085682e-01 8.270405644121223143e-02 -1.114623898048513057e-01 -2.089377863409449740e-02 4.468668474036664034e-02 1.752443178006476325e-03 -4.228823914043947779e-02 -1.425688228301240368e-01 3.396714505338222553e-03 -2.474932757654367890e-02 -5.689406482209590638e-02
4.353960444925528833e-02 4.778359451192327328e-02 5.030768687823018726e-02 1.681574701541587585e-02 7.796548765351764276e-02 -1.595971917015166497e-01 -7.174990139963823010e-02 1.219758109593046397e-01 -1.413704202137864019e-01 -1.643984798104627595e-02 -2.790572719668908339e-02 4.419157952230817060e-02
7.898326574802971844e-02 7.738229515572303541e-02 3.282614264076968991e-02 -7.471090968203581220e-03 -4.052775565599789354e-02 3.711166762430911231e-02 -1.762531021354122457e-02 7.359561783748753971e-02 -3.923094206710796283e-02 -1.032051769172992878e-01 4.473043939791338658e-02 4.256613675618458464e-02
-1.619275215093895492e-01 6.599121845018587895e-02 -5.325691495200286785e-02 -1.247843990782457474e-01 -1.977475578750592378e-01 -5.215295049078825379e-02 -1.144134642696209708e-01 -6.870666320668834814e-02 5.066296730261700410e-02 -8.954000299836030463e-02 -3.289747415017476445e-02 7.731532236134201763e-02
4.209668195116635786e-02 -9.376911859708422781e-02 8.572593071774175025e-03 1.441272707060944035e-03 6.784861338700921840e-02 -4.347357815252384655e-02 -7.958483835016989805e-02 -6.152954741708534930e-02 -1.419342045577658140e-01 1.599694030954414148e-01 -2.057299558860313793e-01 1.004225643697324727e-01
9.636797202939897944e-02 9.962833469029971911e-02 2.467717493917153185e-02 -3.225921554594988333e-02 -1.309457135379673842e-01 5.378771445192626760e-02 3.632468037126732052e-02 4.279863831335222607e-02 -7.534030568759285396e-02 1.553458029566125512e-02 8.913143147318608461e-02 2.305213804492321425e-02
5.008259122398942692e-02 -1.275291725079140126e-01 9.708978366676995764e-02 9.173133406035720305e-02 -1.135042554615513094e-01 3.449331065786235412e-02 1.570015358295065722e-01 2.740151029697186422e-02 -1.144279503413307836e-01 -7.637771193125440783e-02 4.164756979300388712e-02 -1.648301587637785934e-02
-3.719631899176633477e-02 1.115720125944667518e-01 -1.506584529022665132e-02 7.007604261662338241e-02 -9.224217943144751800e-04 1.392618760284006774e-01 3.377279751130986274e-02 3.695299378828455997e-03 -4.969930131427684195e-02 2.918014559763818655e-02 8.285376913910363905e-02 -3.715664595976248680e-02
-1.329136534654429790e-02 6.723536446785838283e-02 2.218599215890529677e-02 -1.236988165866600015e-01 -1.369274697525008425e-02 7.808151028987925235e-02 5.127686637655258506e-02 -9.353210711590341508e-02 4.640666284792047125e-02 1.017705073621125028e-01 -7.757553458347893338e-02 5.892586679832096525e-02
2.042526857254678418e-01 -4.605800280128780760e-02 1.548331841459719190e-03 -2.095648302895680992e-01 4.452757530838998001e-02 7.128343673874223962e-02 -5.101659226953020321e-02 -2.297826412682268601e-02 5.254952377696105528e-03 7.923878415208727988e-02 1.327401155865562399e-01 -5.843912972741551089e-03
-1.293516672096831077e-01 2.670640565945735234e-02 -1.319429276469491659e-02 2.940323392656091911e-02 -6.708394452631481764e-02 -8.153555262833794837e-02 -3.165984359186332919e-02 -2.761705538761518794e-02 -5.805707303175612621e-02 5.003429717898274370e-02 3.570017806594959903e-02 -2.288365905883282259e-01
-1.401888347195106577e-01 9.447024128110067739e-03 1.153125563987663915e-01 2.594964232115764494e-03 1.998350376325883429e-02 -1.171818668441230449e-01 -1.296616720225436115e-01 4.487526098770656252e-02 -3.889310849932982317e-02 5.001384822105050393e-02 1.323151085574437169e-01 1.319909287940151076e-02
-2.084409216410921910e-03 -5.966284017268678325e-02 5.155270827083076324e-02 -5.567393161639472982e-02 8.575278198332873802e-02 -1.036632267185807754e-01 2.688743065987082848e-02 3.530170587674921062e-02 7.790761936576569291e-02 -1.469751907607308727e-01 1.528969006610587109e-03 6.515281472789484496e-02
1.187488228105161858e-01 6.347093867360073527e-02 7.637752219720064795e-02 1.388363030665841491e-01 -3.666150592009684295e-02 -1.814198210160207214e-01 -1.798311185216111274e-01 -1.146920612556623226e-01 -1.215369940826642979e-02 8.971768656787167118e-02 2.001780073099230714e-02 -8.516626996474079003e-02
-4.078818909752767591e-02 1.147740482361918890e-01 -1.568227131411266961e-01 -3.471749165861922476e-02 -6.945349692981366008e-02 1.601231571477198037e-02 -1.192510871869628536e-01 -5.723567957403759981e-02 6.061468997470086106e-02 9.868071910307561756e-02 -2.949125385284500842e-02 -1.129586603071313783e-01
-6.428542259854361229e-02 -1.168345320377434104e-01 -2.547977080571933381e-02 -8.069097510071669699e-02 -2.992829999729252829e-02 7.848437263041707634e-02 -1.388723296576352684e-01 5.289365975964275407e-02 -7.559565152735063520e-02 -3.464631414305811147e-02 8.121407665458127423e-02 1.480418226680770277e-01
2.414019971880334778e-02 4.653938604032805369e-03 2.906114893563390908e-02 -1.744592406105661408e-01 1.439184836660979128e-01 -5.160491711622908900e-02 -7.837095646039977936e-02 5.608026806967836980e-02 -2.937154867236737438e-02 -6.935924811846906970e-03 -6.277760321733807936e-02 -7.317532193005120422e-02
-8.900176042569676871e-02 3.987174622028553245e-02 5.338925577297720659e-02 -1.277014114850924253e-01 -1.635888545968944008e-01 8.011010817771860304e-02 6.056113036918917697e-03 -6.463563973555756792e-02 -1.716917380489752648e-02 -7.967736259792455866e-02 -3.491859791175321720e-02 5.430661261483085006e-02
-2.748150895635948290e-02 6.577735638942269758e-02 5.033051424695500486e-02 -5.486083854905476204e-02 -4.782357171183904132e-02 1.249726035417606657e-01 -8.215287012656145860e-02 -3.468170726606616822e-02 -1.822116378187621788e-01 -1.338792212084545519e-02 1.134840344415969926e-01 -2.163680512107025652e-02
-1.432362306946356467e-01 2.581014844026797289e-02 -5.220463737151574690e-02 -1.955084031207357520e-02 -1.416553036387277822e-02 -4.334482519220411029e-02 2.181081394993343581e-02 -9.976907691986959190e-03 -1.411589541418478873e-02 4.376458389524211234e-03 -1.454472897059544759e-02 -2.578712849596921305e-02
1.085614721380990244e-01 1.763619196682439660e-01 -7.700574768519227731e-02 7.312585992711002902e-02 -6.248305170817667308e-03 4.890023602213106751e-02 8.380811461308997068e-02 -4.798506445900977552e-02 1.643807341889959306e-02 -7.762538989454932647e-02 1.164142813003811797e-02 -4.584231743695189008e-03
-1.312533146080175905e-01 1.383316335219439593e-02 -1.340422492801429145e-02 1.764226651818065206e-01 4.965179778744645278e-02 4.433922151726892719e-02 -1.893041586941342780e-01 -3.484767091863760075e-02 2.725773582345061147e-02 1.040715823655585653e-01 1.103192599670380913e-01 -6.917811808034858567e-02
3.257750912613954081e-02 7.709890953425138811e-03 1.501246622515308229e-02 -7.751798351365667139e-02 -2.151700040100384612e-02 8.615122067294689323e-02 -1.410326182434143150e-01 6.289806863403732407e-02 1.174614242359218888e-03 9.743372717197705535e-02 -3.841703511039740865e-02 4.575888983824522721e-02
1.981324568610096440e-02 -5.908285900945716568e-02 2.260895907791933210e-02 -2.790565000339782081e-02 2.878688755455868428e-02 9.820225047824837628e-02 -1.446241407215080044e-01 3.362070504783717245e-02 -3.957671025240308560e-02 5.619463260273265676e-02 1.945726205883877361e-02 -7.748352108343005418e-02
6.219495985396705090e-02 -2.383231418882454655e-02 1.337744799192566551e-02 1.127471862811604136e-01 -1.287643512755621278e-01 -2.502183397477300217e-02 -2.095752246946258890e-01 1.027539129395543122e-01 1.171464920843931362e-01 2.128141739764286000e-02 -1.989480395644514441e-02 7.739444499681082112e-02
1.059839520708000526e-01 2.963784088167194936e-02 3.854622389192355336e-02 -1.071381519044930647e-01 1.444610425561241793e-02 1.021440898451959345e-01 5.527818805823114801e-02 -1.656328762766688945e-01 2.747350563628921105e-02 -4.004485603513548847e-02 9.282994305281809522e-03 -1.601476165416527708e-01
-7.324264087820442359e-02 -5.007355429066717017e-02 9.549512738975660109e-02 4.846513817442104494e-02 5.100399856558146539e-02 1.663066620846304633e-01 -6.251367621090020421e-02 1.547713669491386224e-01 -5.645498992538983130e-02 1.369769412944656095e-01 -5.409015930991942916e-02 3.304274412070144079e-02
5.703983671980326214e-02 4.192677563989895967e-02 2.278228164876744052e-02 -1.589162200718146345e-01 1.406513726229689232e-01 -1.416265854921226475e-01 5.810260227954180956e-03 -4.810390930884050203e-02 3.459072708992466660e-02 -3.249176235770864091e-02 2.051856979033149855e-02 -2.318992756016483581e-01
-4.779823239008385710e-02 5.167854122768473363e-02 2.978784896446790443e-03 -3.795506570383139905e-02 6.577901493283992707e-02 2.980915350933374328e-02 1.740842658719239655e-02 -5.244522171933883176e-02 -2.581466034764868384e-02 6.648470474301333699e-02 7.916817215039925748e-02 1.049548918294023435e-02
1.945275434375066115e-01 1.267888850860428296e-01 -5.706284570099609543e-02 1.243474004912258485e-01 -9.371471501705759544e-03 -7.075156751505673469e-02 9.094557367484630561e-02 -8.970093608594993662e-02 3.842196592116017828e-02 3.567830173237827168e-02 2.157494588108061981e-02 -6.666026303260674628e-03
-1.361214420207853548e-01 7.828967808066869538e-02 -1.663796377172597693e-02 2.650886358300382634e-02 -4.898913783061446814e-02 6.716214334313952254e-03 -8.388790657063788930e-03 1.590606535256636894e-02 7.736043952229558485e-02 4.678814579669488688e-02 -1.601882786450048099e-02 -1.265842928991643863e-02
9.451222576618931864e-04 -4.170066060584824014e-02 -8.747197228787086457e-03 6.557553462973302050e-02 3.861572700975890449e-02 -2.435344411581816595e-02 -4.291724433872544375e-02 -3.014784550539134286e-02 3.049286246001831763e-02 3.792935037408984994e-02 -1.299840173304790159e-05 6.419354594356747878e-02
1.026532615634538070e-01 5.866010933580287356e-05 -3.499183737827507579e-02 -6.202013406637568727e-02 -1.820761334373629733e-02 -9.085669420898609405e-02 1.047728428500630318e-02 -7.637121969357145435e-02 -1.358357780441541707e-01 2.338714849772154103e-02 3.650774220024923661e-02 -7.416240591269769589e-02
1.570087906771560071e-01 3.355893135210320094e-02 1.302404691295774332e-02 8.547294475715892792e-02 -1.318543721039568128e-01 7.423788963566810284e-02 6.389724006353623975e-02 1.795592209413445937e-03 -1.164142065717582580e-01 -1.434404798915110343e-02 -4.736628564822623760e-02 -9.638444254628301955e-02
5.577721705785334411e-02 1.173689330018895249e-01 -5.320511683489659305e-02 -1.010982461585811648e-01 1.039364340567080630e-01 -2.834861218960213133e-02 1.444271894740850326e-01 4.390711922782016691e-02 2.891030163333632719e-02 -1.930565107098307365e-02 8.063024967268070387e-02 4.969196392565562032e-02
9.100425815508813784e-03 9.293903827282345986e-02 -7.155701051774424060e-02 -1.242550475904150020e-02 -4.862335350903382314e-02 1.294237981629562002e-02 5.573634542185315621e-02 -5.820555797100884082e-02 6.068909258600523049e-02 4.599876484137565419e-02 -9.554063319729596757e-03 -6.595520389907781611e-02
-8.586703038624848849e-02 -1.477023386116752823e-01 -1.860012632329644325e-02 -3.884913125514009163e-02 2.127348768339168764e-02 -9.285299173553708194e-03 2.030606316383144067e-02 -8.051563299065657431e-02 2.111261140206038139e-02 -6.068622295132317102e-03 8.835531824003373114e-02 8.220834748444806606e-02
-4.958425320982459000e-02 -7.110527088006690644e-02 4.984426485953656789e-03 -1.117914692475914101e-01 1.202018410861539766e-02 -1.965792453663597547e-02 -2.581743978152129665e-02 7.121311819682522859e-02 -2.901517781098850168e-02 1.234912068401580049e-01 -5.955284027748335846e-02 1.443003290127646727e-02
-4.073385160634978436e-02 -1.969109532673268131e-02 4.727130470190574196e-02 -7.745820294319384625e-02 5.137689230270448514e-03 -3.929876614214328906e-02 -7.201104221579858466e-02 -3.022945316472494190e-02 -1.112486310306930043e-01 9.860683031133514465e-03 1.212097642360520644e-01 -8.255826148162902223e-02
6.210693220969604883e-02 7.845810953344103944e-02 1.451816641909817705e-02 -5.224091974139388056e-02 2.034164605959843872e-02 6.214505179086510234e-02 5.551949200816100327e-02 -1.151705897587329691e-01 1.155096208992158896e-01 4.361963351433603003e-02 2.229254423315979450e-01 -3.637003062935751513e-02
7.584383321508453291e-02 1.920067678781242626e-02 2.459809393337963057e-01 2.744695065537097745e-02 9.763728187391441937e-02 -7.954918648912684409e-02 7.793348251426561457e-02 1.266441677843135327e-01 3.253400235234453920e-03 1.322043931556529384e-01 -4.302797879223913685e-02 -5.335136224206015604e-02
-4.060734189092438801e-02 -2.586847649218069339e-02 6.889487781393893728e-02 3.058151072011906779e-02 -1.321842594655739112e-01 -1.636494554126121173e-02 1.812256756248608464e-02 5.641432435582284695e-03 -1.042202173005335603e-01 5.963240029187199392e-02 -7.983860127252900840e-02 3.039454739428875882e-02
-8.221975483304094778e-02 1.953765802437935906e-02 8.604404315215519183e-02 -1.221979460486774111e-01 -2.547716159789699744e-02 1.261705259176012506e-01 2.934808896731798400e-02 9.180774349007580701e-03 7.558540025017702890e-02 2.508719985795265228e-01 1.454249039341146132e-01 -5.212402348083699372e-02
8.778693330759100404e-04 1.352563432152130950e-02 6.740526756308684586e-02 6.374007335964169962e-02 5.172606223880461818e-02 -1.594861185051687363e-02 -3.592240074540912088e-03 -2.115411396201703417e-02 -4.211469628815535382e-02 -4.382908767501094566e-02 1.867250776503608933e-01 3.104199971123913424e-02
1.008156986998530458e-01 -5.727325092529416545e-02 5.219847345163756980e-02 -6.966230621896642161e-02 -6.968367314011213176e-02 6.780031079827145146e-02 7.342627113093101732e-02 -6.427508337517386094e-02 -1.214377757152631104e-01 1.584016295726116963e-01 -3.950263981307935816e-03 -5.112692406303342291e-02
2.797035778324418187e-01 -1.789558703853772748e-01 -9.293577056554633287e-02 2.268454270172515913e-02 -1.958307474620521738e-01 -1.941215291138119747e-01 1.012957375375022825e-02 2.058272502444326024e-01 1.252372213678556445e-01 1.164498673034503745e-01 -1.539265743252310470e-01 1.621250768227470718e-01
-1.048801708764038609e-01 7.036385396456554253e-02 -1.000530616565576680e-01 1.834802955134725438e-02 -1.137832092756095453e-01 -5.313039978570789808e-04 -1.768672396403407066e-01 7.873410688171107730e-02 2.295275000992442332e-02 -5.834066201705740556e-02 1.694879043604151647e-01 4.552281477565173901e-02
-2.764066274681378221e-01 6.042466225500451454e-02 -1.454436589286668170e-02 2.447812212031240820e-04 -1.770372221715501952e-03 -5.439838454218490736e-03 -7.082191823638940564e-02 -1.515331573591193748e-01 -6.330727449742730439e-02 1.268719562132109707e-02 7.116154819588312551e-03 -6.001213418791668391e-02
-1.165272259642547992e-01 6.262398098320276496e-02 1.461413067253119757e-01 -1.291069986803273506e-01 -3.568545840861507557e-02 1.016580076848928038e-01 5.090579467862398066e-02 -1.674937396030277137e-01 -1.094350715419871861e-01 -2.319648827010657027e-02 2.203076858630499332e-02 -9.145228922298791197e-02
-1.077480712724906142e-01 6.331289652939015022e-02 -2.640561090591283730e-02 -1.111514319602061734e-01 4.948234874992347987e-02 2.653398741612881737e-02 2.627030828026714893e-02 -5.562228438813249937e-02 8.339513270880981322e-02 -8.756447064615550946e-02 1.060870281003568616e-01 1.080555494323162807e-01
-2.301344290735889489e-02 1.877839463495395433e-02 2.205795718663084923e-02 -2.458403101378114908e-02 -5.262678927061477385e-02 1.291618331303110989e-01 -3.301767759478234365e-02 7.072338590044470463e-02 5.584822240440952268e-02 -7.938234086185769200e-03 1.110851579926455390e-01 -1.050140178980698974e-01
6.257696268715493004e-02 2.782496243639489414e-02 7.214216999905717631e-02 8.941868383798999564e-02 -1.042674040285905684e-01 4.688805479512362512e-02 -3.164177374890732308e-02 -1.338235367434296476e-02 4.167696967532949492e-02 8.637477274139525318e-02 9.919287282052535737e-02 -8.601879380453568424e-02
-1.140602122575126998e-01 4.378075220011237029e-02 1.335251504744445483e-01 -8.531688580048342463e-02 -1.249722494900862707e-01 -2.662550240034953011e-02 9.532337489200258529e-02 2.101332443830667904e-02 2.240678510906402021e-02 -1.387054976546113830e-02 5.014108251637270502e-02 -7.552785724164103043e-02
-7.232874406653633237e-02 -2.739710777058471103e-02 -3.033932794605304420e-02 -5.498874554280145516e-02 3.556188055170085571e-02 -6.185735958465359702e-02 -1.105654381772143285e-01 5.345919322624657216e-02 -5.597440545719833960e-02 -6.170511906116544348e-02 3.554312008906607839e-02 1.409283257366832354e-01
2.740867292912482212e-01 1.551847992797522890e-01 1.414951402503487332e-01 4.161374621245338828e-02 2.972221972868225107e-02 1.212049045205242093e-01 -1.757945145345561067e-01 -1.681319530973631737e-01 3.678766565216896878e-02 6.431977941875617610e-02 -7.834586980335217499e-02 -3.300157246503456210e-01
-8.248925778959695365e-02 -3.824450158615529637e-03 -5.766471532434683939e-02 -1.750876507088007517e-02 -1.187720735765250141e-01 2.456224209099481387e-02 -1.366834543003083054e-02 -1.391961483621138584e-01 6.005697637958534729e-02 7.667528096716783037e-02 -4.240714930355617140e-02 9.195692532857971391e-02
