-1.838825401417602645e+00 -4.755404652033652924e-01 -1.327008066817169984e+00 -6.057922318239200576e-01
1.628738421562413663e+00 1.371064374104201455e+00 9.810928332455643996e-01 4.505909128404404496e-01
-2.465947971168635788e-01 1.148228497761007438e-01 4.676395129779886695e-01 -9.203147807861318253e-01
6.412109116922926066e-01 3.725196072877678399e-01 9.450205251812725527e-01 1.002376808083695225e+00
-8.979016566790641862e-01 -1.115885039760583730e+00 -3.713266567804251461e-01 -8.465361003892597491e-01
-6.443492153726247326e-03 5.225936513713252962e-01 -3.875542227094643244e-01 -3.276376320365116390e-01
-1.531110199538087357e+00 -9.826112984583924570e-01 3.350856448705989976e-01 -4.851689068737694011e-01
-1.518560195413561076e-01 -5.224111842193469579e-01 -9.128382568402058084e-01 -2.380260448295184184e-01
1.146586457638085532e+00 1.184017649387477000e+00 1.774742971787912182e+00 1.559459084081848135e-01
1.219551191946554702e+00 5.000775460424258245e-01 2.417399143707832029e-02 8.574868860219613254e-01
1.447768559111784481e-01 2.788423540117956900e+00 3.176419727384454661e-01 -1.896463910330230263e-02
-1.012017513599898777e+00 1.485896868360820244e+00 -2.522686456505287000e-01 -9.443462646603208999e-01
-1.048291184354408490e+00 -5.881360207373313997e-01 -2.086882557122756929e-02 2.406307886021277487e-01
4.846500820596055803e-01 1.107037975110398254e+00 5.729366709085669251e-01 4.342808446090004604e-01
-4.116081140799526805e-01 -3.443904461354261315e-01 3.473724624389978310e-01 6.071290664606631138e-01
-1.468743263515801756e+00 -3.520319258167148302e-01 -7.877430878959165717e-02 -9.575987790675396516e-01
2.691358074953169657e-02 -9.640720518967579311e-01 -1.228271141609257044e-01 -1.368108239769328938e+00
-1.347229524467241424e+00 -9.084865162242551362e-01 -3.029602754926021824e-01 1.240743594204755246e-01
9.461683721394562041e-02 7.050773211621505498e-02 1.338473937665601854e+00 6.561764350460936868e-01
7.215904274669353580e-01 1.306503380916070212e+00 3.203331417788363167e-01 8.862411719412603972e-01
-3.864024233202870695e-01 -9.466002302151431680e-01 -1.544063392654035471e+00 -4.321638604939649353e-01
-1.482749684685247038e+00 -3.597657016095269777e-01 -8.600185633547265118e-02 5.050615544648926480e-01
1.135440341403499975e-01 1.274719326095123395e-01 -6.579770941296658737e-01 1.105636736762159789e+00
-9.808131238347376213e-01 -1.123272342720384787e+00 -1.220503214942372461e+00 3.617423234150130562e-01
-1.041369663881226648e+00 -8.133018618301969260e-01 -8.929884286977711749e-01 -1.102510823593283673e+00
4.026656109654849214e-01 7.273548629648950437e-01 -1.017050401763888584e-01 -2.741110859570402014e-01
5.788054751230898853e-01 9.817334663282123453e-01 1.222236510516086172e+00 1.082931117016901812e+00
-1.582461238255412850e+00 1.272260126537469560e+00 -8.419052840271182836e-01 -8.365754147920846373e-01
1.283087209009822871e+00 1.226528961838008330e-01 4.765379349151381838e-01 4.246223183402181300e-01
-2.663000982472313871e-01 1.520160326608946511e+00 4.859914536418964426e-01 -4.253500676882169262e-01
