1.632021053935198251e+00 1.820218776209783229e-01 2.284121057645139174e+00 8.941116872998285947e-01
1.561465798403478100e+00 1.965293376599520858e+00 2.008150638671367005e+00 2.738123066225241597e+00
1.788373883115349283e+00 4.945165520754503108e-01 9.753458682717661699e-01 2.148050763389012463e+00
5.555669293529571506e-01 1.330243531800305634e+00 8.199900729465701144e-01 9.604647425418638695e-01
-9.037425928937136144e-01 -1.461642778869917336e+00 -7.571427380078971092e-01 -1.099658950027206483e+00
-1.526472078041342773e+00 -1.155978802152631824e+00 -2.434236302616343273e-01 -1.085918680052981866e+00
2.828575607358925659e+00 1.043107141235272595e+00 1.610134369400486820e+00 1.682592871251965772e+00
1.099252938814696767e+00 2.374979064317449540e-01 1.175244558578366905e-01 2.538655683794674545e+00
-2.054559650233566792e+00 -2.751476014160774142e+00 -1.179778252308518960e+00 -1.267715399451763369e+00
-1.880525464793002310e+00 -9.016550671701432096e-01 -1.781508721437596199e+00 -8.381412709859773491e-01
1.267621964436353110e+00 1.365856143621270169e+00 7.604818887390556448e-01 2.777690159474648812e+00
2.271033208059634489e+00 9.822135402056143549e-01 2.306328062249982214e+00 8.375089817967175110e-01
1.305667073782494247e+00 1.980840524602036412e+00 1.252521714453861623e+00 -4.136182363571076492e-01
1.677225627521914175e+00 2.488697504465801291e+00 2.184282574364650564e+00 2.783625094778990228e+00
-9.667100158495707252e-01 -1.444975883769605174e+00 -9.076994939540645735e-01 -1.131119066461577782e+00
2.533152442525287373e+00 2.256574265210743224e+00 2.258787939036715819e+00 1.752050013606759826e+00
-8.793864461015409306e-01 -9.456400991916070753e-01 -9.518167946737630114e-01 -4.916080826324008557e-01
5.261795617571418671e-01 -1.730743013971593358e+00 4.163837169266532134e-01 5.556554726748431650e-01
-2.232844987618020749e+00 -1.107541408175139797e+00 -1.975877099326255770e+00 -4.585606983253707192e-01
-1.338381951961764016e-01 1.408425200337083405e+00 -5.881125587427347146e-01 -8.817573909225238094e-01
-2.334044618699800733e+00 -1.744750549234274528e+00 -2.110510372361192211e+00 -1.181520846832443850e+00
1.464508277112198442e+00 1.941302504139938101e+00 1.290917014132403562e+00 -1.816103355639250849e-01
-1.159739178649322744e+00 -1.776577241231581228e+00 -1.546226294666424250e+00 2.288472669282646255e-01
-1.465311012467185536e+00 -2.382057203947511859e+00 -1.563814048770916898e+00 -2.354104518906510179e+00
-2.858690827006748592e+00 -2.457489067130735005e+00 -2.281738752943457627e+00 -2.100155545404641888e+00
-1.116188618813369837e+00 -1.455651637833502487e+00 -1.217288412583590773e+00 -2.280361695636182517e+00
6.293617640641748778e-01 1.906339183651919678e+00 1.004914848992957355e+00 1.442738754567856274e+00
-3.036744278883625747e-01 4.917361694875370115e-01 8.679262651292470876e-01 9.319343649159655962e-01
-2.541059153647639235e+00 -1.072199762377459953e+00 -1.072124957419164248e+00 -1.814349425844090424e+00
1.900352489833406322e+00 4.304249725184507852e-02 8.404958409667298014e-01 2.063403241982330272e+00
