-3.158144245494170360e-02 1.648122880068426596e-02 -8.542667454481098210e-02 -6.602264385680496617e-02 2.356152836973840828e-02 3.576681215888759518e-03 1.083718124635291019e-01 -6.901414114580349535e-02 -1.151890781761413102e-01 5.758101726432181267e-02 -5.528499135949528631e-02 7.440319015027470340e-02
-1.217668350907125108e-01 9.504526929660375711e-03 -6.511447852969305672e-02 -1.938352143979138187e-01 -3.156031899252909750e-02 -5.529804513494830653e-02 -1.260289250759682733e-01 2.009311801869929359e-01 5.302235004999272805e-02 -4.014904864041048127e-02 1.141743020039739064e-02 -3.408858793786118807e-02
-4.542713760690465785e-02 1.277868420075664035e-01 1.431765595618400035e-02 -1.109872492698086438e-01 -1.149214758166536635e-02 -1.155866217999881596e-01 7.116030985137007658e-02 1.004328101021485960e-02 -7.872756978503987757e-02 6.054478125709511493e-02 6.056391561446441973e-02 4.032704545936913881e-02
-9.604585350870345484e-03 1.141759985927979226e-01 -9.519318028054496450e-02 -9.697482363086144808e-02 -3.303966101152541052e-02 -5.035876196018020112e-02 1.234473482679890460e-01 -1.747361433473827025e-02 -5.013209496989815862e-03 -1.245659119619293466e-02 -1.181401849989072855e-01 6.747076141260426041e-02
3.103992597915874660e-02 1.625265886102024090e-02 -4.607003336443448761e-03 -1.813613983687820952e-01 -8.327731923582712414e-02 -2.305776509645858230e-01 9.250931091084453606e-02 1.236697828189367993e-01 2.250957848749934528e-02 -1.115154382237827368e-01 1.969968747411294727e-02 -2.012866003659666836e-01
1.988159943204569416e-02 -6.875057288712394660e-03 7.570870433075427286e-02 -1.624238672071630363e-01 -5.827722980896112709e-02 -2.283189833425443016e-01 -7.355964727468721105e-03 -3.007781087314369967e-02 -3.548947761691648162e-02 3.780850442817502988e-02 -5.495595409387887820e-02 1.239999389948621619e-02
5.191193431805962710e-02 1.850395536063894134e-02 -1.095522256188725396e-01 -1.260508812009096258e-01 -1.419840033245553523e-02 -1.187831373471006924e-01 1.984668970627441117e-02 1.083144517093401898e-01 2.183934943366914669e-02 4.010282048964500246e-02 1.642388275147214083e-01 6.206537133096975273e-02
-5.481742748226947626e-02 -4.670287093381344373e-02 -7.966067647608340851e-02 -2.221146819905085168e-01 1.748431946855442121e-01 -1.750365145010012724e-01 -2.767998622084850632e-02 9.144880024645844763e-02 3.183020610447055698e-02 5.964432256782531416e-02 -3.929554040661746572e-02 3.243666116730797855e-03
-1.803377861321403264e-01 -8.762293231881344846e-03 -4.282195937505885869e-02 1.014789622194264967e-01 -2.372325608549608403e-02 -1.070436385056269812e-01 -7.946312901273294357e-03 8.557564000654198366e-02 -4.935215791023178644e-02 -3.087796083691054030e-02 9.328690956234164666e-02 7.042688884155877405e-02
-2.126052706700366224e-01 -2.268501251541200567e-02 -1.721867238899312327e-02 -1.138974999323938281e-01 -2.483217410746706502e-02 -1.149376709330350299e-01 1.000772123156798282e-01 2.960948541999966488e-02 -2.188640573692257965e-02 7.633619522432250060e-02 8.060589270083521468e-03 1.252659007725466234e-01
-3.665975823119659027e-02 2.232850665546691829e-02 -1.943075776160573254e-01 -1.051845667548270552e-01 -1.479499394266979226e-02 2.890990453995243362e-02 3.933906946979225799e-02 1.396404945404627375e-02 -6.619540629950441957e-02 2.992526027404228536e-04 4.882644654360696057e-02 7.160142003824281065e-02
-9.908152763716576716e-02 -5.005147999032304867e-02 -1.528297272041145849e-01 -7.455372906272995925e-02 -1.242736055075822077e-01 -3.179324864382177679e-02 1.015249066887512625e-01 -3.039067251755520754e-02 1.416187727465056077e-02 1.379624648196980663e-01 1.185034461795076155e-01 3.058353041342918091e-02
-1.309806785056512324e-01 -1.091825261316916040e-01 -9.904661318935420455e-02 -5.898003024819768042e-02 5.902473264276515003e-02 -2.097069849552936627e-01 6.903169432784765636e-02 1.241542895139101793e-01 -7.372838174607830586e-02 1.008650520989586297e-01 1.176757101804586959e-02 -9.179334821637495645e-02
5.514921064294289396e-03 -2.239862602130817879e-02 1.689747028987691191e-02 2.785897840704604569e-02 1.060700919249526475e-01 1.150404758173356398e-02 -1.057102703008391820e-02 2.228845149683778004e-02 -1.059048198341137476e-01 1.395729743104930738e-03 1.243533287287936495e-01 1.247078416739645992e-02
-5.341236710626542927e-02 9.758053320013754250e-02 -7.885439335677593697e-02 -7.119725862441379782e-02 1.780491759335300558e-02 -8.900720932448569211e-02 -1.637632267137103803e-01 7.919707051527542785e-02 1.331570984187541162e-01 4.246174186685093555e-02 8.729102651907433286e-02 -1.904119127590239158e-01
-5.044264970524325875e-02 -1.363499431748861901e-01 -1.537163188892444743e-01 -9.559950022933856595e-02 -6.627058051364811964e-02 -5.868449776001215257e-02 -1.461893799822823817e-02 -1.090644218542079352e-01 -8.836420893805126131e-02 8.986470960375145256e-02 -6.736388333056674525e-03 -1.991415621459072596e-02
3.068525588227736731e-02 6.827553670176870690e-03 -2.551733389184587253e-01 -5.747317629142855572e-02 1.434233122206821087e-02 -1.705402454348244889e-01 -3.504322602078068644e-02 -4.610892418174504515e-02 -6.250178627402495912e-02 -2.236697970806216310e-02 1.827929854713130076e-01 1.325614332580850319e-02
-1.113498335923901184e-01 2.141897857177105582e-02 -1.664748873122214312e-01 -1.112065461886354439e-01 -2.302646317219915820e-02 -8.857762475306876770e-02 -9.820743708098336744e-03 -2.802523387463103088e-02 2.324547799573842624e-03 6.422085486253978348e-02 1.036079131926459507e-01 4.275925857375383748e-02
-3.446661852494289913e-02 2.325127947287432550e-01 1.270122075816088603e-01 9.995450688242833726e-02 -5.252864580898320215e-03 -2.020110056350463701e-01 -2.331092539870640093e-02 -2.963783142870072412e-02 -1.059081383918486670e-02 7.162847564375901532e-02 4.497889594004060576e-02 6.476450622033499277e-03
-1.597572661594743593e-01 -4.842496783654024611e-02 -2.849317492859407275e-02 -6.622872343729992173e-02 -1.545137849850246603e-01 -8.756734563551055173e-02 -3.399406605183822455e-02 1.256982481685443298e-01 6.525200073176387790e-03 3.246396148120382630e-02 9.168904107190331554e-02 1.250372226311552704e-01
-1.243865741333436969e-01 1.388460366523877609e-01 -8.626257957463942527e-02 -2.135618400303047337e-01 1.195421872784388842e-02 6.513239037296553180e-02 -1.994748294941233509e-03 -2.259148577665365948e-02 -1.283421456430898777e-01 1.078288597437977447e-01 8.381503024726350004e-02 -1.168119982643004290e-01
-4.528581774418387329e-02 7.435031981013917601e-02 -1.210395583359926697e-01 6.484573552017829090e-02 3.086954743910186663e-02 -6.066782598615531874e-02 8.314739585136070310e-02 -3.037951527055589990e-02 -1.188263055548309660e-01 -1.140409584912900343e-01 1.457473248703605173e-01 -2.091046812103305660e-02
-1.235238966903500490e-01 -1.580076641060110254e-02 -4.215439321839459935e-02 -4.180086648999314231e-02 9.477537938424476782e-02 -1.668173765120703478e-01 8.851383307926445621e-02 -3.588953963150756654e-02 1.284945673703768998e-01 -3.863355002306226305e-02 -1.616595971586721678e-02 8.109219368090551938e-02
-7.078247631581933638e-03 1.545318252582631446e-01 -1.040858136621237440e-01 -1.151044081787434420e-01 -7.100426453040689992e-03 -1.021921177369684575e-01 -3.681664788893407488e-03 -9.313609365547639504e-03 2.500518700659084548e-01 1.495011377542081743e-01 9.502522765055412823e-02 7.799648418499964542e-02
1.931295487683516374e-02 9.471728345078253564e-02 3.771034727646980361e-02 -1.386977429824381713e-01 -3.608758064876669419e-02 -7.782234824422587516e-02 -1.377837010690758646e-01 -4.795275349378219643e-02 -8.947846561627080531e-02 4.250079046965601903e-02 7.506143711737778279e-02 -8.740705997883416178e-03
-9.251468938574669565e-02 5.572207322471442806e-03 -3.741344509797756707e-02 -2.370075619844169423e-01 4.422582421877611220e-02 4.578583682035577106e-03 8.865358974844302076e-02 5.844273439731746678e-02 3.847295848623211167e-02 -3.788113526896449978e-02 -1.226647866058258075e-02 -7.421206815562042883e-03
-1.053449046088337782e-01 -6.802736308023146772e-02 -9.809342679200697135e-02 1.299876473359471915e-02 5.337057072905460747e-02 -1.687772905795277834e-01 -6.240989492270661992e-02 -1.137144069602216839e-01 3.992388242930469677e-02 8.892599454742354179e-03 7.605796491301849982e-02 -3.155518671843592776e-02
-1.052947066935275011e-01 1.593071173852302416e-02 -7.811118130247420195e-03 -8.876410257886786781e-02 -8.746936422398440825e-02 -7.718776356481271694e-02 -3.691303065743922057e-02 1.960572236237893839e-02 2.450426751812501483e-02 1.005168918060003573e-02 9.735486404884316491e-02 5.751277641379202304e-02
-7.959720867210465234e-02 1.127966908488019782e-01 -4.479788624581691053e-02 -2.071377127601840284e-01 -1.085144366604411104e-01 8.035566879615962943e-02 -2.568518050513807563e-02 3.576958076905660533e-02 -5.872183087407821002e-04 -1.558794619439634876e-01 -1.010028799144532807e-01 -8.206008213032313370e-02
-1.925511333950772064e-01 -6.678069524284477310e-02 -1.206325484816326010e-01 -1.889950386425084117e-01 -1.432383325598385881e-01 -1.514208879321349843e-01 -6.285569370470638073e-02 -2.236416741233350925e-03 -1.876436110666558979e-02 -3.510273870604403712e-02 7.361874562605474903e-02 -8.241071267619137775e-03
-2.478245447173702820e-01 7.464086949867260179e-02 -1.129657050022320752e-01 -1.690945273341055433e-01 4.970310265557576629e-02 -1.025028302165311225e-02 -1.419930165116287113e-02 1.518494718810025901e-01 2.400833987458796462e-02 -1.847410631374900650e-02 8.692474599381977418e-02 -1.563368109341948808e-01
-9.479223469369443822e-02 1.243730433548125014e-01 -1.148967856095075343e-03 -1.810907307993639137e-01 -4.554588168280843813e-02 -9.471964757516251887e-02 -1.605843871318373417e-01 2.650544995133501548e-03 -7.316398674176015360e-02 1.444684157330558827e-01 2.064666146621128504e-02 -1.631332290586648762e-02
3.502925982440398267e-02 -1.332411063717091615e-01 -9.984036797867268387e-02 -1.092526481058916227e-01 -4.596174641402219624e-02 -1.793161579606508127e-01 -2.369861163970540460e-02 -6.298909727107616929e-02 -2.423208490943159002e-02 3.830738794787727497e-02 1.329129999817415808e-01 -3.420466776672616976e-02
-3.546643682569551592e-02 4.226021530902892426e-02 -1.088149684982568921e-01 -4.544873917837371352e-02 6.323567106423669260e-02 -1.759956354944159918e-01 1.277920159564502334e-02 4.465866126355552690e-02 1.275000782574807756e-01 3.898832136591595318e-03 7.549856613873834332e-02 2.792984029663044265e-01
-6.399320445005750313e-02 -5.588377621057553229e-02 -9.690611708881824438e-02 -2.742571666026614660e-02 5.164394368977146682e-02 4.677877726344199620e-03 -8.132713536462700399e-02 1.304501315068417877e-01 1.884637325138109956e-02 -9.365583466937639837e-03 1.207707212677492925e-01 1.728471858489186164e-01
-1.572942702774569879e-01 1.035495361620517030e-01 -9.076364360878733106e-02 -2.122435125482553253e-01 1.261851335247964334e-01 -1.538250769113629068e-02 1.422815982357892098e-03 1.557018586089597700e-01 -8.766343124442375900e-02 -2.034366877648664251e-01 1.284005435780380677e-01 -1.570397978725847077e-01
-3.008807851196994634e-02 -6.817573327748746581e-02 -1.792451057766805689e-02 -4.783196624174055472e-02 -1.464330564938794155e-02 -1.167376233447510181e-01 9.884401037586450223e-02 -2.925384859285035111e-02 2.194714602322397554e-02 -1.213395143505992431e-02 -4.798227341162399073e-02 -9.520124484687576827e-02
-3.709847229521047451e-02 1.014618322447558285e-01 -4.727216047676356149e-03 -2.127137285366622818e-02 -3.755462955606689041e-03 -2.236830774366358465e-01 8.473009764295265367e-02 1.492789901711665534e-01 -2.947786631629034995e-02 1.884990827589241580e-01 -3.344102933856088478e-02 9.174271915473224126e-02
-6.284534301482624929e-02 4.239698483027446591e-02 -7.898221455239429201e-02 -1.144641582990757606e-01 -4.339359305534411931e-02 -1.642329009333144407e-01 8.100605175235393862e-02 3.435681511145843858e-02 5.007504789319133787e-02 -1.480168705409136420e-01 6.293894152072202743e-06 -1.068313699467867556e-01
-3.623752389012542541e-02 1.000886961440061729e-01 -2.359680554566525035e-01 -4.112657099321258974e-02 -1.920504451516858446e-01 -2.692974562859680177e-01 7.176859275333784260e-02 1.026255595332962491e-02 -1.765261133102257254e-02 1.899788842195147820e-01 -3.512100438671464375e-02 -5.934564788253248596e-02
-2.490176497378521550e-02 -1.356184025293338258e-01 3.660442942589216958e-02 -1.162776409203264277e-01 1.293147003861676025e-01 -4.803108671503508557e-03 -8.742227052393876374e-02 4.157182381890638101e-02 1.255345719935146986e-01 -1.351862626400170131e-01 -4.860312780456649273e-02 1.351249563326735736e-01
-5.645337734748978598e-02 -3.649365049171455350e-02 1.650812290298372398e-01 -2.314536158223692575e-01 9.414119918012256449e-02 -1.889893410697116374e-02 8.628309634480148260e-02 -6.177398542674693294e-02 2.524533983073106932e-02 1.827721683596339811e-02 6.124186411539220276e-02 -2.841581666972773923e-01
-7.605518542502170964e-02 3.521741538521271780e-02 -3.860713617921434498e-02 -7.896003148922624282e-02 6.800277115993161314e-02 3.794901276691896308e-02 -6.166086909218106843e-02 -1.040591076711880753e-01 -8.596112833732307001e-02 7.234384472394791987e-02 1.157486666682331911e-01 6.129755428747988427e-02
-1.080270686531828450e-01 -3.556006148645910608e-02 1.040409450888290510e-01 -2.542358869111664421e-01 -3.368593838301390392e-02 -1.502152173864440554e-01 5.148560528014060195e-02 -4.120417742397175509e-02 2.099614723704417707e-01 4.205525353558357826e-03 -2.578862407052591801e-02 -8.938315020853730697e-02
9.072903381508094431e-03 -2.249345502349673828e-02 -6.159666071700030951e-04 -3.797527716505730982e-02 -6.884229130122591911e-03 -1.344661921084832137e-03 2.890593361560800031e-02 -1.965455197547621713e-01 1.030294688816347365e-01 -1.965651240573007899e-02 1.319203263530911163e-01 -1.130714267295748615e-01
-8.554959764307543124e-02 -7.895275294081813278e-02 -1.172964092304850103e-01 -4.473921781422771776e-02 6.771690729067061931e-02 -1.632685697007418280e-01 -1.639115507875444633e-01 7.772619596906278627e-02 4.627869909802140302e-02 -7.458115350083246997e-02 2.400119012792851225e-01 -3.918466647390413810e-02
-1.249478934407215192e-01 -1.088661370825295405e-01 -1.304774785405757830e-02 -1.334635097365732270e-01 -1.281776798434933889e-02 -1.542256995281713339e-01 6.823769529570460068e-02 3.143805327679222161e-02 -2.889564884622712951e-02 -1.310871968763419881e-01 8.011742904072141624e-02 5.043591510268503192e-02
-8.755867117157636881e-02 -6.495215999011589095e-03 -9.156795989312330186e-02 -2.035530610426717624e-01 -9.857214799509220193e-02 -2.153181273463478096e-01 1.222371499133288048e-02 1.260055700010842029e-02 7.392313658623030082e-02 -5.899713597662088749e-02 -1.319340902873212228e-02 -1.238299498960451356e-01
7.173416100539539708e-02 -1.845965638587716492e-02 -1.910357506918756720e-01 -1.322294021420253596e-01 2.077512034352709328e-02 -7.559660036661003391e-02 -6.277716652789694374e-02 -3.393813299050586763e-02 7.004811802036141344e-02 7.934461139035769994e-02 5.321243375264136932e-02 5.777267226236015157e-02
-1.767994398578683068e-01 2.436934639177620876e-01 -2.285694036272780671e-01 -1.993042065174080169e-01 1.183259984664870590e-01 2.493298810443016489e-01 1.332316263074768969e-01 8.026770562906447581e-02 1.422191428313001604e-01 7.038766576617132634e-04 1.250270625018337078e-01 -1.110974692619022403e-01
5.909680412008122552e-03 8.650306617625383443e-02 -9.271377851626141919e-02 -8.383926649388591390e-02 6.802305000351480113e-02 -3.821852349310402019e-02 9.363784223964531639e-02 1.278036755638669308e-01 2.345309175425450490e-02 1.313811627933200998e-01 1.550650489644670449e-01 2.104812279764920260e-02
-1.353442056465928023e-01 5.829152739132439226e-02 -7.526780452018955181e-02 -1.539842196291806020e-01 6.636495082233292986e-02 -3.033533877362783269e-03 -2.529832114720722072e-02 -1.245895960107975681e-01 -5.803980706662835443e-02 4.963364257080317421e-02 1.768319396951068545e-01 -2.220222759230442225e-02
-1.719229355551029348e-01 1.894047623823937390e-02 -5.250057474979587940e-02 -2.560592310938867092e-02 1.138817063786130290e-01 6.254590940150856447e-03 -6.196954136968705479e-02 -9.744892387310356840e-02 -2.382930224577451198e-02 2.492402069823440938e-02 -1.537282080105195972e-02 -7.385156963915197326e-02
6.963709093831774166e-02 -6.638990869386418581e-02 8.419032214782959378e-02 -1.363099936080566232e-01 1.119978988333274889e-02 -1.465921907387384149e-01 -2.353792909887099938e-01 8.893689186519081191e-02 -1.121277145448839468e-01 1.404413927739917543e-02 -7.570168079142175488e-02 -5.380933999283787211e-02
-1.068001111422202387e-01 5.278356607940138528e-02 -1.022093197195176884e-01 -2.162158562205007406e-01 7.097501012640413873e-03 4.163780226613761348e-02 -2.444683625534261814e-02 -6.746292359308207753e-02 -2.014634034747919396e-04 5.045613642569489465e-02 1.913625106785158195e-02 3.995338855023872898e-02
1.395359804354154576e-01 -3.218615312843724902e-02 -8.778586516127276362e-02 -1.098735727031799753e-01 -5.273687369408564668e-02 -9.622145204928947426e-02 -2.054376972771103718e-02 8.830398185995387561e-02 -8.499851515859070672e-02 2.964362147845242892e-02 1.961288824901725181e-01 1.019461430180370193e-01
4.402311167994976682e-02 -1.434634698086096893e-01 2.975893286843611998e-02 -7.501283389105543875e-02 -7.322894198385004882e-02 -1.015293114265711782e-01 3.444875275277698573e-02 1.283611208477501188e-02 8.179658102365487682e-02 7.074315321466026485e-02 6.669285323203674731e-02 5.784571592984536631e-02
-1.470137125691021451e-01 4.681149911251745316e-02 3.541892271177409998e-03 -1.453408573494142375e-01 7.451968123024185764e-02 5.845531112934931883e-02 9.554795563308733641e-02 8.186297402977484039e-02 1.874846963133810010e-02 -3.921766488201017253e-02 9.041498141295525870e-02 3.769126046999354135e-02
-4.179310111149925344e-02 5.962895841125562951e-02 4.746526921386647752e-02 -2.496399485989269362e-01 7.045473727019527233e-02 -1.465501163866084755e-01 4.923175583634962355e-02 -2.040227209458516516e-02 3.469787616042996348e-02 -5.118393049574000708e-02 -8.942205883934054023e-02 5.449035879317788364e-03
1.209509498219695223e-01 -2.967626946777124700e-02 3.169450587115140577e-02 -9.530961637156738081e-03 7.464988429462218744e-02 -7.941721981139861523e-04 8.714338286857768734e-03 -3.189268623188983021e-02 -6.732565045728926278e-02 6.148422722055822687e-02 6.124933578762925546e-02 -2.983904407592908800e-02
-1.690571401542200480e-01 -1.534990779110588233e-01 -1.582051309206068956e-01 -6.637433278914318946e-02 2.203324686261408719e-02 2.633343166555366082e-03 -6.072046903079762227e-03 -2.297232197953010674e-02 1.770163796818972624e-01 3.887452749049946643e-02 1.431003853642861534e-01 1.215676234151519403e-01
-1.428016238493159118e-01 9.730281578177069068e-02 -2.116703292653641655e-01 -4.672484808619300350e-02 -1.661456125506334258e-01 -3.305539959770461417e-02 -5.323971413124511248e-02 3.240596431607456040e-03 2.924700661497213125e-02 1.415080651420612401e-01 2.001603132525615614e-01 -4.562488069253043538e-02
-1.638231265332364128e-01 4.383953321420887006e-01 -3.468303935791705594e-01 -3.271657798916096094e-01 -1.657287386155690267e-01 -1.373697310402618998e-01 -1.593393311683200253e-01 -1.341459309575502579e-01 -1.049682872849545950e-01 4.607727692621483295e-01 5.261928637617936666e-02 -3.121766300084352630e-01
-5.218072375540785957e-02 -7.141359010418860120e-02 3.817407397125272689e-02 -1.081037497105226813e-01 7.242283311960873160e-02 -1.479211877519259200e-01 8.602788328561812581e-02 1.314592245949385875e-02 -7.034503124108272554e-02 -1.482743060124737944e-01 1.690019361018924582e-01 -1.270155320858543657e-01
1.017800236961205196e-01 -7.501156691233054619e-02 -1.197983304798090898e-01 -1.198766387758624791e-01 2.863998285177528011e-02 -7.104665857369532600e-02 -4.869302331622361174e-02 -5.350306465111415166e-02 3.574515506360445571e-02 -7.492096946032697491e-02 1.675149589317375121e-01 8.653394225740160955e-03
-1.047233824206978137e-01 5.960744478863517354e-02 -2.099408528986808076e-01 3.142644344568610443e-02 -5.470177719086338070e-02 4.689064848906224214e-02 5.411498023547602759e-02 1.341575318372117132e-01 -5.631802683711265023e-02 1.156930664315358459e-01 9.152803152703570255e-02 1.151358488903441862e-01
-2.806885039861075071e-01 5.147822504919038339e-02 -1.749253681862580345e-01 -2.386670175098171420e-01 7.553892691533536929e-02 -7.549610187082944623e-02 1.332095876951131311e-02 -1.078984582665803472e-02 -7.426533282354989829e-02 7.313016239904387983e-02 9.087655021887106055e-02 5.227646171424866345e-03
-9.128212951105091344e-02 -7.135043936314147683e-02 -1.619269603081043840e-01 -4.119974031698015599e-02 4.590987238152002131e-02 -1.901071078446750842e-02 1.272607622961989971e-03 -1.002308034265679965e-01 -2.202574677526377145e-01 9.580431668235181442e-02 1.014065844106519509e-01 -1.972179286740924700e-02
-2.532439220595788520e-01 7.451838720686435047e-02 -2.006185065292104275e-02 -1.504270838534899346e-01 -6.825456778922167622e-02 -7.910909007618552313e-02 1.336319273085943143e-02 1.069300991146296259e-01 -1.192261899107502771e-01 -3.468421325476997094e-03 9.996647823819868051e-02 -2.298487297730076873e-01
-1.866335800720373694e-01 -1.611511044983205965e-01 -1.329016924383089604e-01 -7.330005356678843953e-02 3.120895022066986005e-02 -1.371624556058340660e-01 2.500299334178762364e-02 8.975331115078978572e-02 -8.175488432787901549e-02 1.199863256277116097e-01 1.956500515542919025e-02 -2.437614178906790871e-02
-6.890844514419092182e-02 2.883734570715448461e-02 -1.785241603815691802e-02 -1.956552152121582011e-01 -8.768299632006176791e-02 5.738531156254829402e-02 1.045706306760607190e-01 6.122958214396920229e-02 -1.522989013818155761e-02 5.967306300040101097e-02 7.577579895854871794e-02 -9.749284769655731930e-02
-1.426650337983723371e-01 9.729062603594554326e-02 -5.739506078043588727e-02 -1.979709192477569768e-01 -1.247698501060885354e-02 -4.118208495965294813e-02 -7.339658216314063656e-03 3.846892589712017085e-02 -6.169675935689811208e-02 -1.645078205367815280e-02 5.127494597586046421e-02 6.676097284140906918e-02
-1.441231708555115454e-01 4.227413540948683074e-02 -5.541532280271636683e-03 3.280732343308193771e-02 4.832032213981914820e-02 -5.407580460362008436e-03 -4.306656967945877296e-02 1.729255831735008464e-01 1.427451775025534997e-01 4.828020128916185594e-03 -2.213446408043870037e-02 -1.312205818320953399e-01
-2.746717822950328972e-02 2.428573537423077758e-02 -1.190381677855998077e-01 1.745425170956009173e-02 1.902320802011259540e-02 -4.671137512918853429e-02 2.864257881403274933e-02 -5.066428669569805754e-02 3.077855473376981885e-02 1.985166012850781911e-02 -2.562356855909616107e-02 4.645417224400241046e-02
-2.401868587551707901e-01 8.841453359209541785e-02 -1.621664177908900828e-01 -1.285735593589179548e-01 -1.364922511621306442e-02 1.318288441445118406e-02 7.468966082565013653e-02 -4.456286574431018999e-02 -5.065237401507668470e-03 -6.328893374874193511e-02 5.145590915825891398e-02 3.220116574687552358e-02
-5.725843011144098049e-02 5.655996156261144242e-02 -1.223463281662602875e-01 1.031550515048892946e-02 1.419547666382996454e-01 2.096038442487078383e-03 1.507832883498088153e-02 -5.140180626479493031e-02 -1.131762550453150468e-01 -1.442476102462778298e-01 8.670552278209983643e-02 1.119553289595317386e-01
-1.518348926559570933e-01 3.184600784135136614e-02 8.891236990536470833e-03 -5.988807413789421635e-02 6.529785998948003933e-02 -2.591948087841832934e-02 -8.342253858141686351e-02 4.382221062435706638e-02 -1.202545883697768297e-01 2.245920407124066612e-02 -2.907512505292787330e-03 -1.491118655457777664e-01
1.071384658766350029e-02 6.110376897668910040e-02 4.575329803669605372e-02 -9.543265741878960429e-02 -2.669575017863059022e-02 5.158881635768616802e-02 -3.380806771628023372e-02 -5.988836883429080049e-02 -8.317896016721131047e-02 -7.513478654781582944e-02 6.995182641821656722e-02 3.482950615114898535e-02
-7.743122899150911564e-02 -3.622050026842921905e-02 -2.163795463484270432e-01 -1.032229666382468297e-01 -1.603749608512572769e-02 -9.223199628044784215e-02 -1.167919791007230451e-02 1.931630299884047053e-01 -6.300999732480207227e-02 3.012475897523464105e-02 1.224866241982864624e-02 -1.065228028851370329e-01
-1.481205037331742302e-01 9.447506401353630845e-02 -1.652975213522419051e-01 -2.817227631734729384e-02 -2.295469259763443515e-01 -1.448711746811314205e-01 -1.506992545689787855e-01 -6.609172090487087925e-02 9.284343636999105309e-02 -1.074133227847157701e-01 8.616959059558998435e-02 -6.008371599959405271e-03
4.738648341656333252e-03 -5.004348377746737492e-02 -4.555348519067368290e-02 -1.147994445834605720e-01 -1.169270138160928840e-01 -8.351194581966750463e-02 1.212702902249142983e-02 -4.818007279428135337e-02 -9.401788335519652151e-02 1.158028642802562957e-01 3.528169187845855981e-02 -1.897878125719527076e-01
-2.644786228327480546e-02 9.884438730189792910e-02 3.060820701184645970e-02 -1.960139422243251939e-01 2.198295522522312681e-02 -4.989547589444366139e-03 -1.487693573949207954e-02 1.189526501478952863e-01 -2.435221283068196227e-02 -1.521777926018254290e-01 1.343327964042802074e-02 -6.143017559134884148e-02
3.229651116698814550e-02 1.447108278787085922e-01 -4.748553376590498171e-02 -8.617200486672850490e-02 6.398744233578473883e-02 -5.423706664118858878e-02 2.684797437751821822e-03 1.563614665923403202e-01 -1.187677883812248564e-01 -1.121034286540811553e-01 7.428796968556605762e-02 -6.091442379329398485e-03
1.476814039798167999e-01 3.966477462850248603e-01 9.415132452985716660e-02 8.498609250996001785e-02 1.546849873564566380e-01 -8.325440333317990493e-02 4.129919845964670211e-01 -1.388895717421299685e-02 2.054118471946193014e-01 4.838542782019902844e-01 -1.318838592458165815e-01 -6.551404395944638859e-01
1.111684802351125545e-01 -5.215851789122514237e-01 7.385482937082887833e-02 -1.223176709131280765e-01 1.834232048649192884e-02 -4.864851991267316045e-02 -2.793823365774477097e-01 3.721425504611530211e-01 2.467732662477477648e-02 -2.186829138297101960e-01 2.044062362463202609e-01 3.019222978652038036e-01
2.139795303609865196e-01 -5.000822090732239822e-01 -8.582043758874374761e-02 1.487260016641924268e-02 -2.374245659950318874e-02 -4.870998799099388044e-02 -1.332985947906713819e-01 2.178984497642028895e-01 8.761037664370913483e-03 -2.371856643422205757e-01 1.061277302169869596e-01 2.017128673281294304e-01
-7.562555488978206508e-02 -5.579065098372839593e-01 4.781470561590008689e-02 -6.785868392945575145e-02 1.487491355758510103e-01 -6.363087927814263522e-02 -6.882448736045009008e-02 5.021265075970188230e-02 1.468251585944503335e-01 -1.896929426780764316e-01 4.838552428487490065e-02 1.741721399425150141e-01
-5.315875243245735127e-02 -4.648020651008561988e-01 -1.575914319048815626e-02 -2.003271965406439314e-01 -8.983853775848690826e-02 -3.939797565874141039e-02 -1.123322788165623948e-01 2.966037663639196631e-01 5.569174997694048557e-02 -2.564962598633717117e-01 2.338274687415625164e-01 2.045580962090616239e-01
-7.038758647341997188e-02 -8.764582990380164525e-04 -1.356586017959694468e-01 -1.055269874729032192e-01 6.315549754589788733e-02 -1.147023243893862676e-01 -6.884836535361836540e-02 -3.102426078777681395e-02 1.425918184454249560e-01 -3.758557589368924368e-02 1.578931423916613563e-01 1.608841348402150206e-01
-2.508525955292877432e-02 1.074646432588119774e-02 -5.862552391410221636e-02 -1.570914275243428249e-01 -1.258447451875055190e-01 -1.910268974166071665e-01 2.737620308847429351e-01 -1.125157910008864476e-01 -5.597275574101481799e-02 1.046016239211880750e-01 1.009436204997569975e-01 -7.146840355800322675e-02
-1.883432263730063505e-01 3.980125421170644523e-02 -2.669063274176062261e-01 -1.946127760388832451e-01 -1.879140059165425036e-01 -3.401216727973811471e-01 1.207580882540120887e-01 -3.810802958068280899e-02 8.719886966262295480e-02 -2.994399833429512055e-04 1.697994867925302076e-01 -5.242346622885208501e-02
-1.333311852841385925e-01 1.815559990122662601e-02 9.864180018513205028e-02 -7.469166591703667313e-02 -7.329481095286577430e-02 -1.511572475294530316e-01 1.565184636164681786e-01 -4.499795255774184655e-02 3.732707703684819134e-02 1.612258099580606355e-02 9.459497156223486969e-02 6.751957472186485842e-02
-1.787713036737005046e-01 -2.093248518155331125e-02 -1.762118606825424094e-01 -2.093209843114175739e-01 6.641476992392703060e-02 -1.578370944754841632e-01 1.891267860035247550e-01 -1.353058817585823526e-01 -6.101215243948496236e-02 -6.015241558426186186e-02 1.734112677020612781e-01 -8.052531697505142805e-02
1.030145716706271086e-01 1.394446735215253697e-01 8.387286476673029567e-02 1.825851284540809527e-01 1.034316565209653788e-02 3.480781437363215935e-02 -4.629148014253726268e-02 -5.931600427465089087e-02 -2.159652620994705757e-02 2.222216056470681378e-02 -9.731152462131527348e-02 -4.588921414371822244e-02
