-8.290731732674330168e-01 -1.544526818475547847e-01 -1.552603893331372109e-01 -3.279012301398613327e-01 1.396131698845866353e-01 -5.479908038543171989e-01 6.024697272738699372e-01 -7.024876570364034789e-01 -6.675483428641253436e-01 9.418747572753920494e-01 7.766864211869637380e-01 -3.131785521335084810e-01
2.354873710272805121e-01 -7.620620159746377409e-01 -4.506879860564593776e-01 -5.269768401170474847e-01 1.500926136540954747e+00 4.802844708217281489e-01 1.508852408318367699e-01 2.638790483324263692e-01 -1.241269032268183109e-01 -9.046057324889689166e-01 -1.714638299169501598e-02 6.623593070844842334e-02
6.555263595466728210e-01 3.916719083457664841e-01 -5.411971689767586940e-02 4.543659996480493568e-01 1.717480691781030078e-01 1.415482473950189501e-01 -6.375589561734003041e-01 3.662849188063927418e-03 7.633059662468293372e-01 -1.643808673954306188e-01 -3.048629850769012384e-01 -9.361690880435336037e-01
-1.412766606194524044e-01 -8.973758565261779063e-01 8.285511371726151930e-01 -7.371637533399847397e-01 7.233041260963946062e-01 -4.154492824883629365e-02 2.595110503726893447e-01 5.629961079340023433e-01 -3.021465398573923711e-01 5.217138426402863072e-01 2.619004420293956081e-01 -2.835171810498123834e-01
3.514749508513144161e-01 1.573995892187471268e+00 8.358691030878941941e-01 1.504602023081461071e-01 2.207792141391038132e-01 1.830506182428348894e-01 -1.026430937265611076e-01 -1.637379649684454375e+00 2.446394651701511713e-01 -2.372703925038593675e-01 -3.006705614191817338e-02 -9.613006085263916534e-01
-4.420009750764143375e-01 -2.860956140288972160e-01 -1.415053516513965770e-01 1.033167543227741403e+00 1.466522397651829346e-01 -2.914794959703627675e-01 5.575662935556217198e-02 5.743456750289993584e-01 -1.976348561558616823e-01 5.521890714697952340e-01 -2.483726828148974212e-03 -3.336670645434641758e-01
1.198285445489403467e-01 -1.637406202181010684e-01 1.611630094289075554e+00 1.202564842725483141e+00 8.011773901589878955e-02 1.070033881998041281e+00 -1.808858670154029347e-01 3.714697269048284345e-01 5.332245729769437004e-01 9.685816087244100703e-02 -2.972104709425609226e-01 7.738813690585594207e-01
-4.817353522411502720e-01 2.443094875336714877e-01 1.022200445662016399e+00 6.051391655377008627e-01 -8.935613127516783827e-01 -2.476252826640551186e-01 -5.029853334567552930e-02 -2.704326630914486440e-01 1.286779912315489660e-01 1.313041637872245371e+00 -1.869731001063191789e-01 1.059079029546832890e-01
1.082287526891676510e+00 1.733713469244282102e-01 -4.591835023539089233e-01 -8.579115549939830832e-01 -1.222596104957081320e-01 3.472877477851338823e-01 -1.184097754725015328e-01 -5.163100437733992853e-01 1.972507407386171752e-01 -4.430215532944060119e-01 -2.458495171659765277e-01 2.784843706413105968e-01
3.201745786038362462e-01 -2.692487548184930857e-01 7.791699293192332065e-02 -7.331808329040350181e-01 -4.654020226616483596e-02 8.407878890400932725e-02 -2.702247688309673546e-01 -2.098631914835931700e-01 2.688692436790347529e-01 -1.820624937165281065e-01 -1.709555941076941754e-01 4.862314462016786298e-01
-6.672345710916895156e-02 -3.376559905098692194e-01 2.505256499445213669e-01 -4.389517674772197009e-01 3.173583833659115450e-01 1.571636428121447188e-02 6.688288770109676040e-01 4.482072985751840433e-01 -6.037240413749551671e-01 1.368691936803764497e-01 1.307559990414200457e-01 -5.763162683448036505e-01
-1.888754311491736837e-01 -1.148233501460709460e+00 -1.807205323676056574e+00 2.462946063796960794e-01 -4.430790364065791964e-01 3.130021277208308028e-01 -2.174884707642138482e-01 9.578776055826948577e-01 2.610262932227773169e-01 -1.362811395816503762e-02 -4.300258857125358047e-01 -6.411460356352996492e-02
1.471325744230663757e-01 -1.077936347506640136e+00 5.543767350931065874e-01 -7.749600189715327714e-01 -7.119199468096550909e-01 -3.112295191653762227e-01 -7.102849534543831389e-02 -1.957871803801008448e-01 1.249756863552640290e-01 3.140715670314967456e-01 2.693915348488810646e-01 1.153542325060422868e+00
-1.172649581948653069e-01 4.326718190673655706e-01 6.302113671919347127e-01 -1.727672356350946625e-01 6.653009262494365139e-02 -1.108181527402327893e+00 1.518971443080930628e-01 -1.286929562873602828e+00 8.495629152702867393e-02 3.495086530380304701e-01 1.630895554524253166e-01 -6.041286453929362033e-01
-3.843247598722017710e-01 -3.956447977409417727e-02 5.725940992870384161e-01 -9.250086995061969075e-01 -3.459539149812251857e-01 2.371474021549067335e-01 4.871654511247788255e-01 -1.877104378616605840e-01 -7.238233594319570807e-01 1.614434278917783738e-01 2.840327564036895236e-01 2.324325172776298132e-01
-4.880201750481233947e-01 -1.906477891930035556e-02 -8.741185715227592357e-02 1.214586300374267180e+00 -2.893264706877348713e-01 -1.928730978662895335e-01 1.103783379850683116e-01 1.553922818163522845e-01 -9.524884348724267646e-02 1.343742603826048321e-01 9.874061124019062330e-02 -3.524200049574576776e-01
-3.751834856583991518e-01 -8.901117336372910138e-01 -2.523958128098539033e-01 1.640884834283369009e-01 -3.171037612731544275e-01 -1.709662055097155575e-01 -6.625608029252690878e-01 -5.695653788552933472e-01 6.533389442905325195e-01 1.019352668575754128e+00 -8.088927790060080891e-01 6.790050102777612784e-01
2.310484273693660107e-01 2.783132098452288927e-01 8.008254043895596253e-01 2.318311016344997144e-01 2.099788262830328822e-01 3.271561496141951464e-01 2.453727710795383099e-01 1.121728339313995682e-01 -1.664904922043836943e-01 -1.620521478096774159e-01 2.161272594219647569e-01 -4.249736948882346099e-01
8.151818668067625229e-01 -4.137622711626883221e-01 6.906743644432654650e-01 1.442387289534477146e+00 9.927932240488226978e-02 3.753783476106006267e-01 -2.974723805129205201e-01 1.174497075151856196e+00 9.578480460515939598e-02 -1.200291946253952746e+00 -6.679850663284334633e-01 -7.703598737328536394e-01
-1.073822914240969428e+00 -1.880239085439399660e-01 -2.076832493985884265e-01 4.670105595274474108e-01 -1.083846753001698471e-01 -2.808071271538980507e-01 2.082286210790471048e-01 -2.234350953144706720e-01 -3.717474095714607962e-01 3.250455953647226476e-02 -1.393809040698990587e-01 -2.989095832822423748e-01
2.771927871655902598e-01 -1.088383742066636739e-01 -5.765472965791651472e-01 -9.010004095440734551e-01 6.760553176959509525e-01 6.291738566508213726e-01 -3.383233748900018600e-01 -1.392099199824547717e-01 3.682521088499901007e-01 -1.561160424593515395e-01 -4.196443130952894340e-01 -1.381051731103977165e-01
2.583839691745301592e-01 8.110674174587466645e-01 4.698638069215947954e-01 6.388866572641519470e-01 -5.721431402610455130e-01 8.677896322365352688e-01 -1.091225271277363046e-01 1.027483370220369369e-01 1.942564677522180261e-01 1.761700105370189728e+00 -3.373910118952486159e-01 4.184617240997707821e-01
-7.023815863277406146e-01 -4.448033424561786409e-01 -6.056095967625272358e-01 -9.479512909844923785e-01 1.530678179755372792e+00 -6.860949934472950762e-01 6.106475018588397585e-01 -2.717485172363208745e-01 -8.764405829634956957e-01 6.313770380607045540e-01 1.221101191971780686e+00 2.579587661908724905e-01
1.355068753903488354e-01 -6.219098302059911099e-02 -1.382659065888496519e+00 -7.429174209021115471e-01 2.130359272267007831e-01 7.235163326901765668e-01 -5.284534138679398696e-01 -1.336275734570645801e-01 3.937374542093961538e-01 -1.715570708561400926e+00 -7.963208066554890996e-01 -1.619332144610203528e-01
4.976383854646311555e-02 9.249419845217130565e-01 4.749381095431132738e-01 6.578668123801624523e-02 4.652185906133355364e-01 3.284987916575464184e-01 -5.101584699470388395e-01 -6.509159108326943999e-01 5.577820864704045034e-01 9.287365312926847416e-01 -5.941198686406741203e-01 -4.159640939307107099e-01
2.926570409767289549e-01 7.847516702489302221e-01 -1.167084196771851268e+00 -3.104693255065463231e-01 -1.713656482149851223e-01 4.163758554080945751e-01 8.309363583696217914e-02 -3.975390522048096592e-02 2.094239630897425375e-01 1.240187771921185955e-01 -5.924595962192922421e-02 4.391080139059965193e-01
7.993117305022383601e-01 2.511474567314541662e-01 6.111628205154972376e-02 -8.754791417012262045e-01 -2.813742141300674682e-01 4.011585838680570837e-01 -2.391918487627154033e-01 -6.695968471062284655e-01 8.989103651073254708e-02 -3.880692290088124663e-01 -1.772647915978024791e-01 4.461574768247575373e-01
-3.691115115933758517e-01 -1.177744097123557265e-01 -5.743431674543129084e-01 -7.447023473717374609e-01 -7.114927841518292606e-02 8.301364961846510737e-02 3.472947183594911058e-01 -8.840618703420113911e-02 -1.804358956419540028e-01 1.197236522633069455e-01 3.307502594461930179e-01 -2.604718060185751138e-01
-3.427940356151398249e-01 7.559816438049997700e-01 1.765081873810745994e-01 -5.126792158398398858e-01 -1.303306048927024841e-01 3.614246868236341004e-01 2.483855952622029961e-03 -7.593764528576411044e-01 -3.639455019745781172e-02 -4.515636645645998981e-01 -7.003941753657580427e-02 3.966498502225746653e-02
-2.615691775574081543e-02 -5.443419967221538869e-01 -1.618280424974721354e+00 7.977736365989470668e-01 4.914496285911833240e-02 -8.841600842634244062e-01 8.663894871154738109e-01 6.871521963799476218e-01 -9.169957970576740891e-01 -1.228202798856314892e+00 5.376859147531217742e-01 -5.641025354965449878e-01
-3.544026035471161129e-01 -3.109146984356068177e-01 -4.315452748630977942e-01 -2.536045131473656927e-02 3.625698575264560963e-01 1.018315111245691046e-01 4.663323974709185915e-01 1.221428245165124826e-01 -4.514613707331015524e-01 -4.832408011865106379e-01 2.822882845301925570e-01 2.755954142244255653e-02
