-1.030928563873443338e-01 1.309386321058429170e-01 -1.603237036546988625e-01 3.784416046710183112e-02
-5.868059634463734797e-02 3.343308178547449994e-01 3.310620283661704910e-01 2.110651202107228022e-02
1.012907856905135712e-01 2.471536586194080509e-01 2.699887899807016378e-01 -1.915695099103740251e-01
5.321437212461910260e-02 -6.517377500623830477e-02 1.566056054826560073e-01 9.565282894294652172e-02
1.668617856684158629e-01 -3.701223693292762795e-01 5.107183495388027683e-02 -1.429041642764580233e-01
9.780783249138615479e-03 3.827263237820646147e-01 -1.956719192049178602e-01 -2.191389581969256303e-02
-1.225007697104483900e-01 2.254831936641968348e-01 -1.437939125994621703e-01 1.277095041794666375e-01
-1.463649940476842992e-01 -5.097146465392196069e-01 -3.347615855327243928e-01 -3.310993028345840528e-01
5.141697982873477679e-01 2.019388524284473907e-01 -4.434589346775140162e-01 2.232844113988237400e-01
1.511682360557470850e-01 4.007830160795871621e-01 -1.497434588106490716e-01 -1.213531016167309906e-01
7.086705191894370204e-01 9.210603775553162509e-02 -2.833098107478054239e-01 1.297324017853846156e-01
-3.813759831459730132e-02 2.753564082171316429e-01 -8.010262622062788718e-02 -8.533281885826679569e-02
1.999411202154810774e-01 6.986955828453166040e-02 6.383865638867154413e-01 2.661130895837005572e-01
4.933885661137643042e-01 -2.136041501142351973e-01 -2.081829984459024618e-01 -4.302927652008095571e-01
-3.742894229806714712e-02 3.743688286297507939e-01 -2.134804630005332216e-01 -1.131961499323812653e-01
-3.967614302494579803e-01 -3.126231621048348175e-01 2.378395032955441524e-01 -2.803248580523405864e-01
-7.504977914951535545e-02 2.718931516943419793e-02 4.955692805855864691e-01 1.853950504366893848e-01
2.487209988151140305e-01 8.681008945468862703e-02 -2.912533889105856644e-01 -3.065916858061629724e-01
7.900590359108185246e-02 -2.602753124006216834e-01 -3.331312188309297762e-01 -3.367529760258393123e-01
3.635573749134766719e-01 1.916784131816437198e-01 -2.484592116197077982e-01 -1.362655572390292225e-01
-2.428148396927730934e-01 5.704613651801600932e-02 2.753997857026730389e-01 4.588539298616003959e-01
6.397222318422102205e-02 3.824340626889227712e-02 1.504854819218712503e-01 5.745036897661028041e-02
-3.680891855744077290e-01 8.999555750156103262e-02 2.736335462592093259e-01 -9.370651636290221187e-02
-2.478746222668863353e-01 2.827484670222304985e-01 -1.003982015704217023e-01 2.042560353639180926e-01
1.478724862488736691e-01 5.586583001821119471e-02 3.270142225381898471e-01 -2.232636246036830696e-01
-6.880231558229407685e-02 -8.512892586918441307e-02 -5.168421750686007926e-02 -1.699817243211457565e-02
1.742585581341571932e-01 -3.011400482572650361e-01 -1.913365329262607661e-01 1.657689101961898892e-01
-2.094382526459494798e-01 -2.790475663259517694e-02 -3.722729834361347967e-01 -2.946722106215541315e-01
4.897823926636957204e-02 2.064470230818188368e-01 -4.553403645303797515e-02 6.148887885775263795e-01
-1.449264956047004449e-01 7.853505644322106294e-01 -3.100081755257557640e-03 -5.136064441293729937e-02
