-2.786293418294117502e-02 1.044050981581942823e-02 9.978627867643658639e-03 -8.858513324450350418e-03 -7.914298728775917557e-02 -1.789488355643252884e-02 2.418656379882063584e-02 7.760133814893568904e-02 -1.330245400919222720e-01 1.858237307098504210e-01 -7.081431732567536330e-02 -2.130229691512443638e-03
6.895075347340598459e-02 -3.043104980805318854e-02 5.288491330290188974e-02 1.248228248751098377e-02 -1.285068781632400514e-01 7.538615796298471505e-02 -5.019772832577843596e-02 -7.938790033100506793e-02 -7.093897501277728057e-02 -2.408923371456085649e-02 -6.036162334652071804e-02 -8.150495189830678222e-02
-1.889121991891585042e-02 -8.174409893244895253e-03 -8.299229154431161937e-02 2.612314720471440865e-01 2.655815966677762055e-02 -1.211817142860803775e-01 -9.274337186566525282e-02 -7.746053484491226271e-02 -6.697225050679908587e-02 1.214452353470518720e-01 -5.066836140827605389e-02 -6.939285067856890143e-02
3.179898345274796939e-04 1.216694439762801838e-01 -8.934598171392835186e-02 4.372189726921025393e-02 4.299505148360348306e-02 -7.750481923527907657e-02 -8.428121351676723383e-02 -7.796244434533400325e-02 1.389040702450823062e-01 1.232344878462499072e-01 -2.272205448456309645e-02 5.189435991192051928e-02
2.016009612668419604e-01 2.480582057186538070e-02 3.031372462463140325e-03 1.087878080237959788e-01 1.677353900980502362e-03 3.486052709556796553e-02 -1.516304103074926982e-02 -1.854204902638513508e-02 -6.546208211521722421e-03 5.955873978389317203e-02 9.481466319236170337e-02 -1.052499502245550674e-02
1.687738299950456711e-01 -4.385583530806213409e-03 -8.799222656411266608e-02 9.441639936270346256e-02 1.672366366736640908e-01 -1.095942987516941441e-01 9.871256247412135698e-02 7.219910235095243489e-02 -1.100720306040513657e-01 6.187479063529723045e-02 3.546156588486464034e-02 -1.727588292184506838e-02
1.374978826800691556e-01 9.936909860234471870e-02 -6.123291944136113885e-02 8.357494519330960214e-02 1.309256106059859259e-01 8.446939803574041172e-02 5.561597514811442849e-02 -7.777357401385502677e-04 -2.203412271518696494e-03 2.066376285892316741e-03 -8.029297155318557144e-02 -2.196604522243146562e-02
-1.157051704395265293e-02 -7.504750490549262631e-02 8.791207139242970814e-02 8.222318513265285123e-02 -1.004576760407775993e-01 1.053440855845869106e-01 -7.304082576163552568e-03 -2.501130876725815924e-02 8.432550056997942245e-02 -1.674519056350189383e-01 -1.565186845802367666e-01 4.423815393395524875e-02
-1.158206609286589923e-02 -1.887817417965204775e-02 -1.597076696454653166e-01 5.921964445915038622e-02 -9.105788612001963767e-02 9.150790596569033375e-02 -1.613299220203526507e-01 -3.814018123956152599e-04 1.103579142532420121e-01 1.919652282653778845e-03 -3.665926264230193188e-02 8.088499115050659660e-02
-2.065574889305341749e-02 2.379609926776984907e-02 -1.058600496150956805e-01 -8.129510602440710720e-02 1.212875321605352968e-01 7.870589221412666037e-02 -2.347306875896068568e-02 -3.627837294983734390e-02 -3.854994675628900525e-02 -2.300567168028214149e-02 -1.953614765438337064e-02 -3.427694248910914676e-02
7.465979634343375415e-02 7.045117838825448731e-02 -1.189386282035453414e-02 -1.336245408427169101e-01 1.419542541791659063e-01 -8.954281945819926591e-02 2.692682069006441942e-02 -9.880587549249195134e-02 -1.488569598187074461e-01 1.036694533027234938e-01 -6.408768221543933996e-02 1.887191060195338443e-01
-4.327869658137419029e-02 4.715976728042634708e-02 4.976815847418214478e-02 2.050101533689292765e-01 3.533164181549133462e-03 -3.976453134035955184e-02 -1.219943051262100120e-01 7.693621702889437419e-02 8.981522477147901862e-02 -6.569015182680262854e-02 -1.573701467768040714e-03 7.026288621795659384e-02
1.212561818580570605e-01 -5.323827747860271353e-02 1.136380226109412056e-01 -8.070553715884613150e-03 1.871416132815130473e-01 2.294312348097437282e-01 -3.746806556600441873e-02 3.434065739711620550e-03 -5.790919484896310532e-02 9.453612311989391392e-02 2.727046639026068156e-02 3.963052917832320804e-02
-5.243215998066862171e-02 5.448378891587566178e-03 1.035982102484881567e-01 -6.224633174857072127e-02 1.063952042677282148e-02 -1.603443334421866817e-01 -6.883534319044373739e-02 -1.694077393301761103e-01 4.890863311836263910e-02 8.710587394706056918e-02 7.547232157593269930e-02 2.115088278208318573e-02
-1.546238523448797975e-01 4.227790139312168072e-02 8.337132884190197324e-02 5.215599934812480132e-02 -3.587021697563726186e-02 -5.385097349522578042e-02 -8.415261877132114432e-02 -9.632011082453093009e-02 9.614256115888548948e-02 8.235746112620050130e-02 2.677585843040671335e-02 7.599755338928121384e-02
3.457737719250948086e-03 3.552903229651188655e-02 -2.490374047004203367e-02 -4.630659241672738929e-02 9.298076078600527039e-02 8.245620159446152841e-02 1.316156190984636154e-01 1.462805342353952209e-01 -1.017551193315572450e-02 -6.956280699002789260e-03 -1.017894795372829703e-01 -2.726258657457556259e-02
1.264376572938119003e-01 7.037524064577455052e-02 8.454081831969151306e-02 -8.557126064337280263e-03 -1.180611119995528258e-01 -5.766687257273690748e-02 -1.587454703909746967e-01 9.228318628591056227e-02 9.534175651578132016e-02 2.802211557472220060e-03 4.496587306097522829e-02 9.359568684936353522e-02
-1.525995415294481572e-01 -2.803169403446609600e-02 8.970154219322786643e-03 7.083948907334641776e-02 -1.025563773798850997e-01 5.547329374727032539e-03 5.400147839854948714e-03 -1.213518585264719146e-01 1.714806248811460432e-01 1.101833119921002968e-01 -5.260985351544800875e-02 8.652896123739219070e-02
-2.884453543890370952e-02 1.850147347169753612e-02 1.685151885222867518e-01 -4.535449697503751709e-02 -1.079779927162648617e-01 3.265186775381652418e-02 -1.091560993823567777e-01 8.134359657623527196e-02 4.996276467561703433e-02 -3.355667427393649316e-02 -6.419402935522386389e-02 1.754129067519739904e-01
2.397841318442297219e-03 2.241140725464535466e-02 -9.748357316759705127e-02 2.513145186749024540e-02 -1.235243629038758895e-01 1.222861139076796000e-02 -3.946725201219615509e-02 -8.829288565983929582e-02 -1.060934897170236896e-02 -7.675050038231702454e-02 1.947702475866544547e-01 1.978298425219824908e-01
-5.199380438521825076e-02 -6.512840114472393362e-04 1.174723266877695377e-01 4.824193283788092562e-02 2.736567376266112878e-02 -5.497550046531419696e-03 1.139068764148765470e-02 -5.184914024582758241e-02 4.799467321798794872e-02 -3.895870732018270888e-02 -3.909196741387107460e-02 4.380626932454055600e-02
5.025699450209350494e-02 6.441233801953759330e-02 1.590028167403768899e-02 5.572953041615838488e-02 2.453727355205866621e-03 6.501613503755970802e-02 1.443141353953745765e-01 1.074490188811665636e-01 1.358465469574402784e-01 5.264634080504891622e-02 1.837459101338885792e-01 1.489286494228809522e-02
-1.493859318817173376e-01 -4.576712987257676793e-03 -3.926354708620924394e-02 6.143568354858953973e-02 6.692333429807588441e-02 -3.764761941383501509e-02 2.478924101990778728e-02 -9.769901347666407054e-02 4.200325506540862185e-04 8.569438777925427603e-03 2.782053896809830729e-01 -4.128365101350948280e-02
-4.561999910923143081e-02 1.335596076960040603e-02 -4.693261008648148824e-02 8.997273072905404012e-02 -4.391901761948040217e-02 -8.087667804882114897e-02 1.567298051891972133e-01 1.994287042970930290e-01 -6.022669179653972193e-02 6.263120732722587958e-02 9.183329982893807808e-02 1.005948861802422323e-01
3.745966540078093671e-03 -2.633613881807134530e-02 -7.136884563541509574e-02 -7.480450631676510698e-02 -4.709320615221826434e-02 -2.069711955753143207e-01 1.058388664746733598e-01 -7.526013353837318620e-02 2.039785947927314214e-01 1.011001160177575110e-02 7.238079915211559009e-04 -2.472174592863284406e-02
-7.379812417766468471e-03 7.856894188581853289e-02 -4.765339450726083920e-02 -2.917557135954278180e-02 -2.708651042777781171e-03 1.162948995279364794e-01 -3.556175803873769248e-02 -9.446905746436029538e-02 2.146849241236852279e-01 1.339728486354329479e-02 -1.488441384187348671e-02 6.931287200890953737e-02
9.846194371421990166e-02 3.530944901512828027e-02 -5.584974343033578814e-02 1.048606148362276344e-03 -2.176216890696727746e-02 -5.149935381068569684e-02 -2.798697920785010729e-02 -9.978083909149407238e-02 -6.945663296049854260e-03 5.681526916903044400e-02 2.187813619709039550e-02 4.139126763235168038e-02
-6.789678136667132158e-02 -4.009880378432910397e-02 -6.636080204854398479e-02 -1.313148394829488086e-01 -9.899667405068575399e-02 2.597014632495030922e-02 -1.121663900742866093e-01 4.466775915883989395e-02 3.223780584900707170e-03 -4.915238703323310254e-02 3.078426877331003411e-02 3.514971603309698100e-02
1.526540353000085948e-02 -1.842224677200710314e-01 -5.002874178562666946e-02 3.916892526270623204e-02 4.519383990690598041e-02 1.509487850027288122e-02 -5.269405161024111328e-02 -7.205987845355055210e-02 -9.499711456812165444e-02 1.576767278711561221e-02 -4.025330463988028803e-04 1.066814866418054480e-01
1.804595052381111064e-02 -2.158323101845328607e-01 2.329840954276960613e-02 -6.281958219658068110e-02 7.639279505418457641e-03 -4.813924207666582522e-02 1.357008657574007571e-01 1.315330889435229467e-01 6.811214347742620967e-02 1.180384796670474468e-01 4.559341874750327817e-02 -3.137945985928431575e-02
-1.685640237311834128e-02 1.893987891858255751e-02 -2.664806079060407784e-01 -8.914427192501264696e-02 -3.470851188380808666e-02 -8.621087274085834085e-02 2.021450100021519036e-01 5.577650541056926314e-02 -5.970602620599765875e-02 1.094762532400499616e-01 -1.333868636929570403e-02 9.784487181784578408e-03
