-1.249355950073949562e-01 4.567892678880859647e-02 -3.927860640397557584e-02 2.388376384755782136e-02 4.597509491122790670e-02 4.579327935580877751e-02 1.522273185741546131e-01 1.048284227606554875e-01 -1.199277371510300005e-01 4.819974331057156822e-03 2.289401903311566455e-01 5.943630695284388143e-02
2.062758977554297601e-01 7.966304159861523071e-02 8.691057225759836469e-03 3.517333678505311922e-02 -1.554510774345581603e-01 8.136704657641252725e-02 1.049897454832878219e-01 -1.370879433187952023e-02 -1.199517952010996716e-02 -7.573599365973426867e-02 -6.537024790676997099e-02 -5.477245068887752651e-03
4.295388411276414298e-02 -8.688259147446933395e-03 -2.648352694210878711e-02 3.952863625391440927e-02 4.527468523080194207e-02 1.492116768762607459e-01 -9.546973433233729711e-02 1.896999869857119991e-01 4.432281386743690266e-02 1.228572374990593713e-01 -5.793297044124252893e-02 -2.019485492749244770e-01
-9.634440286410281273e-02 8.071698848506575485e-02 -2.740862255714892476e-02 -1.674943182593259527e-01 7.094765957551868799e-03 -5.198529750748991964e-04 -7.450391527181746132e-02 1.787326394590305761e-02 9.806620747582675546e-02 -7.322708678857309597e-03 -4.186163523905571393e-02 -3.075385047823589457e-02
2.271902312148616279e-02 -1.215011093843165885e-01 1.382984768734086753e-02 1.163284093176503164e-02 1.268200997057634394e-01 2.358547982049611358e-01 -1.123694873803960381e-01 3.815241033469467247e-02 8.817527947886429074e-02 -8.119019982299978400e-02 -3.231376158627972256e-02 -5.373939733018573417e-02
3.472628055813158088e-02 2.135902851791154217e-02 -1.023842608091248864e-02 1.543179049997378538e-01 -5.962880806135148481e-02 -4.498195870084747972e-02 2.560855982259870392e-02 -3.551222292849483264e-02 1.256969621778866453e-01 7.847145912384215216e-02 9.653351818816111041e-02 6.124985007570676182e-03
-1.413281465964049410e-01 -5.357785645605007974e-02 -4.189015701809121334e-02 1.012644516810982664e-01 9.614825251972586306e-02 4.176624639297230740e-02 -6.065838436417562290e-02 4.859716938211273290e-02 3.960321496034713284e-02 6.397704209438195844e-02 -1.317878831836889753e-02 -4.448640085092749052e-02
-5.837100233748648836e-02 -1.701756139179131655e-01 3.755497853862450885e-02 3.340507923580356142e-02 1.869514374594215614e-02 8.336120130064787748e-04 -7.470647705236557745e-02 -2.335123741562393496e-02 8.270396798917567516e-02 -4.380464019686375332e-02 -5.984884165153870478e-02 -4.718464284664240088e-02
9.488971196753734350e-02 5.335245217375730875e-02 8.641974111283148852e-02 1.271250918700705668e-01 1.564275109242311279e-01 -1.269636694359455031e-01 -2.423485534296528077e-02 -2.160499460153939011e-02 6.024224074795776762e-02 -2.627829247682506031e-02 9.961490603787671871e-02 1.031356698604637134e-01
-1.289049320878446758e-01 -4.147826176016741750e-02 6.323118392185461158e-03 7.056747008243595409e-02 -5.738185647015315444e-02 4.212291776446490388e-02 1.850860421201319498e-04 -8.987767309648676817e-02 2.762955406385883897e-02 9.824464017832174045e-02 9.068703216524833660e-03 5.136342258594102372e-02
1.160445158868496536e-02 -1.087612905630064297e-02 1.135852916948686953e-01 1.920247061467082045e-02 -3.242940937688160163e-02 -7.133071621845568644e-02 -2.376112908693067682e-02 -7.520386395885084174e-02 8.122551392455029662e-02 -8.865619470499060129e-02 4.470435742691528797e-02 3.413956967550709626e-02
5.085000053547825138e-03 1.081224915032302954e-02 -2.316836962370937697e-02 4.646877935278313082e-02 2.670307179169834066e-02 4.817575988524911562e-02 2.354755190105991061e-02 2.647559414731862765e-02 -4.407902715464066118e-02 3.448777792905413642e-02 2.420766213627088825e-02 2.731300194744611803e-02
3.356620505449021963e-02 3.355121782962812438e-02 -8.106528086798692190e-02 2.914078134772622036e-02 2.096519474130484686e-02 9.371701927186346093e-02 -3.353574340821610655e-02 -1.242257794060871584e-01 3.704377591873424941e-02 5.085414118413231384e-03 -1.160448063506846622e-01 -1.566500253782558347e-02
1.475507903768468465e-01 -1.638770529643922835e-01 9.576458518964029235e-03 5.645052528080035659e-02 -6.406726779672372585e-02 1.264784465696761340e-01 1.665378084962313224e-02 -8.767870555265511179e-02 9.772710680096988178e-02 2.678004683433808999e-02 1.493660466305740675e-01 -5.042008825921563686e-02
-3.292558601896677234e-02 7.901797325932043148e-02 5.374912595741741794e-02 7.664705449869639586e-02 1.890784512786784994e-03 1.436725574569541232e-02 9.533673870133164974e-02 -2.102262278927706507e-02 -5.439889181306085258e-02 1.292733614995386082e-01 7.357509309856449797e-02 -7.259724278528370024e-03
5.350898735408200074e-02 1.157905837303219304e-01 -7.941505391878703191e-02 -4.090881778904159605e-02 -5.718469862802095377e-02 -4.405725870693000257e-02 -1.351678222608161117e-01 -2.379071625476159718e-02 -1.516198538824745645e-01 1.335062933483367464e-01 5.249083992807829918e-02 -4.569476694009994705e-02
7.655483514326680283e-02 7.703141200405773381e-02 9.196186155995389466e-02 1.461466358450847630e-02 -7.600521135092655478e-02 2.593007440884492060e-02 -4.739810739710790394e-02 -5.411564004345742473e-02 -7.515680135669294826e-02 -3.796879889405262165e-02 1.541037944937636607e-02 4.733620778337980367e-02
-9.163465880486024173e-02 1.378740225970477296e-01 -4.808731635346764205e-02 8.248269305633981752e-02 -7.409126810909734406e-02 -4.932585425157924239e-03 3.670819820468274042e-02 -4.818976881844903078e-04 -5.354683291836596221e-02 -1.047106600303664009e-01 1.479730285827913217e-01 2.490158592086635925e-02
3.961541281149769805e-02 3.198710775472748957e-03 1.698224289374990204e-02 -2.310305956827583829e-02 -7.615455845752253095e-02 7.786458128913433321e-03 -1.509292687461970435e-02 -1.191001030974759428e-02 -4.465482953646516401e-02 -1.140603167402121643e-01 -1.936354366255532700e-02 2.750412141544994471e-02
-2.703375663684120384e-02 -1.228014539016398371e-01 1.827820851699835450e-02 -1.008617282779042945e-01 -1.251158809722144327e-01 -8.256055387249695843e-02 -4.824135631361775589e-02 2.416796170936522450e-02 -1.782484674798967550e-02 -5.169068445359398245e-02 4.632266823941603301e-02 1.089272364755328737e-01
-3.051351375024434834e-02 -1.017443244387617775e-02 1.846235256197862468e-02 -1.305468233404689649e-01 6.900976516172127248e-03 4.109619130142720678e-02 -1.181846832953454413e-01 -3.628341188711238507e-02 1.362666518304668853e-02 3.981902487057242118e-02 8.673816675596852932e-02 5.253401408896012093e-02
-8.425109609459627280e-02 -6.242764757045581037e-02 -3.956269315832518924e-02 1.944674142999527552e-02 2.458784560771599178e-04 -1.259497499577091062e-01 -2.148231557235018574e-01 -6.451309439178973260e-02 3.351271347778027321e-02 -9.094680062014127292e-03 1.214679415732134241e-02 -2.260255579316268471e-02
-1.866398324697393640e-02 3.745269276451779900e-02 -7.845783491541494237e-02 -8.829060470242497405e-03 -6.028653429750174819e-02 -4.308900766115220798e-02 -1.239118698250575301e-01 -1.735569619697929777e-02 -6.685318009983141907e-02 -1.961612480612092563e-02 1.048845707058460898e-02 1.102668401878575122e-01
6.510425711931341897e-02 1.817310716297770024e-01 -1.705567073455591109e-01 4.207775161558086063e-02 2.257055646173489194e-02 -1.600942590531053700e-01 3.898266710396646600e-02 -8.422831932312013770e-02 1.165702181917431524e-01 7.403526147113403955e-02 -9.190822543797977362e-02 1.191688096016439713e-01
-2.203466881840248151e-02 6.917081965240977348e-02 6.660306526258014115e-03 1.667223895356909069e-01 -6.646579834675700460e-02 -7.003442208921040191e-02 -1.110521023189293827e-01 -3.868732140524215471e-04 3.477183251288697434e-04 1.088014890996824857e-01 -1.365635457883967487e-02 -1.456252321716957898e-01
4.808011582225155817e-02 5.182171296160870827e-02 8.277784030001447690e-02 1.640648954944463334e-01 2.787116870208647748e-02 7.876855846024584384e-02 6.336690243537099199e-02 -1.536283736923519105e-01 -4.512454912165071719e-02 1.283541271018437679e-01 -1.317212279208741441e-02 1.772388137906076924e-02
9.993490778987798584e-02 -6.454136744862411235e-02 6.133937391597191896e-02 1.618241000664102647e-01 -2.566023006540357060e-02 -8.337805144205515107e-02 -2.594126007087751290e-02 1.270839694364732653e-01 -6.959098891975301626e-02 -1.289875945673702451e-01 5.934002434932551806e-02 -2.510744552088441453e-02
-1.246059970740991812e-03 5.068489516044825949e-02 3.726958628782722771e-02 3.168868353534696342e-02 1.324961462056542527e-01 -5.071915368183494560e-02 4.324892425402453167e-02 -2.608663355153316779e-02 -2.113065727115192097e-02 4.383164037839103189e-02 3.140996021252470682e-02 9.204903262931535268e-02
1.919568019975973969e-02 -7.489191611773257651e-02 1.197807080516601758e-02 -5.634476498123794364e-02 1.383504161853363335e-01 2.328591654012452175e-02 4.186948550360254651e-02 -1.638876212864807114e-01 8.479271815413610969e-02 8.344133493825470205e-02 -1.208311981640942667e-01 4.863536205208417174e-02
-5.496584003239385341e-02 -7.242863915747096981e-02 -3.722345264588616809e-02 -1.092260693679813523e-02 1.163161790812297786e-01 1.049712171899172125e-01 -1.315876276762069363e-01 -3.602424004847586819e-02 -2.080548028262495588e-02 -1.174673176749929313e-02 1.337160054611026827e-01 1.133439425265646699e-01
2.077980980216544149e-02 -1.230221236018685660e-01 -7.901398254569760859e-02 2.142344740123534180e-02 1.326592112890368491e-01 3.203829985344203157e-02 -1.404517492357884867e-01 1.384928066825800649e-02 -9.520279480924515036e-02 3.585072300634037368e-02 3.197778063959157840e-02 -3.464020410873635408e-02
