-8.063315104778308040e-01 2.910589616413616909e-01 -1.147192062296619852e+00 -1.470262387491398259e+00 6.753178675521499530e-01 9.617136630684708365e-01 -3.035259691608089283e-01 -1.383801165238432995e+00 2.912383968482219476e-01 -1.447854009968650768e+00 6.842652459770551809e-01 5.490425955682910475e-01
-6.949542039914442804e-02 2.848244094760419731e+00 -2.556249000660041903e-01 -9.741059043982781551e-01 -3.699867614744875022e-01 -3.225358349361506782e-01 -4.370857851171205261e-02 6.644235308653761996e-01 -6.835794461572926028e-01 1.489425403984937724e+00 3.115201409917496278e-01 6.860904543675069300e-01
-3.655935314442574358e-01 1.644411348877884871e+00 -3.532856285359974868e-01 3.124057933599215242e-01 -1.357693061452285521e+00 2.959387834623778898e-02 -6.233932564853077452e-01 -8.588371924163297477e-02 2.752019901209957764e-01 6.511729577035517691e-01 1.222109580241958593e+00 -3.536981671010233294e-03
2.806087638064992951e-01 -1.066440385210507547e+00 5.103324747135657979e-01 8.780282115131469167e-01 -1.699766454144575833e+00 6.932679454488159809e-01 -2.346752777848075233e+00 1.536837801070668252e+00 5.994635936091000650e-01 4.237381888473146230e-01 -1.800764073582228786e+00 1.959297980942258599e+00
-4.608684520818039365e-01 -4.305037421569100076e-01 1.921543173358524759e-01 -6.472456284145613470e-01 3.512445292496698124e-01 -3.197535704542464607e-02 -4.793166281443034804e-01 1.026466760728917960e+00 4.353238058599075144e-02 -1.327924721516011708e+00 -6.356756356773386463e-01 8.491351091430612286e-01
-5.264783870504111674e-01 2.720776693121391143e-01 -2.985250267171355443e-01 1.513988848798703879e+00 -4.848186623300886899e-01 -3.142528789082469354e-01 -5.979123947743613110e-01 -5.041322646624931680e-01 7.717560631056731291e-01 -3.338119623341734288e-01 -7.828844930859623075e-01 -1.096257253140115573e+00
-4.439539594368360764e-01 -1.024347635098953990e+00 -8.934687350767920311e-01 -4.892444663749266898e-01 -1.952907336699448992e-01 1.455866849807694985e+00 -8.838265731124760327e-01 -3.764946045130735941e-01 1.152815036292981432e+00 7.658688573418763745e-01 3.700698445926194347e-01 -2.143233749806039146e-01
4.868802161952139745e-02 4.016740614343258797e-01 -9.096545472107717689e-01 -1.836772087328868847e-02 1.445007417318656229e+00 -4.408351000902427930e-01 8.299184521799243264e-01 1.127606790459205754e-01 6.100880407810443939e-01 -4.961084378320589350e-01 -5.674713314082915350e-01 -2.219654492136916346e+00
-1.275762454713092797e+00 -5.078130740308522961e-01 1.175146108996161676e+00 -9.457517852904298028e-01 5.315567590348413418e-01 -1.840223751616814729e+00 -1.112892198444050740e+00 2.135793221918838469e+00 -1.527821665615875624e+00 -2.059502864517641196e+00 1.168074059485031180e+00 1.230788232526359050e+00
-7.225105075337825422e-01 -1.638659650144903834e-01 -8.099455702728753925e-01 2.669837340520148442e-02 6.595597442814359335e-01 2.651201118202162754e-01 -6.230428340150490074e-01 6.760504225407800716e-01 1.766435593412165161e+00 -1.299687846570231953e+00 -1.002876171642303138e+00 -3.724770981786099666e-01
-5.844697602142813198e-01 7.705696425889205781e-01 1.554876567207857663e-01 1.801362035472282019e-01 -9.175316563147618842e-02 -1.692719574323151843e-01 -1.467776633484817017e+00 -2.390219940265760935e-03 -2.911378660196978219e-01 1.470581601294904672e+00 5.223773283890973396e-01 1.337796369630551263e+00
6.341253433321321353e-02 -5.716429408373006060e-01 -1.910896367462522061e-01 2.357330265001080644e-02 4.818944100034647238e-01 1.823556522890595055e-01 9.892608928457209405e-01 -7.253957640495303782e-02 6.308392843568920716e-01 -3.430626373855810707e-01 -2.877975070248204315e-01 -2.891728784519047302e-02
-7.801571513771320410e-01 1.601490726688192534e-01 -8.416775860403755694e-01 4.192624216657694358e-01 1.531182017511343751e+00 4.017299174239921111e-01 1.446853229013841946e-01 2.016717202374949669e-01 7.353839170905243638e-02 -8.060295406336722701e-01 -1.394425609925757259e+00 1.263016926181820820e-01
-2.711343652729988341e-01 3.886427974032582999e-01 1.741936460156591204e-01 -9.856507679155521728e-01 -1.202347150446759355e-01 1.209717160167299577e-01 -3.149204788898681273e-01 1.930217503531229395e-01 -3.227913670923056033e-01 3.396980492665787610e-01 -1.699421276154636506e-01 3.666923523305232746e-01
-1.790244724423407097e-01 -8.557732467093515094e-01 6.720728913358660073e-01 6.241286128126085631e-01 -7.035196336969846698e-01 -2.948473328850818032e-01 1.388206509715510073e+00 -2.865217800976492812e-01 -3.457934763175483650e-01 2.973594117941920079e-01 1.889559485346840484e+00 1.478876964844321851e+00
1.113991384039806909e-01 -5.342569374318230091e-01 3.259463283163622355e-02 -3.479939452230054742e-01 -3.140925582392522369e-02 -7.417640365549573733e-01 -5.765002995181939260e-01 2.266601428323939960e-01 -7.270249547447678040e-01 -7.767806399078854840e-01 -9.711870340860652151e-01 -1.129186131827414341e+00
-2.351081892158748965e-01 -1.294040807725561182e+00 -5.009917519616784443e-01 -2.000377651840817617e+00 1.616940351804660558e+00 8.860725223918800575e-01 2.889644996203667993e-01 1.218047466448867883e-01 5.872471549433638804e-01 4.607889069677316152e-01 -3.501241216908339560e-01 1.206178802123612781e-01
-4.732326673345473855e-01 -7.542057467083936872e-01 -1.440583149373709571e+00 1.139306197211080063e+00 -2.137905212814307898e+00 -4.399433518628859119e-02 3.659641847136861637e-02 5.086663752625910639e-01 1.097307301379305100e+00 4.016650572598594038e-01 2.978980754673433706e-01 -6.893039562029430745e-02
3.614892263566269470e-01 -3.080799516513922365e-01 2.166623939371617458e-01 -2.640510099933269794e-01 -7.457666129666925547e-01 6.027611286094136656e-01 9.386515276471856239e-01 3.850729527686682085e-01 7.753242061731520363e-02 -2.330727001292955514e+00 6.155246011559414310e-01 6.030283266119901286e-02
-1.388094345729162349e+00 3.891239570393451030e-01 -1.635739395236629257e+00 2.501728128207759139e-01 2.552649595016139639e+00 1.356962527327930434e+00 9.643717278167071028e-01 -4.802286149881833666e-01 3.030163624113986764e-01 2.172067140937775920e-01 1.573059144016995647e+00 -5.074681976638675263e-01
1.109576669861704890e+00 -8.249305994328133274e-01 4.001192322274919055e-01 7.371656341783427990e-01 4.571917096688660753e-01 -2.356732680489479481e-01 -5.910545166251414129e-01 1.574199467239225880e+00 2.744825909855998503e-01 -1.602230943174636657e+00 -1.656724518058342754e+00 -4.608989048782616837e-01
-3.388082625382947688e-01 7.979902428591304497e-01 -2.403366251807109444e-01 -1.069930780304345852e+00 9.018069263601381780e-02 -6.469370861707258724e-01 -1.192994620119050830e-01 2.606204097166382461e-01 -4.908036886336146765e-01 1.424485100627401080e+00 1.193277017403711282e+00 5.690602872514335386e-01
7.052729660011302082e-01 -1.245195283976152423e+00 -5.931724165172103103e-01 6.283189421831379962e-01 1.084289034618315606e+00 1.486639570979590153e-01 3.450062864273800711e-01 3.953722651298803847e-01 -3.367335077176999980e-01 4.345286493721696730e-01 6.649426229707088298e-01 -1.157448452548532458e+00
1.473060425998532041e+00 -1.840220269995583635e+00 8.883073841729957065e-01 -6.927819330159881162e-01 1.559501821145038658e+00 -8.103925464654291311e-01 -1.049038213401537023e+00 7.679387302924485237e-01 -6.022726814659435934e-01 -4.536996518950728308e-01 -8.643928737788789674e-01 -6.320741958255549076e-02
1.506823159793118982e+00 8.559670302268092279e-02 -5.739264121123336393e-01 6.367861182378514728e-02 7.490474428782970540e-01 8.679555055874922376e-01 9.427869676625224571e-01 -4.765184578626824319e-01 6.096787942088798262e-01 -1.081132318191904584e+00 3.047197649920965201e-01 5.586511067495858462e-01
7.065049723975427298e-01 -4.517549476666760100e-01 5.026113439447528197e-01 -4.323072173224329351e-01 1.888885822837927109e-01 -3.451951818876356493e-01 -1.120375379757221068e-01 5.734209533139967840e-01 -7.142008143302021050e-01 3.906407450611112386e-01 -7.421137050776518418e-01 -3.320144875568034060e-01
2.484587206125523917e-01 -1.007821167946020058e+00 8.028122381416259445e-01 -2.264977149264495448e-01 -4.534797483642047378e-01 6.825416159965813634e-02 -9.917346807401154762e-02 8.464383314296256566e-01 -6.143890958886643050e-01 -2.062588684172594888e-01 1.650234545550507137e-01 8.198144425302741345e-01
-7.851920705053412330e-01 4.160874190612976475e-01 -4.387229243867504097e-02 -9.056380605624251290e-01 -3.901194810477183195e-01 6.454049162289607344e-02 -2.232093343569915844e-01 -1.686434437268854669e+00 -7.157849310603151549e-01 6.334454300055442078e-02 3.707236583528243923e-01 1.502744811125238167e+00
-2.724475353099327091e-01 -6.473211663697882312e-02 6.671036471119500266e-01 -4.166713001317743914e-01 -7.852980161003043635e-01 2.394933716296605564e-01 -2.025254674458386361e+00 -7.845773400998737324e-02 -4.835895711126591001e-01 -8.930146024791655313e-01 4.172937536918197021e-01 1.708035636434386939e+00
-6.950559044153479249e-01 1.038604569206696526e+00 -6.124864049830880397e-01 -1.707617870638096447e+00 -8.215535727236061847e-01 5.776745970208816555e-02 -5.903204368293796939e-02 1.002164395883119008e+00 1.485665451682216531e-01 -8.141545459037158317e-01 -6.495782038834054806e-01 4.643556078410659427e-01
-3.263573686012917752e-01 -3.962054346229849644e-01 5.526185282198373683e-01 2.320213074116056762e-01 -4.185172351635553234e-01 7.610234041892881100e-03 -6.454794736994624582e-01 -1.241936220486256737e+00 -1.060496280153763876e-01 5.438515829345920150e-01 1.182151171719828753e+00 -2.202233825379142640e-01
