1.335203684952528391e-01 -1.034976413755705864e-02 2.645966539443703192e-02 -4.347596701943993308e-02 3.291989946126235023e-02 2.940738972972100490e-02 3.684754124792802982e-02 -8.126984225915785676e-02 9.998486380550304642e-02 -1.334919264604324078e-03 -1.276049451537411283e-01 1.502111718179573452e-01
2.746313797220768793e-02 -5.235845303348247992e-02 5.437400779937687570e-03 1.553990193838873310e-02 1.838825695899910517e-01 -2.351809676566963062e-02 -7.770513817874775964e-02 -1.192050756198905284e-02 -4.299999740718873920e-02 1.344981069806908680e-01 -2.549483058439253047e-02 1.061063893599196450e-01
4.286085288150776745e-02 1.798584120981040497e-03 5.550828585991798847e-02 1.026620014588928292e-02 8.930524163384342962e-02 1.309963243292907031e-01 -7.116150313683061723e-02 -8.705360310919965650e-02 4.496488809046010615e-02 5.587026666472093284e-02 -4.566925013656001481e-02 3.391092949506378795e-02
-6.811024239204663613e-03 -7.700982498953465316e-02 -9.600656928669893536e-03 1.393051574197709530e-01 -1.273201704997359851e-01 -3.382013692041156705e-02 1.511297427418644042e-02 1.611285570261548200e-02 -2.649928447479168048e-03 3.554104004087928204e-02 -1.081903529916247303e-01 -7.278855817814158802e-02
1.139194101242638202e-01 1.024494597683089231e-02 -1.573470301151521089e-01 9.427275498425513600e-02 -7.005918833204299867e-02 2.334089776132887428e-02 -1.366862228619261828e-02 -4.116958034864849625e-02 3.220971219596935331e-02 1.669940302249304717e-02 1.968742856522067569e-02 2.175942176836919220e-02
-5.049256297020163903e-02 5.802328495897761049e-03 -6.821851846448270806e-02 6.629828164578631259e-04 -6.500548228546450952e-03 1.157328026325135928e-01 -9.833394546216078086e-03 -9.837712723610593513e-02 2.404180311822295534e-03 -1.052240613086663501e-01 1.913684207156656630e-02 1.362604669608744219e-02
5.970272929334532932e-04 5.638708866631440136e-02 -1.148166314182673120e-01 -5.480811254164922458e-02 -6.009296696869391441e-02 2.251076133532215265e-02 -2.284931984301036625e-02 5.441499793996733281e-02 -6.156250708137581823e-02 1.385427954368300685e-01 -5.242194885794171366e-02 -5.512913662915228108e-02
1.145589751005786083e-01 4.488499173350516541e-02 -5.457260941946975516e-03 -2.375216280091217019e-02 -1.931664994061474058e-02 -1.747505106200616665e-01 -3.357553958998055199e-02 -1.768041505392249635e-02 -1.363993748057332374e-02 1.229304829228616142e-02 -1.362512601797930545e-01 -8.479339923429675407e-02
-6.364326205521353419e-02 -1.122471935950105498e-02 1.303436004356572572e-02 5.546448249815011389e-02 -1.015300483107426655e-01 -7.621552253276667188e-02 3.485348698945235635e-02 5.762448582118785689e-02 5.470588075942983686e-02 -6.756207443729594919e-02 1.210724971691695406e-01 -1.131839391682231896e-02
3.680587183008943164e-02 -5.819673230312291667e-02 -1.177056301664769072e-01 -2.817972844691546408e-02 -2.202708460408183133e-01 -4.392735286507747083e-02 7.510644657561185711e-02 1.108556790783235130e-01 -5.075028732911651685e-02 -1.022573171100164546e-01 -5.326368967013970362e-02 -4.564637355584053729e-02
-1.256976624923314065e-02 -4.122456409097468438e-02 4.212426921901856088e-03 4.957006637214914080e-02 1.210660084381938624e-02 9.972805642549571747e-02 9.680495023013449551e-03 1.066637097649652671e-01 -1.524297098483146373e-01 -8.503337397345724080e-02 -8.360993796757006102e-02 3.648700962779487939e-02
-2.210344656083866946e-02 -4.090150206032527706e-03 -4.500456864300053650e-02 -1.194998450096122627e-01 -1.982355562976210323e-02 2.655677595744542624e-02 6.735978083411563178e-02 1.074899647111287881e-01 3.209984440416140811e-02 -1.186388171561990751e-01 -7.170959559173312181e-02 -5.011423458620412053e-02
2.402704587672167130e-02 5.802389336140566234e-02 -8.529064688871236533e-02 1.429445523217361957e-01 -4.935123710007335851e-02 -7.362430068166882224e-02 1.173810197486559181e-01 -9.569915639108945993e-02 3.619765074634111179e-02 -6.247156736695748391e-02 -9.865657720088041871e-02 5.749352245711599613e-03
1.260134583112103301e-02 -6.659465765296573858e-02 3.287132339875754872e-02 -2.952987443725894889e-02 -1.269702409124995324e-01 -2.143802557042275708e-02 1.374203726401566072e-01 -1.083956307786926657e-02 7.071652663800917504e-02 -4.865422085331642943e-02 -5.325579309462964359e-03 -9.055359669856262450e-02
1.661539732841823061e-02 -1.923413076346993170e-02 1.606853568969173196e-01 6.305721779852006825e-02 1.371072546919622492e-01 -2.052008196886355440e-02 -1.032267722117450465e-02 2.086230787977505774e-01 1.216922179179390218e-02 -4.812220501144630347e-02 -6.331915558248552012e-02 3.774080672211613252e-02
2.013032680666278218e-02 4.266345252390133652e-02 -4.578647514220755832e-02 1.761355155785979815e-02 -3.741988205072513396e-02 -1.132656638787538639e-01 -8.010631627655259712e-02 -1.625965920058373634e-02 3.670204584860195518e-02 1.473105963901250037e-01 1.508470814058066045e-01 -3.840785434988281538e-02
-1.056496972252410488e-01 -5.848593505428006933e-02 1.316013388704325576e-02 4.532859057541220593e-02 -7.122364572318491682e-02 2.863815711019339350e-02 -1.116601255503224671e-01 -9.229879651909267402e-02 1.322969229355464571e-01 4.766110219264795000e-02 -7.688154173487893317e-02 -3.715984541838145833e-02
9.722053148578910231e-02 2.595929227733450098e-02 -8.479552021418458596e-02 9.964379975099962872e-02 4.070939293478056942e-02 -1.273839456086575395e-01 4.758914342796378982e-02 6.110582317109373995e-02 -5.985691789719364830e-02 6.731865459443098221e-02 -1.367083386851244142e-01 9.588898422095948337e-02
-9.916324730202598359e-02 -1.699002261693231264e-01 2.957844327340147794e-02 8.195286972837013614e-03 -1.404431994105985460e-02 3.350974983462978729e-02 -2.611266126191420095e-02 2.408120220193750438e-02 -1.396028310899744551e-01 2.420388282575269834e-01 -4.993618131170256269e-02 -6.993945661342076958e-02
9.508701191885232662e-02 -1.303317095966063932e-01 -6.001012537527456586e-02 -4.093951198885579200e-03 9.236034421826590322e-04 -1.264583821952708909e-01 -7.662606221757306546e-02 1.298447414966233948e-01 -1.297910717852320817e-01 -1.575741511699586817e-01 -2.754852308092916105e-03 8.553992624770320741e-02
1.813002524361730658e-03 -1.056210691559336251e-01 1.222260180742679473e-03 6.086768837857912257e-02 -4.606080414071338225e-02 -6.307288361909008274e-03 -9.858222679129552413e-02 -1.038781894455554633e-01 5.989770692686933323e-02 5.282489640800991371e-02 1.243504201734343118e-01 5.296140126289486383e-02
1.662620246918212474e-01 3.774357236093007356e-02 -5.537782398010487883e-02 1.083127214379727699e-01 -9.979133394709398253e-03 -3.416926846132176121e-02 5.852454905312808042e-02 1.004547547788533883e-02 1.319526400753321116e-01 5.109699776434459273e-02 -5.507612313438185747e-02 1.164566252020425852e-01
-1.607112431391561347e-01 1.196430407043849904e-02 4.935383122037609316e-02 2.286851967019054577e-02 -4.657656091420168953e-02 -1.624802564523183390e-01 6.142246352677870058e-02 -2.274768193010391973e-02 -2.455046390961315717e-02 3.855585526908780758e-02 -6.117971750393545044e-02 1.905695673040769603e-03
-1.010624634975954284e-01 2.897183382913455854e-02 -1.539439288966426567e-02 2.777299382083998555e-03 1.040793350411511053e-01 -5.179168725926270450e-02 9.628867144090672708e-03 2.927091458070739394e-02 -8.956470866060642702e-03 6.044755782624467583e-02 7.768514996689202326e-03 -7.343804471573486814e-02
1.464918193777253221e-02 -1.247856593140774378e-01 -9.366905626090932246e-02 -6.382961935570063972e-02 -1.648219474473905377e-01 -8.956535350160330089e-02 1.773455229970160585e-01 2.614797384814565584e-02 1.925687874519539655e-01 1.335726375922894615e-01 5.604057734500600060e-03 8.350468467013573426e-03
8.094125628911630344e-02 1.324626601094075484e-01 -2.979595765466346372e-02 7.370579799590608328e-02 5.969490927718654194e-02 -1.347204665891964422e-02 8.403216144329017645e-02 -8.322250195824795749e-02 -6.076536315150024570e-02 -1.317372699490728105e-01 4.523517110340014025e-02 -3.750087058315201838e-02
-3.491964002002649614e-02 -4.161734328142967232e-02 7.893307280716310714e-02 1.691204871729275541e-02 6.909533318410815417e-02 2.114087024080382043e-02 3.051722551323384769e-01 8.073256530679374932e-02 -1.329765493826012487e-02 -1.470186835298312455e-01 1.415445719414034353e-01 4.849672673933960731e-02
-4.264818921701155757e-02 1.013863352518518113e-01 3.014045511392146603e-02 -9.808334056949469248e-02 -6.784403109745446026e-02 -1.157562003185868271e-01 1.104723425957296057e-01 5.167177118464400670e-02 -3.452451993386411455e-02 5.781842728805376697e-02 9.457881072531843392e-04 -3.038420926395480337e-01
-1.477800451866280174e-01 -6.491325569336511836e-02 -5.350791450652761516e-02 -3.385641501269202880e-02 -1.895947988755441321e-02 5.419630078475871915e-02 1.557067984887567924e-01 -8.756635792454597889e-02 2.276676190734375910e-02 -8.852018078517627508e-02 1.327970184091878392e-01 -1.042781467326686778e-01
5.275920517953601452e-02 -1.126329963482715774e-01 -4.617554383601728263e-02 1.722626918462781265e-01 -2.335803832557916543e-02 -2.155213967752366011e-02 -6.901965792900364993e-02 -1.565465266539952105e-01 3.939492681975492738e-02 -4.489242788871370543e-02 9.435591562784650943e-02 -6.520349826120767911e-02
-1.347546855794439224e-01 -1.602200155167462017e-02 1.260753535560376337e-01 -2.044180229634482565e-02 -2.027469460069492718e-02 -2.091584133600292161e-01 -1.987324365775519283e-02 -9.087040700908363688e-02 1.433405994519154278e-02 1.222063803499357088e-01 6.226231020351505330e-02 -1.164493007225414663e-02
