1.713613860543559686e-01 -1.775389434528518856e-02 -1.563134221620589848e-01 -1.117788256314183742e-01 -7.527228617912673503e-02 -1.979792059526218617e-01 -7.016956559919490521e-02 -1.347466485037231154e-01 5.191925537404747104e-02 6.654366491834903807e-02 1.667635607727694647e-01 -6.365111708606124852e-02
-2.533511015146498735e-02 6.477769772277858218e-02 -5.808442689522481245e-02 6.135391305634324555e-02 1.320194852297016178e-02 -1.942067521867254509e-01 -4.398822371652904434e-02 1.201319435908084210e-01 1.163083500136798260e-01 -5.223644482837878911e-02 -5.289921778823383769e-02 9.088464302788465399e-03
1.597178222754379595e-01 7.060852398934938656e-02 7.965736441129986356e-02 -3.331017411349142948e-02 -5.285685452247682048e-02 -1.369395313848709717e-01 -1.031402337824215143e-01 -8.976128993029058867e-02 1.287485386897161688e-01 -2.149519856728137820e-02 1.183195560615120240e-01 -1.485715610373995743e-01
1.103450794031694965e-01 3.679288830507578684e-02 5.152911451656055214e-02 -2.728854507551385644e-03 3.469264832062865511e-02 -1.203186892803329577e-01 2.775445020292137757e-02 -5.157696005105880804e-03 1.686976867825607795e-01 -1.095951390403671621e-01 3.471785485533034066e-02 -9.526314516562663093e-02
1.585618630603243262e-01 4.540833713370159147e-02 5.651197865127571135e-02 -5.651969559197327769e-02 -3.794060000317482639e-02 -8.716219940856156922e-02 -9.416200367161192686e-02 -3.802389723279657463e-02 1.523843734584673093e-01 7.008200329200084400e-02 6.199993885851456943e-02 -1.494945204906642788e-01
-8.386001467902252926e-02 9.508779516060855697e-02 -4.986100249488891606e-02 -3.577309669030006439e-02 1.639920452564710418e-01 -6.016742030083780529e-02 -9.862183828788970152e-02 -9.495861993874260554e-02 2.744254713472131166e-02 7.859472243961562743e-02 -4.170659808304101601e-02 -9.881987692578141080e-02
1.831712798097669959e-01 1.608102219707329972e-01 -8.937807044691220559e-02 -2.049526208048233766e-01 1.481262387497210217e-02 -9.068085014844035063e-02 5.273606918267544769e-02 2.433877044087789498e-03 1.220794967622549215e-01 6.079200040123389215e-02 1.470503774704409461e-01 1.131231991274352228e-01
1.339657636548266806e-01 2.412858973294772225e-02 5.503912535838770964e-02 -8.705188389936473203e-02 -1.154196474718167387e-01 -3.618139064780757225e-02 8.381388097202374654e-03 -3.218327257486060678e-03 1.170908833340889715e-01 -6.382970287405659304e-02 9.395105096108070236e-03 2.995141913764873265e-02
1.040930336526228323e-01 1.896347650789360351e-01 -1.135987443898906490e-01 -1.104879016141177700e-01 4.374507705096876420e-02 -1.626086431088747189e-02 -1.033528027112535497e-01 -3.592519820746655716e-03 2.181903835930300850e-01 7.053083502167048491e-02 -1.310702605313171726e-03 -2.043421062262765556e-02
1.402385663613355815e-01 8.825954925786122507e-02 5.033663784546588789e-04 -7.722030648754259208e-02 -4.352199634233282211e-02 -5.194262477476786072e-02 -1.527239900769206959e-01 -5.258187154780867567e-02 1.139654977864815316e-01 7.099391626322140714e-02 1.101788747699401355e-01 6.299087967032378221e-02
-9.646905384745456391e-02 1.345668396984531787e-03 -9.443623862284533654e-03 4.002413451600037725e-02 1.044312674745625502e-01 5.667968725391060031e-02 5.165901410263283935e-03 -1.664218704566362284e-01 1.120140054704491656e-01 -1.066889217745973506e-01 1.572170287044610537e-01 -1.043371309829230070e-01
-1.198862646309900061e-02 -5.651736243928360236e-03 -2.409540015074898220e-02 -1.340349882501179757e-01 4.303204570301497056e-02 -2.699590173940773496e-01 -2.263503515754664366e-02 3.338159031830764678e-02 9.943882582529915692e-02 5.256128806795125341e-02 1.266766874642382967e-01 -2.253871957944026880e-02
1.206550148054820054e-01 5.209886447171777762e-02 -1.997452869026094049e-02 4.353153769554025249e-02 5.289987918130972799e-02 -2.471931699126077298e-01 -5.264737009198950518e-02 -1.427388613033162834e-01 3.747638139514464922e-02 3.489835641654129295e-02 1.123470307706814358e-01 -1.291089837925764663e-02
-5.273303304360209970e-02 1.076727005897191725e-01 -9.049840274472653601e-02 -1.629879973962705397e-01 1.419142033280502146e-01 -1.469542989840909586e-01 -5.609543583627119717e-02 1.040036263637695579e-01 8.759207865597325171e-02 1.549508514504296386e-01 -9.247987192643115917e-02 -8.269110906538480743e-02
1.293680448699511820e-01 2.608158786367507226e-02 6.728784893790100419e-02 -3.102894444620817732e-02 -2.487894063135553252e-02 -1.857430777112508216e-02 -8.733975651998598932e-02 -1.361088501911424109e-01 1.475210256569679801e-01 -7.307722602509922338e-02 1.149078118393485753e-01 -8.033534681741551220e-02
2.498805516457805465e-01 -9.813095955274642179e-02 -9.914216050460245011e-02 1.078756052903496881e-01 -6.989515466798218446e-02 4.576631078742916109e-02 8.005977441669425917e-03 -1.940782349343122271e-01 -7.083213066092410026e-02 -2.139273980600271338e-02 -5.246201517884530041e-02 -1.403205936860890402e-01
9.115650903167120400e-02 -9.028633405600575146e-02 -1.081840599980709583e-01 -1.612368055743510220e-01 1.401182418502407434e-01 -2.134180696550864731e-01 -2.962904502907344126e-02 -1.028620009055642992e-01 4.938419056799776830e-02 6.943250487227900503e-02 -1.393705377520276512e-01 8.873211016021985420e-02
1.287086141069521406e-01 1.368331139664996920e-01 -2.937466261445389679e-02 -2.462791654136271824e-02 1.617773626576535229e-01 -1.878546338044456698e-01 1.652032840519781012e-02 -1.404455732189776318e-01 1.309934477005025577e-01 -8.869715959146837192e-02 -1.647445362997208493e-02 7.855251235486561401e-02
7.907535358603189068e-02 3.979238377664815612e-02 1.624959547995383224e-02 1.669448627981580946e-01 1.570287231937207983e-01 -4.637502737671492931e-02 -1.120037970655400617e-01 -2.102548203586379338e-01 1.432910074466119121e-01 1.465613988784716382e-01 1.324067308917938057e-01 -7.099272229696791670e-02
-1.692966823238689633e-02 2.075489431559753017e-01 1.178978040476874045e-01 -2.311397302802589981e-01 -2.702373644177918574e-03 -4.715574911938465869e-02 7.251719627802097334e-02 -1.304020323600471876e-01 1.499149157373680097e-01 -2.356990426092184787e-01 2.524253913758428905e-02 -5.393454394690706810e-02
2.113368197862375980e-02 2.330983889817622723e-02 -1.018910356344721602e-01 9.941897985574672802e-02 9.554275519241184345e-02 9.053150584761771036e-02 -3.414421662415339370e-02 -1.963817347103888056e-01 1.024116659480853037e-01 5.617167465357091050e-02 -3.002570998652843645e-02 -1.759522496634430000e-01
6.083713320219342330e-02 3.080339016231420368e-02 -9.380461286226879358e-02 -1.007003997677092394e-01 2.692460175780004294e-01 -6.630399590353114325e-02 9.759482953856046111e-03 2.723749173044007644e-03 -5.467176789774004508e-02 -6.493385552997454901e-02 1.871068335357091786e-02 2.170090930769280960e-02
1.956475682245559788e-01 1.159986887277266732e-01 -1.056722315181589378e-01 -2.188929598548593203e-01 7.667061698588106822e-02 -7.411005550222315996e-02 -1.121381011908310910e-01 -6.725156656895178720e-02 4.836582735617726836e-02 -1.049815783513236012e-01 -1.489003610057485286e-02 -1.290835765169938143e-01
2.186742503974135193e-02 -2.072349498486203510e-03 -1.428498205680178434e-01 3.502437251836491156e-02 2.733534926376037649e-02 -5.647722578837142265e-02 -7.263194494311961749e-03 1.642209787713562116e-02 1.298449672965168167e-01 -2.618227909780499948e-02 1.187716480918360046e-01 -5.828810807634550450e-02
1.099196261599626884e-01 6.685299013062026563e-02 -4.474850426355599792e-02 -4.165995572065056378e-03 -4.569120522184749733e-02 -1.316602984730219639e-01 8.026126740347522270e-02 -1.152107603907316924e-01 8.392614358480397774e-02 -1.355610456602195923e-01 -5.048051147958568241e-02 -1.014969960302535973e-01
-2.538776980914265319e-02 1.738576637077425893e-02 2.124306859642790743e-02 -7.236395273031627495e-02 -8.653768537183706422e-03 -5.807997431463975818e-02 -4.315743585881007260e-03 -1.207452364237804748e-01 1.583143532196491232e-01 -4.986685333732414349e-02 8.142454744581208159e-02 -4.098244154728514221e-02
4.590488314815761167e-02 -6.594322596511161330e-03 -2.394346487330306916e-01 -8.623688721499329912e-02 4.793103997558028316e-03 2.942885091950937001e-03 -3.352520520596404680e-02 -1.114747915794399996e-02 5.253654526777842837e-02 3.450858023237281247e-02 -1.927115768832468254e-02 -9.997765345707466944e-02
-1.994220766402039768e-02 1.164958970808346005e-02 2.203939165839955729e-03 -8.757663074012812104e-03 -3.074763393238645962e-02 4.675522518973624503e-02 -4.901704107557997708e-02 -1.803043658916558475e-02 1.322124649345266800e-01 -2.208955632640909328e-01 -6.467975393277829166e-02 7.529799006791802751e-02
4.039263123665325778e-02 2.414744431032828931e-01 -4.469902663856874410e-03 -3.650814906167502288e-02 9.449191491846462010e-02 -3.522180469367738181e-02 -5.032451244129244189e-02 -1.783764728991563409e-01 1.055179351735638787e-01 -1.581283365914181172e-01 5.988154360631968431e-02 -5.801051823515336603e-02
-3.009025860176980233e-02 1.595244355016592064e-01 7.626665826168763096e-02 -1.306821630959350278e-01 2.215362403006133907e-02 -4.019582030177675652e-02 -1.809417544851915360e-01 -6.035514772472141964e-02 1.199681440779543223e-01 -9.431161440819679775e-02 7.955824340621255042e-02 -3.854637913976222130e-02
1.888725676736900672e-02 1.573010104502683970e-02 -7.511263470639339968e-02 -2.566769196548811249e-02 3.277931660059701241e-02 -2.640137958592690959e-01 4.125699342805651954e-03 1.644410226680554643e-01 1.360535691656078183e-01 -8.020335169744502446e-02 -2.878826205078910058e-02 1.441360269824485674e-01
1.509633018412023797e-01 2.080951112955280874e-02 -1.277304152131064907e-01 -7.837831732602422441e-02 -9.753614889845485525e-02 -4.351205018549406806e-02 -7.741270342350697886e-02 -7.305220935766523760e-02 1.336333244052680669e-01 4.961511495968744245e-02 -5.855502626858975768e-02 5.693933802618804385e-02
2.792803831785325985e-02 1.156562678551934786e-01 -1.079957329572725500e-01 -4.798853616287337281e-02 4.763515382545338572e-03 4.259694333398359595e-02 -6.156043133710149134e-02 -7.651066190123231858e-02 1.198633711391757367e-01 -1.312589810218219855e-01 7.820305148683255603e-02 1.080071760829533628e-01
6.585038802826106985e-02 1.941053218861722718e-02 -3.124187774425488465e-02 -7.375742833112859664e-02 -1.781557686902992405e-02 -6.018528538461337396e-02 -1.207361916945619562e-01 -1.262842991570993847e-02 4.677509218863959428e-02 -1.134468078659207901e-01 -1.261409175698323948e-01 -1.514196426335812362e-01
1.883414800286123403e-02 -4.289944933969189883e-02 -2.874198766242587189e-01 1.402695839781497866e-01 8.446839940502268163e-02 -1.684954241352195625e-01 -4.786673660643483291e-02 -1.753398059365988415e-01 8.167782609464517563e-02 -1.384354392478273077e-01 8.894557649016122947e-02 -1.469971638873744657e-01
1.150784761421579233e-01 9.969503643042518237e-02 -2.167343222305010697e-01 2.374386710815538926e-01 4.465978202309295320e-02 -9.148731182313449284e-02 3.330816777912431331e-02 -1.830582276215083348e-01 2.843822601969147046e-01 1.535897980742113589e-01 5.035669824976821141e-02 -2.740661751598634788e-01
1.317922059151614700e-01 3.601969708819952737e-02 -2.277523644581310458e-01 -9.992303444210264007e-02 2.824840864136994312e-01 -5.741098176848422052e-02 -9.221788400738734071e-02 4.829162099538061859e-02 2.792288521611151486e-01 -1.031883002177568301e-02 1.035278857284748083e-01 -6.194687431028306213e-02
4.461574648396710724e-02 -4.761539152212967280e-02 -1.715429450652372900e-01 -4.764883425321913418e-02 8.968647006797592081e-02 -1.295505086047398779e-01 2.351252899912615810e-02 -9.217665397121854731e-02 3.064493652800867052e-01 -8.857180039797410420e-02 -1.736450428495054099e-01 -2.176083284484498989e-02
2.361437023921724165e-01 1.500634231919548423e-01 5.815149486259801187e-02 -1.475837035513975215e-01 2.365782988231726613e-01 -6.754917002634644452e-02 1.646106386833716059e-02 -2.826781336904598749e-02 3.100957626107575527e-01 5.879129989675150325e-01 -4.432414767448518422e-02 -1.587914621726080611e-01
-2.653650769314849084e-02 5.921278720417150893e-02 -3.344500859152995526e-02 -1.627665065342666362e-01 1.449611373440334861e-01 -1.476397565317198457e-01 -6.156181514057428722e-02 -1.042411164368269583e-01 1.806101779799404727e-01 1.479540026458381896e-01 4.969129424364915337e-02 -1.586293441516176822e-02
1.258961547968770189e-01 9.111577462367448366e-02 1.258220299274026843e-01 2.656471656667848402e-02 1.463638948003151419e-01 1.130335014854000897e-01 -2.455771035627636600e-01 -1.082551688138348456e-01 4.232591349735373432e-03 3.678482583295291253e-03 -6.663928910980580766e-02 1.455854465329713696e-03
-1.359495106594271752e-01 4.845316647515979930e-02 -1.537352648359887330e-01 1.630988233353575512e-01 3.169157159511591937e-01 -2.341282996729830423e-01 -2.854691163025119618e-02 -8.696702518852461594e-02 2.750861000947570911e-01 1.690167633900613864e-01 2.317261587318764915e-01 -2.419034589398279811e-01
1.909894803284497428e-02 -8.527884966740623129e-02 -1.034945054274605649e-03 -6.475003446532752449e-02 5.922443225630320829e-02 -1.043906601873728635e-01 8.396488071541887560e-03 -2.177738470951217920e-01 9.009196819580421456e-02 -1.259636102908558153e-02 -2.869053386443634265e-02 -4.142751006196722374e-02
5.517223087887868777e-02 3.253248800927536349e-03 -1.851529312589216547e-01 2.728135512721574507e-01 4.296396790884811356e-02 -8.816873735439598181e-02 -6.657946091782485087e-02 -4.075200145258327245e-02 3.912929683845864370e-02 -1.324353211146712672e-01 8.532872936469458602e-02 -2.065598605253737008e-01
-1.157090073941022083e-02 4.978324277173695050e-02 -7.504045187481089840e-02 -5.055677271467635264e-02 2.124499993830752248e-02 5.301406350678333421e-03 -6.906125935510962210e-02 -8.254703135339286346e-02 2.799068452319372971e-02 -4.569221226257250135e-02 4.942852457142971057e-02 -1.103197462890762176e-01
1.298823132797799762e-01 2.040672779516200241e-01 8.820522640758904354e-02 -5.505072851755588546e-03 9.454622381308211421e-02 -5.104806338525482573e-02 -6.422898580852479111e-02 -7.015188947829328892e-02 2.265961400803554182e-01 2.002639609771248441e-01 -2.462671393945655655e-03 5.445673962628319598e-02
1.802850291447746223e-01 5.008287447320237257e-02 6.064868604253611378e-02 -4.092439336881461415e-02 1.069158532984992860e-02 -1.143892350881105420e-02 -6.623110826917494309e-02 -7.641074420620544427e-02 -1.738117002495472366e-02 -2.462392660933068397e-02 4.259866729213983294e-02 -6.162533086788858638e-02
1.990125129734048731e-02 1.160321605797765172e-02 -2.997795525152336174e-02 -2.206476025273310104e-02 -5.218272087869052500e-02 5.335760121619830681e-02 -1.231776229395902533e-01 -9.628115009132026669e-02 1.627894118627439546e-01 -1.311719112969049750e-01 1.331670784966039467e-01 5.204803792592571643e-02
1.168048766304170122e-01 6.277013289358637782e-02 -1.265848624362549690e-01 -4.409241353424126625e-02 2.415540892268165651e-02 -1.498010185786882165e-01 -2.267192647097418176e-02 -3.421079529620586757e-02 5.941952771938942279e-02 6.472481580446556859e-02 2.086911757410097878e-01 1.622252326992377480e-01
8.125883978550389741e-02 1.352628377170537466e-01 -1.551057619394858589e-01 -2.608710145278894110e-01 1.573341188050725314e-01 5.278983198932137716e-02 2.519692903650452287e-01 -2.262997222398063502e-01 1.663177946601217816e-01 -2.551370608521499883e-01 1.091868336525927546e-01 -2.272851299120196289e-01
1.315829636089877464e-01 1.883248942501768719e-01 1.242634018484315706e-01 3.900225350027563403e-02 4.637823705346340308e-02 5.981724123235223484e-02 -1.312617106188877225e-01 -1.895074143970696123e-01 1.641466615597340362e-01 -4.252495503400678667e-02 -1.633270932077688642e-01 8.860263998138338815e-02
2.557674100716939569e-01 2.570981697209397121e-02 -3.524887544557069735e-02 -1.058240507212979652e-02 6.170692311901640470e-02 -9.143394365049534178e-02 -8.142938678384270546e-02 -1.681186731101224352e-01 2.365104814563780689e-01 8.233765262378323069e-02 1.786297481379299848e-02 3.530790142103072682e-02
1.589763532380371047e-01 7.024946404470189254e-02 6.182187731589140062e-02 2.208694750162247533e-02 -3.976267345123873399e-03 -3.890239587543212890e-02 -1.036300108416111643e-01 -1.828782734835126822e-01 2.660865618620794279e-02 -3.609549904762170136e-02 -1.013376189002290761e-02 -6.530974539563634551e-02
6.162838089844097783e-02 1.116432266339222601e-01 3.216383758579554469e-02 2.477559630647983846e-02 -3.204270488951492524e-02 -1.403836520147444533e-01 -1.484842160782654796e-01 -1.232347316972235984e-01 1.688209146490981249e-01 7.651653827869872582e-02 5.876751710390093475e-02 7.104982973046673755e-02
1.459084979500345318e-02 2.276814764049687467e-01 -1.055196268822654604e-01 4.253786161935550064e-02 4.981642079356114750e-02 -1.644100969167459625e-01 -1.332749122425078425e-01 -5.352214243567542107e-02 -2.689064939718903771e-02 -1.234105746143659282e-02 1.913637737355042556e-01 3.542964823128044727e-02
3.092319449994457986e-02 7.371723848523581424e-02 -4.990699162570279984e-02 -2.008113368551349975e-01 -2.242290699473858950e-02 9.563721689462916301e-03 -4.088172217267980330e-02 -1.078293598952436982e-01 3.711683439863127515e-02 8.075759062919946052e-02 1.524611748744890416e-01 5.531806610767642240e-02
1.287827181828567757e-01 1.846318677717936063e-01 -7.480107958281999488e-03 -4.182682996625058242e-02 1.058016160324217192e-01 -6.377673388155280509e-02 -3.715765097507953835e-02 -9.518740999235450473e-02 1.964835356781392817e-01 -3.182662843665826774e-02 7.441433225304382171e-02 -7.645284621992919083e-02
1.923305680134200779e-01 -4.075509915579341585e-02 -2.745711460557303737e-02 -1.237089639754368614e-01 4.856029237409852095e-02 -1.181728276315030524e-01 6.264698051849641736e-02 -3.621186478539552278e-02 1.212206358038627335e-01 -3.435121247566944036e-02 1.887886649720616275e-02 -9.199563265284595170e-02
-5.526817407859322545e-02 2.430323389962319586e-02 1.774529332042440802e-02 -2.572952380678673184e-02 2.011648335210116656e-01 -1.468632682659841704e-01 -1.855670704465476120e-02 4.715284481019774154e-02 1.601111622386747479e-01 -8.119311791238431608e-02 -7.942096532317037549e-02 4.423687612448491679e-02
-3.602898078401057386e-02 6.590466850657220044e-02 -1.108591601506980218e-01 -8.797591033567105090e-02 2.013301900875470452e-01 -2.048543191608109271e-01 -6.508628441420313826e-02 3.830998920385541174e-03 8.669922119389160409e-02 1.619663831117609254e-01 4.974077985012325537e-03 -5.289809964182506929e-02
1.513311180123728776e-02 1.516713253263617589e-03 4.601890686539480274e-02 3.550828632254255518e-02 8.185766649896827896e-02 -6.799670135540722415e-02 7.603137890113503827e-02 4.639350870539857633e-03 7.548927514993250716e-03 5.039879875077896143e-02 2.151621067622702319e-02 3.715868314067581613e-02
2.756950598576073802e-02 7.807809537803772626e-02 -3.624813081282986932e-02 -3.627042396626174031e-02 1.546450035498491138e-01 -1.442569263568098115e-01 5.613498109252205298e-02 -1.705251886527127392e-01 7.201268680672769096e-02 4.479480505759250719e-02 2.990116466032965645e-02 -2.511593895656972775e-01
-8.516759449812406901e-02 1.989185461164238167e-01 -2.244195254125393724e-01 -6.830615299950594521e-02 1.968125291690821510e-01 9.874920221139832366e-02 3.919665397353949698e-01 3.525255388945320867e-01 4.106832458284105369e-01 -5.244866401310543935e-02 1.820637301969369182e-01 -4.589247205436784195e-03
-3.173986531362082281e-02 6.831070252966017775e-02 -3.790600248439749548e-02 -1.240443887464214995e-01 6.060800939735545845e-02 -1.529239774882917291e-01 -8.649584569445348259e-02 5.377264118827243533e-02 2.536110017237222514e-01 -5.651295975689361872e-02 2.103813497367134147e-02 5.479344834456142954e-02
6.977883619943738014e-02 1.798055191117569895e-01 3.640227951566272352e-02 -5.925835064779939182e-02 8.069926001433397333e-02 2.225277826480568863e-02 -7.683418083725529479e-02 8.151141545811874112e-02 9.135187385870531529e-02 1.638545683636987446e-03 4.431060553934618174e-02 -4.326173754101184099e-02
8.279567409365919117e-02 1.086612257682112725e-01 -2.896722879187289476e-02 -2.486719820823007077e-01 2.878127583613343532e-02 1.190599957685788655e-02 5.199325318338791219e-02 -1.213979919462011142e-01 5.962509871456966870e-02 7.794376309066103348e-02 2.087145371014921535e-01 1.419160502542342675e-02
1.645895810629812717e-01 -7.098722386981320964e-02 -1.235828354604096846e-01 -4.545933784078071832e-02 1.915425271504649363e-01 2.562101587212111189e-02 -6.531417832711978663e-03 -1.726069122786727250e-01 1.644072494375386773e-01 1.059721379956205661e-02 2.061560760188189401e-01 5.933556343890278306e-02
-1.585270608734585390e-02 7.552164627644610863e-03 -4.053467960625892902e-02 -5.941081638446021190e-02 1.239265825536328691e-01 -1.134654053326914769e-01 -8.198800367875057685e-03 -2.307322029450496748e-01 1.765781361606731659e-01 3.273130846687018203e-02 5.548945194971922901e-02 -1.007034837911733732e-01
-1.015579508561549188e-01 3.967364405245909879e-03 -5.332775038646387494e-02 -2.042142679058149557e-01 3.022986161745074701e-02 -2.340504325993764470e-02 -1.009546319436318562e-01 -1.556013053210862085e-01 2.407428648682388428e-01 -4.135822753055552747e-02 -9.830023577563729714e-03 -1.841833642757628453e-01
-2.145551297175008476e-01 7.876695741607915233e-03 -1.389025186968951553e-01 -9.412175911969457298e-02 1.043239533549892573e-01 -1.184808830491933251e-01 -4.584698502770805789e-02 -3.961632241581675151e-02 1.739060843580199356e-01 -5.084112186575587278e-02 1.374758070747179872e-01 -2.694446535577920895e-02
8.574474415013051687e-02 6.643942339936392827e-02 -4.556437923401942570e-03 3.818504339073378745e-02 -7.152281516280392659e-02 -4.513439497835485675e-02 1.164103707611470195e-01 -2.779782080493008525e-02 9.960684720202471476e-02 1.583606515323608965e-01 -2.758338246414406350e-02 -5.853380324675659663e-02
5.540998025397949472e-02 3.272708553945816168e-01 -1.654872123270920425e-01 -1.571805922390294985e-01 -3.516807626438246681e-02 -1.804197880147615507e-01 -9.203074461504678894e-02 -2.215452443663557258e-01 1.609646117433386203e-01 -5.859297373018586275e-02 1.568422228532957152e-01 -1.140430299006923304e-01
4.926978965341276967e-02 1.188241335418296733e-02 -1.843873959291020548e-01 -8.934688196109767666e-02 6.797691155524285267e-02 -9.614036646314430556e-02 -1.122754799403013204e-01 -1.869189457613658900e-01 1.554337771678541424e-01 -5.713678375090727735e-02 7.687452186172356872e-02 1.586563397982098875e-02
2.218710041971402869e-01 6.847183477603827062e-02 -6.842203394310569786e-02 7.665183093701492811e-02 6.812306899950618111e-02 -9.011297372012427864e-02 -4.885903319587993690e-03 -8.401632089055713348e-02 1.822913446581040653e-01 1.267819875937899465e-01 -5.402314558500566355e-02 4.548149358924380263e-03
1.481543053803303645e-01 -1.979176199969310407e-02 -1.025635934396494087e-01 -2.712860969678069362e-02 9.363470895839565156e-02 -3.036526469303149189e-03 -2.290970079035413789e-02 -4.369042417484976515e-02 1.382465285994123605e-01 -3.613738449823555854e-02 3.948097212425966118e-02 -1.113779812482100368e-01
1.093819870032598091e-01 -1.767751241435969872e-02 3.283703524699505688e-02 -1.406012859372890722e-01 1.000660897211758105e-02 -3.611702577329618108e-02 -5.906005405485353216e-02 -2.359087763935002469e-01 1.814252122717576465e-01 3.293490209733146695e-03 -1.305580920628871266e-01 -1.168081154121482640e-01
6.267197612762811371e-03 -9.820329797824156604e-02 -8.602080388507102326e-02 -6.159686497579189984e-02 -3.291281746455102658e-03 -1.009384439521346100e-01 2.221731126413923826e-02 -1.933967746015832490e-01 9.930040734354085574e-02 -1.808877286159513709e-01 3.963112647372468711e-02 -2.839903556572262802e-02
8.251767964012231282e-03 1.581704743454017958e-01 -4.639519095070742533e-02 -1.428089905526050141e-01 3.490531313476327030e-02 -3.069387499822057250e-03 3.303581449221707628e-02 -1.555396845156333530e-01 1.214543472984402489e-01 5.531551048620539368e-02 4.670960551552696960e-02 9.245670141350288695e-02
-5.763741030154908435e-02 1.503036317070875240e-02 5.806492298080014741e-02 -1.148588537002478566e-01 -4.039003156075582357e-02 -3.970562247927882787e-02 -9.107986119762635779e-03 -8.612722337047995502e-02 1.590708384299895084e-01 2.026577142560443898e-02 8.573089998159612313e-02 -1.404689300552214304e-02
8.553575281065434188e-02 1.992394791514594810e-01 -6.093605578051290023e-02 -6.235405442828725192e-02 3.584599805504261327e-02 2.943893094279647626e-01 -2.070327861987354343e-02 6.711259650533251200e-03 1.597476649545037375e-01 1.931403930765028809e-01 1.358415837037777463e-01 1.145741515467282728e-01
-3.596463407928373462e-02 6.727101197528639887e-02 -1.745365755325212487e-01 -3.217756448789907964e-01 1.278033392726674600e-01 2.701896045348470624e-02 -7.568943818252593658e-02 -6.016412136958447510e-02 1.297567460089197600e-01 -4.380641553617597994e-02 3.144108640165315660e-01 6.220246889233371768e-02
-3.753932277856199956e-02 -2.408063583528349122e-02 -8.877833979817709165e-02 -2.617512347415036356e-01 8.343427405819434095e-03 -5.540297714372099253e-02 -1.316126635278411505e-01 -3.822021238333475884e-03 1.101061113350965542e-01 2.017985263245771210e-01 1.939765446199036292e-01 1.088334390760331977e-01
3.985870021490686265e-04 6.077741950163269985e-02 -1.078502985429514727e-01 -9.649225565470705146e-02 6.444922143965142736e-02 -9.920498794927543051e-02 3.399313905217311166e-02 1.096938695594029851e-03 6.956420466398326174e-02 -8.462557182158658708e-02 1.121572856770384624e-01 -4.304667927504071678e-03
3.045940091524368398e-01 -4.383780263947077427e-01 -1.171510342901548180e-01 1.014569999033900077e-01 2.980527345626580171e-01 -7.235484336619735224e-01 8.875721904269556761e-02 -9.970801363698883479e-01 4.224939006772767680e-01 -1.985980134727708402e-01 2.556920579733911736e-01 -3.348226172100823295e-01
1.013935125483817444e-02 2.022969895085441616e-01 6.668930364230298002e-02 -1.546139941877518013e-02 -5.206927362843317975e-02 9.285881997667755437e-04 -1.023168978861114242e-01 -7.450347502266521735e-04 -9.360835860680565002e-02 -9.894138163229190819e-02 -1.539813495466107497e-02 2.382756004310162060e-02
4.343415925320366980e-03 2.435767782571085782e-01 -1.191852666430993357e-01 1.813782745902341731e-01 -2.291021295621630260e-01 2.479401782852879710e-01 -8.665823831031899127e-02 2.857803155521443372e-01 6.760137577827392275e-02 -4.266772370796703684e-02 -1.979256596817211833e-01 2.991931528565245912e-01
6.462406711411755600e-02 3.014319853689212403e-01 4.704320376182014735e-02 -1.664096966374037090e-01 -1.471818989743307049e-01 1.219044843570661063e-01 -9.813305089053211971e-02 1.187392137352358823e-01 9.736806965019952076e-02 -1.961554403257302348e-01 -1.903457388065461775e-01 1.745282720215085223e-02
4.921081708685815653e-02 1.228065002472027989e-01 -7.717634122541039421e-02 3.147330640311686301e-01 -1.758107125999042730e-01 1.407727543110659230e-01 -2.153059695738700763e-01 2.061596464282555441e-01 2.214072229637679967e-01 -1.024593118308106954e-01 -3.544103214596367457e-01 -2.178079310626513873e-02
8.352325468792475005e-02 1.619463888160007914e-01 5.212030583884206397e-02 3.613091285281485460e-02 2.129084129000357595e-01 -2.384029773555597087e-01 5.604160697580524292e-02 4.295946543524147010e-02 1.014951156864171283e-01 -1.711561215302083716e-01 1.731703101996437122e-01 -8.237940357974647687e-02
3.652363542002733804e-02 1.679175719399861599e-01 -2.668161545952102073e-02 -8.458418773913171929e-02 3.461703183618279611e-02 -5.903227925560473877e-02 1.801353841663761168e-01 -2.323176488775155202e-01 1.642910066027223615e-01 -1.920960155264511138e-01 -4.590891577765825247e-04 -6.512156003951270755e-02
-2.213664251698369001e-02 3.525854128054232289e-02 -1.290714266331091931e-01 -1.747678872003858574e-01 2.292072798083873431e-01 -2.288649159617550111e-01 -9.326387315841977443e-02 4.476215598808584717e-02 2.206850698707526204e-01 -1.270211369794030376e-02 1.579539147140034128e-01 -6.640242329054062143e-02
1.529827505260911158e-01 -1.028359058431778938e-01 -4.098552553110181712e-02 -8.768102014504045374e-03 6.083504163792058383e-02 -8.901928975669726185e-02 -5.842615732437222292e-02 2.814249816093135001e-02 2.487599296321688913e-01 -6.709119832065291167e-02 1.226797950223469658e-02 5.828819939640328407e-02
2.140816291169487240e-01 8.183164789034383380e-02 -1.694938130676952592e-01 -7.392560921479719716e-02 2.075966436029413886e-01 -1.292101518735788712e-01 6.773871209036441687e-02 -6.985018086426167394e-02 -7.375279291781690338e-02 -2.610648932698334534e-01 6.125550129349977002e-02 7.716777338615503877e-03
-7.031387635166690131e-02 -9.433708714063936129e-02 2.147589941791217590e-03 1.139602393976464623e-01 -2.408376183959070604e-01 -4.493172154735423918e-02 9.810194054526670537e-02 1.813353361769223515e-01 -1.717172577513215448e-01 -9.103388886313522332e-02 -1.321198434292820134e-01 1.176433271943654463e-01
