-7.144805204054154313e-01 -1.948480272890750764e-01 -1.601114575776575677e+00 -1.570850060969753229e-02 -3.048535042133042605e-01 -7.554592576847506402e-01 -2.114719172207704112e+00 -1.946485591475568544e-01 4.522770531761778345e-01 -1.430980024257649363e+00 1.922655236074582441e-01 1.212942447674791424e+00
-4.303333025186265037e-01 3.097748629735279646e-01 1.696669156542863766e+00 -1.435166862291319956e-01 1.000960153622033166e+00 -1.708545167409147636e+00 4.728407662539420020e-01 1.145595869070703543e+00 -7.490342061341312974e-01 8.739288434326754063e-01 3.318534440143574571e-01 -2.712084539711754911e-03
1.974197854854440604e-01 -2.907965042712002401e-01 8.650014933063680800e-02 3.768710850462335671e-01 -5.621252302212614849e-01 -7.258711264613360026e-02 -1.082437224884978511e+00 1.565711898410381275e-01 -2.150092700130415146e-01 6.022170718135227974e-01 1.351276274104550534e+00 -5.953813670737991837e-01
1.029412437044350925e+00 2.428545813997614877e-01 -9.294948064375473384e-01 -1.226615995403436410e-01 1.842695767456625555e+00 8.782025815409130187e-01 -3.699788889791812974e-01 7.799822626006454040e-01 1.154011980572793861e-01 9.175330796902157748e-02 3.639538638478552190e-01 -2.539090431070642584e+00
1.253497054905031716e+00 -9.397482363353193424e-01 -1.351372718125761485e-01 7.756222320971098982e-01 -1.723179106334503385e-01 -6.905645621559856062e-01 6.798935289530509962e-01 -6.451464684235831415e-01 6.234545814668714936e-01 -8.951341787761107893e-01 1.066613123302005084e+00 -1.365412677789823226e+00
1.056153774351955565e+00 9.680515397347394524e-01 1.989921367395663054e+00 -3.446880008850441435e-01 3.298755488783131073e-01 -8.058072363465194066e-01 1.757012549413996816e-01 4.513339645425882840e-01 5.067020296572199989e-01 1.254452624951258199e+00 -5.514334480053409981e-01 -3.269494925492040238e+00
-1.708594899751873397e+00 1.927275197313880417e+00 -7.522488975741773443e-01 -4.183737997144669762e-01 3.813753483932963984e-01 2.596904580754419434e-01 -1.277186504785384757e+00 3.138260694815834806e-01 3.418167589624432345e-01 -1.005564227873142258e+00 5.355054829201935096e-01 7.797955352390409933e-01
5.063823161418863350e-01 3.197226962647874426e-01 -5.420518674710377294e-01 5.660016223693343784e-01 -1.501905491670033177e+00 1.232882013063222981e+00 3.631452319841150245e-01 -1.217972444835079410e-01 8.945127834517652143e-01 1.997528864098264967e-01 1.368087050274583438e+00 -1.244760758886980456e+00
-2.027648043140066747e-01 -4.471406582783106765e-01 4.235000826208216163e-01 1.031322885975164277e-01 -3.751760482428857096e-02 5.127681127913253922e-01 1.677176506964407066e-01 3.297567972290823546e-01 -8.544233073541569468e-01 5.151202771316560902e-01 3.423241310200150211e-01 4.939626451205473279e-01
-3.977768303673164807e-01 -1.838048450351362217e-01 4.323380627208656124e-01 1.260911281099267756e+00 -1.421775033556811618e-01 2.103796130629406402e+00 1.959426054770802450e+00 -2.382977198829320520e-01 -2.481528369072071583e-01 1.813608152790526229e-01 2.063575107539424858e-01 -1.276803718936002419e+00
1.361221564631264647e+00 1.479686381436100540e+00 -1.092622962812154208e+00 -1.647852335203225049e+00 7.170201131981004394e-01 6.598706380451989650e-01 9.218993289371391064e-01 -2.784096489353690140e-01 8.121061543517056336e-01 5.614251993948579100e-01 -8.253700110222378372e-01 -1.371057252329099141e+00
-1.681582642385068271e-02 4.618422221751454781e-01 8.261101833089932178e-01 -1.303275487186958514e+00 1.012015313604280653e+00 -1.084303274953676705e-01 -8.764404558654272925e-01 -8.172826213459252753e-02 1.197243385108871655e-01 -8.804292293931469393e-01 5.879290322006361924e-01 1.678961186219903867e-01
-8.324230474935526147e-02 -1.311260259665624484e-01 -7.716309520484289086e-01 4.281742573249119888e-01 2.657810377300843796e-01 1.155525093344980325e+00 8.540297167290646918e-01 1.925722712053089258e-01 -1.530268117333998035e+00 5.912477277368730633e-01 -2.327368117246197965e-01 -8.048377101213952667e-01
-1.393691669665654498e+00 -1.473099327008062925e-02 1.539706725209309401e-01 4.883866178824612381e-01 -2.737032178834886142e-01 3.748718366067753105e-01 -1.345121859318541280e-01 5.015041336774563874e-01 -4.301527154444495515e-01 3.422399860001154037e-01 -5.316346989894635833e-01 6.702766508501800669e-01
-4.237202713118819186e-02 1.984266104972653433e-01 -2.024714591990510459e-01 -5.926230433697146083e-01 4.082035701337077827e-02 -4.253830994936887329e-03 4.651942278388604968e-01 1.541557403640407553e-01 5.896380181105850271e-01 3.287732305046001668e-01 -4.529890262041668114e-01 7.097499856695635989e-01
3.855750260680331637e-02 -1.249249680048924137e-02 1.289256849896665558e-01 -9.265980161822923167e-01 3.261686143128816329e-01 -6.413806703869644188e-02 1.078753610885827552e+00 9.203501640192862654e-02 -4.035928591662893417e-01 3.378318777778939186e-01 -3.481204101879863400e-01 -9.338280988543944117e-02
-9.441726912252583759e-01 1.623439143192689116e+00 -3.865631816161133605e-01 -6.740379176139666972e-01 2.692909222265435498e-01 -3.286473769767727093e-01 1.837460984272138331e+00 -5.846391856683044175e-01 2.263768673690851330e-01 -1.772209621352319464e-01 8.020678245218387792e-01 -9.053874516152498053e-01
-8.304666213430647037e-01 -2.149551958703006804e-01 2.146561662632758549e-01 -1.557359706919325459e+00 -1.104751448439150324e-01 -3.466032807404151317e-01 2.170714538232488555e-01 6.907529884537622067e-01 -1.968697740272402075e-01 2.054765587540258523e-02 7.258207934381135651e-01 5.061539772420240585e-02
-4.467140428895867155e-01 -4.643861111225000560e-01 7.730547648647486669e-01 5.669327521435882922e-01 3.472813583992077624e-01 -7.590704733169681973e-01 -1.008093574302799889e+00 1.099508086899051440e+00 9.253448331392220005e-01 -3.977440323236642872e-01 8.186877789782838200e-01 -1.894576720360866773e+00
6.229155179849343860e-02 6.367762835112594777e-01 6.910732364103829017e-02 -1.326715662962674180e+00 4.258826571945996120e-01 2.033245093319714147e+00 7.971382441555239229e-01 -1.214472218808091836e-01 -7.886140517589519394e-01 7.876195176078483184e-01 6.794048639536913736e-01 -3.384338074902683013e-01
-1.668943526084003606e-02 -5.848115572144576557e-01 -2.092941462491564042e-02 5.504305354383091098e-01 -2.864407315559251432e-01 -1.660818184592107505e+00 3.237105789392505928e-01 -2.549463708179204868e-01 9.811544908641939289e-01 1.426625715615832124e-01 -1.189960049234801698e+00 -1.077900930128300183e-01
3.595081403904782924e-01 -1.149942476112249201e+00 5.089260445342999040e-01 8.328281762316995795e-01 -5.007913250861006915e-02 -5.069974533541368178e-01 4.056627306076001638e-01 5.612143972675726067e-01 1.624684852465023699e-01 8.166428426801440876e-01 -2.837022711647900763e-01 -8.421463629820514774e-01
-1.274639855668904032e+00 1.340880604063965642e-01 5.430900900293573752e-01 -7.292582820045812042e-01 1.211446820749210174e+00 -6.503251287107449929e-01 -3.639511576804986270e-01 1.024832606660115886e+00 7.856446957419428445e-01 1.074812181383389548e-01 -6.976084968965832189e-01 1.669562662601261904e-01
-1.044292506152065259e-01 7.546067701490195567e-01 1.964142134966346542e-01 -9.564541615728022750e-01 2.407144491139204590e+00 1.272379901688958370e-01 6.117429133713918610e-01 -7.420125758283215855e-01 -5.074706793168601848e-01 -9.051347981746553639e-01 -1.220694384867611726e+00 9.020719561965819810e-01
1.251096043929699642e+00 3.968976761087078531e-01 1.527924121903824761e-01 3.315910199565809680e-01 -2.135470532035490254e-01 -4.280940551250276283e-01 -1.170331662974773757e+00 -2.570893322327672537e-01 -3.036281896542289971e-01 5.341965233932484125e-01 -1.589001505721646224e+00 1.337144007677185442e+00
3.430218543395119335e-01 2.164502068854123329e-01 -1.207508001587208196e-01 1.481830059479936734e+00 1.878728106261595698e-01 3.522261838850781479e-01 1.121949552997684174e-01 -2.502585471515732154e-03 1.544610171393362708e-01 1.804283943805479185e-01 -4.811565446594976980e-01 -7.440172790162405958e-01
6.470118858323639088e-01 5.323654714413242894e-01 4.733744944338119098e-01 -1.542572951324664154e-01 -2.716519510154445372e-01 6.081598657074697156e-01 -3.161228549483566241e-01 -5.470371436140446519e-01 -8.012348421637358609e-01 9.199466922215429054e-01 5.096983823125156299e-01 1.120527435794950399e+00
6.640512025036701127e-01 -7.355929220237195088e-01 4.299368390749285229e-01 3.868217882651763806e-01 2.911898711620114488e-01 -7.696945117064422082e-01 4.298543389060270614e-02 -7.483844468250930859e-01 7.313077168168022890e-01 -6.754987070853002429e-01 2.607075463604254795e-01 -6.139505584095019675e-01
8.934352802191923848e-01 9.975785904596784492e-01 1.534688966214158956e+00 5.487537721733784513e-02 -8.304175290011694965e-01 1.238001714172855205e+00 5.502149176485751636e-02 -8.719262677918994398e-02 -3.208357497270911129e-01 2.271354100717459801e-01 6.957193429519306083e-01 1.775186536260051351e-01
9.355465347930655984e-01 3.760016701477976453e-02 -9.897946922190967722e-01 -4.288711384457808418e-01 -8.824415472437471472e-03 1.199107830988981327e+00 5.255347264012695252e-01 1.127658635612582172e+00 -1.053595594578689676e+00 1.561191914624817434e+00 -2.127874641641324782e+00 -2.906052094554525400e-01
-7.584003738197780953e-01 8.003279258175286515e-01 5.799410557018078727e-01 4.915167463811064286e-01 -7.299600774272982928e-01 -2.941597518715291515e-01 7.998665719369767446e-01 -1.599518145937811886e-01 -3.549320517636612715e-01 -4.445918335012657430e-01 6.014200244082202884e-01 -5.493011721553057308e-02
