-5.324805203205691673e-02 2.536665440706699637e-01 -4.662779787165999973e-02 -1.364299562275854971e-01
2.047819487152061080e-02 -2.051969862694003402e-02 2.083336981631508378e-01 5.919247923785725396e-02
-2.222839867277182080e-01 9.524992631670642362e-02 -3.332828412255198214e-01 -1.760783069511814014e-01
-4.787604371077272200e-03 2.232448195460355611e-01 8.200946669807411549e-02 2.513706560464258610e-02
-1.372580592089641116e-01 -3.299242531257284838e-02 5.200599258288050863e-02 -4.347152272995875866e-02
2.851235980190094388e-01 3.238711013049836440e-01 -1.152815577148922077e-01 4.435241566714980266e-01
-3.251614666457045555e-01 3.388463053335863395e-02 -3.837711085784163353e-03 -2.781618848382670373e-01
1.251555188411871966e-01 3.415453148044483855e-01 3.906792672656116405e-01 -3.783251764453025578e-01
-2.938344223209947703e-01 5.466576573454033916e-01 -4.014911963419419416e-02 4.845342640567561893e-02
3.731191757870275238e-02 4.362874729145432284e-01 3.833868530270958530e-01 5.756576616745283544e-03
5.303059388171778021e-01 -5.828285802505470820e-02 -1.359226969571567245e-01 4.885808113871246139e-01
-5.426449635554033701e-01 -5.990638038521418629e-01 -1.999879716255297812e-01 2.297089496887051441e-01
5.223731057307071657e-01 -2.800005492453426781e-01 -1.780906562801830989e-02 -3.209527840110397712e-01
1.815931859668206416e-01 -6.587944896550028406e-02 -3.168509994959086695e-01 2.179797594067731104e-01
2.568837032940120557e-01 1.594077766609210967e-01 4.823945014513280616e-01 7.094649513272864583e-02
-1.409781850363351352e-01 -1.037455934152961418e-01 -7.793513198417745258e-02 -1.409364104356062852e-01
1.884602878131023396e-01 -3.711814108655146494e-01 1.548005159567311662e-01 -1.558652223351937594e-01
3.133376181846059816e-01 6.481521044379752461e-02 -1.118949111088281406e-01 -3.606469660353097684e-01
-1.666212613553137989e-01 -1.761959560514905210e-01 1.242164485500071303e-01 1.126098306065803911e-01
1.177666915617933963e-01 2.246695529821660375e-01 -6.725997855849238927e-02 -4.228317608043496989e-01
-9.395355481905302841e-02 -4.208499072100315153e-01 2.327009405163906614e-02 9.288363661528102611e-02
-3.148968820458785678e-01 -1.084329774765847298e-01 -1.444691593765649318e-01 2.349020007606527627e-01
-1.264464572134431711e-02 3.071643107075701651e-01 -2.786441597797783554e-01 -2.833582479274324717e-01
8.584440993440255463e-01 3.452122411220022724e-01 -1.157317016013787031e-01 -3.170417832593330210e-01
-4.020756675563821360e-03 -5.529390576360065229e-02 5.035228691578985671e-01 1.709257406048518557e-01
-4.805999965099514576e-02 7.615615970321859551e-02 3.371676588246708822e-02 1.407583330619876505e-01
8.648097488535939903e-02 -1.574661477353866412e-01 8.667140632218059415e-02 2.155158371409061913e-01
9.625225272796107678e-02 -2.191534691526255407e-01 9.317127734910063061e-03 -3.365679447529514312e-01
2.353925555486505727e-01 -5.564582604569840996e-01 -3.827191023088263866e-01 4.670518565412171696e-01
3.128939047794442319e-01 -1.441797378023316201e-01 1.221780036006781534e-01 1.075285118989784544e-01
