5.650867962026185909e-01 1.253556410526017517e+00 8.958825514481432162e-01 1.409327201269101160e+00
-8.630506089946565762e-01 -5.715130220888239299e-01 4.929033284234198009e-03 -1.522502884391625788e-01
-3.428805895049603647e-01 -4.362325404159945186e-01 -4.077828001542043723e-01 -1.198981351182697858e-02
-1.074707128548126334e-01 7.778411072734597864e-01 5.529066113245137241e-03 -1.736648537008900484e-01
-1.006287769810594090e+00 -1.920455321911441748e-01 -2.626651859350405682e-01 -3.848692057189377902e-01
6.069143322105050586e-01 5.376384200166346439e-01 4.014303257896867372e-01 1.896604236836159918e-01
6.030379744962195421e-01 -5.923864774988982784e-01 -6.892516264066507192e-01 -4.208797797343682423e-01
2.976224632590330765e-01 1.681715063402022370e+00 8.693218094807350083e-01 -1.457065681123108358e-01
-1.166308360765513807e+00 4.017639555493091041e-01 -2.248005674470702209e-01 -1.126448039663662110e-01
1.345515336586966093e+00 9.805869865337816238e-01 1.838234396148359373e+00 1.358209823175807296e+00
9.959579856031026690e-01 1.696558271829697651e+00 9.006090541554557793e-01 2.330085025925829001e+00
-7.878890098871663694e-01 -6.008856247223786085e-01 7.468256310479459703e-02 6.879028996076400615e-01
1.243004217159022762e+00 -3.495060494651914262e-01 3.060190387769096687e-01 -4.108756805986563676e-01
-1.428693872814703891e-01 -5.056254367807275774e-01 -7.630840334042828799e-01 1.093468836763110907e+00
-2.272481413557072005e-01 5.366296962328275244e-01 7.621413415217123122e-01 -4.505570446717983152e-02
6.896308750203888893e-01 -2.435152846184534259e-01 -6.513559567725808463e-01 -1.481148958146678678e-02
6.731717013291212970e-01 -4.316150230801759080e-01 1.875237157423261802e-01 -5.536288532720348154e-01
-2.153535966956473258e-01 -3.954888782060860808e-01 -6.489721822876786117e-01 -1.448125974213071987e-01
1.095638431368005428e+00 1.121932319418188495e+00 5.923310445595464380e-01 3.498930159899095171e-01
2.879459250668321424e-01 9.687456609994673506e-01 4.308924399832150254e-01 -3.449994434729555248e-01
-2.598873344801624907e-01 -1.532000007386790541e+00 8.474474990762974336e-02 8.035580352378983715e-01
-1.279630737207427371e+00 -4.286288859362772929e-01 -1.463378680281226751e+00 -1.701640063785466728e+00
4.256517776266883213e-01 1.621597697438492469e+00 -4.567773449612277381e-01 -1.943921700840386679e-01
8.973805493026248969e-01 1.710274283329995315e+00 5.950054614007685982e-01 -1.346551804849019374e-01
-1.030138688274188530e+00 -1.203331965477904136e-01 1.592961839793833656e+00 2.769454182172239598e-01
6.457744493647438189e-01 1.153094266230733966e+00 2.289497379875016572e-02 8.323372186928639227e-01
-5.066770734363752471e-01 -9.020401563687825419e-01 -1.419380035217540970e+00 -1.477729869369163396e+00
9.951640645387985762e-01 9.390159659879072918e-02 -2.068070757367874157e-01 3.049994273648600762e-01
6.850591940214355580e-01 -6.777302031643033242e-01 -8.370106963194953176e-01 2.309448962020078433e+00
8.798831055880425023e-01 1.554141777810080338e+00 6.660319705021071623e-01 4.741149585659299448e-01
