1.784557628898381793e-02 9.433594590740783381e-02 1.283417257071946538e-01 1.611838877333140463e-01 2.031523270504742018e-01 -1.518170949175943751e-01 3.058096440286702800e-01 1.426479187178860963e-01 -5.230388020821260609e-04 -2.197154912641104477e-02 3.256976671408592927e-01 -3.184023117921910839e-01
7.097313421762423136e-02 9.641653610447258049e-02 1.299896598506316003e-01 2.106410545775412868e-01 1.909169964867759028e-01 -1.548893062242372998e-01 4.101509191298704504e-01 -7.332810165821219972e-02 -9.134405364802673788e-02 7.958375503842750331e-02 1.858049247992873132e-01 -2.297449974566147524e-01
8.146714505028844477e-02 1.523893385479986318e-01 3.083499090071313842e-01 8.988074223924050199e-02 2.348219770093146197e-01 -4.112838384723105367e-01 2.709021862260042046e-01 7.687613579765127658e-02 -7.951661946629436095e-02 9.487305065002736570e-02 3.419584760430062764e-01 -9.967608507097783233e-02
5.139382113204794822e-02 1.053237759655204081e-01 1.404659818954606121e-01 1.095557609310837954e-01 1.348679469585783997e-01 -2.773037735983358010e-01 4.156102644359472853e-01 4.067374047271009319e-02 1.102673952554319853e-01 -1.117726179018858207e-01 1.993837436417782716e-01 -2.844519690597531736e-01
5.604568879333654552e-02 2.595905706777865141e-01 2.532830221915247648e-01 4.600463005338811806e-02 1.888662893160342748e-01 -3.046379610216335410e-01 2.139993883811020792e-01 1.202734011404490572e-01 -1.602252586816896585e-01 -7.441003437719150015e-02 3.067613779148413156e-01 -3.498004823595641244e-01
-7.718949052956809720e-02 9.147918979838952358e-02 1.975349401690187912e-01 7.069858459698186159e-02 1.618986216099275732e-01 -3.768942316102409373e-01 2.396071766376686452e-01 4.806344327278400108e-02 -1.193778171052275322e-01 6.985249569929812344e-03 2.990696798597176076e-01 -2.866064709212187700e-01
2.116288158106558737e-01 2.779428198460739616e-02 2.876421830227005594e-01 1.213034666500548975e-01 3.038174534569957341e-01 -2.793431159929973262e-01 2.778505750685138498e-01 6.645114204328010643e-02 -8.331023643356107178e-02 1.373221064142105263e-01 2.248076200470708053e-01 -3.518770833520234453e-01
2.056675529456486184e-01 8.584165010734863543e-02 2.267939862127285600e-01 6.349351144716448847e-02 2.420104685899055474e-01 -3.188595909363589609e-01 3.322287840747211174e-01 2.843829013861708110e-02 1.320722878092783076e-02 1.277538331539403160e-01 2.783853495217981089e-01 -1.957896521463626249e-01
1.585274192513481395e-01 1.353817682368048669e-01 4.666645387889408192e-01 8.283523982625390358e-02 2.708172513984524188e-01 -2.821702261196846750e-01 4.157201108001272738e-01 2.178096738675941724e-01 -1.008811222865119497e-02 -1.274211425497303110e-02 2.236116060625512325e-01 -2.054259322958021938e-01
7.109645844068405995e-02 1.488488512450525936e-01 2.521920914019912807e-01 1.633830884179540699e-02 2.179620864684137516e-01 -2.181038156332147371e-01 3.860222747903648832e-01 1.578669520703188806e-02 -1.490177711012802553e-01 3.656411358995496907e-02 3.751465645099491542e-01 -2.547768132597821311e-01
1.708983063586275442e-01 1.667853096414485536e-01 2.098780355075273163e-01 1.185640391273658500e-01 1.267225542314418252e-01 -2.528652526427449532e-01 3.624487665359885646e-01 -3.604616335475556432e-02 1.131229053646417692e-03 1.557297176941262185e-01 3.536662255116719833e-01 -3.389872005141181810e-01
1.656228241009943536e-01 7.749025434231086862e-02 3.471130219876403245e-01 9.870897148746296534e-02 2.077964383764567269e-01 -2.457134184858083548e-01 2.831876909916877239e-01 3.827072191023979386e-02 -1.757763588136558586e-01 -7.059636010396073968e-02 1.177738547232049793e-01 -2.900096567147620319e-01
8.561697113630543921e-02 2.852381409392144573e-01 2.568729200020328229e-01 1.120318638865712424e-01 2.262236049567896701e-01 -3.398722302955200503e-01 4.790964606834595685e-01 -8.666028508800301122e-02 -8.872302620970825421e-03 3.527345645215755610e-02 3.452902750320329672e-01 -2.673145989690247082e-01
1.379676097867979234e-01 1.623642776347606898e-01 8.530879463626446502e-02 1.224281619944672661e-01 1.628943186088518957e-01 -1.715898101615978555e-01 2.236164322648933334e-01 1.023631147078579301e-01 1.066563668355899192e-01 -6.482067521561481194e-02 3.486730744313992214e-01 -3.438762744939774518e-01
2.166524492369898136e-01 3.015445150200908864e-01 1.863551486297844728e-01 1.560222836314492101e-01 1.143867107922717091e-01 -2.577400623071590680e-01 3.187088106975477508e-01 3.066082611948094117e-02 -4.399603277737917928e-03 -2.072262602418712130e-01 1.991022616923521504e-01 -3.686795452334967194e-01
2.049794646192205361e-01 1.942248253795624269e-01 3.278623021884684019e-01 8.609375573019281691e-02 1.346085641701627034e-01 -2.469933065933775929e-01 3.171872714437085072e-01 1.114395859247340609e-01 -1.078070553382020763e-01 9.160282514426702771e-02 4.439910270036577233e-01 -2.008101608853185005e-01
3.625255588754142666e-01 2.004935351824388423e-01 2.835765977442925023e-01 2.375952487566480587e-01 3.679971500035792431e-01 -4.000964248031313453e-01 2.869898541630345745e-01 8.132632996574536144e-02 1.858493477558961771e-02 1.917740719320949402e-02 4.279005292561848806e-01 -2.133987141686582434e-01
1.142373059179568190e-01 2.051336711598001905e-01 4.368294435103677320e-01 1.487229481587226676e-01 1.194457854605596309e-01 -3.422995612346102501e-01 3.185032101924152315e-01 -7.033966824899760828e-02 1.489879725276437375e-02 -3.743081245004618862e-02 3.556564437146499391e-01 -2.240004839316775964e-01
-6.161866311152076545e-03 1.537693303696984759e-01 2.964084246382345245e-01 1.852939607871147421e-01 1.255743331735451607e-01 -2.630270406400928573e-01 3.941018312005881707e-01 7.458144162868557067e-03 -5.471703810153287842e-03 4.535200977808355460e-02 3.210627118605742791e-01 -3.069828567130998276e-01
1.562306927064568696e-01 1.172188322559521295e-01 2.109242286639544939e-01 2.088158034354759551e-01 1.613155021574987358e-01 -3.359286302876666186e-01 2.214999722696299467e-01 -2.426176806609420256e-02 -7.380009735789065661e-02 9.470422129490720098e-02 3.887510105842980068e-01 -2.638825159865827441e-01
2.040193727524563794e-01 2.048767675288276080e-01 1.848083410808276095e-01 1.962861755244467155e-01 1.258202131430475323e-01 -1.058552164680469504e-01 3.461481677178415151e-01 1.218794943007183856e-01 -9.967494293796648475e-02 -1.551055837457689657e-01 2.337098100376319987e-01 -2.477595341816347108e-01
1.084256705021157813e-01 8.585522985250790620e-03 1.216470924591934316e-01 2.209852202907726659e-01 4.324666989125285910e-01 -2.294369257467946399e-01 3.225677952944657756e-01 5.761902460718539010e-02 -4.821499095377866639e-02 -5.867924889903268493e-02 3.014468140948972086e-01 -1.528410473365323652e-01
1.809356397974047626e-01 1.811362371658998272e-01 3.108121296402109324e-01 1.780559643630911237e-01 7.485643790340397452e-02 -2.983600023632879683e-01 2.749173703805461999e-01 -1.125341222051417893e-02 -5.146348629403550701e-02 1.271017431054030644e-02 3.679782721829418235e-01 -9.223101907004516153e-02
7.471633115667160319e-02 2.109583337138135062e-01 3.569897627354374214e-01 6.879002012204347982e-02 3.008180525033770092e-01 -3.800600986145493687e-01 3.857569326771153051e-01 -8.399838025470222902e-02 1.812289383681326554e-02 1.043424069456134889e-01 2.164374485587299557e-01 -1.254814646231349196e-01
1.298232545170232843e-01 1.705789129979323193e-01 2.417549100467102363e-01 1.064007774064406053e-01 1.895448717954891782e-01 -2.623751615417412308e-01 2.416139027866996691e-01 -5.630992167873323517e-02 -9.333140115474326814e-02 7.018870150389820706e-02 2.704925128995988026e-01 -2.506807754001544319e-01
1.541694037590668198e-01 1.364912279622820246e-01 1.872349461349847033e-01 1.231308831662996095e-01 2.303990462125564131e-01 -2.687442692889713269e-01 5.189268988186646059e-01 1.916913753541044929e-01 2.966476962376880105e-02 7.928976348601306234e-02 1.960123216515020916e-01 -4.043528370568520436e-01
1.151757649391599442e-01 1.419235265755297570e-01 4.339918431856116254e-01 1.098458366684889054e-01 3.236108982980890891e-01 -2.718084029257319401e-01 5.088837683245874821e-01 1.075785829624607143e-01 -1.259000792838829985e-01 -1.997034174988271057e-02 2.185781273889842724e-01 -2.771312184640892240e-01
-5.800761710422100426e-02 1.643310639415810348e-01 2.557095498879374817e-01 2.073326882769112589e-01 3.336729766595209479e-01 -3.894540757879446646e-01 2.497909871675094984e-01 -5.967195659198135105e-02 -2.539167868630123198e-02 -2.196602063835590701e-01 4.282485737022733718e-01 -2.912675268677638596e-01
1.716520617276743599e-01 1.010418830486878167e-01 3.430987230171143598e-01 1.256215050578050052e-01 2.802151727691172822e-01 -3.463779606507215725e-01 4.033630932017807647e-01 -7.257846355262607962e-02 -5.742216680567381604e-02 -2.530118977943878952e-02 2.421935666022346501e-01 -3.429004740721467992e-01
1.447840242625984264e-01 1.127085322871548417e-01 2.016749180803337205e-01 7.405309338037438516e-02 3.646849536594253260e-01 -4.236443419228423934e-01 4.170738757286019949e-01 -1.837652431208754850e-02 -2.407725785012288129e-03 -5.745269623842595708e-02 4.162950222177574378e-01 -3.420123254476393204e-01
1.213451634650784122e-01 -1.044035422091966862e-02 3.218513491550946681e-01 1.187245248027433420e-01 2.325946421502905759e-01 -3.244244760552484896e-01 3.526918570395505270e-01 1.386460564491019121e-01 5.123339412539619497e-02 2.656852457933748732e-02 4.254866499543871750e-01 -3.053027817564882285e-01
8.074467860503543870e-02 1.510449603616637049e-01 3.957507872864442500e-01 1.477724569780243247e-01 1.305484115059648009e-01 -2.513234209974535283e-01 3.424968698214295726e-01 1.357294528399965172e-01 -2.594098953627871351e-01 -1.560141474701775832e-01 3.621238140260340521e-01 -2.880087387743459071e-01
8.318695904483001946e-02 3.836858562924378574e-02 2.019309420726403959e-01 1.176543320405978865e-01 3.681635056894655422e-01 -2.785881905635861910e-01 2.484797601167162140e-01 8.191013899367714790e-02 1.144531121792477929e-01 8.380747898873573687e-02 2.932404201919688869e-01 -2.557684359141083608e-01
1.025777233347941880e-01 1.138142720797876012e-01 2.571377217141759264e-01 7.145915852725490125e-02 1.632375871243481047e-01 -4.692070579413630815e-01 4.044037042641349666e-01 1.004014029705350836e-01 -2.588100644538413597e-01 7.486593736913436936e-02 2.021540326599645387e-01 -4.047543203228541331e-01
2.258902539697182077e-01 1.517019697483373841e-01 1.988478971234715065e-01 1.285653453497828114e-01 2.574499719591862856e-01 -3.374616571039005253e-01 4.237465752354819815e-01 5.928538227524050158e-02 7.678681779227271298e-02 1.059555988313300992e-03 9.536855832281077028e-02 -3.007463121759400004e-01
2.038989189436537786e-01 1.358310100874127180e-01 3.209186934575198324e-01 2.075585525101731887e-01 1.587791682048041997e-01 -2.119839092512856293e-01 3.955695125919758137e-01 -1.248908849584885912e-02 -6.208969258894277143e-02 1.066662906792496673e-01 3.198197188013507941e-01 -2.499293143594447097e-01
3.400732771685726664e-03 1.272815069480017769e-01 1.804902426963857498e-01 1.722317466937995922e-01 1.373372035233075272e-01 -2.682350197250876755e-01 4.538611415482400879e-01 5.721152729572920315e-02 -1.251826660830103466e-01 -7.014756590579325490e-02 1.956626524728977412e-01 -2.221948593902344782e-01
8.888065557941114692e-02 2.739491318190283645e-02 1.572259842285522180e-01 1.310317638607616797e-01 2.232687673313848431e-01 -2.100950974514092517e-01 4.248224916420727526e-01 1.489035243147906196e-01 -3.443659380415561855e-02 6.696468946428892066e-02 3.304032018067877829e-01 -2.498224760252834853e-01
9.527085399372854646e-02 3.011685195018272698e-01 1.746241548778721397e-01 1.458329023813373926e-01 2.603594604285721092e-01 -3.272317664780288737e-01 4.970280787640031228e-01 1.899428205001933156e-01 -7.503726188856620072e-02 -1.179758951040007359e-01 2.766400454789182395e-01 -1.979648152561728769e-01
1.938720418970000525e-01 5.961707324597862595e-02 1.617085176946229108e-01 5.091157776491447851e-02 2.503086031773054665e-01 -1.220268721007530116e-01 3.061455461661263255e-01 2.032792863283754692e-01 -1.808419103362835789e-01 -1.514893770136390982e-01 2.375300880123693281e-01 -2.854722618117869204e-01
2.042833666462094133e-01 8.038841822895774480e-02 1.283968137675314258e-01 1.279228622198843035e-01 4.142055593277982339e-01 -2.863558320934003198e-01 4.472834823501375956e-01 3.369830244048376000e-02 -2.404829531586441527e-02 -1.188648560937619753e-01 1.858591810330807725e-01 -1.695509658629110183e-01
1.542468872828824666e-01 1.358984716751855393e-01 2.182407954322951316e-01 3.188440131909829889e-01 2.689232613322433130e-01 -3.013803536826350493e-01 3.268909954725164324e-01 1.333446173735193703e-02 -8.305274135182129369e-02 5.284816572802240875e-02 5.244164240494709750e-01 -3.251074816415560620e-01
1.633290562841775151e-01 2.820864233024236722e-01 2.996347310817999987e-01 3.088288538020774743e-01 2.195290197354402562e-01 -3.062571263326855364e-01 3.325608625166721621e-01 9.793922524114857808e-02 -9.212229899309552772e-02 1.244776237634824187e-02 3.682536942986724404e-01 -1.810710639254041743e-01
3.192514157873977965e-01 4.751448837362922534e-02 1.533554763050690717e-01 2.078277428651917336e-01 2.402514518366330454e-01 -4.003478429442509645e-01 3.701529835615655628e-01 4.063894252213162694e-02 -5.068437432360967110e-02 1.081972406700689587e-01 5.877069935344422236e-01 -3.747181998676203940e-01
1.447061576522416237e-01 6.485935564277885146e-02 3.782352835278746661e-01 1.247457073441974595e-01 2.877714097838166563e-01 -2.500801710356311824e-01 2.591355825103732746e-01 8.856856690295338008e-02 -1.910179997712753985e-01 -1.130137213405682517e-02 3.576671388481836300e-01 -3.279191305434311920e-01
2.492063936639951904e-01 2.577507509665771454e-02 4.192117996439737593e-01 1.953186306931655736e-01 1.485861108237669370e-01 -3.506939428358836208e-01 3.439792045500822404e-01 1.759872108735832941e-01 2.469709841787329913e-02 2.033341162724415507e-01 2.565801229258274363e-01 -4.385173546513570497e-01
1.458696957516138759e-01 1.890414752938332499e-01 2.422492900775974345e-01 1.275123605756470768e-01 2.263610996066833803e-01 -2.271844117449300926e-01 3.923448736783921031e-01 8.504720679528952887e-02 -5.892373091842416366e-02 9.163897196398397560e-02 2.404914570251183992e-01 -2.851953365158213516e-01
3.223857907916598542e-01 2.343353912147063678e-01 1.293019145096600542e-01 3.013117720319138382e-01 3.293470198879749899e-01 -2.237393067839003602e-01 4.495626839327703239e-01 -1.058709381695968794e-03 -1.395663492076240908e-01 -2.469150190460071490e-02 2.686062791453726617e-01 -3.053307677200999826e-01
2.225752415439264664e-01 5.769344748334711420e-02 2.547027635492415953e-01 3.230464486060811158e-01 3.123790541347186700e-01 -3.427808254932686038e-01 4.275562285490517311e-01 1.684880202603372956e-01 -5.756205728439477143e-02 -2.792838476177162410e-01 2.546509789470136065e-01 -2.544089733235350703e-01
2.196258745160061532e-01 1.069251952293690383e-01 2.383007977443130088e-01 1.253855265053385459e-01 3.961275654815121228e-01 -2.068732190666178195e-01 2.024695133378541512e-01 -2.272301153876278568e-01 6.717545007763377207e-02 -8.548105378945958233e-03 4.069622797310694096e-01 -1.948000968165874425e-01
1.856752905653962504e-01 5.857526960072016037e-02 3.064222923279959487e-01 3.125536767078851419e-01 1.517821322426056718e-01 -2.183904377439569999e-01 3.653728202408286219e-01 7.777436221364460167e-02 -3.785579193461519054e-02 -2.747149364877335409e-01 2.611376927117762814e-01 -1.818106069791706747e-01
2.034081120602105053e-01 2.062147483170446716e-01 2.948983935050321636e-01 2.609662701038861221e-01 4.025218558615907827e-01 -4.693920917352515376e-01 2.498800343314065142e-01 5.479478161881509712e-02 7.656117816720912905e-02 -1.721101879106310198e-02 4.108575719142604776e-01 -4.007421918400546068e-01
1.415912602833358236e-01 1.482887569007393380e-01 4.074551008786133077e-01 1.233087891596383046e-01 1.075811364275823662e-01 -2.913463059478114126e-01 2.755481103998749237e-01 -8.857560403711615959e-02 -5.447882993274741348e-02 -1.945638376133256367e-02 4.090944326640130746e-01 -2.586206721266618991e-01
-3.848866647140526676e-02 4.682152112958625628e-02 3.552909667017276063e-01 1.022956156134890993e-01 9.245581955891953030e-02 -2.706965852128057071e-01 2.635724882923688450e-01 -2.836649164605309359e-02 -1.046648515587141198e-01 1.165630265666707660e-01 3.793081334547048766e-01 -3.095163870302082842e-01
2.507275501800843021e-01 1.725518654013775133e-01 1.718121035966558852e-01 2.306954676893364087e-01 3.190827109961996144e-01 -4.483905804927009742e-01 4.185423824412426441e-01 1.112002747255980313e-02 -9.003018304759917391e-04 -6.946377714143998905e-02 2.431887737441370823e-01 -2.415625078584174856e-01
1.320906549628263760e-01 1.902751921916161493e-01 3.047528028765643104e-01 6.167656016101349947e-02 3.565619263452382559e-01 -4.034145798256691950e-01 2.449855129568076217e-01 2.142021540729900086e-01 -4.147544449342405182e-02 1.042124240833537246e-01 1.770879764101464249e-01 -2.531962506875499730e-01
2.776018403759059616e-01 1.696365934543787035e-01 2.869398411134220228e-01 1.736549067303037597e-01 1.779888607144732848e-01 -3.751387094075393502e-01 2.228272833388318663e-01 1.564834775795352628e-01 3.260496509158872236e-02 3.451520831274816625e-02 3.000920075120619424e-01 -2.514493967016717679e-01
2.352968573405268271e-01 1.255971112558720570e-01 1.147000199629195777e-01 1.321983473607063475e-01 1.629477682773588509e-01 -3.322840632749749501e-01 3.580980496805207247e-01 7.357896103836551738e-02 1.170091951962480142e-01 1.708152644457081775e-03 2.057883670300376389e-01 -3.947345898416866894e-01
2.423880775970093937e-01 1.828197493516123262e-01 3.408723762110582034e-01 2.007599569615380886e-01 2.195713898376518980e-01 -3.388639282571391798e-01 2.526556594335829797e-01 5.125954492715296962e-02 -1.971276527907135645e-01 1.583728171071682039e-02 2.500972696095568604e-01 -1.344227367228991721e-01
1.068635359438218774e-01 2.504814010966037729e-01 3.506407854114853007e-01 2.491453282697527749e-01 1.770180170116936180e-01 -5.597305133532397559e-01 4.188980865930068687e-01 1.294918417056460658e-01 -1.851884632816772347e-01 -1.016636142420444464e-02 2.579772054536867976e-01 -3.175427615040276597e-01
1.551985845172317025e-01 1.610959448588364373e-01 4.700405385549465964e-01 1.110360413213682396e-01 3.707721052734294642e-01 -2.603412055778124845e-01 4.175183683913048505e-01 9.657330579893878830e-02 -7.389254155175233041e-02 -3.970918141020536585e-02 3.001953736376618553e-01 -2.035757986277469955e-01
1.255843698608272441e-01 1.561283663718708858e-01 2.433392847989492846e-01 2.776029219413911342e-01 2.267710722798478296e-01 -2.450899264439743153e-01 3.915289910702920428e-01 2.537507533024267736e-02 -1.890866537224023813e-01 1.451488846892094176e-01 2.646301010098261464e-01 -3.069763671531818283e-01
1.480029796481339976e-01 2.077239602611758440e-01 2.325310974212032034e-01 2.613839414669246186e-01 1.750445500198521409e-01 -1.217161334837436187e-01 1.898602064693289126e-01 1.729895704787708099e-01 5.544776855647778890e-02 -1.385685912233045880e-01 4.219302237406210021e-01 -1.782944572352317958e-01
1.863072135114877959e-01 -8.132272306682767141e-03 3.285827333136534523e-01 3.132366981360216185e-01 3.199034724795157270e-01 -2.169952192147251990e-01 3.432902952563360310e-01 6.177109033678054861e-02 -3.123581830551655503e-03 -7.838170111440136839e-03 3.147719670595963692e-01 -2.642626196270052574e-01
1.154857471187346468e-01 5.804829435302540780e-02 5.620855230482740134e-02 2.545719787709356252e-01 1.321619478217457844e-01 -1.955775615676191292e-01 3.783346586701005210e-01 -1.558313017752611766e-02 1.020772534495256872e-01 1.148123707639477215e-01 4.326904638253126767e-01 -1.720777572098667885e-01
1.062693151978696265e-01 1.623500830472710543e-01 2.188644796392242853e-01 3.544080101045771203e-01 3.328957628041114281e-01 -2.727287033113930947e-01 2.758668822986786173e-01 6.993257992947295165e-02 -4.424392935302295937e-02 1.523298415417106699e-01 3.617779234228223895e-01 -1.712044910151260257e-01
1.255371845957446719e-01 1.223125397090026462e-01 1.825056806841737211e-01 1.171794097907730425e-01 2.014552025547755587e-01 -3.487767645681358886e-01 3.499861440691000025e-01 1.132479620883909827e-01 -2.554118383593718261e-02 6.473888699988571138e-02 3.072626296271678270e-01 -3.371645271716346426e-01
9.296385973515965129e-02 1.315111986191833948e-01 2.086611022658894643e-01 1.399285789832079852e-01 3.468302501164923779e-01 -2.993397549252446721e-01 2.618934450223820987e-01 4.335633657979917621e-02 5.245235590582576768e-02 -1.036224968324643558e-02 3.783879479374298582e-01 -3.379124289842046491e-01
1.176250800619595832e-01 1.532429504710703383e-01 2.943638843056009535e-01 3.247789035453040318e-01 9.752346823526032715e-02 -2.689245077311254173e-01 3.606724965193418564e-01 5.121354298032354535e-02 2.270199792011968337e-02 1.422056720542886621e-01 3.175434271061759461e-01 -3.720956681117129627e-01
1.402098437665496855e-01 2.493284420305599824e-01 3.127780348549853984e-01 1.431191105148375553e-01 1.833683381112365396e-01 -2.655097817779373814e-01 2.861003506207082658e-01 -6.620829188715486591e-02 1.268187658554481845e-01 -1.068567535286138320e-01 2.773272090109680232e-01 -4.442434031746628764e-01
-1.840135022967469974e-02 2.428068455651290480e-01 1.381166373813244030e-01 2.413582066598334852e-01 2.829899862096723617e-01 -4.461577374190927037e-01 3.936121300357612318e-01 3.096109618053419221e-02 1.225446140382603216e-01 1.851211131052989470e-02 3.179935833701399983e-01 -1.872107819698574649e-01
2.024985306839455490e-01 2.513396618498954793e-01 3.425983952501189811e-01 2.173262837890970189e-01 1.817123105060975963e-01 -4.064937873781624411e-01 2.856360194330038738e-01 9.335640082306996546e-02 -1.357671592270182914e-01 -3.408021593569617036e-02 3.023654732269220324e-01 -2.465635500157856708e-01
1.028098353850204344e-01 2.189975090873300112e-01 1.960228462202723287e-01 2.493385025435927438e-01 1.691114586533116748e-01 -1.232049157626333574e-01 2.394445272428019356e-01 -1.608303071015396851e-02 5.776172065233621533e-02 -2.278666768380318078e-02 7.815797120212389371e-02 -1.254251233561822776e-01
1.340700895538155246e-01 9.662386340425825615e-02 2.229569960596622380e-01 8.858681366550874570e-02 1.759793099086032764e-01 -2.422452153735331626e-01 2.041690123117770594e-01 7.272695598556046248e-02 6.928991191817686357e-02 -2.175668604811074446e-03 2.529986553990667408e-01 -1.099134091427950710e-01
1.825576038436902138e-01 3.343515725196824495e-01 3.607997415152136012e-01 2.913385261004035609e-01 1.076809109258231728e-01 -2.342894282619961133e-01 2.988203875256589814e-01 3.121863032115497205e-01 2.464873899401499868e-01 -1.055122338878302724e-03 3.298800495867100779e-01 -8.420796887615467075e-02
2.019802312652439757e-01 1.556335530336102613e-01 2.876773388194538428e-01 1.510755007253136162e-01 1.083070389139998840e-01 -2.060256269341517732e-01 1.669361333166798078e-01 -1.382093907162505186e-01 -1.624185279564162865e-01 -8.882739953870681660e-02 3.448795963859037639e-01 -1.168076568897892797e-01
4.080045112313515077e-01 1.235860702814046835e-01 2.701481189754306178e-01 1.308217314210808335e-01 1.586292287342736529e-01 -3.079553599233265659e-01 1.912754160455502339e-01 1.579648687376067062e-01 7.691501197007589996e-02 -3.860336135323569340e-02 3.101391096163578776e-01 -2.272910156047453500e-01
7.349746676913761212e-02 2.696291553690537968e-01 3.035624552445733149e-01 5.682053916822982220e-02 2.379473241179222431e-01 -3.619190105881914254e-01 3.879942447790146742e-01 -1.486988727241591235e-03 -5.345323462335613285e-02 2.410722261285450432e-02 3.252493184877123800e-01 -2.708858782856214398e-01
1.764551478285983632e-01 2.350754627552110176e-01 1.002509280496767102e-01 2.584152957537192985e-01 2.912194038087779768e-01 -3.746147704414676260e-01 4.155349828435911386e-01 9.775294406740193953e-02 1.456005360110672886e-01 3.075952195939767302e-03 4.680975286700110316e-01 -2.167616863313632791e-01
1.389309719112369612e-01 5.445923902575159486e-02 1.837171217062344986e-01 6.038831976039622795e-02 1.375493254641468877e-01 -2.291609896723334483e-01 3.441762226704075944e-01 4.298504056418879504e-02 1.324221127774411200e-01 -4.109829187739945378e-02 4.863895348501461879e-01 -8.216487379861861506e-02
2.011166340223868587e-01 -6.567436885139237013e-02 1.445927842815510345e-01 2.309433679138170881e-01 1.495027246727373971e-01 -3.404334751569646489e-01 2.572695557406665667e-01 1.544332918956304755e-03 -3.877265143100554201e-02 5.865858173803681352e-02 2.729218519597125803e-01 -1.970372197753837984e-01
2.077573094157332545e-01 1.377016562826939051e-02 2.917822770791361209e-01 2.982845245493008779e-01 1.305215436344298388e-02 -2.053140710668369673e-01 3.289445011166124422e-01 6.696918170380968503e-03 1.188860758437264298e-02 3.055343499944895500e-02 2.909959080884678140e-01 -2.714627283863930152e-01
3.553293621496481647e-01 2.973496927850418081e-01 2.709393022192440603e-01 1.589483637325394549e-01 3.263848595144968057e-01 -2.433704515406204805e-01 1.732057083295277244e-01 1.008712184648812155e-01 9.798359422907861049e-02 5.943323096074831779e-02 3.783161431899105254e-01 -3.699948234845066852e-01
1.767201007060782147e-01 5.093829926372146488e-01 -6.274945934669544367e-02 3.334833309203137919e-01 -9.572948915989136498e-02 -2.367169027865105302e-01 3.622902434468436850e-01 5.348016705022157202e-01 2.776638038771053196e-01 -1.835117707250776553e-01 1.524207366188883583e-01 -6.092750658566076227e-01
1.651591362994678930e-02 1.096992043788631715e-01 1.524947061097514101e-01 -9.301395130033210390e-02 4.604638877071257075e-02 -3.625484652708991229e-01 5.316436854281542113e-01 -1.234990540632505650e-02 -4.807049442234941072e-02 4.930088542230026682e-02 -1.286822975720337270e-01 -7.695986268313415035e-02
-4.058576379223502451e-02 6.345877489131319937e-02 3.823027854238726930e-01 -1.038372475547212452e-02 2.647181650856717527e-01 -2.182870758835410707e-01 3.337187200268351139e-01 -9.820447506442760155e-02 -1.730425737728781554e-01 4.191994566145401495e-03 1.510943823397946917e-01 -4.589836477065940001e-01
4.900401210704380395e-02 8.524101222805542666e-02 1.236586217395515691e-01 1.719444307767427627e-01 -1.704828189775506320e-02 -2.485586439266794234e-01 3.710402511074806231e-01 -7.715382182911646736e-02 -1.574946931791826599e-01 -1.782701196343576544e-01 1.121450963761419506e-02 -2.121909577422425586e-01
2.951620633047138259e-02 1.950383160237243937e-02 2.318622761983983871e-01 1.868450416620412446e-01 2.775387219464995336e-01 -1.598104264674526376e-01 4.131102693030649364e-01 -1.644257721657011173e-01 -5.721881551273459710e-02 1.715614802051920462e-01 4.428910924559367746e-02 -1.095136517064274062e-01
-3.297102065374858670e-02 1.890372791134578012e-01 3.469193807533112461e-01 1.026742736262617472e-01 2.052153620943087953e-01 -4.318749035795808044e-01 4.512313445550977242e-01 -2.330403608083950195e-02 6.827034536867834097e-03 4.231771513229889981e-02 3.279860936694340423e-01 -2.919317240254575840e-01
7.111622361592755126e-02 2.364501367475710936e-01 3.515490781493704753e-01 1.653138201999715950e-01 2.425772132468939080e-01 -4.455164141917624665e-01 3.098854962725632323e-01 2.785100149085536353e-02 6.115972480340552131e-02 5.649151078078852584e-02 3.826068813051303752e-01 -3.595184623881967911e-01
2.931831650400231748e-01 2.259680667810081145e-01 2.063862779623957810e-01 1.318958365306845959e-01 2.671727726920126167e-01 -3.045504836858183850e-01 4.104320251554844923e-01 1.517715846650738294e-05 -1.225697485222219246e-01 6.396658131194622732e-02 2.480324597131494946e-01 -2.290663080465905610e-01
1.488320608193952344e-01 8.257526377748215796e-02 2.595779789443113383e-01 6.924437655307564589e-03 3.023734856402613969e-01 -2.593205469206836256e-01 4.103580262763473208e-01 1.226759507630336560e-01 -2.244668237708462993e-02 -4.705704949032658846e-02 1.466717963563899663e-01 -2.592093299182434696e-01
2.211350217906189741e-01 2.808550127009154518e-01 -1.426558647386890200e-01 1.399435170213762514e-01 1.898107084277650958e-01 -2.328936761837156477e-01 4.082096024162971126e-01 3.935568656091799067e-01 -1.642931378031628753e-01 -1.622279761827528366e-01 8.001466298464961560e-03 -3.789894349872713897e-01
-8.600288535539030166e-02 -1.192296486083668228e-01 -3.062238023010787624e-01 -1.467608804528635902e-01 -2.084598771543955398e-01 1.217472503808043754e-01 -4.023123834161397294e-01 -1.756106942298049090e-01 -1.095944141565241975e-01 7.365807338721726272e-02 -2.323136282230163496e-01 1.743067866169927677e-02
