1.016706923338530855e+00 -4.162634135097806887e-01 -1.761554746886214162e-01 4.314640810850065566e-01 1.791389535095254393e-01 3.497564049285220578e-02 3.484303457077871924e-01 -9.245652209106245412e-01 1.090759183663005505e+00 -1.548228126897631451e+00 2.178234714507265024e-01 1.913027271428210607e+00
3.478975006481657695e-01 -2.645175965592667100e-01 3.399785484273030733e-01 4.413029464383286249e-01 5.986776554768805103e-02 -1.367571324257676468e-01 -9.113067967466929875e-02 8.928608311930574803e-01 -1.348339118993950592e-01 2.885232325597759107e-01 -8.186315493369153984e-01 1.730756294706515819e-01
-1.348891580248627597e-02 -2.957625827084997550e-01 -8.556505799018071512e-02 -1.437555732266229125e-01 6.809780697443031106e-02 -1.243084538627829416e-01 8.408096772790786266e-01 -3.026388818026525679e-02 -3.890128060068191816e-03 1.810178847821095893e-01 1.022233031783826629e+00 7.407169019449814096e-01
-6.291608541603317395e-01 6.788403574556062248e-01 7.840210343290053840e-01 9.497538878227447245e-01 -6.516301370617338939e-01 -4.810179448792596957e-01 -5.527284322679748563e-01 8.180766132143420244e-03 1.455564578501458595e+00 1.809068412330304909e+00 -1.568265371783726048e+00 -1.368098375277150724e+00
-3.519314364757295532e-01 -6.355454399964177714e-01 4.502477068896833245e-02 8.277303345346491426e-02 3.524552374912550551e-02 -3.018676745026360742e-01 -6.890323790974688112e-02 -4.431512633293871462e-01 4.728329467396910624e-01 -1.015890201402751769e+00 -3.062134123317973855e-01 3.835045391078837351e-01
4.645988575290158767e-02 -7.955889058070899633e-01 4.802157318624851734e-01 -4.177912181436071459e-01 7.369165670955342071e-03 -2.730187247592819610e-01 -6.306554791138704874e-02 -2.500489698113160797e-01 -2.634527454763758714e-01 -3.391082888587970134e-01 -1.097703923862632380e-01 -1.015123962497443688e-01
6.470065843034100705e-01 2.284614371820208045e-01 7.764746426712425542e-01 5.987063783615742540e-01 2.839955003956838309e-01 -1.342723300597753688e+00 7.291624526801249173e-01 -2.095757307753148280e-01 -1.175763802751104287e-01 -2.415765248624017314e+00 -6.485192256824904300e-01 -5.404023679476793740e-01
6.179970550726077150e-01 5.177367565659458659e-01 -4.671529414647259681e-01 2.171108821941770128e-01 4.350195181329543637e-01 1.392177172302055677e-01 -7.697060672045387131e-01 -7.186985033178768800e-01 4.009027919260011452e-01 -3.949971126341941252e-01 -1.039004737648178578e+00 4.188676328364643875e-01
2.954695170145142935e-01 1.355892126490547966e-01 9.928948785963641610e-01 1.355320578280400645e-01 1.798637473730854142e+00 1.858514829650093070e-01 -1.638050360147566220e+00 -1.820731686649574022e-01 7.265424283845691722e-01 4.472489204870059853e-01 -5.980248140990427341e-01 -7.349787977304748088e-01
-7.708622570033341059e-01 -2.220213334505716229e-01 -5.892197947846676831e-01 1.255983197970198750e+00 -6.613121876318848180e-01 1.411284310404842812e-01 -4.629415187540554810e-01 2.702801373246856431e-01 -2.662203511222375196e-01 -4.182841999416612722e-01 1.226401056634697673e+00 -1.278659224996132604e+00
3.479679267504355855e-01 7.569215179917221370e-01 -3.266250736382726449e-01 1.465126140271426000e-02 9.674763045566718844e-01 -2.675663230169992302e-01 5.480225395750122352e-01 4.899679455353187496e-01 -3.519244883596550078e-01 8.949970040285282202e-01 -3.121469487974687027e-02 4.216898850675139809e-01
7.640517674321360697e-02 5.070170952410056886e-01 1.283749557930916829e+00 -6.549769344025657691e-02 1.294230536110698049e+00 -6.349641473851215245e-01 1.213832047573883521e+00 -5.171690140493603316e-01 2.899064348788309986e-01 -9.180975270368433305e-01 -2.076055886387853933e-01 1.145799675646296478e+00
5.840681639183049612e-01 -2.785038999838329032e-01 -3.672980264390698912e-01 6.194364210312212071e-01 -2.685611514985286608e-01 5.712321230836135966e-01 8.321838090730857562e-01 -2.379216195505277298e+00 1.842162000644037845e-01 -2.925105976333788882e-01 1.094183616806864018e-01 1.552737117627614127e+00
5.149788994415579468e-01 2.060244666484091436e+00 -5.223648159994767060e-01 6.557050765358095612e-01 2.727318113805738409e-01 9.333407868422051168e-01 3.425122992439837977e-01 -1.126647150707299039e+00 -1.180979294369096211e+00 -5.589684064007552911e-01 -1.053477804390984263e+00 1.104562348970472785e+00
4.040440313697519215e-01 -8.718549853430697383e-02 -1.239569562717135254e+00 -1.002561445201388457e+00 4.001149745655360190e-01 8.383815711838705775e-01 1.576596635078896913e+00 8.175141703956717576e-01 -4.704995750493271567e-01 -1.406777235635901513e-01 1.255701881691295485e+00 3.845253676313327151e-01
-5.677434479113687704e-01 2.240579430339154354e-01 -1.040351870659019934e-01 -2.943792155671876021e-01 3.243253654310565559e-02 -1.218449906549122636e-01 5.008557723261187755e-01 6.963972702997621722e-01 -1.536413036624112265e-02 1.017091891933797676e+00 2.966463544502073169e-01 3.048911941276349902e-01
3.527173097862303375e-01 -1.906256702050188157e+00 4.103553366352740706e-01 -1.398616479256088230e+00 -2.028202579324450694e-01 -1.293003474519853091e+00 -1.205674422892093339e-01 5.220811016348264610e-01 -4.012265422478661914e-01 2.474980202306500676e-01 6.932458554094054204e-01 -2.873227855236023531e-01
-8.883380160431020300e-01 -1.091266508927182910e+00 6.781083719333562410e-02 -1.944546938371101985e-01 1.337169238990520148e-01 1.318979764143688005e+00 -2.678630244384708203e-01 -5.169055922764194122e-01 -1.598757190283989216e+00 1.349138621469262667e+00 6.349228372317445857e-01 1.770379950138098568e+00
1.184047454528799115e+00 -1.931039443346578066e+00 9.146255776756007094e-01 -1.568492014440188431e-01 -4.129187868344593171e-01 -8.910441550467020910e-01 -6.180007671792882018e-01 -4.858900458196470373e-02 8.954392591353818043e-01 -1.053227412397420126e+00 -5.052118468969357679e-01 -6.404298515620719945e-01
-7.744891409903160717e-01 -2.043185116777044841e-01 6.594137460324450695e-01 -1.159965569427705345e+00 -6.094679879949316259e-01 -3.986406195911192801e-02 -2.099278643058418714e-01 7.332938796117296487e-01 -4.461214522463591847e-01 -8.052930010264556238e-01 2.540350101815367911e-01 2.956784380888303337e-02
-6.819327643265075123e-01 2.065953431204336499e-01 8.390955207842758501e-01 -9.866147568890306641e-01 1.006948741101776124e+00 2.344840300333381755e-01 5.023515011777661687e-01 -1.586687716517840796e+00 -1.202422749214274944e+00 -8.150066179365413888e-01 -3.933903855276532635e-01 2.993387710089259746e-01
2.388975675140354860e-01 8.054286676110650189e-01 1.020165411209624784e-01 1.387457098711031844e-01 -4.220670754639660460e-01 -1.304101346408170325e+00 -2.314236481841064896e-01 1.913902280195016292e+00 -7.908236785510350253e-03 -1.591515141707746661e-01 -5.778794704117748982e-01 2.164528852054172503e-01
-1.006218869648966896e+00 1.057772694582859996e-01 -5.009050485729504842e-01 7.176069388837585938e-01 -3.975943107821665046e-01 -1.115451118716690448e-01 -5.036320348791798462e-01 4.710332760024425469e-01 1.381737445494524374e+00 -5.687707725171530226e-01 -6.325810519097370133e-01 -5.102088527622061775e-01
1.890337353707858048e+00 -7.842654860291686791e-01 -7.307204257447296181e-01 5.291872011378698781e-01 -2.355005506824323080e-01 4.111778774591603458e-01 1.366752711261957964e+00 -1.393366854815971445e+00 1.341790513801224272e-01 -2.457248583179257206e+00 -3.770944821733027141e-01 2.118742368522722741e-01
9.486740370342572337e-01 -5.214794243195761680e-01 2.030481159543097436e-01 -4.148998552687802044e-01 1.378087249560019933e-01 1.144646125972224870e-01 7.237545430286201897e-02 7.803357056654144364e-01 5.395830219098202152e-01 1.683911367185005670e+00 -8.298923844918316695e-01 2.534614489168242724e+00
-7.200714698018177984e-01 -4.697380995772275081e-01 4.208412018583434500e-01 -1.431101347066003004e+00 -1.039244575232016604e-01 -3.334957740973431006e-01 -8.933439347355747948e-03 -1.354551434981130287e+00 1.041827733506018205e+00 -7.961197536415522968e-01 1.095990472835495000e+00 -2.035724787446317130e+00
2.230365077266775187e-01 9.188967461995387609e-01 -3.569053777244833303e-01 -1.758059043208849426e+00 3.024329166021865745e-01 -1.545185764790663052e-01 -3.284424324804188222e-01 1.087149883980568887e+00 -4.498500475130562393e-01 -5.137142865199976205e-01 1.309335193859172630e+00 -2.578730097967800172e-01
-1.588941975245066751e-01 1.530686988749944577e+00 -1.193750011461914173e+00 -5.132881242706139879e-01 -9.752105831472118735e-01 3.810919526310530547e-01 9.275555768635068699e-01 6.477507222859825164e-01 -5.582300760290000996e-01 5.905633714766581610e-01 2.534299104952620341e-01 -1.409352246793552865e+00
-1.823852256572555397e-01 5.045728498534208795e-01 -1.026390789758972133e+00 5.087787104219653189e-01 -1.892935791315606409e+00 7.464394044712494569e-01 1.236765273104727392e+00 -2.034277824670745360e+00 -9.280021800876361304e-01 2.584929227867764912e-01 6.789682296288387375e-01 -1.247974996861045849e+00
-1.305540363892804256e+00 -4.012251277699724339e-01 -6.951796299518384625e-01 -5.422219258635403438e-01 -1.701397191641353945e+00 8.542627509972877675e-01 -5.447866117645494555e-01 -2.636843581729670372e-01 9.458186289920232637e-02 3.621255008062598812e-01 1.860590061496018854e-01 -4.206972414340341970e-01
-5.567502324046633699e-01 -2.148007285533665434e-01 -3.473374767744824565e-02 -8.340756719551994935e-02 -7.429370076966678171e-01 7.273698370211323372e-02 -6.258788346385288914e-01 3.021397064775627195e-01 3.577755420325314240e-01 -5.239613514032922525e-01 -5.540721837867939037e-01 1.977700746819559263e-02
