2.599768114171015831e+00 3.060446863872313017e+00 3.448876107346957376e+00 3.665444427882574185e+00
2.376475869626972215e-01 1.758182410600422463e+00 2.745026778373707899e+00 3.166529797924702461e+00
3.095411723077875266e+00 3.174198020593829384e+00 3.706301438947107840e+00 3.511633364496050014e+00
-3.292008264952467123e+00 -3.138289183200736243e+00 -1.935738646106309968e+00 -3.112621052700758284e+00
-3.397527017832320251e+00 -3.989918304763909962e+00 -2.163187151385895568e+00 -3.374241083915118011e+00
-1.380538568326107107e+00 -1.295793471956431464e+00 -3.211655901884852060e+00 -3.260068261166177983e+00
3.274611771422389683e+00 1.047959211528541212e+00 1.962464918949379022e+00 2.287494864433542663e+00
-3.409817589377104330e+00 -4.098382863949010080e+00 -3.676243124659337891e+00 -5.154114653456285389e+00
-6.849132788767514635e-01 -1.890425703736844598e+00 1.453222190384647616e+00 3.079572202025523953e-01
-2.813747486906720940e+00 -3.453396788997615374e+00 -2.584789679118345784e+00 -1.728205285516112966e+00
-2.614194848069284927e+00 -1.888891249396231320e+00 -3.196634489886312380e+00 -2.784791089647752127e+00
-1.064528094970482508e+00 -2.553436889022793199e+00 -3.185311655526041452e+00 -3.141534438364026016e+00
-2.776728210764714877e+00 -2.369968917873658487e+00 -1.296166535901593697e+00 -1.777620319737284182e+00
3.840284982341005016e+00 4.457393977038659472e+00 2.869804008138296503e+00 5.316258855713118514e-01
7.120393685417519825e-01 4.219499735450535916e-01 9.630298799595369275e-01 5.472804949687156695e-01
-2.400359555237899123e+00 -2.092880051156761123e+00 -2.818779955406461202e+00 -2.806230639084954959e+00
3.339181970590531456e+00 3.329812931661745967e+00 3.349498961634788330e+00 3.768251021202638107e+00
-1.794816902798472835e+00 9.600067197917216966e-02 -2.553798146104182099e+00 -1.541911658434155230e+00
1.517612718509972480e-01 3.779433670254176980e-01 -1.922651685265042598e+00 -1.536546283208701569e+00
-2.647707550594461612e+00 -2.684446115387203236e+00 -3.181840063528945439e+00 -2.725670171773066031e+00
2.289084039845979135e-01 -5.120647500674875729e+00 2.733557325965335627e-01 5.628563274764565305e-01
1.181987762072751913e+00 8.270413286626797644e-01 -3.530727492830013081e-01 -2.134245386887896778e+00
9.101795812157866816e-01 3.383987694358603360e+00 8.820106490608778937e-01 8.029946641209573244e-01
2.024573393389936804e+00 2.992411108274095621e+00 1.052783735713632263e+00 2.487610749024999901e+00
-3.751416108800359694e+00 -2.311544417376465876e+00 -2.285735630592329315e+00 -2.977175707909799129e+00
2.561601655757633988e+00 1.163646493200280352e+00 1.399459544323192528e+00 1.901473840793850512e+00
-1.783472553595128796e+00 -7.437218793970759023e-01 -3.886953694789915925e+00 -5.190178379400525621e+00
-2.385957549424460478e+00 -1.330711435267273313e+00 -2.442050778275402401e+00 -1.939765728137723189e+00
-4.083750147007529918e-01 1.977237042649360177e+00 -4.323683262055169618e-01 -1.744224561590675474e-02
1.688238150463606813e+00 -7.236077207218855056e-01 2.241207367424121966e+00 1.690147791141989320e+00
