5.996813314990958599e-01 9.823168816804540571e-01 -7.189331479718845397e-02 1.465910154810628141e+00 9.756354243498044365e-02 8.998960810112565101e-01 4.687355814888723438e-01 9.992777503988498067e-01 4.161038608625976520e-01 -9.195743178087850689e-01 -5.205938165393650952e-01 2.749505837516800777e-01
-1.611033621102851532e+00 -1.013717325211261233e+00 -1.254135943134099485e+00 -2.202410533723845987e+00 7.532329352892858099e-01 1.510409061906441142e-02 1.540839292107568426e+00 9.977879231962453188e-01 2.184879645859450978e-02 -2.313443632060199762e-01 6.446717597268261657e-02 1.932417238963101969e-01
5.198004683962403893e-01 -1.337979018686931143e+00 -1.051992435583452901e+00 -1.609561858003728307e+00 5.453996400820609880e-01 2.942064938856291390e-01 9.631403910138365554e-02 -1.172888837504190152e+00 4.065592412274239842e-01 1.282055064955144319e-01 4.533834806734848288e-01 2.390575785030640832e-01
-3.122315903149178173e-01 1.623577214204889874e-01 -6.127630159305910706e-02 -6.624650185361883326e-01 -3.389425161706635103e-01 1.709350170742845176e-01 2.549494156366286512e-01 4.585109663663210489e-01 -3.388569730795649160e-01 -4.746291509978629169e-02 -3.875635165793541725e-01 2.030940034707293118e-02
1.297962617477582160e-02 -1.281309344172659737e-01 -1.498894646925654217e-01 -2.006442939766280575e-01 3.293070038913352149e-01 -6.021826888389882892e-01 -1.094371997198278872e-02 -6.113145936595720809e-01 -2.833433854087074599e-01 -4.266826426881505374e-01 9.659089714101805335e-02 -1.431480354868534255e-01
8.995387954186445656e-01 -2.072609435703046447e-04 1.542145123335919576e-01 -3.434136747558638181e-01 -7.095433788367802030e-01 7.710894771889859056e-01 -5.503230938674277262e-01 7.715660177152536825e-01 3.144517922559079137e-01 -7.224728098873638149e-03 5.267667264951247930e-01 -6.500645006158151107e-01
1.164560825030552360e+00 1.250337766484876045e+00 -9.682826395318457902e-01 8.195456487636844090e-01 -7.099823101430945416e-01 -4.695068833604070235e-01 -4.920598823410349265e-01 -2.365793613225441461e-01 2.456725929315959345e-01 -2.329483158108622276e-01 1.382215345499975045e+00 -3.257498005081445047e-01
4.468448264265532655e-01 -3.920259625402380821e-01 9.644193860857584732e-02 1.780384039843256327e-01 3.052339941223425890e-01 5.962062528622502286e-03 -1.658217844577330735e-01 -7.417214582838377313e-01 2.031554339368135953e-01 -2.546569814222320871e-01 5.223418584180163776e-02 -2.891033539553994336e-01
-7.466918673310960486e-01 -6.984384585600161843e-01 2.984098600299252557e-01 1.205171134694662083e+00 -5.424933778245348837e-01 -6.190595871784749793e-01 -5.556320901490309216e-01 -9.649834932344423244e-01 -8.861341370190524147e-01 1.504704969612459475e+00 9.963649581926738996e-01 1.162386554776076997e+00
-6.661022049750781049e-01 -3.599834113445262718e-01 -9.893388014818201848e-01 -2.189322125129829488e-01 -5.863582524978224603e-02 -3.197995889105539336e-01 -6.594444089599603709e-01 5.639620695176076337e-01 3.695113950417769355e-01 -7.429275075499058856e-01 3.800259744467068268e-01 -9.338270299950071629e-02
-1.896061665905590221e+00 -1.279269090304008261e-01 1.256093544087541147e+00 6.576730896751313837e-01 4.797376080277536148e-01 -3.117291307953469204e-01 -6.108873794527728274e-01 3.081972078579518493e-01 4.761070318943457641e-02 5.903727448098899239e-02 1.046860880615377409e+00 3.939175771947298621e-01
-6.331703367542250716e-01 -2.240484445022677296e+00 -9.161869653144409931e-01 -2.233377126054732820e+00 -1.904939663818713269e-01 8.837095691732096969e-02 -8.243195449047682200e-01 -4.144738462216219221e-01 -2.002874093898738828e+00 5.288630382486241288e-01 9.473858428956717370e-01 4.970408827686091380e-01
-4.117555526771371488e-01 5.422464061232432631e-01 2.023942129148643687e-01 -5.349324350003692441e-01 2.026486033487108207e-01 -9.761752166096731020e-01 5.321597282406501650e-01 1.264498526781351995e+00 -2.282229795975209141e-01 1.963240138145616598e-01 -8.281045129204818167e-01 4.697303964262474207e-01
-1.553823632158801704e-01 -1.335674440039178734e-01 -1.605634249553727355e-01 -5.991283390422649235e-01 4.333757979178250452e-01 -6.443868614558067032e-01 7.757466097404808192e-01 -1.317062651648095883e+00 3.176744939747308538e-01 4.566571304752104488e-01 5.869081022774823575e-01 -4.092240019018826280e-01
-1.333399017208412252e+00 1.081030419190384118e+00 1.038843927637477016e+00 1.254745375531513885e+00 -1.136606086312048847e+00 -3.212364088315722982e-02 -7.791237122321453823e-02 -1.223614408933934472e+00 -5.335959397552454408e-01 1.984989778025609164e+00 -1.404881682793498676e+00 3.780771165440909853e-01
4.096519290554931358e-01 2.018836120102359688e-01 -7.651053955082449676e-01 -1.182332277381726415e+00 -1.043376107653457341e+00 -5.861139319419877980e-01 -6.404970759436593442e-01 -5.335689429893691882e-01 -2.724563822091275456e-01 1.794356389575560706e-01 3.949301934366021283e-01 -1.497788497893164372e+00
-1.040592803035606639e+00 -1.903271675345679093e-01 -4.931490886619179781e-01 -2.126872499094639435e-01 7.633636081456443012e-01 -5.064530810985258258e-01 -6.076693634440922809e-01 5.301902837434386839e-01 -3.954645779038153952e-01 1.640867333076084233e-01 -8.665960077991801125e-01 -1.127923448012544821e-01
5.328499796230454777e-01 7.338292727482683686e-01 1.592582683042826242e+00 1.380960319161036010e+00 3.268260101904912895e-01 -1.369008697120459805e+00 -4.758525027801250862e-01 3.707608528584813712e-01 4.588883378432332960e-01 -3.283568121779488203e-01 -1.716076814874217538e-01 4.954245758989179738e-01
1.125241846114531041e+00 -5.528866769502108758e-01 -1.141854677546135122e+00 -3.792323224309282481e-01 -1.282905802045651633e+00 2.885249440631566742e+00 -3.347514366931511609e-01 6.423269225915032576e-01 4.390531406276423354e-01 -1.091110283180226403e+00 6.765377311556468598e-01 -1.130141468666689686e-01
-1.517108576691619803e-01 -1.056128160646914393e+00 4.577597837892480315e-01 3.879799843607218413e-01 -9.658029335849931118e-02 -1.487418666187042826e-01 -2.436490765403248049e-01 -9.485782497406189395e-02 -9.843633755118039730e-01 -1.014112665187148488e-01 2.943489942516227739e-02 -3.970158977244623855e-01
9.427293820732827179e-01 2.694808889631229998e-01 2.089462742501190795e-01 -1.624019331604273031e+00 -9.118790705686303788e-01 8.613608635401845959e-01 -4.387533031891100999e-01 1.283365645468369509e+00 7.289809503899407073e-01 -5.654114873967710508e-01 -7.667271522253319427e-01 -1.084878523556782826e+00
1.229255395255288708e+00 -3.210633940817189669e-02 -2.163734183531043520e+00 -1.475476621112433273e+00 -1.988950254517560801e-01 5.646658167503638692e-01 1.534831471333668040e-01 9.949530803929965694e-01 1.589225856706984186e-02 1.061250553423718213e-01 3.466588145574929225e-01 -5.007153549190028752e-01
-3.178728199385696396e-01 1.674518523890196620e-01 7.734988147675149195e-01 -2.734509888581793668e-01 -2.904995424684818639e-01 -6.565434652497073031e-01 -5.146370147508599890e-01 6.335045552192989371e-01 -1.494369334147117520e-02 -7.648239630758744967e-02 -2.062918278037306485e-01 -4.066371484811378001e-01
6.062260272823398743e-01 -2.419632805828049182e-01 -5.745227142100118867e-01 1.410765108842120530e-01 -2.622932807122289045e-01 -2.849562125209684216e-01 1.343790728272408641e+00 5.263088443254354543e-01 -1.337756998149381704e-01 7.826498640107989457e-01 -3.260212334178435034e-01 -4.553872778047267089e-01
3.475854939397101662e-01 -2.368317438337028125e-01 4.137682639440386917e-02 -1.315393510953389855e+00 -2.360842856562532788e-01 6.372858863172520261e-01 1.305126275743684783e+00 1.071024583872911995e+00 -7.636500114701099129e-01 3.552343303471955371e-02 -8.262662289572961782e-01 -6.011939750022277096e-01
-2.438660530998872644e-01 -8.225880679803091455e-01 7.943424218082553168e-01 7.129654820128019654e-01 -4.640389028963322615e-01 -2.376589870633956936e-01 8.159709435945516898e-01 -4.993742343920611337e-01 3.406421580084890710e-01 3.900940464712448486e-01 1.641953446649312198e+00 5.894107527210462605e-01
8.056290570449623489e-01 9.833294367117811907e-01 6.351226748816685141e-01 7.679476795915688436e-01 -7.184893292935271014e-02 1.160167768324878335e+00 1.137312817294583001e+00 -8.787745283606649416e-01 6.955848834862135566e-02 1.720757737556108391e-01 -3.989076509759839073e-01 -4.923506957589150468e-01
-9.613738597373682193e-01 -6.664032366475666214e-01 -9.092128964251508516e-02 -2.230698746299834487e-02 6.548760012905462391e-01 -2.078471107838741894e+00 -1.996356015361849590e+00 -3.874137701354403718e-01 -4.022589794100463467e-01 -7.400313709358157244e-01 6.854989422121927911e-02 -7.512808329460315404e-01
1.147813925025550352e+00 -1.229885698613842893e+00 -2.601022824436043823e+00 6.291757027488028564e-01 1.065937205321644710e+00 -3.917940331885458316e-01 -2.522954562072110551e-01 -4.989206192068302848e-01 -6.562570271462392357e-02 -9.623947009030525690e-01 -1.259630469594505975e+00 -2.882311803062841182e+00
4.059058324093048897e-01 -6.922659099827306317e-01 1.857375551558256288e-01 1.366625392713467280e+00 1.719785938864692332e+00 -1.280931255185246309e+00 -5.140670397817269643e-01 3.718193455959110660e-01 3.867933626443326722e-01 -1.179425793346195572e+00 5.608391827893813852e-01 8.408660774556846185e-02
-3.321929007101551701e-01 -2.230497670234533047e-01 -5.425498251768970936e-01 -3.279628046725111684e-02 -4.783916018073475773e-01 3.527671315326245116e-01 -1.455863095863293155e-01 7.537341372669911221e-01 -5.951490341382976723e-01 4.143365505741679611e-01 -4.426078491923791103e-01 -3.421718242066961180e-01
