7.931585433876141289e-02 2.483234942239606335e-01 -1.933462664498806216e-01 2.984173534145443882e-02
-2.384529525081678925e-01 -2.838205388841892954e-02 2.159386786481655995e-01 -1.703108456370109047e-01
-3.942363449265797598e-02 1.745828358866707009e-01 1.273441345998721219e-01 -7.791554194660945676e-01
6.219007939441013877e-02 -1.665718918276721250e-01 -2.375261304932340528e-02 -1.151129003234262482e-01
-2.130744833389591475e-01 3.397299692032202389e-01 -1.712079305654208017e-01 1.636994739405880639e-01
-2.183881977359773130e-01 -3.024590558195775977e-02 -3.211154649599605726e-01 1.965161952421842773e-01
1.952749991476329383e-01 -3.329349027322921484e-01 5.132622649665330439e-01 4.423206204093038663e-02
-1.970730682511422360e-01 -2.853780084260455485e-01 3.877342886972291458e-01 -1.070653097553654759e-01
5.099116269232839560e-01 4.485047302475341224e-01 -3.113885596885371809e-01 3.457013468445026549e-01
-3.032909137855026582e-01 -1.280862841254977735e-01 2.159831642752031364e-02 -4.204627725839284458e-01
4.380907519176963083e-02 6.142232254262375291e-01 1.954357408981134137e-01 7.183402740124006543e-03
3.324942042402972975e-01 -3.409546654030969903e-01 2.148787594841068127e-01 -1.742416020633721363e-01
4.408866511228900498e-01 -4.417524270176120121e-03 1.148658338008484714e-01 2.526790629960306012e-01
-2.837473531260638060e-01 1.029065184088942125e-01 -9.915619761260495435e-02 1.037455112341219704e-01
-1.386397416082567058e-01 -3.393559183256426026e-01 1.393511016701981242e-01 -1.755564063004638464e-01
4.713786097264065222e-02 -1.609512783891012266e-01 1.428548639882181170e-01 5.205691759026700449e-01
6.257382580963709584e-01 2.059731830400770014e-01 2.057551340434362816e-02 -1.797466266530025891e-01
1.115771768446260082e-01 3.497326038691614958e-01 -9.899249993774014711e-02 -1.808828934893023099e-01
-6.014160031038152249e-03 -1.657778999138487530e-01 -3.003699012184399830e-01 3.314668209296127155e-01
-2.110204865691106546e-01 4.248669514332066299e-01 -4.922983827428011050e-02 4.699533859269841574e-02
-4.179040165358427483e-01 -6.505149926445148445e-01 1.324716215562599941e-01 9.917589069087984557e-03
-1.134302896534385569e-01 -4.468876667074114101e-02 1.069838595544076731e-01 -3.145408703057420707e-01
1.123874923565501976e-01 2.504717786877838290e-02 -3.490493631703796007e-01 -2.575795278435774605e-01
-4.227805156134132325e-01 -2.395034246698312941e-01 -3.328336962544510280e-01 -1.152962178648164887e-01
-2.404910029323976961e-01 9.892772694352390539e-02 7.620706877174700244e-02 -1.359624987740775670e-01
-9.601925690125047430e-02 1.272856673901764102e-01 -1.826162226867194815e-01 1.538193750457769182e-01
-3.495258948824649381e-01 2.826628453286009202e-01 2.416281121326979142e-01 9.635133365457645982e-02
-7.577106234137861440e-01 -5.040621785915874731e-02 3.536457411383740479e-01 -6.736148009829708849e-01
-4.936454221543352255e-02 4.052735754900624876e-01 -2.269217347060256337e-02 -1.442341268827374290e-01
-2.452229191083495075e-01 -1.883155656071163198e-01 -3.522045668823719500e-01 3.361248496897326771e-02
-5.175489960584424010e-01 -3.692711084052953674e-01 2.261875408526143050e-01 1.418866800713918797e-01
-4.449061044596359649e-01 -4.135290488916091300e-01 -5.361157018866036239e-02 -6.915268469630466049e-04
-9.045064163694643139e-03 1.422091271406479285e-01 2.109025143405251768e-01 -1.604853324709920939e-02
8.905421874759129885e-02 3.104777301989333216e-01 3.750559144008664414e-01 4.173266882258357402e-01
4.476176228751598679e-02 1.321349401726179262e-01 9.591636727236285687e-02 -3.425615383410033910e-01
-5.413735476502279376e-01 2.214769209250344872e-01 -2.372947438365789058e-02 3.820062281644867053e-01
6.955100523021563730e-02 3.457382048173306965e-01 -2.828192994091684870e-02 3.162905396083456888e-01
-3.405740298482811124e-01 -3.097723306366387958e-02 2.077386005013460157e-01 -1.876911016082567496e-01
-4.864536731455122442e-01 -2.274823346343509897e-02 6.595795034058971051e-02 -5.794943142190551316e-02
