-3.795424419637054292e-02 1.543479230545138914e-01 -7.879942716498257449e-02 1.953575284300601220e-02 -5.832657174763952734e-02 1.880450046936978370e-01 7.871003911919732809e-02 1.136889717530122253e-02 -6.278635401229530622e-02 -5.077612876333913172e-02 4.886636300297349245e-02 -1.175306740987278227e-02
-1.135589711065011775e-01 -5.583912014829129494e-02 -1.507763188513645131e-02 -3.332086031982703367e-02 -3.515470972940480665e-02 8.717647339054123562e-03 -2.302325966672285062e-01 3.048283130006917974e-02 7.009813686269267263e-02 -3.040313076724211749e-02 2.832751021870119623e-02 -9.681148309483131320e-02
-2.367300143374392180e-02 5.980108502346857119e-02 -3.799748424713094569e-02 -5.080467169817973194e-02 -1.204420648311904096e-01 -3.018811710464991763e-02 5.847076893771725042e-02 1.304278565728944628e-01 2.809281310941990316e-04 4.770756183124592181e-02 1.086203461183050112e-01 -4.103659577839659234e-02
2.360559219488978649e-02 3.314610115850911282e-02 -9.762950618995759611e-02 -1.043911627453776997e-01 5.994665738718325115e-02 -1.035891138995443383e-01 -3.951313369475499375e-03 1.316121317608880681e-01 -1.998826538926823937e-01 3.472610333236514357e-02 7.084118380673914972e-02 1.434860784394363827e-02
-7.520319981564063672e-02 8.712280854152915088e-02 -4.838852057863321163e-03 -6.083834884962038836e-02 -1.113740207728961262e-01 -9.485335800937516604e-02 6.945412974742171119e-02 2.960987163253648441e-02 1.859795148417050792e-01 1.946993905698760421e-02 -2.528511021350007826e-02 -1.010030538075831763e-01
-2.941750117099460691e-03 4.458841334957966418e-02 6.936836467692467090e-02 9.385065759094385340e-02 9.028796215611786802e-02 1.215570548232011855e-01 -2.731166097714010990e-02 2.807532642942952845e-04 1.494977893307020411e-01 2.065558799109343258e-02 -6.846633599859747350e-03 9.110197187033220942e-03
-9.122260207510513030e-02 -2.706742514853098802e-01 -1.100563148035525185e-01 5.822657316181820836e-02 -9.857868877874770286e-02 8.676425017314820520e-02 2.520402059433636266e-01 2.516586544748318499e-02 1.205661814663182008e-01 -2.298457327576523823e-02 -9.231928308977438435e-02 -1.024967458268118831e-02
1.254516268802080559e-02 -4.799809698647514861e-02 5.302348706591221428e-03 2.590094227633727986e-01 -1.401376226246344447e-01 -4.502299841107316319e-02 -6.075782023201176801e-02 -8.912692355279644429e-02 1.568946055371159276e-01 4.714251085615876052e-02 3.824555627963396875e-02 -3.078158885099146341e-02
-1.808586334720368310e-02 1.818455290673862829e-02 -1.147752924686116782e-01 5.616250642482069344e-02 -1.208268404748801955e-01 1.150314808106094877e-01 -5.836422645019050115e-02 -1.425150535253484618e-01 4.083892322474572123e-02 -5.758167180490234016e-02 6.038248322520640282e-02 -8.826407214733048012e-02
-9.106440762702046332e-02 -6.802303676913063792e-03 1.212939234254254983e-01 1.719024445559116376e-01 4.129822978173212575e-03 -3.850869014333147336e-03 2.495902825085213883e-02 5.096067625100295789e-02 2.487921299444287651e-02 7.841287272517363793e-02 -1.037165320270675706e-01 1.295048027454887875e-02
-4.351008459421064345e-02 1.226630716763261464e-01 -6.546819541447655710e-02 1.863825795527312154e-03 4.252834609899883156e-02 -9.221346015397439240e-05 -1.562251362187484227e-01 -1.679553804936055050e-01 -8.501168108401424561e-02 2.059279721758932591e-01 3.083279936360113632e-02 -6.532087465450613084e-02
8.572594144229479796e-02 -9.572456838911630461e-02 -8.790484071314826064e-02 4.422376566620078719e-02 6.573212116786289472e-02 -6.667439122844873167e-02 8.294134998139095216e-02 5.772514214072566041e-02 2.178682249106925553e-02 -1.400137265932153152e-01 -1.602385996563160664e-01 2.027136507105660110e-02
5.227154991411681745e-02 -8.406668019749945556e-03 -1.187720716851867336e-01 7.300621925725364614e-02 -5.629066330918244820e-02 1.978104653291330034e-02 7.882741170554290189e-02 1.453460888664276016e-02 8.361606996685208570e-02 -1.453788122335916699e-02 -7.295561601525202278e-02 -1.995143247091406002e-01
-7.166990167517478527e-02 -2.897674627002154793e-02 1.238338981866399235e-01 2.627794428644748305e-03 3.689244840255979235e-02 1.619302512380632331e-01 -6.894533521166268386e-02 -8.023359966347494432e-02 7.949448871832538732e-02 2.023900371440442991e-02 -7.606896677291430375e-02 -1.494491333033572469e-02
2.352216857477229528e-02 -2.079422843745420968e-01 -6.619625440639051450e-02 6.004893384380422319e-03 4.011729699869574783e-02 1.160568472873748369e-01 1.631052247817582901e-01 2.361900086297928636e-02 1.277220317695637597e-01 -3.373069184700225320e-02 -1.281483224243323837e-02 -4.084260699646786313e-02
-1.706082003182647633e-01 6.279528010206644750e-02 6.423499890167994053e-02 1.169500810664284574e-01 1.052201169487401167e-01 -2.152703371899079149e-02 3.522552636687446836e-02 2.825631580202220619e-02 3.680804640760670932e-02 3.234704240687835686e-02 1.421733987551586642e-01 -2.060491005039793988e-02
-6.255303708631790305e-02 -1.330507246324965642e-01 -8.516199583989184085e-02 -1.411511445214813643e-01 1.016899496541103232e-01 -5.141035299832158456e-02 1.068824257098619640e-01 -6.425917808829519073e-02 1.365119542067033849e-02 9.556757087258377359e-02 2.341889993248525981e-01 -5.094609055492755299e-04
-5.756237277159571321e-03 1.055188523799867051e-01 5.370692897332927235e-02 4.291664345356940857e-02 -2.291919515096497995e-02 6.745574074064979164e-02 -6.559917131043779825e-02 4.162620387658141907e-02 7.968496690920374992e-03 -1.029741861215185961e-01 -5.441751939246104036e-02 -5.263549807547108356e-02
1.429869150431378189e-01 6.210484612236671920e-02 -7.085162486687152095e-02 4.602070688648991076e-02 4.173064064932657802e-02 9.039518672422899859e-02 5.928352786968049681e-02 2.713994256100549576e-02 -1.622768932797481467e-01 -2.145739723138793270e-02 2.577965312159992417e-02 -6.879388490436719183e-02
1.406036812626303145e-01 -6.829374578966594667e-02 -8.533721861444190648e-02 -5.649277051436644298e-02 1.013516250369206062e-01 -5.413576045410103954e-02 7.423512963162590128e-02 -2.242112473757311777e-02 -5.512580957892791733e-02 -1.586937656252384587e-01 8.306594250346337888e-03 -1.194156738674742591e-01
-1.654953434006216362e-02 -2.601041326567832268e-02 -1.377869948278825363e-01 -2.774969861954585532e-02 -2.503935712143450301e-02 8.485335124226309200e-02 -6.742629880269817091e-03 -1.047161867384039657e-01 5.862567689815730010e-02 -7.349357244673004885e-02 -1.244687026199431668e-01 1.129122269853783875e-02
1.274448103598868343e-01 3.251116508190483867e-02 -8.431191613783713124e-02 3.668513316694974047e-02 2.085716785332170434e-03 5.560205387400307675e-02 -3.169008270203275274e-02 -2.751860158315505567e-02 5.967264426867828486e-02 -6.870501197147239891e-02 -7.917933687378392316e-02 1.000743299484011251e-01
-7.797123372158720755e-02 -1.113757299598718831e-01 -1.557771688145193067e-01 2.688460272726094641e-02 -4.085836204933521176e-02 -8.127663971386916986e-02 -1.379115716290662541e-01 6.267660575172945281e-02 1.701305308004351716e-02 7.666837381745861268e-02 5.374796796142669586e-02 6.594945418516279245e-02
1.899653735253496387e-02 4.572525885791068473e-02 4.878293507541976715e-02 -3.300310018532896447e-03 8.572151357362102486e-02 5.385463707586600479e-03 4.121502881385193107e-02 -8.238893998278667367e-04 3.929262062459841498e-02 4.931432365768985415e-02 1.514450551281231773e-02 9.793525805010069862e-03
3.929219571346580231e-02 -5.109772901029725062e-02 1.157895735097418943e-01 -2.428784883828540367e-02 9.298325388212770604e-02 -8.521949372361262154e-02 -6.334137220269021873e-02 -1.525104788367686315e-01 3.731126310381854133e-02 -2.639984858544819346e-02 4.302125168540963523e-02 8.931880825371221744e-02
-1.193391163983995723e-01 1.446978606304872607e-02 -1.785483017908865919e-02 6.034027287021297148e-02 -8.618496246951540263e-02 2.276877235063201957e-02 4.343324976509996271e-02 -7.298610173373373811e-02 -1.171236661423531444e-01 5.515413160842114887e-02 1.250544070415617881e-01 -1.054855752779862432e-01
6.959006337142809029e-02 9.735206090238082699e-02 3.050721658271080342e-02 6.125292968042801711e-02 1.204248587482350955e-03 3.618756724765397753e-03 7.648399044559586746e-02 2.918901874161562021e-02 3.107329237506519307e-02 -3.489729000126300107e-02 1.155226920370367588e-01 -3.649772423352013601e-02
7.906397478664599354e-02 -9.221909651416405895e-02 -6.496261897152746934e-02 -4.708750524404420323e-02 -1.330885087802550215e-01 -3.724169953269690359e-02 1.342084556642562237e-02 2.390532528611614971e-02 -1.168172077498725869e-01 -5.055701511878619298e-02 -8.712477451520744820e-02 -1.488399361650022401e-01
7.134470817537899578e-02 2.579411809463012517e-01 -5.530827820242574522e-02 2.236964587033840948e-02 1.078084174605506013e-01 -4.848768294955325964e-02 -4.116576803897038783e-02 -9.089654869621877076e-03 8.593858254993433365e-02 -3.887367230349608738e-02 1.034263188256196453e-01 9.898060138517575379e-02
1.023816788398909661e-01 -4.816456570599950138e-02 -7.792710424414518722e-02 -2.520556693902407941e-02 4.040600840407130440e-02 2.890994969139455001e-02 -6.796969533941613073e-02 2.920643876906010156e-02 -9.215771252440094208e-02 -3.378872211344355336e-02 1.000429762745478068e-01 -3.339159312968217191e-02
1.746259726469588103e-01 3.273117880803554092e-02 8.191948779652301338e-02 1.425329625557132662e-02 1.383959776542685871e-01 -9.226716708591427285e-02 8.806627244860283643e-02 1.363460568205949325e-02 5.495642781542466049e-02 -1.862383879637825035e-01 1.523827625603879354e-01 -7.627754995830525464e-02
2.671473640631624041e-02 6.062841527542270348e-02 -2.434155995837532574e-02 -5.886691403858565486e-02 -3.528211760710328604e-02 -1.537796238888199107e-01 -1.061586486601857893e-01 -1.863240265784429917e-01 8.605676633962705546e-02 2.220514658935386978e-02 -5.120785185275920220e-02 -5.910781736679675963e-03
2.025763648971145789e-02 2.228909433769354076e-01 2.403317638015495944e-02 -1.955412050975991606e-02 -6.880916150084379068e-02 -6.512687686319540425e-02 1.329354076167672816e-01 -7.822049227725763609e-02 1.719206980826784581e-01 3.933003187985617544e-02 -9.352423809465579968e-03 2.954903741578167320e-02
2.413516211825622940e-02 1.339835275887349963e-01 -2.467693600319511432e-02 -3.895483609297985955e-02 -2.654222181074324810e-02 4.220531160483412952e-02 -4.054209513037671832e-04 6.261797124751368460e-03 3.278854077376693738e-02 1.515504856818553937e-02 -8.512293562418776771e-02 -1.850137446787438952e-02
1.258460763689909223e-01 8.259623015865925899e-02 -2.077672065981283345e-01 -1.202554764369780094e-02 1.755220232053428600e-02 -5.101328492267540732e-02 -7.943339708728217041e-02 3.809660560989145545e-02 5.119144793256311110e-02 3.490803503262584345e-02 8.201395340029926651e-02 6.836978890900251293e-02
8.090211640727715259e-02 1.164167044451785427e-01 -1.235145274553250683e-01 -1.595886028695283482e-02 -6.564066869991760922e-02 2.271617443271859230e-02 -5.580933677146833471e-02 -1.416977616233378312e-01 3.666991613575787054e-03 -1.297738611859915528e-02 -1.334759807371093399e-01 1.563299184079501580e-02
1.712788172514540311e-02 9.985179350525516528e-02 7.277397353348078780e-03 1.868982324601405065e-02 3.533048422835977781e-02 -1.067590982577350661e-01 1.248700215955340226e-01 -1.532594481220787563e-01 6.937326527599982362e-02 -7.537277752868167327e-03 -1.306803895651587055e-01 4.650267179724844845e-03
-1.364129220525329700e-01 -4.676799296570872955e-02 -1.031142937618637900e-01 3.409587350880727979e-02 4.798159189911761768e-02 1.224029169368967274e-01 1.951071751280400168e-01 -8.477844996571165526e-02 -1.944513206395456079e-02 -9.448365355479167171e-02 -5.947263006018019965e-02 3.224059139098261334e-02
7.351299326168653225e-02 -7.101869949085364009e-02 6.225924545121797743e-02 -1.050835042479405651e-01 9.255572479875162628e-02 -2.626605227060483522e-02 -5.944213955539145999e-02 8.889400913351599987e-02 2.765597551247316391e-02 -6.802951541108810674e-02 7.730596755832533362e-02 6.202058504834065053e-03
3.036296460564440539e-02 3.213301613366771614e-02 -1.014276175959569898e-01 9.091228549415847349e-02 1.817102495789252661e-02 -9.636933313091845810e-02 -7.403574237779579625e-02 -6.840478577477074329e-02 2.215502043612958549e-01 -2.293215423025669886e-02 -1.248892392060458115e-02 -1.936850193340847875e-02
-4.469811916470434188e-02 -1.117793117277950110e-02 1.029711889853950242e-02 5.685239042888944050e-02 -8.706791149178184919e-02 -6.252527350324485478e-02 7.337611476641109354e-02 -7.881794193627035539e-03 -1.235850130582583639e-01 -5.964909852948060975e-02 -8.751519833776884305e-02 -1.484477156380860641e-01
7.592857430645985617e-02 -4.617137663307244178e-02 3.716397448729293930e-03 -2.647562225744702971e-02 -8.301692212012870553e-02 6.688112246103894432e-02 4.706274660207498961e-02 -4.221007509081826231e-02 -7.255388348007818511e-03 -4.122173004256331208e-02 1.699820044267753572e-01 -9.003503203526591614e-02
1.677729754273508400e-01 1.869866376918562223e-01 -4.122532866664581352e-02 1.552726164884899070e-02 -1.841770838688911449e-01 2.824763934380639802e-02 1.658226958264279183e-01 4.541575333492268258e-04 6.703724309472194887e-02 -2.090985595159718796e-02 -4.811732899796487828e-02 7.557129833587296341e-02
-3.487569378388660768e-02 -2.612878971298506284e-02 8.153296982965012318e-02 -8.252327780577443928e-02 -5.236857278549966743e-02 -1.059580157657996104e-02 1.151722387010655907e-01 6.166237401203528840e-02 1.007293113180986605e-01 -4.279718895170177284e-02 3.461486574452568576e-02 -1.075962537653209483e-01
-8.470329641549936839e-02 1.024561175703961324e-01 3.941258863356468566e-04 1.168595353798741188e-01 6.789346395254916566e-02 2.862892811526639159e-02 2.118418832002609900e-02 7.737796516298205488e-03 -1.142532275867540748e-01 -2.261889130335662315e-02 1.497182864096495147e-01 7.690437184169157843e-03
-1.416385600479465497e-02 1.806052570994935436e-01 2.416545901219199766e-02 -7.750422045545355548e-03 4.588691088523615125e-02 -3.901425324195538502e-02 -8.226643569949068646e-02 -8.897637450766557321e-02 9.378029242756183437e-02 -3.981188232905287158e-03 6.321592090555351595e-02 1.958298748248400029e-02
-2.453245339544288250e-02 -8.233438308389645632e-02 -2.721855056891334113e-03 1.008709255494526051e-02 -3.421892982427716945e-02 1.301490977556766515e-01 -2.761979133892520678e-03 -7.165539838138926254e-02 8.519302570493263171e-03 1.123196576787337114e-01 4.803903372853388087e-02 4.537078195612118808e-02
7.786761776142867020e-02 7.781391676767797361e-02 -1.633679227065573114e-01 1.379398548456493012e-01 -1.313591689617696900e-01 -4.154381566952908278e-02 2.994263639478874500e-02 5.440677909589550915e-02 -7.316718624432837215e-02 -2.789312451416567709e-02 -3.112769563176071355e-03 -1.486423674646621465e-02
-4.937392816493316877e-02 2.170546579170267165e-01 -2.489116797668423919e-02 1.343735464311920369e-01 6.490679744111148286e-02 2.691208934143968570e-02 1.069671504141579341e-02 -1.571594972033014959e-01 6.997676501238664359e-02 -6.681596619183651983e-03 5.733939348600334412e-02 -6.604952455692678082e-02
-5.240901731016346654e-02 -5.023065627924049037e-02 -4.900073398357270016e-02 7.308635907596627845e-02 -4.417775424936444192e-03 -3.782918785820990615e-02 -2.202111452375374034e-01 1.474321130983968220e-01 5.635201236567958377e-02 -3.075735631358606295e-02 4.563183605266574877e-02 -1.008703581172378377e-01
1.528694759685606530e-01 -2.404435077911802610e-02 -1.040600484298997430e-01 -5.803542748748394958e-02 -9.118350063503466441e-02 -4.636037045714185012e-02 1.470122085867055228e-02 6.695997264434886721e-03 -3.364540881661980121e-02 6.066049253388574453e-03 8.160859872303144469e-02 1.039576546216806757e-01
3.344087877002490956e-03 8.641847199632692045e-02 7.625326320441350170e-02 6.201196080860957999e-02 -1.524785881396502063e-01 -8.858322614602170963e-02 1.305778448150335946e-01 -6.173359605284038654e-02 1.518427975858370749e-01 -7.134218798768093839e-02 -1.005534454890130158e-01 -1.242782560204762077e-01
8.607164307411908910e-03 9.431113963139087231e-02 1.004134261685169036e-03 8.532019030025523795e-03 -4.002947048267979646e-02 1.583935491958707309e-01 -3.885634248599872942e-02 1.307008896341989579e-01 8.345640172152635206e-02 4.878863710270867071e-02 -4.496098504444557414e-02 7.613981451808304879e-02
-4.393982698623608713e-02 -1.909545961542119877e-02 -1.141236197074481928e-01 6.055277995675145686e-02 -3.929701423563790319e-02 6.709782425641733217e-02 -1.133927265766091486e-01 2.351288229303676036e-02 -5.133800735445563646e-02 3.014475640932167549e-02 -9.345165228674098823e-02 -9.218346020532389162e-02
-5.861161691785503336e-02 1.081457634823338593e-01 5.863643198054575845e-02 6.931078864299979048e-02 7.809946487245829350e-02 -4.533326625741064542e-02 -1.027312340145499284e-02 -1.499560915241301452e-02 -5.256315835733595121e-02 -2.062723530447561904e-02 3.649327719502520884e-02 3.626951298497917142e-02
7.503502693396450762e-02 -1.834930079153295965e-02 -1.242164309975088560e-01 6.425216328532505627e-02 -5.334176788380115553e-02 3.602343688609822153e-02 -9.036915432101863543e-02 1.027829471171730347e-01 1.869939040306201061e-01 -1.101571248034760309e-01 1.172955208550635203e-01 -2.622961584240991132e-03
-5.648612564038160699e-02 -1.708637194111904331e-02 -9.509195080900353925e-03 -3.428730263648983867e-02 -1.652755434073926444e-01 -7.152407817132071244e-02 5.160241508212737305e-02 9.559679194141935954e-02 -2.994073306683790042e-02 -4.819556744992090774e-02 4.589403986414489212e-02 -1.400041364238733821e-01
2.109702733066757263e-01 3.180481747812096555e-02 1.164180071407096631e-02 -3.129591524365624199e-04 6.089974957062538330e-02 3.390500657276984686e-02 -6.258049138491492136e-02 7.468056303538132823e-02 5.696387987359716881e-02 1.223434033164359225e-01 7.243694217512608446e-02 -5.256642757358957405e-03
1.205875460168254372e-02 2.207550283812846972e-02 1.343863215348057305e-01 -4.424813387627650127e-03 -7.955926169273537518e-02 1.598657526294619720e-03 -4.787632290597729906e-02 -4.560703912063888282e-02 -2.155076943561153729e-02 4.400136392627669590e-02 1.471274405267179453e-01 -5.230774449920955194e-02
1.743276574686391557e-03 6.865344247480310858e-02 4.450486964068416096e-02 -1.067471477808609459e-01 1.087255306325497078e-01 -4.997508242059275907e-02 -8.134503339869633698e-03 -4.834244456846781279e-02 -2.477201223272629260e-01 -1.067272023546519608e-02 -8.296282754139669424e-02 -1.263790796498274679e-02
-9.450527520423465666e-02 1.285417696512674013e-01 -3.899520895297593076e-02 3.957345772363322738e-03 3.263358909308095718e-02 3.195683010180016409e-02 -4.172155691933732841e-02 3.139164892148328667e-02 6.836122095562459366e-02 -2.243728265552767387e-01 4.738690702208542965e-02 -2.073718163524623792e-02
1.316497776962164690e-01 -5.938983305730677342e-02 -3.780676786580865201e-02 -9.563076936290715313e-02 4.067406407096677001e-02 8.650097128910050337e-02 1.126303620149869157e-02 7.343043113156379198e-02 -3.966517710906841687e-02 -8.043876109544914610e-02 -1.134245646062183865e-01 1.261641950766349274e-01
-1.097578320672374930e-01 -2.204948857169449286e-02 1.058293955381076068e-02 -5.080886913799532306e-02 4.388565395004515729e-03 -1.367231532881300893e-01 7.126580083931600973e-02 -1.126940280116301568e-01 -2.044443110468167069e-01 -4.994222371719446441e-02 -5.497187912211466687e-02 5.068637088852599032e-02
-5.884772870878050149e-02 -3.338370553483381857e-04 2.258308147285182504e-02 1.018698071650123854e-01 -2.167254732082318780e-02 -1.578331969761434528e-01 -7.226471450628005333e-02 4.258029221386547269e-02 -6.776241911504909954e-02 -7.382941004136886476e-02 -4.063962126670626201e-04 1.177444060665631953e-02
-4.288756042874178331e-02 5.485139759926548064e-02 -4.369855613852850762e-02 1.387816029562366771e-01 2.479347116775155180e-01 4.308259348766713473e-03 3.476503441891332091e-02 8.524772421655277266e-02 3.563961444947472829e-02 -2.537354357037672342e-02 4.457464176798422995e-02 2.742041672862105886e-02
-3.020052734339729456e-02 -1.410605431852570701e-01 -1.251107726127667907e-01 -7.109040182655500251e-02 -2.279101187450129420e-02 9.455782615089204646e-03 -2.135442447024093332e-02 2.857618485225834476e-02 1.892684706767965019e-02 8.217465422439042266e-03 -4.635637066979308996e-02 -9.112947824752788695e-02
-1.753870282416559317e-02 1.382540875210289677e-01 1.684745100130859152e-02 2.651706158852659007e-02 8.292285216036013318e-02 -1.465234629863015198e-02 4.445998990776756782e-02 2.437721999160891717e-01 -2.624926987040381021e-02 1.707129905012508622e-02 -2.183400449118220454e-01 5.899728122173311662e-02
5.054007126187621234e-03 -1.386422025835451662e-02 2.354156069821065345e-01 8.614755529108686360e-02 1.044047505246662767e-02 7.501642758833422520e-02 2.196075063016286050e-02 3.272382151062247502e-02 9.826033735420852330e-03 -2.124374737890304902e-03 1.028074656174452449e-02 6.373659050927206471e-02
-2.826571957656180689e-02 -4.134497306193926636e-02 1.675712300948510591e-02 -1.139723889683970232e-01 4.617758549762397691e-02 1.059059850949242154e-01 9.908302883355524227e-02 -2.378594328902181587e-01 -6.650781478846193306e-02 3.591482385333165384e-02 -1.764048100343156289e-01 -2.989545807413454895e-02
-5.396274928048628433e-02 6.696269047245659300e-02 -5.319569227135606537e-02 7.367338511679291657e-02 9.182654943055081065e-02 5.172201553480861025e-02 -3.955105444482920340e-02 -5.031941334880191824e-02 1.454207812327121818e-01 -3.478107223584672725e-02 -2.707568586916186959e-02 -9.759433636365286158e-02
1.113290707933028145e-01 -4.263381149349462773e-02 2.593404390835107876e-02 1.634968936039089826e-02 6.228294281472183946e-02 -1.320363371703348332e-01 1.300133157997431128e-02 4.460685147582019866e-02 -1.434626104204246577e-01 -1.353795898211372292e-02 7.637689606405572915e-03 7.281056970490798474e-02
-4.958454563265913412e-02 -3.128985601915169109e-04 1.159017216566041349e-02 -6.105567557800642593e-03 -2.940417754217630741e-02 2.220299513988893692e-02 -1.296474696773995683e-01 3.461512267491431705e-02 5.219309520626329302e-02 -6.493753771355428861e-02 3.777237616481907145e-02 -3.395103360372592194e-02
-3.269241875014377435e-02 6.727850292631613882e-02 1.716441238561498481e-02 -2.086429907990385718e-02 -4.385704177656914171e-02 8.409714134074110226e-02 1.155829560032227282e-01 8.769696703930721440e-03 -1.281078877293848062e-01 -1.695506169564141852e-01 -5.112552984777677528e-02 1.850964205550586217e-01
7.142729683161372356e-02 -6.056215605409568520e-02 1.025952618120016396e-01 8.536230934094078682e-03 -6.544381502871118861e-02 -7.187792252658418979e-02 -2.279369305968566295e-01 -1.139786070188583827e-01 8.143794825476771693e-02 -5.779791600432453158e-02 -1.019145671990257518e-01 -7.009728305557105799e-02
-9.880004625435825916e-02 -5.288121835751455335e-02 -5.292614724916633318e-02 1.249812015638394752e-01 1.297547437103468704e-01 -4.568643100506265819e-02 -8.768029831872015817e-03 -4.654450982028274925e-02 6.244133962009841554e-02 -1.547128788532421972e-01 1.270430935466220108e-02 -1.935463305672012121e-02
2.288797462354887416e-02 4.530745110787653962e-02 -1.420643322382592749e-02 -1.704900595685222842e-01 -3.356877100724452168e-02 -9.285937657801310308e-02 -3.258738132137352361e-02 7.276334884929748503e-02 6.679100430666903843e-02 4.033747053811575362e-02 -1.044707766613492683e-01 9.858125524243388504e-02
-6.393156222121412768e-02 -4.462142740647385281e-02 -9.682579210340394593e-02 4.242200780404484922e-02 7.667854231510320973e-02 4.796912587678142659e-02 8.124789106606440658e-02 -9.373557614948588301e-02 2.632826950849907061e-02 6.697037110819201167e-02 -1.535129123332653611e-01 8.845386210112696213e-02
-7.396507864576061519e-02 2.001816300608710159e-02 -9.102950396764963870e-02 3.832975927045845221e-02 -5.337174767523365781e-02 3.434947772846363295e-02 7.749494419736277506e-02 9.101435115541534407e-03 3.600063634691818421e-02 -7.734685328723630605e-03 7.071427187754150689e-02 1.618409689235604521e-02
1.263203361772465283e-01 -8.608870564001255832e-02 1.326288641194882378e-01 1.952137918507021452e-01 6.821720364626926436e-02 5.537745813907503367e-02 -1.068279621466204296e-02 3.593499656620284533e-02 1.075468310503583658e-01 8.249444318454643432e-02 -9.187092850356498586e-02 -1.921249907010129931e-01
2.581824419056538700e-01 8.379813302581989864e-02 1.114670418081491754e-01 -2.922344131140038048e-02 -3.404506920803529457e-02 5.733845134767162621e-02 9.157336361461518304e-02 1.403557478017887217e-01 3.374481761762972501e-03 -1.467463956765968081e-01 1.948246463251761956e-02 6.308997568452184845e-02
-1.302780569617771611e-01 1.479189132802866402e-01 -5.012541624779692784e-02 9.569961523297740302e-02 -1.350615458304957502e-02 3.468724014763324096e-03 -2.453039524355741033e-02 1.200040808258937691e-02 4.982662150055358619e-02 -4.395337285456011461e-02 -6.123785199687676456e-02 -6.665080665514927505e-02
-1.744298557499369831e-03 -1.678782765550295222e-02 3.352447720123372110e-02 -6.283105182087278529e-02 9.440339213404392096e-03 5.430245373999058323e-02 8.672924831389879075e-02 -3.149861428872936797e-02 3.145548273679974697e-03 -1.256727309851190799e-01 1.360639640858311294e-01 3.116361967620582055e-02
2.061680819857242275e-01 -1.093468787773412276e-01 1.107109325444670389e-02 -1.841648933797485760e-02 1.836168481044701262e-01 -1.185807865289784102e-02 1.139129844530208102e-02 1.424580711453320332e-02 3.302553265612367256e-02 1.044176568265775887e-02 -4.743012550987325826e-02 -1.184499366389354501e-03
2.384848656925027399e-02 -6.783822676597148216e-02 1.112947791951557908e-01 8.046018707270360948e-02 -1.071194210019080217e-01 8.648613996314959140e-02 4.608042412595574067e-02 2.072855874602386357e-03 4.605335926152923781e-02 2.044070492260523508e-01 9.054269695462237311e-02 -1.310569557289182896e-01
3.650446466687489594e-02 4.705319396227864576e-02 5.013896635092005005e-02 -7.697168047904439855e-03 -6.056697634209479847e-02 -7.312878506132758361e-02 1.138634708695139275e-01 -2.198679241986030430e-01 -1.048423248916821593e-02 6.531710133674520358e-02 -5.260776632551913967e-02 1.094544273969605686e-01
8.974341226784905701e-02 6.431302068808900096e-02 -7.704708130038614988e-02 -2.602177193342084319e-03 -1.085902307674877776e-01 4.279604891231916786e-02 -1.708024653254959849e-02 -2.044393004483015253e-02 -2.406754535757155145e-01 9.014005732777019553e-02 -2.440499407946121815e-02 -6.153152080904357446e-02
-5.538379195403381888e-02 -6.890547424856305336e-02 -4.534189605353540486e-02 7.916652130950267707e-02 1.341424945177009387e-01 -1.027604370955201019e-01 4.731797197106329955e-02 -1.141073303205193540e-01 -1.911861245346619526e-02 -5.244776637433652688e-02 -2.152805258202658903e-02 -4.069540997079046374e-02
4.893805745050997663e-02 -5.706105093136798478e-02 -6.886717866359153353e-03 -6.574971012307050111e-02 -5.521448387422306023e-03 2.753125481306415226e-02 1.048379986682924647e-01 -1.015995737891618178e-01 9.703847603837463531e-02 -4.915266460806010096e-02 -1.388000483055285561e-01 1.133434794260670536e-01
2.219073086694815233e-01 -1.539221927662219602e-01 -3.684266799402904913e-02 -1.044602002079253467e-01 8.959447302397113844e-02 2.643789536442575378e-03 4.638644686020286512e-02 -4.659146788086801494e-02 -1.119749601784279652e-01 -7.245544094973019322e-02 -5.525727705958655839e-02 -4.261438443432419981e-02
-9.124929208033075168e-02 2.582510884430640544e-02 -4.724798247188699563e-02 -2.684234726455743750e-02 7.422278857715319811e-02 5.217705602058004405e-02 -2.066923124582418780e-01 -1.010557350203357407e-01 -1.256557019380966367e-01 5.879006912853080441e-02 1.146117370770563526e-02 7.053955481040592723e-02
-1.395485178002027760e-01 -2.824848640508240485e-02 -1.119813969606679336e-03 -7.326261621249115230e-02 1.808558726649496691e-03 -3.883438268873802557e-02 -1.829495502804155682e-02 3.302154378283536640e-02 -1.329213305309052615e-02 1.829283093000806659e-01 5.553210697307670030e-02 2.615476481847598192e-02
-1.688287107820225508e-01 8.328382685532324109e-03 1.626451058446250902e-02 4.318322765774694483e-02 -9.183262817040119264e-02 -3.675405508647308639e-02 4.512375824348965891e-02 -4.190931598965128013e-02 -2.875568918485541317e-02 5.077029812856649615e-02 -5.304137089469200712e-03 7.634128226388067762e-02
1.125481345031342922e-01 -3.227683115012995943e-03 -2.413819729835045905e-02 -3.391424819161614063e-03 5.346682796283672157e-02 1.768021297570339379e-02 7.118110097002086634e-02 -7.058729155970006053e-02 2.207940869677915002e-03 -2.526406837139629630e-02 -1.414675551047601676e-01 1.819398806545707015e-01
-2.580145206982084952e-02 7.722543232455057922e-03 -1.228028629358630663e-01 1.389318936905570333e-03 -5.229107101053399181e-02 1.344480613148977266e-01 -7.956980430675479610e-02 -3.559383926145048838e-02 7.981581446648770839e-02 7.762533468709659212e-02 8.558457710107134075e-02 -3.200122474440771081e-02
