-4.584001779679817284e-02 1.502419362639982603e-01 -3.775647910125939227e-02 1.437167830750220483e-02 -5.711911953787647545e-02 1.919504777984324395e-01 7.704027784832581660e-02 1.579059457016662726e-02 -6.907360597503608979e-02 -2.910226234777634619e-02 4.652270554198834063e-02 3.098450750651624182e-03
-1.214447447069272878e-01 -5.994510693881676539e-02 2.596531617858640825e-02 -3.848493485533173442e-02 -3.394725751964168536e-02 1.262312044379507170e-02 -2.319023579381023215e-01 3.490452869493538418e-02 6.381088489995248580e-02 -8.729264351678908684e-03 2.598385275771651626e-02 -8.195996493430643404e-02
-3.155877503417169744e-02 5.569509823294129663e-02 3.045463816592445996e-03 -5.596874623368483515e-02 -1.192346126214310215e-01 -2.628264399990855316e-02 5.680100766684649527e-02 1.348495539677573296e-01 -6.006323831646715079e-03 6.938142824681099718e-02 1.062766886573219688e-01 -2.618507761787096030e-02
1.571981859446134472e-02 2.904011436798455484e-02 -5.658655812623580167e-02 -1.095552372808813874e-01 6.115410959694655979e-02 -9.968364079479993811e-02 -5.621074640345483445e-03 1.360338291557512402e-01 -2.061699058554233854e-01 5.639996974792871320e-02 6.849752634575635712e-02 2.920012600446910203e-02
-8.308897341606841236e-02 8.301682175100581762e-02 3.620409600585946380e-02 -6.600242338512439522e-02 -1.101665685631353225e-01 -9.094788490463096009e-02 6.778436847655047726e-02 3.403156902740277906e-02 1.796922628789641152e-01 4.114380547255171161e-02 -2.762876767448489701e-02 -8.615153564705840816e-02
-1.082752371752726539e-02 4.048242655905270188e-02 1.104113127406446820e-01 8.868658305543987430e-02 9.149541436587900478e-02 1.254625279279389383e-01 -2.898142224800917890e-02 4.702450659159382838e-03 1.432105373679611882e-01 4.232945440665751569e-02 -9.190291060844636359e-03 2.396171534755900737e-02
-9.910837567553290595e-02 -2.747802382758400275e-01 -6.901336673983239633e-02 5.306249862631362557e-02 -9.737123656898656610e-02 9.066972327789243891e-02 2.503704446724974164e-01 2.958756284234898004e-02 1.142789295035772090e-01 -1.310706860201496862e-03 -9.466294055075731573e-02 4.601843577843060286e-03
4.659389087593375153e-03 -5.210408377700260357e-02 4.634529677031436895e-02 2.538453482278921758e-01 -1.389301704148667160e-01 -4.111752530633099728e-02 -6.242758150288533342e-02 -8.470522615793263377e-02 1.506073535743749359e-01 6.881637727172391916e-02 3.590189881864858101e-02 -1.593007069046630322e-02
-2.597163694763199304e-02 1.407856611621265304e-02 -7.373234440489150054e-02 5.099843188931606208e-02 -1.196193882651215706e-01 1.189369539153536659e-01 -6.003398772106255388e-02 -1.380933561304845680e-01 3.455167126200502092e-02 -3.590780538933818766e-02 5.803882576422073059e-02 -7.341255398680551769e-02
-9.895018122744822509e-02 -1.090829046743851082e-02 1.623368714891588460e-01 1.667383700204044250e-01 5.337275187935847272e-03 5.460409040701378545e-05 2.328926697998301779e-02 5.538237364586971051e-02 1.859196103170120129e-02 1.000867391407398305e-01 -1.060601894880506130e-01 2.780199843507437721e-02
-5.139585819463812072e-02 1.185570848858032017e-01 -2.442524735075349632e-02 -3.300248739976234785e-03 4.373579830876168917e-02 3.813259644586684208e-03 -1.578948974896219326e-01 -1.635336830987416668e-01 -9.129893304675504306e-02 2.276018385914471698e-01 2.848914190261675472e-02 -5.046935649398082147e-02
7.784016784186709170e-02 -9.983055517963974890e-02 -4.686189264942521721e-02 3.905969113069626686e-02 6.693957337762383719e-02 -6.276891812370552493e-02 8.127158871051945455e-02 6.214683953559198976e-02 1.549957052832729928e-02 -1.183398601776499831e-01 -1.625822571173043407e-01 3.512288323158191394e-02
4.438577631368923609e-02 -1.251265481027553396e-02 -7.772912362146615350e-02 6.784214472175002786e-02 -5.508321109941892446e-02 2.368651963765421031e-02 7.715765043467137652e-02 1.895630628150891950e-02 7.732881800411120499e-02 7.135985192204123348e-03 -7.529927347623470435e-02 -1.846628065486209946e-01
-7.955567527560256091e-02 -3.308273306054889534e-02 1.648768462503738264e-01 -2.536280106858847857e-03 3.809990061232278180e-02 1.658357243427978078e-01 -7.061509648253436189e-02 -7.581190226861109216e-02 7.320723675558421517e-02 4.191287012996845751e-02 -7.841262423389723513e-02 -9.339516981134320561e-05
1.563639497434351697e-02 -2.120482711650576724e-01 -2.515330634266737045e-02 8.408188488768044734e-04 4.132474920845884137e-02 1.199623203921179049e-01 1.614354635108847802e-01 2.804069825784517161e-02 1.214347798068242668e-01 -1.205682543143886051e-02 -1.515848970341826703e-02 -2.599108883594221028e-02
-1.784939739186973684e-01 5.868929331153923540e-02 1.052779469654002570e-01 1.117860065309246170e-01 1.064275691585013645e-01 -1.762156061424973580e-02 3.355576509600372015e-02 3.267801319688961453e-02 3.052079444486643228e-02 5.402090882244232894e-02 1.398297412941708062e-01 -5.753391889873918537e-03
-7.043881068674567869e-02 -1.371567114230121953e-01 -4.411904777616868639e-02 -1.463152190569885769e-01 1.028974018638714599e-01 -4.750487989357924518e-02 1.052126644389902443e-01 -5.983748069343029080e-02 7.363943457929528029e-03 1.172414372881471073e-01 2.318453418638644625e-01 1.434205725497538809e-02
-1.364201087758727671e-02 1.014128655894632608e-01 9.474987703704994269e-02 3.775256891806472170e-02 -2.171174294120238948e-02 7.136121384539387269e-02 -6.726893258130900444e-02 4.604790127144809536e-02 1.681244728179535908e-03 -8.130031970595240354e-02 -5.676117685344615749e-02 -3.778397991494587826e-02
1.351011414427050195e-01 5.799885933183961811e-02 -2.980867680314846016e-02 4.085663235098543900e-02 4.293809285908942175e-02 9.430065982897320453e-02 5.761376659880954043e-02 3.156163995587091958e-02 -1.685641452424891384e-01 2.164691841757388727e-04 2.343599566061521644e-02 -5.394236674384184083e-02
1.327179076621973763e-01 -7.239973258018934932e-02 -4.429427055071876590e-02 -6.165684504987202497e-02 1.025590772466817430e-01 -5.023028734935865852e-02 7.256536836075416774e-02 -1.799942734270714578e-02 -6.141306154166924214e-02 -1.370198992096851587e-01 5.962936789361239845e-03 -1.045641557069493244e-01
-2.443530794048988375e-02 -3.011640005620398394e-02 -9.674404676416180349e-02 -3.291377315505066015e-02 -2.383190491167210337e-02 8.875882434700738122e-02 -8.412391151139663251e-03 -1.002944893435401552e-01 5.233842493541673857e-02 -5.181970603116538288e-02 -1.268123600809290541e-01 2.614274085906332160e-02
1.195590367594588088e-01 2.840517829138014885e-02 -4.326896807411390738e-02 3.152105863144528258e-02 3.293168995094874953e-03 5.950752697874536062e-02 -3.335984397290413239e-02 -2.309690418828908715e-02 5.338539230593720986e-02 -4.703114555590824641e-02 -8.152299433476682677e-02 1.149258481089262263e-01
-8.585700732201498320e-02 -1.154817167503946335e-01 -1.147342207507986572e-01 2.172052819175787977e-02 -3.965090983957236803e-02 -7.737116660912510269e-02 -1.395813328999397362e-01 6.709830314659426254e-02 1.072580111730232419e-02 9.834224023302480522e-02 5.140431050044136363e-02 8.080097234568792142e-02
1.111076375210708761e-02 4.161927206738357671e-02 8.982588313914023626e-02 -8.464384554036514727e-03 8.692896578338214775e-02 9.290936812327156569e-03 3.954526754298122448e-02 3.597807995037425460e-03 3.300536866185718732e-02 7.098819007325586627e-02 1.280084805182712428e-02 2.464504396553583374e-02
3.140642211303918546e-02 -5.520371580082473334e-02 1.568325215734751310e-01 -2.945192337378867500e-02 9.419070609188882892e-02 -8.131402061886841559e-02 -6.501113347356077266e-02 -1.480887814419047932e-01 3.102401114107870145e-02 -4.725982169884991591e-03 4.067759422442439321e-02 1.041703264142373742e-01
-1.272248899988328574e-01 1.036379927252279419e-02 2.318811788463419690e-02 5.517619833470847890e-02 -8.497751025975426586e-02 2.667424545537400854e-02 4.176348849422943654e-02 -6.856440433887003860e-02 -1.234109181050924153e-01 7.682799802398738997e-02 1.227107495805791065e-01 -9.063405711746153059e-02
6.170428977099993301e-02 9.324607411185738270e-02 7.155016464643167151e-02 5.608885514492355229e-02 2.411700797245127249e-03 7.524229829506164612e-03 7.481422917472432821e-02 3.361071613648246997e-02 2.478604041232360805e-02 -1.322342358569947307e-02 1.131790345760539801e-01 -2.164620607299439295e-02
7.117820118621812076e-02 -9.632508330468751712e-02 -2.391967090780433222e-02 -5.225157977954904276e-02 -1.318810565704869875e-01 -3.333622642795568830e-02 1.175108429555624286e-02 2.832702268098200027e-02 -1.231044597126117190e-01 -2.888314870322339356e-02 -8.946843197619037957e-02 -1.339884180044821349e-01
6.345893457494958256e-02 2.538351941557708824e-01 -1.426533013870218657e-02 1.720557133483531856e-02 1.090158696703117241e-01 -4.458220984481079535e-02 -4.283552930984114993e-02 -4.667957474756525248e-03 7.965133058719350845e-02 -1.719980588793295490e-02 1.010826613646367139e-01 1.138321195457009383e-01
9.449590523946319043e-02 -5.227055249652692165e-02 -3.688415618042203276e-02 -3.036964147452726401e-02 4.161346061383434936e-02 3.281542279613679919e-02 -6.963945661028766998e-02 3.362813616392693744e-02 -9.844496448714173953e-02 -1.211485569788016414e-02 9.769931881356487546e-02 -1.854007496915658845e-02
1.667401990465262052e-01 2.862519201751091355e-02 1.229624358602431217e-01 9.089221720067377011e-03 1.396034298640368987e-01 -8.836169398117005302e-02 8.639651117773117228e-02 1.805630307692561443e-02 4.866917585268387691e-02 -1.645645215482285928e-01 1.500391050993996611e-01 -6.142603179777979261e-02
1.882896280588852028e-02 5.652242848489547750e-02 1.670138810534739851e-02 -6.403098857408971722e-02 -3.407466539734016475e-02 -1.498741507840853360e-01 -1.078284099310572453e-01 -1.819023291835791256e-01 7.976951437688623026e-02 4.387901300491812984e-02 -5.355150931374416667e-02 8.940736423844993300e-03
1.237186288928364061e-02 2.187849565864198043e-01 6.507612444387640693e-02 -2.471819504526287167e-02 -6.760170929108340332e-02 -6.122140375845213506e-02 1.312656463458936051e-01 -7.379879488239374230e-02 1.656334461199374664e-01 6.100389829542252063e-02 -1.169608127045067107e-02 4.440055557630694094e-02
1.624938851782804089e-02 1.298775407982181995e-01 1.636601206052755095e-02 -4.411891062848458112e-02 -2.533476960098037314e-02 4.611078470957632319e-02 -2.075182222173520535e-03 1.068349451961626666e-02 2.650128881102541828e-02 3.682891498375021055e-02 -8.746659308517069908e-02 -3.649856307350093226e-03
1.179603027685629524e-01 7.849024336813599512e-02 -1.667242585343944039e-01 -1.718962217920093696e-02 1.875965453029731014e-02 -4.710781181793307487e-02 -8.110315835815387620e-02 4.251830300475813867e-02 4.490419596982225814e-02 5.658190144818898981e-02 7.967029593931644615e-02 8.322130706952768353e-02
7.301634280684929368e-02 1.123107176546551261e-01 -8.247157939160419671e-02 -2.112293482245599166e-02 -6.443321649015733288e-02 2.662164753746016493e-02 -5.747909804233955477e-02 -1.372760642284738819e-01 -2.620260349165051163e-03 8.696480296964455986e-03 -1.358196381980977807e-01 3.048451000132086988e-02
9.242108124717651751e-03 9.574580671473172100e-02 4.832034541707137115e-02 1.352574871051019471e-02 3.653793643812246195e-02 -1.028536251529906520e-01 1.232002603246633576e-01 -1.488377507272148903e-01 6.308601331325916495e-02 1.413658866269529302e-02 -1.330240470261476737e-01 1.950178534025047081e-02
-1.442986956529656029e-01 -5.087397975623603880e-02 -6.207134569814188457e-02 2.893179897330421316e-02 4.918904410888037815e-02 1.263083900416346328e-01 1.934374138571665069e-01 -8.035675257084784473e-02 -2.573238402669623948e-02 -7.280978713922538204e-02 -6.181628752116523351e-02 4.709210955150808231e-02
6.562721966125928397e-02 -7.512468628137709825e-02 1.033021935149383147e-01 -1.102475787834444193e-01 9.376317700851276304e-02 -2.236057916586364769e-02 -6.111190082626360986e-02 9.331570652837981039e-02 2.136872354973142624e-02 -4.635564899552403750e-02 7.496231009734256878e-02 2.105357666535980984e-02
2.247719100521679975e-02 2.802702934314297081e-02 -6.038466953223507044e-02 8.574821095865449438e-02 1.937847716765543279e-02 -9.246386002617423827e-02 -7.570550364866751591e-02 -6.398308837990665521e-02 2.152629523985548632e-01 -1.258287814692972666e-03 -1.483258138158968960e-02 -4.516983772884455677e-03
-5.258389276513188854e-02 -1.528391796330486919e-02 5.134006696226269678e-02 5.168831589338486465e-02 -8.586045928202072630e-02 -5.861980039850200191e-02 7.170635349553974858e-02 -3.460096798761504167e-03 -1.298722650210004659e-01 -3.797523211391616582e-02 -8.985885579875178830e-02 -1.335961974775659866e-01
2.368755546541162493e-02 -1.447205564434047853e-01 1.631236911860153571e-01 -1.252982724917382495e-01 -1.385989456723369373e-01 6.288551324303773282e-02 2.195512706309857634e-02 -2.402530245371837321e-04 -5.660424805813601967e-02 4.896315328551378854e-02 2.544189729751125673e-01 -3.142052293981925648e-02
1.598872018269182349e-01 1.828806509013406190e-01 -1.823806029223068600e-04 1.036318711334514690e-02 -1.829696316591232219e-01 3.215311244854861944e-02 1.641529345555544084e-01 4.875854928214289931e-03 6.074999113198285838e-02 7.640104639663376513e-04 -5.046098645895008561e-02 9.042281649639810626e-02
-4.276146738431418209e-02 -3.023477650351072063e-02 1.225759178933702315e-01 -8.768735234127843226e-02 -5.116112057573694860e-02 -6.690328471839430101e-03 1.135024774301938710e-01 6.608407140690017445e-02 9.444205935535787688e-02 -2.112332253613873057e-02 3.227120828354065885e-02 -9.274473560479629120e-02
-9.258907001592714403e-02 9.835013077987268815e-02 4.143707395005875177e-02 1.116954608443702784e-01 6.910091616230996936e-02 3.253440122000860607e-02 1.951442704915692591e-02 1.215949391116312624e-02 -1.205404795494934844e-01 -9.450248877930123199e-04 1.473746289486613237e-01 2.254195534469495207e-02
-2.204962960522237336e-02 1.764992703089779680e-01 6.520840707591350760e-02 -1.291449658104916291e-02 4.709436309499895335e-02 -3.510878013721407259e-02 -8.393619697036239224e-02 -8.455467711280176268e-02 8.749304046482103692e-02 1.769267818265789910e-02 6.087226344456941884e-02 3.443450564300941374e-02
-3.241822699587047080e-02 -8.644036987441990061e-02 3.832109300683151504e-02 4.923018019441454014e-03 -3.301147761451397877e-02 1.340545708604113928e-01 -4.431740404762485666e-03 -6.723370098652545201e-02 2.232050607752547253e-03 1.339935240942889960e-01 4.569537626754859028e-02 6.022230011664826688e-02
6.998184416100083904e-02 7.370792997715482076e-02 -1.223249746428369394e-01 1.327757803101419221e-01 -1.301517167520011564e-01 -3.763834256478624379e-02 2.827287512392017213e-02 5.882847649076209523e-02 -7.945443820706921123e-02 -6.219258098602650428e-03 -5.456427024161015008e-03 -1.271858594180151531e-05
-5.725970176536088890e-02 2.129486711265111409e-01 1.615178008703843301e-02 1.292094718956844912e-01 6.611424965087255023e-02 3.081756244618231999e-02 9.026953770546556136e-03 -1.527377998084376576e-01 6.368951304964645677e-02 1.499226979637946836e-02 5.499573602501778291e-02 -5.119800639640133266e-02
-1.180746563948081584e-01 -2.135869674564599696e-01 7.062370898191190627e-02 4.164166107921741275e-04 -6.186002839747709037e-02 2.376444263272054630e-02 -3.492486821581149981e-01 2.400547578627348910e-01 -3.313740072442895868e-02 4.010846129693695916e-02 1.299308701686817114e-01 -4.054618287881757432e-02
1.516134365785583582e-01 -2.598381688784242791e-02 -4.986738772722413421e-02 -7.568143147971211071e-02 -1.030320805370640441e-01 -4.570462964114788834e-02 2.223169194077656910e-02 2.293467849024334593e-02 -2.699587744323375671e-02 4.070110411134754413e-02 1.067744660589250577e-01 1.134325750159582979e-01
-1.029869792662044958e-05 8.305490903406488601e-02 1.224654417160244285e-01 5.028149437087787998e-02 -1.563848483412774160e-01 -9.171299588691367299e-02 1.296694769826906568e-01 -4.916780119590113268e-02 1.498885861339983583e-01 -4.665806070517196369e-02 -8.640269498127513270e-02 -1.105573800782526650e-01
8.294469303625921774e-03 1.066856011260785414e-01 6.841571195221614332e-02 -1.712663987094587351e-02 -5.494779284859813151e-02 1.421940983722833063e-01 -2.865051219329465756e-02 1.533933704105037155e-01 8.189123817435045583e-02 8.329274513903529853e-02 -2.080705006094017012e-02 7.623195882929922895e-02
-4.376734571748955999e-02 -1.932392005930816045e-02 -7.072317840741833284e-02 5.230641595640815600e-02 -4.151319488397015034e-02 7.176549600920148486e-02 -1.132270366130108674e-01 3.291017729665077912e-02 -5.049776794379980116e-02 5.894963045200009299e-02 -8.336804833107321067e-02 -7.877462838776452814e-02
-6.592359800420491411e-02 1.021519761342290916e-01 1.008749229725130342e-01 6.334524883712618071e-02 7.393171925445320147e-02 -4.363606179713246797e-02 -1.260867131992878150e-02 -1.201330331194812133e-02 -5.708787851020995230e-02 8.649964459957731194e-04 3.982413791084356280e-02 4.869418767388805636e-02
6.761827210560789059e-02 -2.451344913363786085e-02 -8.301482611484457819e-02 5.794380566315736336e-02 -5.844018741460470234e-02 3.710994331259182683e-02 -9.257759422635172819e-02 1.060469509677411937e-01 1.823048479190138571e-01 -8.853710741408800378e-02 1.221644304405705844e-01 9.836057642397947817e-03
-6.247912177861807831e-02 -2.279923760478795927e-02 3.221803795257695974e-02 -3.899059362309940935e-02 -1.701340423513448830e-01 -6.900269432364439237e-02 4.969689108443957337e-02 9.844565682398814799e-02 -3.314003722905939364e-02 -2.611487568379025626e-02 4.950035511971576097e-02 -1.271808142306598277e-01
2.045721803608588352e-01 2.886599330361258250e-02 5.272793448028339353e-02 -3.382649556948457998e-03 6.014565059955487292e-02 3.891168928833272506e-02 -6.456146527105385835e-02 7.754573408271514534e-02 5.276822690599809740e-02 1.444556892576395191e-01 7.151681474741598821e-02 8.410396385382412285e-03
-1.215947056930961889e-02 4.084783028482671247e-02 1.697138080705687113e-01 -5.215569934340322754e-03 -6.938770550683832916e-02 2.942518785730245667e-02 -4.676958589297151858e-02 -5.213384316856452955e-02 -2.593308134535680237e-02 6.551761748244007422e-02 1.492753556691912564e-01 -6.575057208495692536e-03
-2.430118190331419931e-02 8.230998523128628397e-02 7.373295640265116468e-02 -1.056043745787023785e-01 1.143434802230938602e-01 -3.263816374291566604e-03 -7.897659181077249999e-03 -6.260567631340172023e-02 -2.588467879843772690e-01 -3.953857127603611454e-04 -8.084825615107922581e-02 1.130130482824864314e-02
-1.132606648079216294e-01 1.365692292282785492e-01 1.994126485038127863e-03 -8.977165920952700010e-03 2.745240009643889686e-02 3.722879816099788214e-02 -3.853101087186555640e-02 3.546312518431300048e-02 6.058737574313485807e-02 -2.069746151394742939e-01 5.729624955157384958e-02 -6.218808360443576176e-03
1.171111520773318870e-01 -5.712971193770730732e-02 4.062525821899254375e-03 -1.028054048471680887e-01 3.957614686151410266e-02 9.291500493115043002e-02 1.091735007904723158e-02 7.741111885045323660e-02 -4.783463310328774087e-02 -6.290278541663331391e-02 -1.083791417553257724e-01 1.323536359935211237e-01
-1.456764949200907711e-01 4.640658180663790461e-02 1.531155484993187155e-01 -1.494047548892076249e-01 1.077075575563352788e-01 -2.688685177147218108e-01 6.658706987915349873e-02 -8.392940508198312721e-02 -3.333716522633186075e-01 -1.333189802555809766e-01 4.657564775033652682e-02 1.528829628572447308e-01
-6.673350230920821469e-02 -4.439823845874364336e-03 6.362602953657332805e-02 9.670573262950839244e-02 -2.046509511106068754e-02 -1.539277238714088503e-01 -7.393447577715175911e-02 4.700198960873219062e-02 -7.404967107779003577e-02 -5.215554362580414327e-02 -2.750053673652347146e-03 2.662595876718199320e-02
-5.077333402916928834e-02 5.074541080873839344e-02 -2.655608074805003178e-03 1.336175284207289926e-01 2.491421638872816646e-01 8.213732453507441300e-03 3.309527314804247555e-02 8.966942161141658318e-02 2.935236248673375042e-02 -3.699677154813304711e-03 4.223098430699892547e-02 4.227193488914623987e-02
-4.354092700245634079e-02 -1.465479485081574162e-01 -8.595747619619777125e-02 -7.835035565102958788e-02 -2.318060297806060280e-02 4.805900922507425586e-03 -2.104414415850064043e-02 3.228522446079647862e-02 9.431808044176322181e-03 2.748689113935521428e-02 -4.112866542729678998e-02 -7.890220215566282058e-02
-1.970841864051191966e-02 1.308299879421063461e-01 5.270776229227553539e-02 1.823274326493437916e-02 8.786776563199240331e-02 -1.219450808075884379e-02 3.990850013775096294e-02 2.488934779783547047e-01 -3.456495257454979264e-02 3.543433212350699524e-02 -2.257941614499301419e-01 7.405568961534328420e-02
-1.850430219919770025e-02 -1.897749481620780374e-02 2.677152636649746675e-01 8.574322539940908150e-02 1.764302228258475894e-02 8.531825751417651538e-02 2.325534586879772145e-02 4.159090902790985728e-02 -5.663082353501766759e-03 3.785460764615827291e-03 3.603177581840239993e-03 7.597746427429050153e-02
-4.150796006019175782e-02 -4.202222255325725048e-02 5.649562805021726003e-02 -1.186641296169765464e-01 5.162741530815008473e-02 1.129060442481936988e-01 9.832623793619074681e-02 -2.273101106800823334e-01 -7.365779929322135988e-02 5.479326245570330378e-02 -1.738573614784642007e-01 -1.714918514065483582e-02
-5.941491703671659269e-02 6.196091459436859489e-02 -1.023680489022709729e-02 6.242898968643012525e-02 9.631938811641825582e-02 5.210285056276742904e-02 -4.196680108732023240e-02 -4.535394565590648158e-02 1.408957566891859692e-01 -1.490481879492615291e-02 -3.748432781663717239e-02 -8.402746132712279881e-02
1.006663330495987385e-01 -4.082167230884563985e-02 6.456686834214060700e-02 9.618989321648873866e-03 6.862540271279342352e-02 -1.258982117701650527e-01 1.590549998235493007e-02 5.211527363988830569e-02 -1.514519087669505826e-01 8.374527419130039368e-03 1.086066324661284603e-02 8.672695417650866379e-02
-5.629349064099854055e-02 -2.001694456262751234e-02 5.485526259001042432e-02 -3.181013367418202009e-02 -3.810207608356014353e-02 -5.770119432781114534e-03 -1.459959638422225203e-01 4.238182721411417470e-02 5.358632902755887384e-02 -4.072157202618026384e-02 3.337287351291276516e-02 -2.597578752866199284e-02
-7.047178307854926049e-02 4.468848763169164934e-02 5.074229258238862478e-02 -3.338387965112028788e-02 -3.362673135480367947e-02 7.770240862622884714e-02 1.240206060284092249e-01 2.720444328069063222e-02 -1.551415416196514907e-01 -1.592759690900836800e-01 -1.434385336251397559e-02 1.794205025626002814e-01
6.294192025063044538e-02 -8.605110653009821753e-02 1.462129883147842146e-01 -1.806002301866528256e-02 -6.472432825899705755e-02 -8.560626247425143220e-02 -2.139155420993389956e-01 -1.079404599065008630e-01 7.360049383061498252e-02 -3.502110969315269662e-02 -9.719642343629807113e-02 -6.470987292403859725e-02
-1.082466303601356261e-01 -5.544354446559369293e-02 -9.782922767701150366e-03 1.113326770006670824e-01 1.174827844340757405e-01 -5.088340614499511222e-02 9.525360820438845194e-04 -4.558914399610394103e-02 6.490792614281015727e-02 -1.207087212147536087e-01 2.736268959113808547e-02 -5.796763506613850613e-03
2.774970097464724093e-03 2.837917558682452254e-02 3.495134376701767437e-02 -1.831256043842302561e-01 -1.071010764182490742e-02 -8.915965843849663064e-02 -4.185430510681605043e-02 9.185851827666577374e-02 4.162238578831510549e-02 3.616290493562041020e-02 -8.435528509422156318e-02 9.501804424316678821e-02
-6.908336617485172360e-02 -4.972535596281848352e-02 -5.845839660961791445e-02 4.023294179634546996e-02 8.838737909864109732e-02 5.623588005612035340e-02 7.353712706092360718e-02 -7.095392052837787289e-02 7.878370064922628896e-03 7.125321933356913717e-02 -1.745199165328670254e-01 9.396252643614858013e-02
-6.925301297133462652e-02 8.857042970275978352e-03 -7.716431373613681644e-02 3.520765886626021912e-02 -3.145531196545543751e-02 4.336347306996484602e-02 8.413535010468145559e-02 3.811649592712817308e-02 1.327762055863945453e-02 6.439628892262613813e-03 5.702454733681691645e-02 1.357030555071281515e-02
1.081935185494198870e-01 -1.210265666764752807e-01 1.682425880442856847e-01 2.246964169633539621e-01 8.400922022752753404e-02 5.975424090407566863e-02 -1.960506185070544014e-02 7.094551472436036454e-02 8.905046614177472564e-02 1.075855543572973999e-01 -1.097050925699954577e-01 -1.865866163316509674e-01
2.328326027978835366e-01 8.493792420637187590e-02 1.541958059470490972e-01 7.302717724420214156e-03 -2.985204954818597087e-02 1.184581449490338667e-01 7.671921418933780323e-02 1.651820472473808366e-01 1.151603718116056812e-03 -1.760271144846218827e-01 5.353215109165740393e-02 1.918538788437721895e-02
-1.280943283770471508e-01 1.793890880239009389e-01 -3.417667644014400069e-02 1.103788824365487670e-01 2.268023490348943395e-03 3.081794953722759647e-02 -4.294528090498167527e-02 5.921444854303254540e-02 -1.273776271804866883e-02 -1.142165393262069145e-01 -7.044633846985430548e-02 -9.507528853281532744e-02
-3.173122701454967904e-03 -4.588897008216873130e-03 4.779446364559856303e-02 -5.930378498793689723e-02 3.634711245373035970e-02 8.339314079262713508e-02 5.628943147541423664e-02 1.957892799358963015e-02 -2.280911171536192245e-02 -1.267648597854546533e-01 1.316179901425185705e-01 3.463317675631548409e-02
2.115832862209875986e-01 -1.113531409946288825e-01 4.001540622459601876e-02 -2.608607307030717457e-02 2.044284493812243975e-01 5.812412610707328765e-03 9.816514097079015108e-03 4.968387769584797081e-02 -2.006816074085704393e-02 1.594120242481846667e-02 -4.576880532370254662e-02 -5.251287611667750620e-03
-9.772626490382396724e-02 3.461150470989459577e-02 2.374617690853335350e-01 -1.856883086605242220e-02 -1.857597386073698287e-01 2.686608030851488776e-02 2.351368415380570842e-01 -1.239390339084422976e-01 2.484035524217988455e-01 5.655465975146015678e-01 2.619227910609339127e-01 -2.942468654090751520e-02
3.903868500822805371e-02 -4.670120212212542504e-02 7.062425066877829616e-02 -6.675221122476211744e-02 -6.326943118062029747e-02 -7.288897357104598407e-02 5.170823987474990058e-02 -1.936223968287920094e-01 -6.967756780073736111e-02 4.227990147857721426e-02 1.264302526097997072e-02 1.105909994808008945e-01
1.636946034706941444e-01 2.993953511379538954e-02 2.582286427576456836e-02 -3.592967188623608088e-02 -2.069788724047168516e-01 1.180043416516731170e-01 -6.982486341237831295e-02 4.319703315372257907e-02 -2.276101196037569330e-01 1.046915271641437745e-01 -1.200583319011307021e-01 -6.995759242636785495e-03
-1.076779264920293133e-01 -1.144017690432641426e-01 4.032686066487221194e-02 9.069571127893392981e-02 1.333531421766280811e-01 -1.828954366383612196e-01 7.069030587708455271e-02 -1.622661574961304920e-01 -6.566619021786260224e-02 -8.816564706727168799e-02 2.010160292550523115e-02 -1.942948909718819270e-02
1.171055525776532880e-01 -5.373917580219764872e-02 9.206833945376881323e-02 -5.002305472571488831e-02 -1.283751115570787582e-01 7.719797029405553457e-02 5.571947983321655362e-02 -9.567663557853059442e-02 1.433059756603726753e-01 -5.503874197846815586e-02 -2.213682513053185086e-01 1.766489934671159334e-01
2.140215350690489182e-01 -1.580281795567375636e-01 4.200280069694351665e-03 -1.096242747434290482e-01 9.080192523373227520e-02 6.549262641183150983e-03 4.471668558933222792e-02 -4.216977048600135253e-02 -1.182622121411677496e-01 -5.078157453416579092e-02 -5.760093452057177266e-02 -2.776286627379867880e-02
-9.913506568075852732e-02 2.171912205378124031e-02 -6.205034408163489015e-03 -3.200642180006217641e-02 7.543024078691427936e-02 5.608252912532334794e-02 -2.083620737291153602e-01 -9.663403762547193021e-02 -1.319429539008382113e-01 8.046393554409704552e-02 9.117516246720405379e-03 8.539107297093104232e-02
-1.474342914006354088e-01 -3.235447319560975227e-02 3.992313409411669262e-02 -7.842669074799522855e-02 3.016010936412218558e-03 -3.492890958399660212e-02 -1.996471629891073338e-02 3.744324117770212595e-02 -1.957938501583197238e-02 2.046021757156345489e-01 5.318844951209127092e-02 4.100628297900116292e-02
-1.767144843824551836e-01 4.222395895006446007e-03 5.730745864818572594e-02 3.801915312224225796e-02 -9.062517596064005587e-02 -3.284858198173155192e-02 4.345399697261903560e-02 -3.748761859478456221e-02 -3.504294114759595735e-02 7.244416454413231399e-02 -7.647794550454087986e-03 9.119280042440580658e-02
1.898008091949842657e-01 2.773458818701132408e-02 -5.548297443229013165e-02 6.224519570231004661e-02 1.135265467557620006e-01 2.118419998132917148e-02 4.070673521424794661e-02 -1.354982408773298119e-01 9.027608096241632185e-02 4.181252268212663770e-02 -3.786773783576144470e-01 1.063556323963050776e-01
-1.703948140267986730e-02 1.228475077748383132e-02 -1.684061385622220297e-01 7.127179531909244060e-03 -5.363268457693558255e-02 1.301086467540720493e-01 -7.771451400578532898e-02 -4.050683636685679240e-02 8.680164998064264503e-02 5.354326089202678107e-02 8.818864094661216235e-02 -4.850291158943663417e-02
