-5.782588472386412243e-02 -5.162077844083625550e-02 1.540904105910325013e-02 1.131672347483961005e-01 -9.423031428640936402e-02 1.688849792780440506e-02 1.823077316654065083e-01 -8.766646881480720521e-02 9.880662505537585877e-03 -6.287070729489821486e-02 -1.269127733530965862e-01 -1.342523636349311073e-02
-5.672775632430910459e-02 -2.068564808033405700e-01 -9.463128166383094619e-02 -3.343924914110936106e-03 -1.806666887600712479e-01 -1.095708401256981629e-01 5.362255465900287593e-02 -2.517543515280999400e-01 -2.069634909872094530e-01 -1.238301897427920850e-01 5.295723281104026958e-02 -2.576135951271776858e-01
2.801840100592581026e-02 -4.378703245912505398e-02 1.048243630242423965e-02 5.037856538990435201e-02 -6.890493827009504246e-02 -1.603374851882631569e-01 8.987850452482221142e-02 -1.406953641384765807e-01 -7.246947733457294143e-03 -1.540256558764646622e-01 -6.528447131779852031e-02 6.224708287496794057e-02
-1.659590854487716649e-01 -5.687574617792703208e-02 -3.058451369133642281e-02 2.134479597849186783e-01 -8.009047257596617342e-02 -2.495197119409756081e-01 4.426555475307699522e-02 -3.567634873106155513e-02 -9.394248466415741627e-02 -7.992235522219502675e-02 7.620456724766967727e-02 1.036215859504166503e-01
-4.399621471724173699e-02 -1.306218966839597373e-01 -1.101024591192811541e-01 7.755767467747121113e-02 -9.452594633950177350e-02 -2.083432727972711340e-01 1.258483167164194116e-01 -1.423637881445347433e-02 -8.091553699089090723e-02 -1.625528304315340287e-04 1.423515288278371649e-01 1.897949540213454411e-01
-4.469453713881798435e-02 -7.419880510286080977e-02 -4.857279203991498109e-03 3.935318732153744031e-02 -3.616317821054584880e-02 -7.238978434962332897e-02 9.403949996282839202e-03 -1.414771200631931014e-01 2.611849738664285062e-02 -6.553140161575034262e-02 1.188389082184315854e-01 7.358277091668968817e-02
-3.241650504929824428e-01 5.351083250624282667e-02 -1.448418551939662791e-01 -6.598094034796068985e-02 -5.077459067919261326e-02 -1.105420003548808899e-01 -4.118366123439847620e-02 -2.751832131813675697e-01 -9.974496113888817184e-02 -7.026357572595902379e-02 5.653764719729418436e-02 5.464853143052716272e-02
-1.611547481880013302e-02 9.812386228996172483e-04 -2.572650663037004751e-02 6.416827144455942988e-02 -3.016135040930087441e-01 9.193502893439052526e-02 6.332091681867896282e-02 -5.368295968788377309e-02 -1.218735409244526592e-02 8.629846608883250114e-02 -1.125905608655092122e-01 1.151090989848489732e-01
4.773474981802348222e-02 -8.765771489511120507e-02 -3.618773590106298677e-02 9.948272713730033079e-02 9.163986607395709083e-02 2.962932664233555377e-02 5.663248366256346672e-02 -2.329234296087787925e-01 -1.783068150492716705e-02 -5.005689273577988013e-02 -5.959370685521027389e-03 1.012058570499294041e-01
-1.503514805856155136e-02 6.511078618536617069e-02 -2.511892326461490077e-01 -3.129090195251493789e-02 -3.329591174997820757e-01 -1.535298421041792760e-01 -4.477764605292054029e-02 -7.351083475482679541e-02 -4.351596432890737776e-02 -8.031281362334895257e-02 9.722767168352530742e-02 1.459936785487725430e-01
-1.272772212371689748e-01 9.828990722270619651e-02 3.414313427827937123e-03 -2.592369138145317678e-02 1.684781954533382019e-03 -1.045515065113028080e-01 1.698784692087178250e-01 -1.301848666876435912e-02 5.218957851350651544e-02 -1.070391589384856179e-01 7.561543311737377315e-02 -8.385646896574238101e-04
-2.150473516874188210e-02 9.849472182721083491e-02 2.659869185721785642e-02 -3.224751413980217474e-02 -1.493658498076891883e-01 5.976579867969630810e-02 2.907359696760700163e-02 -1.213960747520510391e-01 8.241863516467443085e-02 -2.126415674040220138e-01 -1.887735047216609896e-02 1.417249716548318328e-01
-4.175888083269619494e-02 -6.044507118373829840e-02 7.646596540776851025e-02 1.860109617336479781e-01 5.752772393690605557e-02 -2.150671397386949291e-01 -8.694517467223586427e-02 -1.878414372350486750e-01 -8.522979404576075391e-02 1.267874768673318553e-01 4.757941759223631786e-03 1.257915062957125352e-01
-2.066904158396404012e-01 1.401782006927068669e-02 -6.909365654501195553e-02 -6.227562546232807972e-02 -1.353447511467778253e-01 -6.889917679923075744e-02 8.529729099871530273e-02 -1.677758401321670367e-01 -6.111572692099129234e-02 -1.331579635747251467e-01 3.482141899739640833e-02 7.544340491904219514e-02
-8.285397129993434320e-03 1.180685055245740134e-01 -5.207377090159931443e-02 6.509837634372121762e-02 9.628715308994442376e-03 -1.480535789264599555e-01 -2.572998292627017708e-02 -7.086689973407635235e-02 -5.636902865908971494e-02 -4.852538447768978830e-02 4.193375332104057329e-02 -1.275430611302898892e-02
1.779875698322875080e-02 2.114789992932666896e-02 -1.219348315830537377e-01 -2.796721813752106947e-02 -2.109514937888793962e-01 1.232651424449587724e-01 4.637040540808954475e-02 2.767981567165063717e-01 -1.790816245983778976e-01 -1.195079884047949847e-01 1.143276998017695445e-01 1.187187253342128213e-01
-1.384751091711982907e-01 3.842135822589808763e-02 -1.868023498658031092e-02 4.742758924264470904e-02 -1.412086424865300616e-01 -1.231713373752725688e-01 6.166121369150418668e-03 -9.875201938427673187e-02 9.104320506392971080e-02 -5.966378794168020888e-02 2.423596425097633289e-01 7.758158099691089826e-02
-1.765638930165160658e-01 -1.181962922648458758e-01 -1.440455466336175439e-01 1.292368698614612954e-01 -1.111189873103541753e-01 -5.705243929763074984e-02 6.598032524417626887e-02 -2.200302004234258868e-01 4.598350367427363021e-03 -1.425012098339876188e-01 3.243092100112046627e-02 -9.475454283249536147e-03
2.699889793263893570e-02 -9.587084000151810392e-02 -4.871357175029247810e-02 2.010151594319722068e-01 -7.976393024460452785e-02 -8.536510395047296499e-04 4.661531225195913314e-02 -1.081882382372427315e-01 1.155002814581032877e-01 -5.213696205275378942e-02 1.204538478600474111e-01 1.867075909834686187e-01
-1.226101223599556367e-01 -1.739036245074363635e-02 1.760505823895121627e-02 1.219170220858537823e-01 -1.126520187295298320e-01 -1.097114063655620503e-01 -1.938725468399105922e-01 -8.455026259724117421e-02 -4.255476090503676478e-02 1.403649264699477484e-02 -4.709718288081160553e-02 8.896226636318191328e-02
-1.267157605283080468e-01 -9.110113529193217263e-02 5.673732841109015157e-02 2.365939991439239623e-02 -1.349749792229302525e-01 -4.048224502511860168e-02 1.687066460309946947e-01 -1.136857227821476274e-01 -1.755408089690514428e-01 -1.503564855918853027e-01 8.350002701964744090e-02 1.433724816615623496e-02
4.191116490924536725e-02 -6.006148234510288314e-02 -1.843585580701191315e-02 -2.999859551402194423e-03 -7.574247582982886889e-03 1.260627687197906320e-02 5.405489853123641303e-02 -5.124383336147220885e-02 -5.348114177083176414e-03 -2.929155998845838979e-02 6.626324666171211353e-02 1.127361037813329192e-01
-7.039984774550012148e-02 -6.450337679235088051e-02 -8.628529344754439639e-03 7.489523373202411349e-02 3.586633946930346817e-02 1.805256217921719607e-03 3.474419961954417629e-02 3.401308834200326287e-02 -1.360545579060470911e-01 8.916516398776737351e-02 3.351832046676062049e-02 -1.622343472179203772e-02
-1.339197430944188139e-01 -8.204515501899241467e-04 1.844519631464047391e-02 6.288766315999033685e-02 1.609277155409429005e-02 -9.308448576676156896e-03 -7.664929214931950896e-02 -2.576856376280274863e-01 -2.462332402805020026e-01 -1.875410975307256201e-01 5.334783710697167669e-02 -2.395708280808582502e-02
-1.014502066685206150e-01 1.559436021123614680e-01 3.998590096076415357e-02 -3.442097469972014295e-02 -1.062914550825944625e-02 2.080838582522194849e-02 6.976060029579464472e-02 -3.696741307464857657e-02 -4.460491770353444685e-02 -4.704158494769530158e-02 1.374697435505526089e-01 8.081855218749188496e-02
-2.020013721362272918e-01 -5.156605408949999775e-02 -1.897795864871575089e-01 1.170874013102959355e-01 -1.097443656941956697e-01 -3.051870835208321253e-01 1.339503092314331678e-01 -1.315524627694935889e-01 -6.410778077871087666e-02 1.634887657810619316e-02 4.408534361656445133e-02 1.425169461456582964e-01
-1.491794352721542982e-01 -1.411754048259322714e-01 -9.537961481134673083e-03 9.950015825075181342e-02 -1.366788991799656738e-01 -1.084861399703773571e-01 1.078085932753225229e-01 -1.932847086749317211e-01 -1.570885344277814233e-01 -7.659214681811536696e-02 5.597577522090665253e-02 -4.028466102427569889e-02
-9.167640062905041409e-02 2.984122447175508071e-03 6.047156190055275743e-02 1.513619799748638049e-02 -1.413229321544476613e-01 -1.869409943238870275e-01 4.947839248028456163e-03 8.813917087793103622e-03 -6.327473528914848676e-03 -1.324392496211007630e-01 1.797558050361019177e-01 -9.762149313489490443e-02
-1.891414990230839421e-01 -3.376493218920170042e-02 -6.359986043863544158e-02 -9.239694594191197319e-02 -1.662459300586002775e-01 -1.357086846556054549e-01 -3.236758893351473348e-02 2.002986713052553117e-02 -6.183672954124183607e-02 -2.974593937263890833e-03 6.798423720376976787e-02 -4.887295273904556508e-02
-1.861699472917933973e-01 -8.391898606128192495e-02 -2.222953266595446842e-01 -1.563085146451457380e-02 -7.418715773168547967e-02 7.496015746826061033e-02 1.246822707845266637e-02 -1.001699806805561588e-02 8.913042825383335477e-02 1.494381355603586758e-01 -1.175420749680480687e-01 -6.952914943164464900e-02
-1.152189726186183538e-01 1.112013708005463869e-02 -8.910287126108554223e-02 3.499274640452382235e-02 -1.277330018622062574e-03 -2.182585788541865635e-01 4.489546084461853298e-02 5.671794777427462131e-02 -1.486776716642439489e-01 -4.691431775906040186e-02 -6.450155931302309353e-02 4.362875723933285627e-02
6.313864669889460157e-02 1.339904126924434252e-02 -1.384824372725886599e-01 1.586496250214508297e-01 -1.001722886708325960e-01 -6.785638673512271735e-02 8.663389856917233511e-02 -1.036759630300576746e-01 1.140884279494430199e-02 -1.550745095176345734e-01 -5.727140578496825452e-02 -9.251382227220333876e-02
6.927582805268495125e-02 1.283730703992401745e-01 -9.301535547959446926e-02 -3.962024915612149395e-02 -1.741702420804921991e-01 -1.389489004608118472e-01 -5.839116676387375721e-02 -3.823937452004814302e-02 -3.907974147484574723e-02 6.170625735214009533e-02 -7.150173320951726252e-02 -5.984221107879311892e-03
1.302039098247737836e-01 -4.050207409480725135e-02 -2.839267478369185069e-02 1.167801587080207759e-01 -1.115986228017293996e-01 -8.944309122849141563e-03 -1.225585110789262008e-02 2.528651626411435593e-01 -1.576581838766824735e-03 -5.046392587329331242e-02 -6.645966928865222612e-02 8.879129076703691503e-03
-1.300801699546009493e-01 5.525253001576881789e-02 1.608473942319016067e-02 -7.047198729998865874e-02 -2.179364575999507281e-01 -2.043048622920851931e-01 -8.029289455538202863e-03 -1.980369894704830658e-01 2.103305340369483051e-02 -1.018895096124691896e-01 3.923744932193334867e-02 1.573693454409219594e-01
2.855160568836610444e-03 1.057545599163117397e-02 3.557314099201344670e-02 5.184183416905036729e-02 -7.165350332237706288e-02 -4.925598143770272552e-02 -2.309639789697734424e-02 3.238669335307079594e-02 -7.205360203867899882e-02 -1.128046271362734415e-01 9.203853367684239339e-02 -9.349290727958853298e-02
2.452904612752110705e-02 -1.991445229254066862e-01 -8.107193498221176853e-02 4.181708189940564618e-02 -7.584465689112325493e-02 2.713702837276235971e-02 3.938224852980918428e-02 -1.713802787388276905e-01 8.961734692942466274e-02 -8.814141625360387422e-02 5.047047749219661650e-02 -1.256411616591228061e-02
-3.854144318789898965e-02 -9.343188571618997462e-03 1.095521859960031305e-02 -2.846934245714819942e-02 -2.493758385139420997e-01 -5.429671053301832195e-02 3.971388207153796895e-02 -8.617030586614897458e-02 -4.176664171347904686e-02 -6.024605325796480310e-02 -5.476765075658437953e-02 -6.192144089712045552e-02
-7.107057794029419950e-02 -1.006747670807941475e-01 -6.222196343787076561e-02 5.595271838268849052e-02 -1.932458699783231038e-01 1.542324533110393803e-02 1.771463710213246057e-02 -2.096977415078118689e-01 -1.387864264334435771e-01 -4.707817695690636600e-02 1.051111746119008927e-01 5.386194968546583611e-02
-1.571296455100018308e-01 8.353535712092655108e-02 -4.489175716068270761e-02 4.399053045956947267e-02 -1.852295769889260590e-01 -2.199794569021013280e-01 2.294336286071475134e-02 -1.648596253668262734e-01 4.750390175415171445e-02 -8.639143134173467298e-02 -2.091465569103694716e-02 1.040901411983283509e-01
-9.555599011397994391e-02 -3.955923754218638143e-03 1.650549310429564043e-01 3.711314618195520748e-02 -2.606794137895286287e-02 -3.093626944867544637e-02 4.321043227041976992e-02 4.989794071805516568e-02 -2.713800510081782608e-02 -7.145507240788269432e-02 1.759886133166729816e-02 6.664153066209466125e-02
-1.378841836144113209e-01 -2.219701760714786754e-01 -1.708774099251381476e-02 -4.170436918683265853e-02 -1.994396642267993736e-01 -1.650570057736625296e-01 -8.477400572703938653e-02 -1.619159350023281763e-01 -1.463793011393014210e-01 -1.194233273010198576e-01 -2.281566533398194166e-03 1.526471341966440520e-01
-4.401498103060991381e-03 -6.570935011116016411e-02 3.821623585458676364e-02 1.553449282099942860e-02 -1.523209530166894088e-01 -1.705091328055795830e-01 -5.606808151043355531e-02 -1.741810346956712274e-01 -3.513873254532230705e-02 -9.604393380433458305e-02 1.001222366541186792e-01 4.278271684602941854e-02
-1.984162766911732045e-01 -6.078981471882015895e-03 -9.631119213045682970e-02 -1.190844967776312213e-01 -1.857255726889257552e-01 -1.477536864896560609e-01 2.774803581667327490e-02 5.145325915021208701e-02 -3.051361953904764210e-02 -1.616604855840832466e-01 4.652741452224662400e-02 3.417343776727042697e-03
-8.733441472799205463e-02 -7.509757324148311208e-02 3.597994823092520722e-02 4.747779810921493732e-02 -7.888863397020627610e-02 -3.011464922324946780e-02 4.644399284153957058e-02 -1.566712951600190695e-01 -6.859250806082362040e-02 -5.264982152779270480e-02 1.841060779743021458e-02 -3.301905588175474415e-02
-2.577134902535576644e-01 -1.545324896257507241e-01 -1.600791651421262507e-01 9.104713903497418936e-02 -2.048270328461613277e-01 -1.734580100831437932e-01 -9.275874778357243167e-03 -1.979219332891636596e-01 7.413916167367673449e-02 -1.327958137864813093e-01 2.276905542575376890e-02 5.317321670035809328e-02
-4.077015745960260035e-02 -9.227365261086470372e-02 2.160693263119813426e-02 -3.160226802005237749e-03 -1.047180068823670290e-01 -2.749380683709009426e-02 5.248684668878760701e-02 -9.499163504638551137e-02 2.474659037681910603e-02 -6.670280752855346773e-02 2.811045155616064828e-01 -9.743327872973622794e-02
2.150342928956258323e-02 -2.772901245769830714e-02 9.941862536615785756e-03 -3.733757952874180303e-02 -2.099323787606085512e-01 -9.879170844208016999e-02 -6.500753456160679455e-02 -6.919575237066964701e-02 3.508741501726903023e-02 -7.496925193498842066e-02 6.718456254048193327e-03 -6.975236165637357932e-02
-4.193250778655659844e-02 -5.178715348822850346e-03 2.816044303024823822e-02 -1.195852418343887856e-02 -9.948522876855374342e-02 -1.604253686124309242e-01 3.119835736181963276e-02 -1.222503627173179702e-01 7.292668585556483229e-02 -1.396565371498358910e-01 2.707445963201311062e-02 1.013799507346905548e-01
-7.922212968686170864e-02 -1.610527989330834409e-01 -2.394587111532476068e-02 1.815056187366083373e-01 -1.027960399171474609e-01 -2.109021301938173443e-01 2.488667611290908688e-01 8.055556912135804215e-02 -1.849976500673888302e-01 -7.846892628372430234e-02 -1.511026390959338273e-01 -9.831529959177559563e-02
-2.057560435094430706e-01 -1.251863472343255346e-01 -1.040544053349157505e-01 -1.694503710865024326e-01 -1.219559519545805465e-01 -9.698815641327264425e-02 2.402434991707284168e-02 -1.262958359876030501e-01 8.851312428482246975e-02 4.797270346248486833e-02 -1.044371594033329485e-02 8.164936388665679223e-02
-1.852784722133765383e-01 -1.200252078176626547e-01 -3.863545761001374590e-02 -1.132865403485494304e-01 -1.568266408957367797e-01 -1.661509075652173040e-01 -9.844667632625384024e-02 1.590370769921257976e-01 -6.884198963569901353e-02 -5.524296373791780929e-02 -6.823548365679875383e-02 2.148255729587249530e-01
2.896633893031369880e-02 7.595015672474941804e-02 -1.049159974764789227e-01 1.107055923951472676e-01 -2.080526801917705892e-01 -2.444029237286542144e-02 1.980586603526755113e-02 -3.641257020904173358e-02 -2.112482904041723328e-02 -1.471895722070089008e-01 5.207995806400063377e-02 1.487059495285875110e-01
-4.879263797938692554e-02 1.642150794619166160e-02 -1.129995644711481728e-02 3.095469410859930451e-02 -1.837050908901739499e-01 1.197440997347019344e-02 1.134600761349659551e-02 -1.681374841079949223e-01 -4.578074588956412838e-02 7.054343754852979154e-02 5.037197844767264676e-02 4.585122592994581893e-03
-2.629576625136984327e-02 -7.677792792045382009e-02 -2.060928217283273037e-02 7.796847800195505496e-02 -9.049781724189455423e-02 -3.751454490699362987e-02 -2.742021016898365388e-02 -2.648682944613841780e-02 -1.748776753576802290e-01 9.056270942564377535e-02 2.138073324437674005e-01 1.213352423411833692e-01
-1.433763601608309679e-01 -2.346370132549289167e-01 -3.823971421425002848e-02 6.961438813893013229e-03 -1.756779364942548938e-01 7.933879269805683976e-02 -1.101104383865553205e-02 -6.774124518490430569e-02 3.806348406091639158e-02 -4.356140633093811415e-02 6.287979272312435586e-02 5.692610158310738161e-02
-6.214860786191849645e-02 -2.033454074847115128e-03 1.289951363192477218e-01 -3.393373583058658521e-03 -2.251687791143683337e-01 -4.936296609683440972e-02 1.476207118023014908e-01 -1.124927641378857673e-01 -6.355951144082543081e-02 6.422961290106618537e-02 7.395692401944474817e-03 -6.487627870674986252e-02
-1.576290955675765104e-01 3.609865022993310330e-02 -3.819714919558407640e-02 -7.986647336849031498e-02 -2.099475403120485417e-01 -8.429117480294302800e-02 9.840910386765161499e-02 -6.220543108754731515e-02 -4.414071906584421390e-02 -2.267293202845340958e-02 2.518338698953882251e-04 -3.257130407550747758e-02
3.492135815185821307e-02 2.743996126346795461e-02 1.629838765066932496e-02 -8.474708181528262108e-02 -2.245211843925143946e-01 -2.221664136163181355e-02 -3.527687122486502375e-02 1.502765470642846227e-02 -8.740873218046721349e-02 -1.896077346816879006e-01 -4.072289470094799663e-02 2.012025729383264960e-01
-6.321392151216011224e-02 1.169528663483821937e-02 -6.695797590576216263e-02 6.284087720346788475e-02 -2.052863065712830504e-01 -2.160219944100282008e-01 3.905364011375093286e-02 -5.665536126440849640e-02 -1.102930098550005400e-01 -6.389994076470077722e-02 8.186108853621339165e-02 7.413265579270462979e-02
-3.516658468272592514e-02 1.316873526638018222e-04 -3.323032303837626655e-02 2.946710857807576314e-02 -4.996427827888820505e-02 -6.678821152600637745e-02 1.138576179765336815e-02 -9.952679892832429209e-02 -5.386313347467057422e-02 -3.112002891344804734e-02 5.102391909556623639e-02 6.020530583374993777e-02
-1.235291711505499823e-01 -5.757589863366236599e-02 -7.630236879628754521e-02 -1.671421049045098252e-03 4.523419560573992484e-03 7.319375699191600637e-02 8.171832425654876331e-02 -1.601338434624662022e-01 -1.484959112323081531e-01 -8.655317556374182708e-02 -3.527489709696538661e-02 9.947094897792990720e-02
1.212319284475970316e-01 -1.040775755871591601e-01 1.793678566786367223e-01 -8.388088452553638108e-02 -3.191964658543970379e-01 -2.825201160094645836e-01 1.362379328043690843e-02 8.100613975810856682e-02 -8.978241860053390311e-02 -1.842241788514801248e-01 1.347002965143196673e-01 2.724734243763078656e-02
5.430866999156300917e-02 4.498326201804247332e-02 -9.372060336739426734e-02 3.311935850059191666e-02 -4.790302717844367730e-02 -1.272130772331281634e-01 -5.209735224539737558e-02 -1.105890794738985990e-03 -1.031257633113710770e-01 -2.160404134207045690e-01 -4.784706213854149023e-04 6.473116363902622905e-02
-1.874859492648508763e-01 -6.964778221854245333e-02 -3.265510032953347630e-02 1.729744382520301549e-01 -2.051537047901189625e-01 -1.788939700544427136e-01 6.143635612847427735e-02 -1.134966737825887223e-01 -8.951096096786040346e-02 9.000104281600111722e-02 1.257186378233122459e-01 9.069964292373150494e-02
-1.042304531711567284e-01 -8.198779898002742095e-02 2.863667627919279021e-02 1.491519422080508084e-01 -1.290885411097552338e-01 4.223991476994594374e-02 1.672374153132519525e-01 1.887135094299366780e-02 1.352757648907813581e-01 -9.195248848470381764e-02 8.171690622211409682e-02 4.448308244231551772e-02
-1.638588393433823912e-02 -7.449662285755617730e-02 -8.922111573696664411e-02 1.300102890767218800e-01 -1.795064527042176117e-01 2.119651333460961101e-02 1.986746208001243083e-04 1.144002270174164157e-02 -1.982930816886915859e-01 -1.226487078046140794e-01 -1.709705356542240429e-02 1.409102709414861154e-01
-7.840919859497530453e-02 -1.358106625714854965e-01 -2.699497492580621091e-02 8.798831068189691407e-02 -7.619417029757204196e-02 -3.471989600780162055e-02 2.320516125228373056e-02 -1.699022811126616253e-02 -1.790500531387608299e-02 -3.032925142639954566e-02 -6.385481031679494934e-02 1.032815522772108363e-01
-1.177449237563770179e-01 -2.537737544841763698e-02 4.101752849989286076e-02 1.407855469375291213e-01 -8.378609071797658847e-02 -1.023483398183972076e-01 1.633421731049969627e-01 -1.303811324641368230e-01 1.326727239392200830e-01 3.286934375359248234e-02 6.058586067910026046e-02 -5.226846276823016862e-02
-6.909543124938455350e-02 -1.133393696530548000e-01 -1.814965212032675634e-01 3.236021077115903977e-02 -1.587608714175035018e-01 -1.063670789666050359e-01 5.591290745061568840e-02 2.219955381019708338e-02 -1.060013099633304590e-01 -9.684268553423140691e-02 -1.237833923296513712e-02 -7.938631438153603836e-02
-6.352037501947145615e-02 7.060951526146938551e-02 1.805780497118689501e-02 -4.999765607918433413e-02 -2.790469947102700021e-01 -1.054797737576543964e-02 -1.169584263166454155e-02 -1.443178296988238130e-01 -2.310309386500971132e-02 -7.848861180915041313e-02 1.921152340976519518e-02 6.875931600372942043e-02
-2.367598492994709911e-02 -1.148900627259751284e-01 -1.970926736010333025e-01 1.051423602725689854e-01 -1.411137454818474080e-01 -1.134505946962145878e-01 9.455864417238235564e-02 -4.708683962222829505e-02 -8.135379984245494356e-02 -9.845491208437458230e-02 3.424440185331543984e-02 4.755960459329403728e-02
-3.979179740868429155e-02 -2.098132203337054191e-01 3.071589701231648359e-02 -1.212159466585906696e-02 2.107201448749687275e-02 -5.198330967790787405e-02 -3.774286709613648011e-02 -1.946623785401656315e-01 -1.060519778507216238e-01 -9.797968457226864658e-02 3.905540349472599870e-02 8.058191375994676331e-02
-1.904464471616481858e-01 1.011324044739686789e-01 -1.051170543678870382e-02 -2.131507256080197518e-02 -4.116115993427817144e-02 -4.543149004528687640e-02 -7.122887496789881423e-02 1.467689922360437549e-01 -7.370078095902732112e-04 -7.588097952468807195e-02 1.066880135561363019e-01 7.071782783309737974e-02
-1.287035570819839922e-02 -1.212904299208035497e-01 -2.939091770018125924e-02 1.175868025576657094e-01 -4.667522342756132148e-02 -1.394397629184927767e-01 1.113792136644119538e-02 5.892462312462433405e-02 1.694941295613379764e-02 -1.255274950292425973e-01 7.918462629526691610e-02 -1.683390481391118174e-02
-1.213528530562238417e-01 -8.388145024704610209e-02 3.362211901242737055e-02 -5.497597979409730301e-02 -1.245736104985625953e-01 -1.545467023022146502e-01 1.449155338752872446e-01 -1.900158547624570538e-01 1.068654422241877566e-01 -6.575024094209459824e-02 -3.582723496112187600e-02 -3.322984511295096199e-02
-8.846371085818857671e-02 -1.156248511814467750e-01 -1.181729144325278646e-01 6.240640708049272761e-02 -1.482036305006149690e-01 1.324122457506577734e-02 1.659597378304762116e-01 -1.955238267031778887e-01 -5.842483624646196971e-02 -2.192972719971527651e-01 2.000171930595750769e-01 2.033674657631763805e-01
-3.926029114429183814e-02 -1.305840407567533390e-01 -8.475215767074252560e-03 7.770657791631668809e-02 -8.162874040396479736e-02 -6.795364961572754325e-02 9.578555463926058389e-02 -1.676071139701035551e-01 -1.021964898827519841e-01 -1.127250130742868534e-01 7.898922832934977822e-02 -1.050336555467862448e-01
-1.233310681234725953e-01 -4.227585858345277864e-02 -2.291870030754008247e-01 9.418353512514091030e-02 -1.077424960594634135e-01 -4.000561966377517986e-02 2.700230809747703603e-02 -1.621375277554066019e-01 -2.980160299066114682e-01 -8.241043704772434142e-02 1.482328395067521731e-01 -3.896791781355694179e-02
1.048437478519971267e-01 6.083798837601136524e-03 -8.503151357129701271e-02 3.563442444850930396e-02 -2.173378827437782990e-01 1.682057974629767860e-02 -9.931199258643358396e-02 -1.451060523297832694e-01 -2.086403764841961508e-02 -1.213691171577455791e-01 9.606832398226823957e-03 -2.695729998651875958e-02
-4.475879365295108020e-02 2.847081183541814997e-02 -3.280050233294395153e-03 2.993117846148613329e-02 -2.247502626773321688e-01 -2.445569485824712341e-01 1.383328138721140466e-02 -1.183758470947629399e-01 -1.310713783456398350e-02 3.366191309043058827e-02 1.230578736035280313e-01 -5.056348970743500780e-03
-4.226796092023611499e-03 1.500110792744602239e-01 -1.815061985378104426e-01 1.431039416054502300e-01 -8.376452571942986924e-02 -2.234958161500823770e-01 2.207293965167363148e-01 -9.776385350353337944e-02 8.013999085739778594e-02 -1.707059304178806802e-01 1.014572138197888662e-01 6.109961108936432655e-02
-1.170449000070014206e-01 -1.344908799163859192e-01 -6.188369704466911703e-02 -1.624649127890663266e-03 -1.211826640125645699e-01 -9.947487832266900531e-02 -8.057335112249189302e-02 -8.639265553827589483e-02 -1.184809093731037655e-01 -2.366714977591100610e-01 9.403853634937701933e-02 -3.622237621950257641e-02
-1.438609607601150975e+00 5.559447103341592228e-02 -7.088588853526588407e-01 6.587465574833194504e-01 4.840910184073903832e-01 7.948122623794708075e-02 1.739783941095298936e-01 -1.166531107352908325e+00 1.033946022829463351e-01 -4.708177159824898372e-01 1.981360733945228547e-01 -2.193157949450539879e-01
2.372927235978160854e-01 1.320176674719357734e-01 1.822998034576852888e-01 -2.515912456365953717e-02 -9.993141750345642393e-02 -2.096119394457477692e-01 -1.914058453762227108e-01 2.143450785339322262e-01 -4.000480505123468755e-02 -2.773614944615303973e-02 -1.205546839341916227e-01 1.328208742098486717e-01
2.640449114340102585e-02 9.049782755772756149e-02 -8.857873565006899041e-02 -1.809504081484446802e-01 -2.517516726980807973e-01 -7.579121892771752134e-02 1.076368937747858301e-01 1.659380073460723637e-01 1.313735751980612543e-01 1.457530908324270458e-01 3.653555984918141486e-02 1.198088289397677142e-01
1.082553942624736032e-01 2.855663223875773982e-01 3.038157858621770568e-01 -3.080179432335229395e-01 -2.882423411457047391e-01 -3.463534384835286195e-01 -1.619534928290234099e-01 3.584577189036626810e-01 1.741394228765539287e-01 2.555172198342181011e-01 -8.411545350742932747e-02 1.408880044555633204e-01
1.268706619601932539e-01 2.370453383155548405e-02 1.925012773040750413e-01 -1.797376255822789870e-01 -1.420606129504878579e-01 -2.407919078492552212e-01 7.662259872261942620e-03 -2.066134370064608497e-02 -3.017154164626126636e-02 7.464101093594301128e-02 4.415316239214572835e-02 1.849670452481327887e-01
1.813255377372803220e-02 -7.585165226720896881e-02 1.489276204467870901e-02 1.451905348541171759e-01 -2.310477113843839581e-01 -6.641376479946851930e-02 4.189030922498963166e-02 -1.489810728646142890e-01 -1.777991984413792789e-02 -1.492069479244708119e-01 1.377142555940024937e-01 1.118838434355126921e-01
-7.465222056464304590e-02 -9.101224404788879618e-02 -7.951654932438495527e-02 -4.627871071342273129e-02 -1.843632075017881955e-01 7.642341729847361431e-02 5.476954879533558335e-02 -1.573995152376714973e-02 -5.028103180454182586e-02 -4.056938255333717575e-02 5.483154469573896239e-02 1.105945651579920419e-01
-1.146221450278798182e-01 -8.813129802246197353e-02 -1.951603047713957109e-02 4.232431593202514580e-02 -1.776550378401033359e-01 -1.143543603041027451e-01 1.474510819648637561e-01 -9.279165209444179691e-03 8.076249624220907530e-02 -7.837028088712975904e-02 3.637451717735534079e-03 -7.662556114412855113e-02
-1.092586799093082373e-01 9.907272978619663384e-02 -2.300317069056182981e-02 9.898748331661344491e-02 -1.151243952098570354e-02 -4.452610527741103497e-02 2.997372449344545831e-02 -1.180337108810368268e-01 -1.317819922066152949e-01 4.135676572659708478e-02 9.721770221978354165e-02 4.888661387769464156e-02
-3.023266215624926395e-02 -1.716978351348410481e-01 6.329761236077306730e-02 5.518646346407140267e-03 -1.404246741735532267e-01 -8.263533961714409487e-03 -3.495032314505777671e-03 -3.959790265428596995e-02 2.661002445249670625e-02 4.634907462370895653e-02 -3.767698438309656679e-03 -1.504597447225541895e-01
2.735087112061628835e-03 1.165688935515655639e-01 3.896500093276978466e-02 4.098435544720376023e-02 1.149737500673426727e-01 1.678677846616553337e-01 4.810044187181895803e-02 -1.716927859801624656e-01 6.641459754096140644e-02 1.144713797943311406e-01 -9.270597460520717259e-02 3.940880594675578996e-02
