2.841920929632137938e+00 1.537764529634985777e+00 7.393557515699711313e-01 1.528126282339440367e+00
6.880057416388100089e-01 1.231601854914740057e+00 -6.764956217006150574e-01 -2.945074089243597815e-01
-2.090881868167647539e+00 -1.395447721259907237e+00 -4.513809037843646288e-01 -1.038444974899361606e+00
1.524533694176327003e+00 3.739754648122342484e+00 1.738308508882447700e+00 -3.266544015205687379e-01
-1.376514097719875984e+00 -4.422958196028150546e+00 -2.021690507358495204e+00 -2.374999025548859333e+00
-9.687670787600868305e-01 -8.181814878886783937e-01 -9.366649532458201088e-01 3.596618974207351771e-01
2.847121973950235141e-01 1.549836260532507115e+00 -7.028077802897846060e-02 -6.861466028261713479e-01
-5.046612747422379863e-01 -3.311049153761748798e+00 1.147521855237401550e-01 8.869691180566467992e-01
6.162431391659624058e-01 1.362775707671706193e+00 2.184634174172808974e-01 1.435289149484573201e+00
1.082385366040856889e+00 1.579987892471304889e+00 6.563561988544004411e-01 3.460447750872241990e+00
-1.215638486826584375e+00 -2.736104499818996061e+00 -2.827601134423280538e+00 -4.177804205435002416e+00
-9.099495847826732930e-01 -1.441914797702302797e+00 -1.209383770911061085e+00 -3.477934398103593172e-01
-1.111916702113493471e+00 -7.653781387694216232e-01 -2.843321085372583351e-02 -9.723900003312199170e-01
9.334652093121781347e-01 1.418228814049900643e+00 1.261788279467334906e-01 1.392112452835373715e-01
-1.659745019066340976e+00 -1.389668753452136141e+00 -7.007217865113809507e-01 -9.503024784009302950e-01
1.020447123573880344e+00 3.692925607409953126e-01 1.914906799610761157e+00 1.020727843220925468e+00
9.794103250292944818e-01 8.850356589664740703e-01 6.227231605366512213e-01 2.075391725830313394e+00
-1.039799256552894846e+00 -1.788801380765583593e+00 -7.634281834854553805e-01 -6.331642688939245200e-01
-1.041795662835167446e+00 -1.741123841427627994e+00 -1.976327943715315005e-01 -4.838660760987834597e-01
2.582813766293869939e+00 1.122578032168450202e+00 2.294131746330669852e+00 3.581895101972968565e+00
-7.736752534084051502e-01 3.694055765149268922e-01 -8.404607707431780428e-01 -2.114491671782098070e+00
-2.910698974021193597e-01 1.071329959392805842e+00 8.576807445820111564e-01 1.576026798405043339e+00
2.589878922507288017e+00 1.033623396139955686e+00 1.422368658669245001e+00 1.345465509830561457e+00
1.456200514211291930e+00 2.174082077309889005e-01 6.489653196031553994e-01 1.870819788657814842e+00
6.910317785134757473e-01 -2.232511755514731799e+00 -1.709587328768972792e-01 -6.876430126998462899e-01
-1.076887059979031003e+00 -2.321897887897791612e+00 8.841749389997024533e-01 1.128193142519820835e+00
-1.559625840438127797e+00 -1.791672672487822471e+00 2.854868078239830576e-01 -1.482966330580075320e+00
2.057707028421746021e+00 1.157453597614230167e+00 1.121161143170482433e+00 1.227360052640911636e+00
-2.057271593786903274e+00 1.423640898614341843e+00 6.112768312787361658e-02 -1.078494676676319680e-01
-2.130607495540047580e+00 -7.002853376551265718e-01 -6.987541814161085663e-02 -1.636313663274075125e+00
