3.619169646073125326e-04 1.528590360467253946e-02 7.093380246933447819e-02 1.917825454619103559e-02 -6.917183650739792966e-02 1.868927179729699128e-01 -7.267914342838338593e-02 -2.081622214817973725e-03 -7.924194753586474849e-02 -1.342804859002584041e-02 8.685960629588819482e-02 -9.982535656811865332e-02
-1.911446983528747590e-01 -5.466214881304213430e-02 1.950590394113170534e-01 -1.420995198679353699e-01 1.193545451786383188e-01 -9.235886068976831287e-02 -4.590470370306002496e-02 -5.045235181759311072e-02 8.452073500599821543e-02 1.372179124933354914e-02 -1.142463470874099524e-01 -1.253568210198282573e-01
-1.440329584733655334e-02 -1.167894192391725067e-01 -1.378809753776807576e-02 -9.279544246722015721e-02 -1.347436845959332774e-01 -2.796540031202192009e-02 -1.500830505869990561e-01 3.540883243511315503e-02 -1.352898682980625544e-01 -3.231959660656519295e-02 -9.031023178819330005e-03 4.503313526594872329e-02
4.185061433391554925e-02 -5.531664200137099280e-02 7.226197955624866220e-02 -8.176293909026946527e-02 -1.994509807632470211e-01 -2.997088965072136971e-02 -1.197897502914082590e-01 -1.621777295916809192e-01 6.387229986147577310e-02 2.839744212902007431e-02 -6.312586544716412840e-02 -4.002429257644972427e-02
-8.112610695954843368e-03 -6.641934752279378407e-02 -4.340803397540664299e-02 5.051499516978288223e-02 3.349134663836919601e-02 1.132985863128098958e-01 -1.506470103940026894e-01 -7.187664249096827052e-02 -1.238522227610597444e-02 1.181692172654265766e-01 1.170240795639740719e-02 -4.283797565731563284e-02
-6.618229319785021159e-02 -1.824243638022603475e-01 5.916322484524960679e-02 -4.531037779839486995e-02 -1.054570941909900444e-01 1.320817358785853738e-04 1.390337730393000348e-01 -8.310689425749824555e-02 2.662939218570983466e-02 5.586892106266271030e-02 -3.198509169742719954e-02 -1.744715818070205829e-02
5.521180553680857771e-03 -7.148822403129038994e-02 3.276847356609094430e-02 -1.197120174298031969e-01 -6.978046752315041068e-02 -1.007818827275825703e-02 -1.332387421021264950e-01 -4.772151266949667403e-02 -8.346244998409727348e-03 -1.605669025880258338e-01 -1.019161504607607877e-01 -1.008699308427311730e-01
-5.509983421717851854e-02 8.260552055092912002e-03 1.545106258124911147e-01 9.887990776032458060e-03 -1.333062478266039130e-01 9.569455598859039069e-02 -3.352422547003087311e-02 -1.383056334358315209e-01 1.945550540411106200e-01 2.124713805842676911e-02 -2.912556467913474112e-02 3.214986791211477818e-02
-9.852835325589290316e-02 -7.689249389113643474e-02 -1.842182279713143814e-02 -9.702021415803211216e-03 7.231500140738265740e-03 1.267185529301402269e-01 -1.134326774467594445e-01 5.102742556704679966e-02 -2.122143117480470090e-02 -8.867142716640371777e-03 5.536978918283760182e-02 1.772444783085368528e-02
-2.220819817625879489e-01 -8.440551213635160907e-03 9.353234238937155332e-02 2.770266950698251768e-02 5.534262280059329409e-02 2.091159911491687895e-01 7.747261968586946490e-02 -1.200082961897262247e-02 8.637408961814699304e-02 1.146330612855553793e-01 2.912644434060401161e-02 -1.220244455179422399e-01
-2.362034265918940557e-01 1.114243143985080807e-02 -3.989673531216569868e-02 -2.753384299814869846e-02 4.156852925061696458e-02 2.087290451076044898e-02 -6.005448998558836349e-03 -8.484446477365546746e-02 3.119511411297471934e-03 8.072549621127943220e-02 5.987636233610500909e-03 -5.871515355253040247e-02
-9.974899605801401670e-02 -1.005142602831304993e-01 5.233092338844973213e-02 -5.372106253517828361e-02 -8.175780988469140420e-02 8.009138035679608247e-02 -1.073309949006775177e-01 7.172795429005975054e-02 -5.255183393571213196e-02 1.891206116107488067e-01 -3.350607695252654644e-02 -1.933762237670329925e-03
7.099909166622053736e-02 -8.769451645887942071e-02 -6.498363790235317516e-02 -1.494927350383511711e-01 -3.240900691479488976e-02 1.136768952043630543e-01 8.731761530208503180e-03 -5.459467880716015187e-02 -3.796580759418071577e-02 -9.132392175880244640e-04 1.142227989933432969e-01 2.316256452997894882e-03
-7.772040818462547240e-02 -1.134925040903531218e-01 7.493304268678038782e-02 -4.626304726535711981e-02 -2.135187214859235114e-02 1.746917910568245857e-01 -6.175414539807549258e-02 -2.686923912801705838e-01 1.206659804619646635e-02 1.355446457580512243e-01 5.792113622599767524e-03 2.074525500739662562e-02
2.731915925759715105e-02 -1.389204678863948939e-01 4.279577943205533329e-03 -1.113625531349109465e-01 -7.949201543723986851e-02 -6.818573715457257323e-02 8.054436903592951391e-02 2.339205736620800571e-02 3.813593476909605227e-03 2.794195482906745021e-01 1.133140903466857280e-01 6.664729906811346638e-02
-7.059304963130755284e-02 2.303881464715224966e-02 2.252375908846680763e-01 -7.616303064498716746e-02 -1.692411458800109347e-01 -1.241120881709961189e-02 -1.017423322687060483e-01 1.928117059526094149e-02 -4.036957972268519906e-02 9.114023654933305074e-02 2.792230332437171253e-02 5.598324641934929180e-02
-5.600303837891688202e-02 -1.933692986064149966e-01 -1.699892718989044413e-02 -5.764191650043140602e-02 1.450643802940488995e-02 -1.073864343185081671e-01 -1.165861968030528287e-02 8.315108553343750902e-03 -5.109027759023960363e-02 2.319552446851360916e-01 -1.402757262301747299e-01 -1.048794297246205681e-01
4.902994920476202306e-02 -1.080485207314155899e-01 5.417255903274746653e-02 -4.369858695844486968e-02 -1.133287331441732854e-01 -3.804963211841854570e-02 6.941680529296731517e-02 5.348817345318097882e-02 8.767073285330834187e-02 -5.816406765231461884e-02 -4.674298521357749675e-02 -1.110933434774443243e-02
-3.531365908056356001e-02 3.623650863767140934e-02 -5.710657143491214283e-02 -1.426384205972043018e-01 -6.799599767398604999e-02 -6.265736196223412567e-03 5.909070319111593694e-03 -1.153746632976496295e-01 -1.868164650409096517e-01 8.390979483127909699e-02 -2.392636980443011568e-02 6.766123164310283884e-03
3.510306086843825724e-02 -1.119281554462703693e-01 3.589650010666460556e-02 -9.523960892372154707e-02 -5.966485880974771450e-02 4.141634119190230195e-02 -1.275188668699096528e-01 -1.811669332472438110e-01 -4.924135920781339687e-02 6.148027002301761912e-02 7.887052181501031517e-03 -2.565044771205543181e-02
-6.220194192909415942e-02 -1.428083997280156781e-01 6.060280756227930110e-02 1.470926718652955899e-02 -8.143589063453209043e-02 7.767179936609023769e-03 -9.081668364080419664e-02 -3.076116693006646918e-01 -9.893707074081625752e-02 -7.770153474904877011e-02 -8.927847133161316562e-02 -1.603997442792490791e-01
-4.666235993503529272e-02 -1.032518154944546546e-01 2.065736166702323781e-02 -1.151161235049221465e-01 -1.886068449959850124e-01 -5.786120913767377888e-02 -5.639620626922674934e-02 3.399821953018507259e-02 4.482066019834497067e-02 1.660991159778722193e-01 -7.470534168550733989e-02 -1.558656065937150115e-02
9.876373145574890433e-02 8.063063822979703310e-02 -6.720442032607612526e-02 -1.321841919438090755e-02 -5.148083952143031865e-04 1.544821574356438632e-01 -3.228116381669431795e-02 1.977141713050818358e-02 -1.413751869991963783e-01 1.326073304648105189e-01 -3.482652495797269182e-02 4.158239706415700621e-02
-5.845466037756166799e-02 -1.510659909123414080e-01 1.053739954164152615e-01 -2.970628356137384324e-02 -5.053992980446407601e-02 5.360823227107513328e-02 -2.433699307691412073e-01 -1.350504811357429169e-01 -4.425400684761483100e-02 -3.478740723729752127e-02 -1.908733605416918222e-01 2.830620183106162882e-02
-3.657274439198720389e-02 3.423043658302426379e-02 4.820185722206450640e-02 -1.216993640715146041e-01 -2.254462933325862214e-02 -6.532586679894836212e-02 1.421023949810331644e-01 -3.422583978571552832e-02 3.157678797531954934e-02 1.283497507447903252e-01 -1.216770153117206418e-02 4.379014833338561175e-02
-2.754687701310680747e-01 -1.068442981833076649e-01 1.374538907540318322e-01 -8.332674253096480910e-02 -1.727595022544234915e-01 1.388359466795941431e-02 2.076035716158178973e-02 4.492464752001773531e-02 -4.772413871041519123e-02 4.221278296533059748e-02 -6.236689576973153404e-02 -1.176209458891108589e-01
3.803910898094384901e-02 -1.608240659880195156e-01 1.465770241395368892e-02 -8.126060642808144441e-02 5.191977494360366929e-02 2.019569610640351356e-02 1.078801897344347505e-02 -7.984566946930522768e-02 -6.216918689818736604e-02 -2.013141778078351984e-02 -1.106426830018611002e-01 9.047147639562834465e-02
-8.774414701787972004e-02 4.206566799654518768e-02 9.831701223018951552e-02 3.832192598236772857e-02 -5.792995452844410843e-03 -6.255035969571959287e-02 -1.898917221361534624e-02 -1.292866495202611987e-01 -9.108578156258917424e-02 1.413082077407991355e-01 5.240234774157608716e-02 -6.792774671691560739e-02
-1.295568957693102596e-01 1.212963396407180060e-02 1.369932769687613738e-01 -5.371854510443930392e-02 4.702893232876668994e-02 -6.449506075848518427e-02 6.657372334699518390e-02 -1.286505307262072496e-02 -1.011159667722205113e-01 -6.912401997360968775e-02 2.787741537329686131e-02 -3.899689225436227258e-02
-2.969349425558882524e-02 -6.913242400549531042e-03 1.406029357344645569e-01 -9.882056077752124357e-02 -4.459961989020287676e-02 -5.942312386581999860e-03 -2.787797543183007654e-01 -6.882788727313767299e-03 -1.927311593018609104e-01 2.862999656221917183e-02 -1.051295336287413201e-01 3.722153242844757071e-02
4.894568038933500703e-02 -1.291604892914676728e-01 2.540626125899833609e-01 -2.334401732742528296e-02 -3.886597538400342333e-02 1.425090005814790839e-01 -7.209496640845852733e-02 6.846893275371970615e-04 -1.554073388394476285e-01 1.608239656958989905e-01 9.136326489520098237e-02 4.711247271198305830e-02
-1.831247831038970986e-01 -7.609395997907815110e-03 1.508840805379630112e-01 -6.943547160644378269e-02 -2.799376740769796701e-01 2.264848317083706930e-01 9.106586344134198763e-02 -1.010880720260492888e-01 -3.825284299226679868e-02 1.448915185701585007e-01 1.670686496661692166e-01 4.344767461004053755e-02
-3.275459438974905740e-02 -8.244900317902005560e-02 -9.673092973651772897e-02 -9.313263264359045168e-02 -7.843086551631785197e-02 1.057587106934986809e-01 1.153070908181812876e-02 -1.813158031783642654e-01 -8.180603083826196165e-02 9.368220253046731505e-02 8.733463622062136167e-02 -2.693924724379277366e-02
2.338348226574786873e-02 -4.048536039085980781e-02 1.994401703111747526e-01 -1.236814551985551680e-01 2.609044776017166792e-02 5.346198626305604523e-02 -9.046697085088553636e-02 -8.045781018888527314e-02 -2.401707355459804447e-02 -1.900720604754868592e-02 -5.607136975188635984e-03 -1.083297528463362108e-01
-3.915510120732918625e-02 9.809164439521649015e-02 -2.667417423261618861e-02 7.402746076987524516e-05 -8.860840680235206046e-02 1.436953574673502931e-01 2.417496046758024070e-02 -1.734670450231907690e-01 -1.669748902073917018e-01 -2.509238762124682554e-02 5.783646695352943207e-02 -1.555474340581597947e-01
4.436135436913684477e-02 -1.581370125140721949e-01 -1.001903626252367563e-01 7.884319247875296033e-02 5.404233986618144081e-02 -1.041018346678314055e-01 2.365778326188731906e-02 1.148606097163455859e-02 4.554354056396960893e-01 8.306079499534292643e-02 -1.293457369506553489e-01 5.150002903749421879e-02
2.387179027002077347e-01 8.251372148769484452e-03 1.146525885783715448e-01 -1.289522611702442478e-01 -1.361398163275599760e-01 6.661041339812118212e-02 -4.465527285046828193e-02 -9.194656911657254905e-02 -1.450049501339013142e-02 1.007247894251135784e-01 1.261748172090425280e-03 -1.058766040318361440e-01
-1.528983831215403009e-02 -5.996461803556076692e-02 7.768942132788972388e-02 -9.141327494804216136e-02 -1.062761948294620590e-01 -8.413747234062123048e-03 -6.330613609161031552e-02 -2.859052521112324594e-02 -1.489447408170741505e-01 4.772898053507784732e-02 8.776381569779144465e-02 -9.271703881165278827e-02
3.942954357005386962e-02 -3.631650586270706027e-01 -6.080092972017740738e-02 2.664633932679388861e-02 -3.239352398211383516e-02 -1.440979401312328899e-02 2.237040210790702255e-01 -6.011162696093573510e-02 5.955578080647986328e-01 7.319442917704190206e-03 -1.791887698355156544e-01 -2.138661032847616154e-03
3.299950909086923206e-02 6.391006586840010384e-02 1.034380658806292597e-01 3.604480389982904487e-02 -5.189632793570321534e-02 4.489388562926057563e-02 4.410168430519761235e-02 -1.600319521239244591e-01 5.467778630528139644e-02 6.131537345563271846e-02 3.269385432452467238e-02 -7.385109922472184174e-02
-1.898983049317769581e-02 4.104107388809262631e-03 -1.290089926049869506e-03 -3.529983982098430090e-02 -4.638653008570882419e-02 5.062813471867589482e-02 -6.534750601783950730e-02 3.439150895622598847e-02 -8.119326026544285146e-02 5.031775731563505050e-02 -1.753479833518063052e-02 5.184332567156917093e-02
1.716607436208105464e-01 -1.285240106905103930e-01 2.344129110674012251e-01 1.292751467620074368e-01 -3.917832770381310947e-01 6.484416290280403672e-02 -3.211816175412390145e-02 -1.775522487189184484e-01 -3.026927952463746019e-01 1.463337910040850287e-01 -3.501638519630972252e-02 -1.773887547293174771e-01
-9.155033743846455185e-02 6.163102728804677188e-02 -1.638767190808964810e-02 1.901658581579553087e-02 -1.111093965324077941e-02 8.347658658256645881e-02 -1.278231197565282695e-01 1.055694073405145060e-02 -5.782951399627324351e-02 -3.837604911038355882e-02 -2.060303360400576184e-02 -1.081146717937001150e-01
3.235660218702654523e-02 -1.033192937248428173e-01 -9.752265860666683994e-02 -1.120169519962268267e-01 -1.973636210087831300e-01 9.216608164843684281e-02 1.740859761899819086e-02 -1.112110110841592198e-01 -1.974850976225923649e-01 -7.550624498525555783e-02 1.693425554715232567e-02 -6.275231409346544720e-02
1.129327336516960933e-01 -8.050755615984599156e-02 1.094748886373190511e-01 5.144148380491522093e-02 -8.378017660519310877e-03 8.084777090754080575e-02 -1.591572652742199168e-01 -8.663739671766763906e-02 -1.068380895216557436e-01 1.448798291885891772e-02 6.973008683184654666e-02 -1.457246467549881408e-01
3.467664614887804031e-02 3.760602026459151231e-02 9.754791423068590039e-02 7.091038304012814431e-02 -8.004022671517828369e-02 -4.342558962935216642e-03 -4.234082765107070184e-02 -2.025073660000274445e-01 -1.237989403352866558e-01 9.180488606396718099e-02 -3.460773638682827086e-02 -1.518254024628824528e-01
-6.054321812965271499e-02 -2.243459106372532319e-01 9.709801665157088979e-02 2.747832909956003308e-03 3.357343406502115869e-03 1.730873244024213609e-01 -6.434571692222687544e-02 -2.227123386977514774e-01 -4.766111020290392936e-02 7.968780543096033731e-02 6.303276997665883952e-02 3.545559747989073668e-02
2.937128076468240381e-02 -1.472867544655761217e-02 1.059807724979305865e-01 -6.712480361260714234e-02 6.085887472723277951e-03 5.533999095864174794e-02 -3.722161035266430967e-02 1.073272050083331625e-01 -3.818904694236519709e-02 6.045588332352389016e-02 1.093775684602173309e-01 -8.949108872375992341e-02
-1.785814062930769219e-01 -6.695977977182633600e-02 -1.561432819741248243e-02 -4.510984750390913817e-02 2.303883301108997431e-02 1.519595962827059443e-01 -1.156917917661914319e-01 -7.792183208989560128e-02 -3.773610900166701060e-02 1.363519047254288241e-01 3.624384078163173789e-02 -1.701043344772736887e-01
-9.338023284090635201e-02 -3.248887256912454946e-01 -1.670825699739642844e-01 -9.016237474629091100e-03 -1.348834137536742417e-01 -2.206290378789048656e-01 2.447237237911505797e-02 6.638447870863124767e-02 -2.997136465550913620e-01 9.231070186862798399e-02 -7.706861574650046565e-02 2.152965822122476433e-02
-1.012654061666843353e-01 -8.260709327434299920e-02 1.872740298458317187e-01 -6.925299551549760069e-02 -2.006592871953943313e-01 3.720491689779662631e-02 3.869485577692154815e-02 -1.919915157705908704e-01 1.471886131518860552e-01 1.185514406031951268e-01 2.101639550751337182e-01 3.520799767228290078e-02
-1.225042726663150006e-01 -9.034745469645492910e-02 -6.677957066383118610e-03 -9.994053115217957362e-02 -2.037439448417625032e-01 4.123242222379622929e-02 -7.404414557009481035e-02 -1.094323521196465497e-02 -1.343839599905377047e-01 1.618077282636347369e-01 -8.221256841345488120e-02 4.672153570393521027e-02
2.990957576867965886e-02 -1.279811946026588321e-01 4.714321872123401758e-02 -1.608966567799696989e-01 4.323483421857131186e-03 1.096670835494503726e-01 -2.127578389161960404e-02 -2.497334040381740325e-02 3.847605454414947113e-02 2.139091591519361735e-01 -3.205353190203467234e-02 -1.574522598266609452e-01
-9.028403930312281500e-02 -8.290566838936637428e-02 3.587648412211813520e-02 -2.775999748207770394e-03 9.466206417005483542e-02 -2.115886327628756503e-01 5.924844708646619801e-02 8.522502782686302431e-03 1.142127047258179214e-02 6.182044641508095684e-02 -7.325117640508881089e-02 8.796022868999883032e-03
-2.823793604825292416e-02 -1.106379774619009465e-01 3.879861765754066827e-02 -3.862576752053217127e-02 -2.404269591481090207e-01 1.247635512541730579e-01 -1.190456444881654030e-01 -6.475609167806255229e-02 -1.435815813375604932e-01 1.665310368935784269e-01 7.934762664260276710e-02 -1.980885063286018030e-02
-6.429798659650271279e-04 -5.257244400732980633e-02 1.398564727189078802e-02 -2.112359671483400592e-01 -1.372196875333621946e-01 5.798449186903829183e-02 2.055768930195053246e-01 -2.460121327308052372e-02 -8.879983070373608997e-03 5.745384419276471262e-03 -4.622028956738110511e-02 1.029676669478176571e-02
3.666601128290691153e-02 -2.229147472875823641e-02 1.135998087524677236e-01 4.117035801807959056e-02 -3.790374468520206486e-02 3.536105211453000746e-02 -1.408270363309395701e-01 -2.038720665988312808e-01 -2.202429479279142087e-03 1.816122598559772594e-01 6.046861598680217803e-02 -3.939489072436075379e-02
-1.645285915497376183e-01 -1.007605341343999900e-01 2.258954191235646725e-01 3.720538340433015428e-02 6.551767105146956427e-02 2.537716523177170960e-02 2.991288528446402195e-02 -1.632947683555113216e-01 -1.110963727832751068e-02 -7.743828069113321833e-02 -7.581799950905952767e-02 -9.550891985620761637e-02
1.047135682222784768e-02 -8.547282628420542483e-02 1.015062954631969494e-01 7.366517210176062869e-02 6.202872705861917774e-02 4.797943300584988496e-02 7.766939585724508266e-02 -2.096792252812142987e-01 -1.111687478909068327e-01 3.433323952034844639e-02 1.407952171225459181e-01 -9.849304710841456922e-02
-6.804307707068377176e-02 -1.219794946986247491e-01 -6.843605950595124665e-02 -7.174551443072099688e-02 -1.967435505891610217e-02 -5.239661590052906853e-02 5.963044425832584455e-02 -1.701700613793603600e-01 2.184906626663242132e-02 7.866449398156209749e-02 2.017892152675610784e-01 -2.263111038900307848e-01
1.063920831235187596e-02 -1.107081862428835189e-01 -5.938616642401080281e-02 -3.910015724114019459e-02 -1.289512421042247059e-01 -8.913144506171358228e-02 4.685708202211989054e-02 -5.289423648754296159e-02 -2.619832513070121868e-02 8.653914072697578563e-02 1.162649016016202991e-01 9.452714002553323086e-03
-3.337140640966863511e-03 -8.478295570753473231e-02 -3.623700928835618673e-02 -1.014561365273461135e-01 -2.025174383777985643e-01 7.664257860032222536e-02 -8.149887678300463123e-02 -1.600464668360073173e-01 -5.429159613614404495e-02 -3.932243554878260550e-02 7.794854214833531192e-02 -1.242298921877617451e-01
1.873465718249944442e-02 2.789251777823009357e-02 6.637541571396868290e-02 -2.293532780834768026e-01 -1.647899032646090584e-02 -1.863023118141135873e-02 3.355335270854692964e-01 -1.198059669361268946e-02 -1.223775958414611842e-01 -8.087861955954187346e-03 2.591260634173145894e-01 -3.210667253849970593e-02
3.248985276435675806e-02 -7.773452567043113992e-02 1.673307904559413195e-01 1.049021442699933082e-01 -4.723920581265025898e-02 6.883378969119924307e-02 5.784433761991413653e-02 -4.026558330369189864e-02 -6.292554645927225798e-02 8.225215654497831930e-02 1.040913244172681287e-02 -6.049074333856216401e-02
-3.258760581543015261e-02 -1.972832080292214949e-02 -7.407025840562839192e-02 4.357638193121143172e-02 -6.689828810729643582e-02 6.676333219538868602e-02 -1.140697304253948108e-01 1.059509323069866976e-01 -4.456487757750508122e-02 2.711402968088277160e-02 -8.182233319811584027e-02 6.269390958769707756e-02
-4.831175527735771108e-02 1.610063121338506723e-02 -1.153774294415276869e-03 -5.870008632283767180e-02 -1.082738681463322333e-01 4.222096350109128676e-02 -2.532188613953256090e-02 7.711314878596502165e-02 -7.138824299615154079e-02 1.108808004481506709e-01 4.379131861369969098e-02 -4.687180130394660860e-02
-5.389539572202791534e-02 -1.764821943185222383e-02 1.674103306208037101e-01 -3.475245710135973359e-02 -1.210119125146249947e-01 5.980048658609021101e-02 2.219461544447833001e-02 -1.028010653077837816e-01 1.448198684603626551e-01 1.184415168866645857e-01 -1.060100585653832167e-01 4.488570297039703484e-03
-3.021127669167547949e-02 -1.547109231750286584e-01 1.047884244127263442e-01 -3.960721365571957114e-02 2.787067248959368068e-02 -1.739722359971186336e-02 -2.503570823379487609e-02 -4.217595854929823140e-02 1.033008315916640052e-01 -2.024787453616734567e-02 1.603964816786931646e-01 -1.181141452675762288e-01
4.773853602945792723e-02 -2.060163826358966110e-01 1.506352844112966455e-03 -5.029939304023776231e-02 8.265758431085971913e-02 6.475410453067356742e-02 8.747108551953566846e-02 -2.704460352563134180e-04 1.429263162165877836e-02 2.712454885421559242e-02 -2.626746657282359038e-02 -1.255813074971929844e-01
9.320247259022396147e-02 1.029798407176174962e-01 1.203280265476708577e-01 -5.265474298791252700e-02 -1.267196832557384301e-01 5.016858553480755406e-02 1.831620589860063738e-03 -1.341290882468245127e-01 -1.720086498432994437e-01 -8.582116200544852302e-02 -2.702518858514627587e-01 -1.804194690091934575e-02
7.181412966064409931e-02 1.879613505518809916e-02 -6.161179800182590982e-02 -1.578268850941952073e-01 -6.893903597097457425e-02 1.394294410993807687e-01 -7.436159894110042079e-02 7.650997512264941236e-02 -4.415971963141535755e-02 4.427208866547791000e-02 -9.843272899187748004e-02 -7.670591105290330315e-03
9.059922717685903182e-02 -9.746320276489882362e-02 1.008409994589437864e-01 -1.025150502588403727e-02 -2.600265800443026312e-02 1.505751129812922806e-01 -1.294457233794037987e-01 -2.254886314988412965e-01 -1.043049685531828030e-01 1.953150936912187718e-01 1.160518042798107802e-01 -2.559825342063641249e-03
4.840995448612454150e-02 8.761514996348838957e-02 -6.934009468021351541e-02 7.182682411258717314e-02 -3.580274945497011196e-02 8.469708281490224630e-03 -1.792857209703103694e-01 -1.338841173692972841e-01 -1.736668932768756779e-01 3.169414712484051877e-02 -2.638733345760919773e-03 -2.544989203218483986e-01
-7.567137819259883713e-02 -2.225846984430407058e-02 1.088926145913996502e-01 -9.819638630981822325e-02 2.193387816544646249e-02 3.542959010976329953e-02 -9.732553024558390775e-02 -3.505270606337365299e-04 7.356555615187052206e-03 5.584605395061265076e-02 -6.246125647726295804e-02 -5.119827693913719946e-02
-5.286108066401532662e-02 -1.424610622305932384e-01 4.668460360136177101e-02 -4.486030466573661529e-02 -4.495884591984275480e-02 8.998447196659689618e-02 7.099170562725426459e-02 -3.223463190390674638e-01 -2.113697159403086223e-01 1.130048782648812172e-01 1.004993806709689047e-01 1.384135243006583832e-02
3.031806929735485559e-02 -1.456226535353339346e-01 5.558880832714904741e-02 -1.649074772105443010e-01 1.433665417741667066e-02 -4.792960395852679384e-04 -7.598049386584163067e-02 1.710243846861460651e-02 -9.232827773703775054e-02 -2.911258844691871905e-02 1.108145231419130489e-01 1.789965162621344821e-02
-8.370553845586817254e-02 -8.000982071794372763e-02 4.908268593530201729e-02 -6.422191164837079413e-02 4.820781491049786448e-03 8.825567311110124602e-02 -2.857141815085940950e-02 -5.180528970856873583e-02 -7.833088127613074825e-02 5.300016729598171217e-02 2.458490017801906458e-03 9.692472837430278487e-02
6.160966317770887740e-02 -7.997968167756945579e-02 -2.131242944732509789e-02 -1.714537326346323998e-01 -2.281698434704031442e-01 1.052746853060116117e-01 -6.325510973430448214e-02 -1.419262332116072445e-01 -3.505937545857058975e-03 1.592837467211122016e-01 1.879462901696996729e-02 -1.249994922258737262e-01
-1.475568831493441480e-01 -6.695097763774708610e-02 1.092686474761407345e-01 2.103104014530101928e-01 -1.528609216640981483e-01 3.842992270592946596e-02 -1.120443662084752157e-01 -1.799571090681359453e-01 -7.196539961870596080e-02 6.415436688075608351e-02 -1.669383307622697432e-01 -1.209942995209567634e-01
6.018904796128177886e-02 -2.037086685544949316e-01 2.020335134957136625e-01 -3.090364567125786222e-02 7.380838767881511657e-03 1.613623351449748333e-01 3.548835257287926565e-02 -4.182739448808152349e-02 -9.543479107913058201e-02 7.622636871996578412e-02 -8.234873228615728624e-02 -1.639485259340993095e-01
5.219519965156139280e-02 -9.617325311588016679e-02 2.702081868581232213e-02 -1.742515368217165406e-01 -7.271375546885909535e-02 5.486622146945394768e-02 -2.577308577354040387e-03 -1.132491211470405650e-02 -8.333918372118850892e-02 -1.815764383632053475e-02 4.042441962199033040e-02 -2.355517687098889756e-01
-1.979620648205927813e-01 -2.226553154479787855e-01 -4.919264781638288397e-02 -1.705759086675135705e-01 1.311363540713100795e-01 1.047447311950382709e-01 -4.381300929488055745e-02 1.322196041167418047e-02 -1.404038070243096015e-01 1.380731415000467088e-01 -6.391800190882317330e-03 -1.333536427160519899e-01
1.489183727442608234e-02 -2.558109006926923001e-01 9.113114225977955729e-02 -8.642264835489765762e-02 -6.031826433600001591e-02 1.032233839331546388e-01 -4.935812487499696005e-02 -1.294707361695732750e-01 -1.195870569534047689e-01 9.737271386196817702e-02 1.886435838342059162e-02 -1.560171850631460466e-01
1.680849059288212766e-01 4.782140290394596427e-01 3.322562027710762034e-01 1.114707375158474068e-01 5.695728539010082025e-01 -1.840982622277677616e-01 -8.826868966331086197e-03 -2.585244852880807034e-02 7.333981557798552320e-02 5.600244395996491209e-02 1.291026046129063742e-01 3.812757566378045526e-01
2.729390846957205699e-02 -1.081538011221522683e-01 -5.436753281308746855e-02 -7.125420704368337632e-02 -4.097502903768923677e-01 3.827861690625040253e-02 -2.710226725032444661e-01 -1.039926530013759488e-02 1.635520764450303366e-01 4.171388588665840558e-02 -1.109550488757650027e-01 -1.372624093241044292e-02
-1.152678048094490093e-01 -2.396146683015130119e-01 1.289649987532309472e-01 -6.853984408383379879e-04 -3.696844309643418924e-01 -1.822708694520900896e-01 -1.007827961312591225e-01 -6.060532990560471567e-02 1.653833354430702673e-01 3.490083746368789486e-01 4.649903440896960977e-02 -1.016346653269616790e-01
-3.076069116135760582e-03 -1.424360139559431304e-01 -8.000514176924358734e-02 7.314237443712287567e-02 -2.747941553781498292e-01 7.599613034089230945e-02 -6.476285170635029398e-02 -1.110807337893763708e-01 1.071781964554923972e-01 4.053009852222300147e-02 -1.833218797674336653e-01 1.793226202319617851e-02
1.781674388557662747e-01 -1.837184263514684002e-01 8.164435414715057182e-02 1.516619834749269036e-01 -3.656815419194602290e-01 -3.101509928523478801e-02 -3.055848701645136889e-01 -6.257114936831850716e-02 2.020232629180530592e-01 1.083985996712682059e-01 -2.584848543339802324e-02 1.471729428825196972e-01
-6.772945775505595511e-02 -1.607262189922997048e-02 1.345716025802476123e-01 -1.277143892282972260e-01 -8.009662040563954311e-02 -7.181890330026441394e-02 -1.423758384202318261e-01 -1.127364131368731731e-01 8.572900044136366748e-02 1.353154383560914720e-01 5.843136049700783236e-02 -1.702237011598414784e-01
-1.182381095470282951e-02 -1.477978721800553459e-02 1.043239279624443849e-01 -8.940675881601356512e-02 -2.976407355813870739e-02 1.703928640576872766e-01 -1.188220657085178877e-01 -1.008988237961040285e-01 2.284872786523877222e-02 2.174757981447616312e-02 9.360433088591287032e-02 2.045992749687783677e-02
8.980095339140098387e-02 1.175637878719531550e-02 2.407072497615897824e-02 -4.476166556664776947e-02 -1.298194824878176612e-01 1.993807773784454507e-01 4.638339137218307900e-02 3.534584601140278171e-02 -6.307480825012898307e-02 1.886871828039235754e-01 -9.333008542184083323e-02 -1.654580498649709311e-02
-1.787668925348636917e-01 -1.161262442116157284e-01 -3.578112779947040245e-02 -1.221014606902114663e-01 -3.529369767902988241e-03 4.481608295951564763e-02 -7.159201492195585437e-02 -9.298393505871051234e-02 2.371658634431007481e-02 1.439111353588291287e-01 1.297679758979641551e-01 -1.444917566802944586e-01
-1.400022733878615588e-01 2.045365527849623555e-01 1.763976409320324457e-01 -4.108459718652835990e-01 -2.371731110743832346e-02 3.024896319441258696e-01 -2.733294821045295087e-01 -1.105975447459511957e-01 1.672903902342956495e-01 2.797813837311623475e-01 -2.181466869164286615e-01 7.019115749205460941e-02
9.966556073241517044e-02 8.589657709546452691e-02 -1.286765524478991618e-01 5.673350571058016767e-02 7.814597742255360857e-02 -1.347589010697884671e-01 4.018649033630663364e-03 2.027398271050107614e-01 -6.251239516217886594e-02 -1.014079275887147351e-02 -7.820998249685216785e-02 -5.212416044093020479e-02
