5.386119594685855327e-01 4.143038168138107880e-02 2.668478064933548777e-01 2.605315710682700250e-02 -7.478002362382825119e-01 5.503997038966488287e-01 6.148961481802407425e-01 -2.469986836676686393e-01 2.909952431890917013e-01 4.879213208380111522e-01 1.174219783259016769e-01 -1.083546306746547394e+00
1.617341975080157368e-01 3.781053002353408354e-01 1.386563338587662175e-01 3.543160413825346411e-01 -2.956676611723615955e-01 -2.238092799564973534e-01 3.110566686720973584e-01 4.549113343026383594e-01 8.208415040383031380e-01 -1.846816690439129494e-01 5.317272627195035462e-01 3.312108798550361111e-01
-6.957196311224382590e-02 6.979754514434581558e-02 4.614978067647598770e-02 -3.170043750834984353e-01 3.953188894427354938e-02 -4.992680595938433497e-01 -1.493218296231540176e-01 4.792101876553633150e-02 -5.670845124142820382e-01 -4.997257030254090293e-02 -1.395194336110542332e-01 -1.992264267662441080e-01
3.645901062168083739e-01 -1.069134656633449421e+00 5.695941430560300667e-01 2.727039066558623048e-01 -1.793619105250888968e+00 8.391150665342964055e-02 2.651566968766048138e-01 -2.179850300258502072e-01 7.478276313206142500e-01 -4.640195769253733227e-01 -4.715743676633148418e-01 1.692208445391192306e+00
-7.276388693774964445e-01 -6.973450224316747326e-01 2.513154348164760576e-01 4.075076523641483206e-01 -1.076891168529241938e+00 1.516166967290366596e+00 -6.324070155257838222e-01 1.638210932670519371e-01 2.220502148563818223e-01 1.000803461796681670e+00 -5.935782599013735839e-01 -8.261950672974263110e-01
2.215587274145908170e-01 5.373349787861921856e-01 9.509651077681781839e-04 -1.157350315628713489e-01 3.089720648957393623e-01 9.048949700437436405e-01 2.305383734369139681e-01 -1.040571374001638127e-01 -9.451939687696279124e-01 3.123085816966997275e-01 4.055979627648861330e-01 -9.126801793832842735e-01
-6.919021249785702876e-01 5.092914075018040859e-02 -1.918737853086738276e-01 -1.343604155470775607e-01 2.935436114796004248e-02 -1.570121171260089044e-01 -8.100581727395202991e-01 4.365008758446255466e-01 5.409634173955149561e-02 -4.293065185633149206e-01 5.738506615745944117e-01 8.499999700318229268e-01
5.055517266344213834e-01 -4.796344474195397833e-02 1.091823004690275212e-01 2.090814712404003017e-01 -8.683335685297874362e-02 1.291239609251298437e-01 3.193462746495663862e-01 -2.713669044594359536e-01 4.213015469154078874e-01 -1.622242393141739292e-01 2.316154729262854262e-01 -3.654030144748499076e-01
1.277041731929313417e-01 -8.905136951521325228e-01 3.413363976633091990e-01 -5.153913271118105710e-01 -3.008106346735855974e-01 1.962259135271638422e-01 1.713226421700424218e-02 6.318939852674889668e-01 -4.656331305475163718e-01 6.030650165956871200e-01 -1.120912857133340435e+00 -1.742114643966828080e-01
9.048794866933906889e-02 2.426841708924461216e-01 1.108128575734321913e-01 -3.690077223213645286e-01 1.092087413284065889e+00 -7.757345230835380745e-01 8.739781102099242541e-03 2.631846387096362649e-01 2.860659828300018970e-01 8.080857672613924736e-01 2.446153383396819023e-02 -7.840960396461461590e-01
-4.873278703520879662e-01 3.488747053572986978e-01 6.226606107836574894e-02 3.795564905353840390e-01 -1.797671244831774151e-01 1.490778158298524225e+00 -1.772386359478162754e-01 -3.102068762776227784e-01 -6.209627071299922418e-01 8.311394669175184990e-01 4.808300184892879137e-01 -6.804617253236405761e-01
-1.167595142051276014e+00 -2.306722686211155615e-01 3.076707997733283892e-02 -3.027962832074272970e-01 -7.178521446416188390e-01 1.825308648185767491e-01 -1.281871449016459552e+00 3.193546990868533775e-01 1.264525262990761956e+00 -1.367245004737118741e-01 -4.771127533633647277e-01 -4.646641289189043511e-01
-9.135176297838853987e-02 -5.387251996166834284e-02 -5.271328075545848868e-02 -5.896628483970467460e-01 1.320454324917408884e-01 2.624369154380186142e-01 -3.789478651562482869e-01 -9.729530567130759144e-02 5.491257060994534506e-02 1.063738928614017809e-01 -8.563299347699961095e-02 6.045712351090304360e-01
-2.129769282097481176e-01 -4.117083885936851373e-01 -3.435742571161741477e-02 -7.272522766325275612e-01 -2.804999226453532835e-01 -3.181833167149628050e-02 -2.474429722774192653e-01 5.522029487699510186e-01 3.112486703335111127e-01 -3.141750432304967200e-01 -1.142538092072644951e-01 3.568302335385252211e-01
7.933609279037103779e-01 -3.738020288656752066e-01 -3.031326601001293475e-01 -5.373608563288730933e-01 -4.797698731428584051e-01 -1.106100586249222223e-01 6.800286050180305297e-01 3.679183154218306218e-01 -3.924855440088018121e-01 -7.036552042578859689e-01 -6.814887104989042488e-01 1.428281238639369954e+00
4.423021036181346705e-02 6.439592648187733026e-01 1.894917570932132533e-01 -8.139813022610957738e-01 1.195485256264386953e+00 -7.257754659240347461e-01 7.843963068935171090e-02 2.500178705667363555e-01 -4.856243898703714867e-01 2.769907937611950088e-01 -1.426904663071405788e-01 1.015880242465815875e-01
-2.976086716969947865e-01 -6.576095855247895416e-01 -5.288060022270674870e-02 8.701151979397782066e-01 -2.303452326333549696e-03 -1.932336587581719722e-01 -1.730164579303589689e-01 -8.303648012156641944e-02 1.184146233505687373e-01 1.522986611884048214e-01 1.499877625084849175e-01 -5.658529903620534984e-02
1.984102404936277930e-01 -8.475458854959281307e-01 -1.820187360851545644e-01 7.723925097055805988e-01 2.706172267422351507e-01 -1.688721614644467239e+00 6.909612102840384518e-02 -3.635748126722490037e-01 6.165074291739351953e-01 -6.120200461398457303e-01 -6.013984203087057168e-01 3.923472638613340613e-01
3.925710890805866882e-02 -5.787400970943352707e-01 -4.002267556081545163e-01 1.071253268651665563e-01 -6.249341887007280327e-01 3.526585673551731470e-01 -1.629960679917188404e-01 5.324353676755874849e-03 1.551253713737929196e+00 -1.627459219571150362e+00 1.948502431289931836e-01 1.721516204426327912e+00
3.353526326681455783e-01 9.243065156670299265e-01 -3.663193889758862842e-01 4.499892087016789111e-01 8.372767475223348577e-02 -5.230532153894015268e-01 5.144715590116667459e-01 4.416366314211479516e-01 7.878353503629957899e-01 -3.592261365798565254e-01 7.206506531832080897e-01 -2.538840926290972418e-03
-1.482563704185198561e-01 -9.055167244408875993e-01 8.001332405344073473e-02 -7.294352876954859344e-01 -3.504963717506514448e-02 2.421490652678024991e-01 -2.302331155061821955e-01 -2.178846165742313323e-01 -1.047840087697714945e-01 4.386914965872520944e-01 -3.514345335296175654e-01 3.884248915304475136e-02
-6.210747213476275341e-02 -4.661220836058089286e-04 -2.532616096510855730e-01 3.573224783618633715e-01 -7.738010554969942945e-01 1.199176646762253606e-01 -1.269878752878202954e-01 9.778234273354304840e-01 -4.036857019275290059e-01 9.127623004951329611e-02 4.286524421796564233e-01 5.966079597675234547e-01
-5.089416222634786380e-02 4.529601834800137672e-01 -2.791667059839356146e-01 -1.919440360085432173e+00 1.497414022747564633e-01 5.197645922626670245e-01 -3.528125286277501715e-02 8.129945017237879545e-01 9.377911355465992083e-01 -4.422898632541064634e-01 5.392108237013332195e-01 9.635221168411680637e-01
3.302560353131610005e-01 1.095014382537536246e+00 -3.217030224213495160e-01 -6.274829018138665671e-01 5.064400160436627329e-01 6.765039149719113964e-02 2.481077544173958538e-01 1.857533593660906646e-01 1.264624132161950021e-01 -8.368144937069421641e-01 1.023766233473428988e+00 7.033235945315510218e-01
5.688138131960818189e-01 8.257291845869109415e-02 -1.446613890694561144e+00 3.861687448848996618e-02 1.400249026272212260e+00 7.811553623279915426e-02 5.381048142659919931e-01 3.806257063012153385e-01 9.485356189121899595e-01 -2.759445198032890387e-02 1.767860529534512615e-01 -9.436750882696545162e-01
-4.529275853802484930e-02 -4.175104043323694253e-02 7.393371661932583994e-01 -4.299812090947918164e-01 -2.251124337490118255e-01 -6.422688567847222030e-02 -2.558843067281341144e-02 -1.866090196796940104e+00 -1.692590269445248818e-01 1.544033443617901791e-01 -1.229489787951238283e-01 -1.838680780590356223e+00
2.025317221539152113e-01 6.377095017838181334e-01 -2.764567475468915347e-01 -1.377179278972864074e+00 5.844297617367235631e-01 8.007384417988923087e-01 1.801341652718435882e-01 -7.058800829276594413e-02 3.361029864011330637e-01 5.013228820312776168e-01 4.180691075898264053e-01 -6.641185372052396119e-01
-8.114543797763417166e-01 -1.134340232453376007e+00 -1.542663182439959757e-01 -3.444723921908436903e-01 -5.411801678530948623e-01 1.172164936841520788e+00 -7.736307410463142409e-01 -4.735818268222136695e-01 7.436297582215258828e-01 6.446342111022762555e-01 1.178735322563832233e-01 3.392180910399016369e-01
-3.559300982460513602e-02 -1.151878019302708944e+00 -1.671839792031612204e-01 -4.256192050417437200e-01 9.973433473763064494e-02 -3.606821670920459244e-01 -6.614719280447210747e-02 1.742307482530299545e+00 -7.913539166982205275e-01 6.021025926896185210e-01 -5.554412455827845152e-01 -5.055127117869272491e-01
-1.645973997196761851e-01 5.568141289017718848e-02 6.254042270855724173e-01 -5.997032684830203575e-01 -3.233039470572083296e-01 1.233183780582522426e-02 -3.668680422723940016e-01 -4.055412593795358900e-01 -4.046326280122197194e-01 -6.920040083290325290e-04 -1.644623543926927722e-01 2.523921243956042115e-01
-3.407799217815319914e-01 4.539172728805160872e-01 3.609202308172914653e-01 8.674119312439934615e-02 4.492886279897609914e-01 -4.883816911480192702e-01 -2.461163450994129365e-01 -4.545287819289891007e-01 -6.610971906418524613e-01 -6.172648452201922042e-01 2.867250898040444307e-01 7.629145568668986854e-01
