-7.646306832324493152e-01 7.393959156885077100e-01 -4.654752822211393748e-01 -1.145576424096546170e-01
4.849682015947053837e-01 -1.369711731255771392e+00 -1.282757396607426159e+00 -1.257669461443253089e+00
-1.552163143014761160e-01 -6.076903475640595964e-01 -1.190480550255972103e+00 -2.080899126208299865e-01
8.345274509346428671e-01 9.692362026790030116e-01 -5.109026915030961957e-01 5.944904630340757112e-01
1.249785284371285748e-01 8.968811198932468143e-01 -5.192986961146738301e-01 5.337662702211205534e-01
-1.446329664500666523e-01 8.756010657063377778e-01 9.547631804016643020e-01 1.369463914484825962e+00
9.377444399118580742e-01 -5.439589581925341477e-01 -3.635295847074392350e-01 1.554155492308707531e-01
-2.313565916836209380e-01 1.008821066928882182e+00 -2.467189891940167745e-01 1.086151444547149181e+00
3.193662126148111291e-01 8.745912967195813570e-01 5.005646297675110379e-01 1.673727973119893297e+00
-7.637372970933935246e-02 -1.764620878909812784e-01 3.673956369294388846e-01 6.084336274135910827e-01
-9.342294031881944738e-01 -3.329677091063507760e-02 1.445980684964803586e+00 2.664859495952267010e-01
-6.121132327232218368e-02 -6.170539141050425114e-01 -5.026293344799340757e-01 -1.571056818571034297e+00
-3.130954899749672782e-01 -3.151757519637362476e-02 1.376674264554871963e+00 2.312714883004059807e+00
3.703708340763462448e-01 -1.081751000703294441e+00 1.268119708634189366e-02 -2.587394416640808048e-01
-3.743782161882645843e-02 -9.171193214538940763e-01 8.346671589586903695e-01 5.573213615909076990e-02
3.685517805788130485e-01 -5.793347099435742775e-01 -1.325093827012040926e+00 -6.477996377938122219e-01
-8.492501995579868623e-01 3.928515716876769814e-01 1.741532667255318023e-01 6.067497905055670993e-01
-1.250699163655599189e-01 -5.541624962835179913e-01 2.377221501236758405e-01 1.613416391671089523e+00
4.997482816086447621e-01 -1.554534163802462787e+00 -1.287577553959788901e+00 -8.289707469884516344e-01
-9.155354639846661202e-01 4.827500153862835930e-01 -9.749970108493751786e-01 5.139230550704543266e-02
-9.833939924590976434e-01 7.617585904986732270e-01 9.140437572493309223e-03 4.653950756359450103e-01
-2.626413979923737374e-01 1.406691314954125360e+00 4.386061634550052490e-01 -3.615974939946079436e-01
2.614019506194487641e-01 -5.223493758206684268e-01 -3.385881526937488117e-01 -7.978767599568703517e-01
7.418527191110759755e-01 -1.217521030230081847e+00 7.106176192671194609e-03 6.605255446851112655e-01
-5.714676837987437974e-01 4.375955132007521009e-02 1.756393110813442848e-01 -4.233848406923509250e-02
4.878376052960628484e-01 1.081072528996222415e+00 9.485176498428874448e-01 -9.975558523704414204e-02
2.982186693963914670e-01 -4.267552303708633255e-01 2.807185228068988514e-01 2.890985867823741562e-01
4.596931488339471295e-01 -3.698388989993576237e-01 -3.916561607929786026e-01 1.061256135450241445e+00
5.703414099437952300e-01 1.174455424731707831e+00 4.471691204470460423e-01 -1.486956459721626933e+00
-6.042926148681379006e-01 -1.594374937220139232e+00 -8.121991032170435831e-01 -2.147590422258633502e+00
