-7.537719731113759480e-02 -1.752372624937114653e-01 9.499804489227844581e-03 -2.305922678633073181e-02 5.049868631149113246e-02 -4.898414299810150904e-03 -6.106571863039533810e-03 1.060902378645439403e-01 -7.542775380066309848e-03 -2.821678741978468630e-02 1.075981980482384748e-01 6.116814554708822210e-02
4.684348380498844222e-02 4.396413873519115778e-02 -9.320333431082131886e-03 -6.333716871816230665e-02 1.231761952020238998e-02 2.095201112640526775e-02 -1.820826687597812132e-01 5.982364452333936017e-02 5.733694781275291974e-02 1.779589682050461141e-01 1.691893207090026108e-01 -3.064912251643767682e-01
4.067077490097327497e-02 -1.203148640395799995e-01 2.880418433067024123e-02 -6.508631491118434947e-03 5.344830988902087021e-02 3.869566246107873642e-02 9.685624332266655478e-03 -2.563962295074239534e-02 -4.532027820367579701e-02 2.730309607589498366e-02 6.818933816184671870e-02 -2.654375128281519225e-02
4.665740324011408147e-02 6.957081531840447752e-02 1.279256472893171570e-01 1.531038153434133298e-02 -2.805736828384582798e-02 -3.106145455208385309e-02 -9.552400353860364401e-02 -2.705167593809406495e-02 -7.381179553200183097e-02 2.223903641507832957e-02 2.548163608194125435e-02 -1.588519872381173315e-01
4.613362013404449097e-02 8.940548641875258051e-02 -1.143012816915341123e-01 -1.174545941186487946e-01 1.317056328028140891e-02 4.116454230263971725e-02 7.797715713700387186e-02 -8.973946830444462508e-02 -6.430634160501835783e-02 5.048754815141442975e-02 1.090160199744586583e-01 -1.190122565935202228e-02
-3.315117115760560923e-02 -1.018948497189923197e-01 -1.973273722497656882e-02 6.526786876467066678e-02 -7.019818855402834568e-02 9.105442419872279702e-02 -1.130390158359095287e-01 -5.905734170037023334e-02 1.067580364310093538e-01 4.821843344909424942e-03 -8.655682404447859191e-02 2.484733415842058958e-03
1.155457605729498793e-01 -2.223348277243706594e-01 4.088133219806545926e-02 1.252008510270223307e-01 -1.150936789619581291e-01 1.146435080235056053e-01 -1.901846019879993577e-02 -1.438757712030410696e-01 2.872332791049555384e-02 7.092848650422343970e-02 -9.446085599316923764e-02 -1.480069353710795343e-01
-6.419195957604338643e-02 -4.550662933921169329e-02 7.960448082176854734e-02 3.492623978855941003e-02 8.970973810480209129e-03 -9.602219531976002864e-02 -1.866644597565872976e-01 -9.968167364251630247e-02 -1.313337246494445699e-02 -5.498024108581853371e-03 6.754121917769281835e-02 2.455139145466763047e-03
-1.898434175275030000e-01 9.134228276560238391e-02 -1.042276548208133924e-01 1.513347623779005835e-01 -1.675024801466893920e-01 1.222134893031377179e-01 -3.502060545375663275e-02 1.584361461327517262e-01 -8.739721689124715920e-02 -2.740442813948750292e-02 1.067060201365163316e-02 2.056545653748396985e-02
-2.279505110511015689e-02 -2.343212886490195213e-02 4.171345782807991953e-02 -1.346501479721719519e-01 -5.122906411791151166e-02 4.979240153340523667e-02 -1.278172337533033803e-02 1.851956106090571832e-02 -1.911117390094942484e-02 2.943029477737210686e-02 3.564802605837252142e-02 1.170335761562466548e-01
1.352681897906513608e-01 3.598675447104056346e-02 2.286771398136118807e-02 -1.173771788357999279e-01 5.107749706009087620e-02 -7.345852380318669550e-02 3.161449818813768381e-02 -1.370840691028806999e-02 3.911418384251111324e-02 4.761684532182333326e-03 5.501910892984523960e-02 -1.572487971855670609e-03
-1.393027240488997065e-01 4.713501431042455350e-03 5.594506899408545342e-02 -4.079860165035589098e-02 1.247373367409543299e-02 4.684020867802743404e-02 -1.498789516461850324e-01 -2.812752495549942361e-02 5.357983015335050780e-02 -6.428292936045326700e-02 2.004695320987324725e-01 1.555566019448633708e-01
1.023118775202810915e-01 6.376393852089637382e-02 -1.319196302931269216e-01 -3.469955587105618289e-03 -2.596410630804123904e-02 -1.794743291312916530e-02 -4.744416715024787901e-02 3.874685744382921904e-02 -9.641326948872136482e-02 -1.376748733387113122e-01 -1.039013921571699250e-01 1.098466295144285565e-01
-2.284357651716494367e-02 9.615136363389601218e-03 -3.215245823293856609e-02 -1.238000555280130560e-01 -1.171992077657940945e-01 -1.060698107003376148e-02 -1.326379030547758693e-02 -5.314470404664796421e-02 -2.473870772851318248e-02 6.269622114475266461e-02 2.059996575286636433e-02 4.505781187225454953e-02
1.730515846045588835e-01 -1.815927576339848581e-02 -1.172928190503711027e-01 9.579013646756875944e-02 1.478412768994104461e-02 -4.991534920982203423e-03 -1.448415118655581590e-01 3.628041980891610896e-02 1.348865304818532562e-01 8.300713652726909864e-02 7.506766777466537810e-02 1.058587220362002534e-01
-1.195079020191689156e-01 7.259754721385770770e-02 -1.104671524747569966e-01 9.107813489263344442e-03 -2.919213779370407116e-03 -4.534529621460799131e-02 1.122136425770627055e-01 5.099097441604154290e-02 3.994630834258051932e-02 -3.612780074320212642e-02 1.349774048702923925e-02 8.250068527515982963e-02
-9.601601145506172275e-02 6.910534455481752436e-02 4.332647940188323610e-02 5.051096581495385929e-02 -5.084115435002967837e-02 8.337713028363591405e-02 -2.982009648042136668e-02 3.622869719508647196e-02 2.298294238808233081e-01 -7.896668782501106709e-02 -1.945537750310410291e-02 -3.466082767907785467e-02
-2.713002859563146824e-02 1.433773769442727060e-02 9.394956595233278085e-02 2.843501717749383206e-02 8.777207118728375113e-02 9.167394760694416722e-02 9.037583480622973786e-02 1.214083591661729439e-01 -1.317731975203730310e-01 -1.135387682291695843e-01 -4.218627982671533522e-02 1.215543647768709164e-02
7.526796317970230188e-02 -6.679443802700612762e-03 -1.255617572986624797e-01 5.661673712224047500e-02 2.214279891829041419e-02 2.862461270079085657e-02 1.756707384880739492e-02 -7.844731346069908073e-02 4.740412386127809685e-02 1.491244145008462918e-01 -1.607202900077471172e-02 -1.194539329309599746e-01
-2.359287820927327695e-02 9.472896579446002385e-02 1.462548160286313848e-01 4.418782244020447517e-03 -2.758026853346030871e-02 1.388185879289252633e-01 3.694317506748020369e-02 -4.848423356952786395e-02 1.328353215824351063e-01 5.358584175381381903e-02 8.075018551088811170e-02 -7.035321901539107886e-03
1.658745944633232827e-01 4.581423405939059196e-02 -2.792623589331295203e-02 -9.993428124103760635e-02 1.238656091519435565e-01 -5.930020354078982536e-02 7.493332268187288814e-02 -2.715033903182726555e-02 -6.653934387239242298e-02 -7.477250305220525806e-02 1.057067561526081334e-01 -1.299918357219135567e-01
-1.037708988620707207e-01 2.248485876536086836e-02 -1.565490969884206773e-01 5.739012507653439010e-02 -1.472846325649818655e-01 -2.110926608184297143e-02 2.243299911059448704e-02 3.224236825716225718e-02 7.369968094628986943e-02 -3.320301577818020322e-02 1.112511394086261769e-02 -3.118264268793613861e-02
-9.593525065310501421e-02 -6.270790134007273031e-02 -7.309853111501965050e-04 7.570857199543756799e-02 -5.765790908934834841e-02 4.724903133333109573e-02 4.490357962602106734e-02 1.839792209119815031e-02 1.669087703839780557e-01 -9.205041636415589243e-03 -9.082721815038591329e-02 4.732214183294990162e-02
-8.052411844913581751e-02 8.608263161283881762e-03 4.615450822958370308e-02 5.297032477150768331e-02 6.444373988037291334e-02 -8.090711038728916338e-02 2.281766240941233981e-02 6.050972273744861796e-02 -2.462289555825238410e-02 2.067472478286879606e-02 6.873598268254099697e-02 -1.244873367097540807e-03
-7.586773495844799375e-02 -1.466280147099427167e-01 -6.916133478155322978e-02 -1.234741004365150358e-01 2.673002768994477835e-02 8.838725664979714403e-02 -1.016262389836171398e-01 -1.212833686375794084e-01 5.975268632920616163e-02 -1.749648212335542796e-01 -1.197405590585348817e-01 -3.852521616001388163e-03
-1.214786479890734086e-02 -1.325069917078567847e-02 -1.041996367055067207e-01 -7.489370924012053038e-03 -4.272165290258141818e-03 2.543453109622314037e-02 5.671294036746247352e-02 -5.381511692324070922e-02 -1.199607490873269011e-01 1.088881539969857037e-01 -6.252363666501055406e-02 -8.092897014315533766e-02
-7.199358906135278069e-02 6.782465678681744159e-02 -3.095787701193186692e-02 8.924997960117227180e-02 -2.696363369883044564e-02 -5.682645675899640481e-02 2.988894298003445110e-02 -8.645522471405212711e-03 -8.186070885244965678e-02 8.589099384390537495e-02 2.020686967548838975e-02 -1.531054761568861888e-01
-1.437883711670195561e-02 2.807186289325277334e-02 1.095551027354340137e-02 -8.766752481155444532e-02 -1.589194254690662889e-01 3.501946575104362969e-02 -1.519257420480918386e-01 8.274324252468333134e-04 5.546135208523781529e-02 5.039294434178438579e-03 6.933892505529806738e-02 -5.763278199819804604e-02
1.139894681463539255e-01 5.180462423475093448e-02 1.208306824409800528e-01 1.488434011435112170e-01 -2.909642316669687825e-02 -1.770535991471409165e-01 -9.845180260785253712e-02 -4.472011778900179813e-02 2.016407264108764988e-02 7.605267319370896673e-02 5.580757985143400962e-02 7.818794759660621652e-02
1.584609861935607628e-02 -6.062779089158829710e-02 8.684473793596717006e-02 -1.389552747043900360e-01 -1.006190621783989714e-01 -1.554829416344373494e-01 3.524480738943802389e-03 1.136578760015903578e-01 3.402139789839737916e-02 1.057453809729238109e-01 -1.079271423261451424e-01 3.416963761998914606e-02
7.480799984237468392e-02 -4.474530550662617068e-03 9.471298882883322223e-02 -6.407802058808959034e-02 -1.940360716478847780e-01 3.063044922624653769e-03 2.534510727595975371e-02 3.044852710700789167e-02 3.278080730944844812e-02 -1.063429350990044431e-02 3.062238432894080764e-02 3.696676231975779686e-02
