-1.002621321434629675e-01 1.857035677725623057e-01 2.311714192252922739e-01 -2.232463576681059103e-01 1.268089932508293938e-01 9.299342163433897690e-02 -1.467378186613823021e-01 -5.746854814923540306e-02 -7.117490886814954731e-02 1.920995809298173818e-01 4.313086545097389868e-01 4.349332842199384042e-02
-3.619551649807309923e-01 6.159777138165747207e-02 1.724842460552746259e-01 -9.316127305936701408e-02 3.572961299130430340e-02 2.985688626858468142e-01 -2.056181291990325233e-01 2.289551658210486895e-02 -3.368346449196728959e-02 2.935474794171740176e-01 3.984332902439217117e-01 1.062963655716065992e-01
-2.754950621620163576e-01 1.930360710996403273e-01 8.632299657349823407e-02 -1.930338658418131459e-01 1.053738421240527079e-01 1.145199790208006191e-01 -3.590271790609400049e-01 -1.113219415045899885e-01 -1.279996995610947208e-01 3.433732268054376924e-01 3.695476151142549348e-01 4.926056659687799710e-02
-2.614950873780544915e-01 1.689521620944793856e-01 8.243996108146797730e-02 -1.542135696538862177e-01 1.290072224259090627e-01 1.175222446465448572e-01 -3.053808716877799978e-01 1.044543741565285566e-01 -7.065376646890045298e-02 1.884920905235291100e-01 1.455716380688111544e-01 1.559591855759983325e-01
-1.994249683563739106e-01 1.057223471774684509e-01 2.799719132950908573e-01 -5.062607473774600325e-02 -3.249078645426011630e-02 1.465764016429320638e-01 -2.213841312896857871e-01 -1.220014536377369979e-01 -1.618889477431540158e-01 1.921527504210705506e-01 2.650296908514050975e-01 2.692219478150162382e-01
-2.027606799026606677e-01 1.318696541836136826e-01 5.475779434686064984e-02 -2.631893973270798548e-01 1.534201561796406099e-01 3.083842470455483431e-01 -3.255884712739363640e-01 -1.291663166341613933e-01 -2.321201815571472260e-01 2.503616939013463272e-01 1.909767609854056414e-01 2.233191105282177624e-01
-3.026472595825070444e-01 1.874922155426347326e-01 7.146403546701116105e-02 -1.846553910056174530e-01 2.947325049609775260e-01 -6.400681473072361745e-03 -1.985699858398383144e-01 -1.006609585195206158e-01 -2.583925209907028120e-01 8.817953310537550438e-02 1.579082614433259535e-01 1.896221473579087491e-01
-2.687251409085347209e-01 1.328311945417346429e-01 1.607307404024003183e-01 -1.980263259030443646e-01 6.360765139133652511e-03 1.276409837783965551e-01 -2.940643343315452740e-01 2.718724169101547489e-02 -4.933699554804710924e-02 2.747621315726677116e-01 1.900929979567670125e-01 1.284324956428107567e-01
-2.377565358200348089e-01 2.361537024581026878e-01 2.146412681410324041e-01 -2.424710320538356889e-01 1.207983802454468125e-01 2.243094265782957231e-01 -2.087915385155388048e-01 -7.671527009575757061e-02 -3.175848811915037984e-01 -1.363510349966653816e-02 1.746947408912853106e-01 1.396448536711654143e-01
-8.137478089025237948e-02 8.911940830915873746e-02 1.079635601813022650e-01 -4.926164824746436660e-02 4.561909251168966978e-02 8.237083703565344084e-02 -2.430604590167775025e-01 1.292381208318061914e-01 -1.923145785379274664e-01 2.176584133971303237e-01 3.396182087066988986e-01 2.259036510121032182e-01
-9.380847225777599885e-02 7.558383392464362860e-02 1.051502315313108393e-01 -2.268777830660853589e-01 9.547334925551248519e-02 3.168401071997128948e-02 -2.484948952891254115e-01 -1.550461367847174587e-01 -2.155151338627002422e-01 1.891247954949120125e-01 2.434409145631923066e-01 2.715254521259506948e-01
-2.152395644394983210e-01 1.551314236301678529e-01 3.402339338395765633e-01 -3.652485832251555764e-01 2.827806635504290234e-01 1.263543127148547551e-01 -2.319196057964394708e-01 7.982323217688233608e-02 4.931810187970269571e-02 1.686749432827674977e-01 3.778855649324885935e-01 9.583974829266281303e-02
-2.622404125392345797e-01 7.332729186195036108e-02 -1.264121757053607298e-03 -1.007596950288857790e-01 2.395543286338875158e-02 6.016743120907152437e-02 -2.720583000443202448e-01 -1.096146960793870639e-01 -2.076046665842161409e-01 1.843886477487725606e-01 2.370915825263525123e-01 1.250341204267794437e-01
-2.098117978131275319e-01 -1.203297900774417603e-03 8.767693106863744257e-02 -1.807729738167565547e-01 9.143587258121865791e-02 1.729237504283127613e-01 -2.316209383648408504e-01 -2.035479250948460384e-01 -1.669906224576827858e-01 2.729429231179764104e-01 3.188813206223930496e-01 3.149931900716599481e-02
-5.979297426861930609e-02 1.636877101579227722e-01 2.083848696924770483e-01 -1.830909154817650930e-01 1.136049095494896521e-01 1.979952799170228359e-02 -3.865079223090281402e-01 -2.314980464272693023e-02 -1.804580315402391777e-01 2.770951257200383183e-02 2.785197913080356136e-01 2.381911591862349298e-01
-3.431923085307443388e-01 1.888347192115119588e-01 4.973780982276956864e-02 -6.661523405687257149e-02 3.365949317171228888e-02 1.446939441601778897e-01 -1.520656905166878070e-01 -1.421640943198555496e-01 7.693102690086402184e-02 2.220763542518399136e-01 2.562080461095945783e-01 1.058180260418014988e-03
-1.259455941005988566e-01 1.488320493339886363e-01 -2.806229253235159940e-02 -3.512078785963616556e-01 8.920247028048866600e-02 2.425417728597535905e-01 -2.952779130864819357e-01 3.089384442074010612e-02 -2.228928072043141195e-01 2.504887869059299610e-01 2.695721851131230307e-01 2.979292504938290675e-01
-1.368500088771906209e-01 2.182851602056711804e-01 1.740682529065741904e-02 -7.426722280673740684e-02 -1.389217002715832476e-02 1.695115325294376252e-01 -1.494800121288920036e-01 -2.673489049026231412e-02 -1.979281678163743174e-01 2.819004344971082765e-01 2.246919648216947063e-01 2.447118255961820144e-01
-2.540320373489535211e-01 1.198075360132361267e-01 6.446484116957271193e-02 -1.283298993270226007e-01 2.920118661800926232e-02 1.888579318034267485e-01 -2.609711257244002325e-01 1.033622090837365004e-01 -1.201822759363236209e-01 2.981449666961908940e-01 2.905594460812803148e-01 3.556023630039939487e-01
-1.081144722901586364e-01 1.565632997975960894e-01 1.304430563445855284e-01 -1.328707715315241567e-01 1.427195716900309663e-01 1.237218323918281987e-01 -1.983471395443868468e-01 -9.138348296260587200e-02 -3.020025260525046051e-01 2.151598265716924141e-01 1.315705012665352169e-01 6.136109156764603390e-02
-2.501151806940038469e-01 1.956091977695306183e-01 1.238031746589301485e-01 -2.620286568473397248e-01 1.373268528957856116e-01 2.294183344426632964e-01 -4.668975108459255119e-01 -1.055551996215965960e-01 -1.534256822277285381e-01 2.542076374213932954e-01 3.061874809502853623e-01 1.654806694027440017e-01
-4.454135178467572009e-02 1.304993814830767151e-01 1.747079320909030731e-01 -2.259318407137124174e-01 -1.469147263418880793e-02 3.906653316659356584e-02 -3.103494641848130731e-01 2.324849035868364888e-02 -2.599818105189281581e-01 2.035100628794348498e-01 3.194660652672520751e-01 8.848010266549860559e-02
-1.346974429803465267e-01 1.894478025844529290e-01 9.558274801794652831e-02 -1.957944962532203181e-01 3.469495175556831096e-02 3.744268865809665670e-01 -3.756184295735072731e-01 -8.382392029933805055e-02 -9.969577493011545777e-02 2.581272534625594917e-01 3.201540147710745243e-01 1.157368949738298292e-01
-1.676419663428815876e-01 1.326354888887262828e-01 3.002890286459228980e-03 -2.137837055533305386e-01 2.250936669893759470e-02 1.614783016499635737e-01 -1.838359404937458808e-01 5.742008235911214703e-02 -1.564339415105701347e-01 1.945545284695374133e-01 2.035259157269986574e-01 9.254268927753614427e-02
-1.422557771891312384e-01 9.304000278557525427e-02 2.184189847073042534e-01 -1.139831583172753321e-01 2.202929773356851473e-01 1.934675162864901710e-01 -4.657401782866036899e-01 -8.985250501595008765e-03 -1.622557209156857694e-01 2.417841826009730632e-01 3.159458385279950710e-01 2.132547624746717607e-01
-1.114460730547701950e-01 5.661327027484747837e-02 2.482363258441407372e-01 -1.748479668247708840e-01 1.276020977620432317e-01 9.561597931284930574e-02 -2.119153924339148565e-01 2.014819570122440839e-01 -7.239307465884689541e-02 1.767353258451998532e-01 1.161628156649451987e-01 -4.937731489493542292e-02
-1.637377696263444538e-01 1.228979390409173089e-01 2.202003132249004125e-01 -1.835009824785584498e-01 -5.920245298616037127e-02 1.290798461412361320e-01 -1.827094525230993638e-01 -1.473603088437750071e-02 -2.270192734525287859e-01 2.246692220620751801e-01 3.309526021140892782e-01 1.458207092190580978e-01
-2.235119243948132176e-02 2.717710557835583129e-01 1.458226105396138172e-01 -3.020425313153908831e-01 6.264711555770927087e-02 3.099634887227228353e-01 -2.499564344925295223e-01 -8.547752421955417956e-02 -3.268769175348310019e-01 2.374017746899658721e-01 2.334406530856661111e-01 4.170317476514842636e-02
-2.400035918069026164e-01 2.746151776930677579e-02 1.879848884672292719e-01 -2.823433490635225973e-01 2.467176573434819997e-01 1.437185721756354950e-01 -1.879881038913605307e-01 2.256433438334375097e-02 -7.922458855309134906e-02 2.236009118656712147e-01 3.827744419363579009e-01 6.495920255136775068e-02
-4.807269767942702610e-02 1.957670103859700528e-01 4.641624838707957695e-03 -1.032492002652940916e-01 1.342601907226370628e-01 1.381346732711831726e-01 -9.899701882867577296e-02 1.995736697299606982e-02 -2.741743607867028754e-01 2.723733016977984978e-01 3.387260141718454465e-01 7.912349183571668054e-02
-2.110489680112846989e-01 1.021419463930696436e-01 1.689406799056762318e-02 -1.874946296191359885e-01 2.224954881278259355e-01 1.855128398046859139e-01 -2.782374998085631046e-01 -2.385322788032611108e-01 -1.348301268478234727e-01 2.750338645009679506e-01 1.822085856688662464e-01 2.469351959365989890e-01
-1.659542966340142867e-01 2.156255298112031982e-01 2.463410941153381661e-01 -1.787561324716366862e-01 9.355959601393948333e-02 1.809865963647261933e-01 -3.987145461512797140e-01 -4.555268667862970994e-02 -1.546432376226793692e-01 3.110592852336596104e-01 3.595759653126112676e-01 1.303334098741491254e-01
-1.997097377634015625e-01 2.091699625856105471e-01 1.571678767945826338e-01 -2.680972194088158678e-01 2.035270733507800744e-01 3.393553830028740032e-02 -1.023970148470257774e-01 -2.887511446338448806e-01 -8.686116916953511013e-02 2.221957452259368249e-01 2.822386733446745621e-01 1.042498679038891540e-01
-9.143805411671621086e-02 1.054179380129866284e-01 8.639712766279231126e-02 -1.854022164988084476e-01 2.244121922785275447e-01 1.454673203997150499e-01 -3.817002698867651422e-01 -1.485620303405612574e-01 -2.796051149620009668e-01 2.175542144676249623e-01 2.949756659242100953e-01 2.043501325666141899e-01
-2.604327714149095030e-01 1.237232367651820708e-01 2.679273605763986543e-01 -1.721289693827059986e-01 9.985268473129776945e-02 2.788278792504226833e-01 -4.241474620891235170e-01 -1.295768858499175558e-01 -5.065125337056012450e-02 1.849281723189850069e-01 2.162629689525573939e-01 2.299266410223463064e-01
-1.577513973566889161e-01 8.756361905201090479e-02 6.796564709128391502e-02 -1.075448393946506348e-01 1.497992541043933756e-01 1.673978863800685835e-01 -4.144258168799341280e-01 2.193212678762447854e-01 -2.407805131265443321e-01 1.894046747108933948e-01 4.067712672436403221e-01 2.034698784710866487e-02
-2.368946359460570306e-01 1.561055258632281784e-01 2.283000068764223789e-01 -2.536160823413315946e-01 2.769216900735482420e-02 1.711564738556370924e-01 -3.138166836175202978e-01 -1.254666293578648451e-01 -1.607942544855655853e-01 2.170171862409037145e-01 2.480389509035896001e-01 1.382448356884314056e-01
-3.220529912182509280e-01 2.230564766165656909e-01 8.369167013022663082e-02 -2.289934617522666471e-01 1.639824018997118604e-01 9.444893205760170052e-02 -1.256219096569323179e-01 -3.515571150966256136e-02 -2.437264149609106034e-01 2.592981435419506320e-01 1.338372691779680379e-01 3.636419966781791885e-02
-3.720833486580091831e-01 3.609703434595048499e-01 9.200650170665150562e-02 -3.290642349197788197e-01 1.109778260445966613e-01 2.477854573710693287e-01 -4.916728913030648518e-01 3.540286040385562938e-01 -2.645938089770820123e-01 1.709925014055115877e-01 2.121488375559290873e-01 1.261978156361197589e-01
-2.645162294046075058e-01 2.920172520380954206e-01 6.735983286446078910e-02 -1.637567049801300634e-01 2.460209028897374917e-01 4.072036032015004942e-02 -2.598936647280899459e-01 -2.317362831270793760e-02 -2.499020587375492541e-01 2.034005814085779740e-01 2.269840894493315442e-01 -5.175557202323790434e-03
-3.711271648338411444e-02 1.038540885573817907e-01 1.619638626474396714e-01 -3.032504149977726660e-01 5.887566050458398897e-02 1.801276500852083684e-01 -2.329564230226758015e-01 -2.268608367752938948e-02 -1.913492180345096882e-01 1.620226501913545891e-01 2.566671671160168366e-01 1.480694798408573876e-01
-2.832390572064994450e-01 1.236274384528333048e-01 6.512945401944481016e-02 -1.351449055482745187e-01 1.227098108306288460e-01 2.254428610630041050e-03 -2.347607108388085340e-01 7.893774989461030400e-02 -1.920885084474132851e-02 3.169859732463692903e-01 3.445942927624175978e-01 4.371367544818486328e-01
-1.876116946798747631e-01 1.967674153189627462e-01 9.530038213097485889e-02 -2.126991767285096868e-01 2.091571951383959238e-01 2.210856085041511612e-02 -4.256075131069921302e-01 1.228027992779176861e-02 -4.125361759284765922e-02 1.857995430855818864e-01 7.388871238614651282e-02 2.036238820863576493e-01
-1.514088998632958649e-01 1.081208458142044471e-01 2.358747505465388309e-03 -3.112418685045046929e-01 2.327268893004925121e-01 3.410125486663135863e-01 -2.411794022808786686e-01 -7.627945478435413373e-02 -2.264949160777122439e-01 2.270253534431697640e-01 2.759604572133677602e-01 2.492390553520411889e-01
-2.559766908103261462e-01 1.376785087205419367e-01 1.417811196009493568e-01 -2.350130292115958919e-01 9.178761235883081682e-02 1.774655364660878698e-01 -2.627993588859705021e-01 -2.000679623773606031e-02 -4.537619370090442000e-02 3.553001017264988404e-01 1.584266237261745258e-01 2.020697298176685475e-01
1.653629362934513555e-02 1.837630143241867908e-01 9.571786643060595234e-02 -2.188338097842508767e-01 1.492702244056878236e-01 -7.128064325912023859e-03 -3.639489401249102474e-01 1.594339381908123077e-01 -1.414042957649202237e-01 2.718551123017663995e-01 2.381591293136031406e-01 1.995507111902076469e-01
-4.056427190360514801e-02 1.395950771284546477e-01 1.080173875146533125e-01 -6.877363434581525159e-02 1.066717857919662338e-01 7.022502241310123183e-02 -2.993482123380555859e-01 -5.734573539849343454e-02 -1.517260360504199268e-01 1.173240390656547366e-01 4.056579263702001503e-01 2.407628293094941918e-01
-1.426030042972589174e-01 2.254705100111761285e-01 3.293875729011947473e-01 -3.719823553573153307e-01 3.736075847485770957e-02 1.178473757100614167e-01 -3.477087520980164936e-01 -8.695633156968446409e-03 -2.806382758158592616e-01 2.141587375099598956e-01 2.674604840360273461e-01 2.150698439712152299e-01
-3.685759230090731586e-01 1.252233696354794201e-01 2.683094225634187202e-01 -2.461112565864363999e-01 2.070788944913378171e-01 2.299898277719931161e-01 -2.691647150221695983e-01 -9.069785143764391711e-02 -6.614483604379854664e-02 1.948107585386597007e-01 1.151748717802180272e-01 3.255404273888014011e-01
-3.629159198681912724e-01 1.975047502797073196e-01 2.315537582624536128e-01 -2.062900842547351621e-01 2.438687366454514449e-01 3.779441310891686889e-01 -5.181177316801992561e-01 5.394433569582342963e-02 -2.175198388572474884e-01 1.579386717153837272e-01 4.783216371852122561e-01 3.079033273919949965e-01
-2.201098145893832791e-01 1.175683552246750418e-01 3.381244002488278944e-01 -1.924211192440248852e-01 -1.569416432474165513e-01 2.990882643531799223e-01 -3.926271401371535519e-01 -4.073598806780010656e-02 -1.796927301441491320e-01 2.736736098504516379e-01 2.788679706175105633e-01 2.329978107795110109e-01
-2.303303970102102971e-01 2.494398370860766434e-01 1.616866887328947122e-01 -2.156526609168049058e-01 1.905604774737969520e-01 -6.816761979784004277e-02 -3.020914268137143144e-01 -2.086220258922866222e-01 -1.885975087776261827e-01 2.478740113594248839e-01 3.957072026208131588e-01 2.248719116725244882e-01
-3.243274459101088691e-01 2.237862367608907666e-01 1.274292556638673413e-01 -3.300271888017017319e-01 1.335227821870044185e-01 6.370296836320062106e-02 -2.551800280248486819e-01 -9.952625290273098280e-02 -6.304538500740757001e-02 1.835110941341091539e-01 3.474116132848406036e-01 2.642487496940402192e-01
-2.376865792432853453e-01 2.851207520576951038e-01 1.877475197520014905e-01 -3.113139375851111876e-02 1.257919783956444326e-01 1.221071802344084328e-01 -1.741336177829025667e-01 -3.353037633015312075e-02 -2.856701924618704203e-01 2.178823221863494530e-01 3.357476616885024523e-01 2.135261240263448823e-01
-2.738652518536992542e-01 2.383383609386521135e-02 1.263273367417024895e-01 -1.438317040031871219e-01 1.195733685883400010e-01 7.814098236297063738e-02 -2.869461840970653488e-01 1.826354244459723053e-01 -1.336541979286779147e-01 2.345237167144154089e-01 2.165982230211876691e-01 1.697173436376470390e-01
-3.197856422369000917e-01 1.679384391267567667e-01 8.713820123272469909e-02 -1.784576601281329111e-01 1.759838185703644364e-01 1.809094003601428025e-01 -3.107928123935921882e-01 -2.036045546973967724e-02 -4.640764353541027704e-02 2.673672060483683888e-01 3.868467376100178656e-01 1.900190032505968130e-01
-2.372553173219874023e-01 2.510879984504006401e-01 -3.263689158241701860e-02 -2.429393895228263989e-01 1.193630087464058187e-01 1.551683070727354896e-01 -2.560967520670173747e-01 2.172190596555383796e-02 -1.779898422046121420e-01 1.886163748953722519e-01 2.361804060810702988e-01 5.143009712864841931e-02
-9.689557480819666058e-02 7.572018794182433510e-02 8.854563616309849006e-02 -1.757019474612427357e-01 -2.320633360946973769e-02 2.911171747541581034e-01 -2.568964686318260804e-01 -8.251900201221254449e-03 -1.320043446369322249e-01 1.703676690028220753e-01 3.394759338130084458e-01 8.117036705469726776e-02
-1.284173526429989165e-01 1.134350292804458260e-01 2.444461450536709601e-01 -1.336554426994928657e-01 1.682514056960053295e-01 8.756478695588985894e-02 -2.252981850039068867e-01 -5.110735182486565026e-02 -7.603063367019867458e-02 3.264540768022662909e-01 3.557066061032444493e-01 2.701892326584235948e-01
-2.975522774699727035e-01 1.429782246556453584e-01 2.661938770481092620e-01 -1.324919748063090597e-01 8.142425417588772252e-02 -5.659207540072002524e-02 -3.700831709893365740e-01 -5.169988618385226026e-02 -4.966232017219871647e-02 1.192937734049866888e-01 3.723548949633993521e-01 2.161227437929074402e-01
-1.021881164386800878e-01 1.378017023280975750e-01 2.432577557589837847e-01 -2.959468272312876791e-01 1.615892738110072946e-01 3.362291153341710054e-02 -2.330932681981464916e-01 -2.069074339707565602e-01 -2.022330091917306227e-01 1.843770903522340410e-01 4.523383335465923638e-01 1.029578859620778886e-01
-2.159557287169149853e-01 4.915197119027147482e-02 1.976938950389931504e-01 -1.665761342888010255e-01 9.061706445933656595e-02 7.373317679049538886e-02 -2.293056866833057816e-01 -1.860465903438296986e-01 -1.992374658356524109e-01 1.343486358119567736e-01 2.930755938021170071e-01 2.683724254698788975e-02
-4.631174445103350967e-01 1.109496490304845151e-01 3.676206311901799584e-01 -1.828044195948529405e-01 7.094576806905739108e-02 -7.073503131673329614e-02 -1.003283652153568878e-01 -2.310407419432254084e-01 -9.380935317713252897e-02 3.817180650949398846e-01 4.627686138872498800e-01 6.542211284500784041e-01
-1.875716670422906129e-01 1.658867485811501008e-01 2.355956491131591113e-01 -3.074372618614416575e-01 2.607193984194717054e-02 1.723408279008180055e-01 -2.298039289868939739e-01 -8.808999758884905606e-02 -2.108875065466276622e-01 3.109997511423931993e-01 4.378052008766392111e-01 1.008584571945705943e-01
-1.039063533272993611e-01 1.343209816228201903e-01 6.905356095211070966e-02 -2.249603416997404404e-01 2.365355583876336057e-02 6.810511589429425749e-02 -2.782418406682606871e-01 3.159735208707367682e-02 -1.935370919425759284e-01 2.578431705532006069e-01 2.931919137377656526e-01 2.004653241733631297e-01
-1.144188315194041017e-01 1.572577351727529882e-01 -5.177209212948551131e-02 -1.856305855739358579e-01 1.253189242340319032e-01 2.977761848517048726e-01 -3.699476110167219667e-01 -4.708179305198419845e-02 -1.729316812074536969e-01 2.552465541865832077e-01 1.675665662077900631e-01 1.925920143670989126e-01
-2.456089140178550623e-01 1.675859470144045460e-01 1.806820598609759632e-01 -2.326793130130557219e-01 6.625222311890221170e-03 2.528513794815335225e-01 -2.110480873901528776e-01 4.616490602994511444e-02 -2.520208631114488340e-01 2.375567373495951484e-01 2.304759259341591371e-01 1.483966013752426039e-01
-1.312285365640783463e-01 1.081004438291370273e-01 3.648914712800807592e-02 -2.829174326772936898e-01 6.918076097279571290e-02 1.341072927593621178e-01 -3.919550865479929924e-01 6.713857282677071492e-02 -2.463881131233272292e-01 3.138234022386610089e-01 2.273407922074760779e-01 9.313683051805465851e-02
-2.211220367969142786e-01 8.508605143550801442e-02 2.292274762442667035e-01 -3.074435923162738837e-01 1.335946909615826073e-01 7.149051774837576756e-02 -4.598233440264216099e-01 -5.433428024249162963e-02 -1.165781110146884986e-01 3.901258396910015636e-01 1.906569246161902431e-01 3.047783014642798660e-01
-2.146204394494504730e-01 9.308801451384637882e-02 -5.771545265639467515e-02 -5.746215129850542475e-02 1.482722976090222744e-01 3.265915192923082300e-01 -2.246459437045977559e-01 2.603038408643991268e-03 -1.017516122320288458e-01 4.251205253000871487e-01 3.419551023552346303e-01 2.824297289026433400e-01
-2.922072141598338613e-01 2.810762453582649895e-02 1.276079939867479363e-01 -2.539734164406192707e-01 8.484175668804092019e-02 1.611365194351826458e-01 -2.397292821130705132e-01 3.127446709471959352e-02 -1.106142685265473075e-01 3.249971569448290576e-01 2.434526315161829879e-01 2.627923983498943739e-01
-1.586048130162492908e-01 9.557318850095011808e-02 1.971190546342972416e-01 -3.649296634639974113e-01 -2.774089786404025995e-02 2.721280772792893932e-01 -3.099781202442192796e-01 -6.002424333236305171e-02 -2.487258656225524167e-01 5.935328049854984855e-02 2.729268079310441797e-01 1.303568082221529534e-01
-2.004628023232513101e-01 2.091201237078193498e-01 1.001384040022696154e-01 -1.074578311587246066e-01 2.669407981602211488e-01 1.990149332757316647e-01 -2.197163945358256154e-01 1.225317604135399141e-01 -3.251549413119658172e-01 1.336555030105852637e-01 4.443225101538247346e-01 -5.219379657438402015e-02
-3.274068140370849367e-01 5.969837545655421601e-02 2.853116468057919630e-01 -2.243928729352208107e-01 1.438249285336631322e-01 2.094026798293180947e-01 -3.416900081052040572e-01 1.888288765695252331e-03 -1.791775633540911017e-01 2.604251865597849158e-01 3.077410892718304147e-01 1.675911339494640107e-01
-1.425059568249543718e-01 -5.450110353425462878e-02 2.173750977160228137e-01 -8.272479976703213389e-02 2.065027470501496487e-01 1.802805419646716367e-01 -3.024400965366251248e-01 -3.269713534565430596e-02 -1.957729530574924548e-01 1.518442482217298717e-01 4.207210343131395636e-01 2.019962070354340000e-01
-3.355929660492475985e-01 2.068991299121424876e-01 1.354404295910144329e-01 -1.142088492966376739e-01 6.741175132843138518e-02 9.868712092701679983e-02 -3.840674066767764683e-01 5.518519816500234293e-02 -3.270344407631444739e-01 2.135425101170513318e-01 1.684185082295589220e-01 2.200319338525338064e-01
-1.789452565909692150e-01 2.367822785399617547e-01 1.812135777557337124e-01 -2.703252447924079371e-01 2.218819834640411992e-01 2.472110298306513521e-01 -3.131563189192826946e-01 -3.764000111630325801e-02 -2.511943564789508865e-01 1.764277375407479198e-01 3.751056337521109230e-01 2.964817535352214789e-02
-3.260115466905145754e-01 1.089355528066175971e-01 2.256292621920026331e-01 -2.954168262538948639e-02 1.043348107073446308e-02 1.846641203693286659e-01 -3.864353023420222244e-01 -9.384731062222240183e-02 4.405810756268836031e-02 2.721239001551690184e-01 4.661545385908076877e-01 2.903617807164863840e-01
-3.951545096774519150e-01 1.634432324527343439e-01 1.422095008393415849e-01 -7.727107677443494083e-02 2.171522573932435085e-01 6.201025615597342139e-02 -1.216652605711155549e-01 -7.212439435053544234e-02 -2.263673201780216637e-01 2.386498109118395661e-01 3.400761508252108101e-01 1.887625404300997400e-01
-3.367322925708571280e-01 3.705188505219546985e-02 1.905814835162503162e-01 1.626239154361865391e-01 1.074939798844200545e-01 5.383877380601628099e-02 -1.301261629509584961e-01 3.207667243844338628e-02 -3.205827127424121237e-01 3.289675407328074286e-01 2.590678724848292092e-01 2.182238841706779786e-01
-2.806023123938748975e-01 4.722529007072676262e-03 1.397781173834651558e-01 -1.265503593508519042e-01 2.898124506783529841e-01 1.217187520631469316e-01 -1.932973283877112702e-01 -4.574832221575434593e-02 -1.736078665294733814e-01 3.574897696977822337e-01 3.294721387703429816e-01 2.583601219562045026e-01
-2.799655248963718313e-01 1.693052462296146254e-01 9.582694052134246854e-02 -1.238601832797273233e-01 1.969101298304037906e-01 6.149609402053755197e-02 -3.034010631303630245e-01 4.737971042016859285e-02 -2.230888194546874204e-01 2.856837516439048597e-01 3.114959350410725358e-01 1.440207685699922413e-01
-3.029779558435722331e-01 2.199803926219482952e-01 3.078175426327918740e-01 -2.304466803048429435e-01 1.644623049163497219e-01 1.780435735541682218e-01 -2.145909524117992351e-01 -2.046409994130843901e-01 -1.425420227068894541e-01 1.355441697560995640e-01 4.000867532356428002e-01 2.413192721273274277e-01
2.973246205663676242e-02 -3.203947036804744020e-01 -3.168443355095510450e-01 -1.035180772524838089e+00 -1.528298271546005282e-02 2.345797055748123916e-01 -4.966113356850114235e-01 7.267218431305172421e-02 -1.068865908537118131e-01 -1.113300785094921558e-01 -9.159504680127349141e-02 -5.660531286284998798e-01
2.322539626228422027e-01 3.401485141217456265e-01 2.410601861103401355e-01 -3.059370942586718267e-01 1.832224718637548988e-01 4.622065163774879970e-01 -2.925470359018824129e-01 8.413567460073126392e-02 -2.187634293626039839e-01 8.844247757927116427e-02 2.528193798282884486e-01 -3.766961952900778343e-02
-1.775009687002697123e-01 4.804876024016883074e-01 2.891371804008092683e-01 -3.127334977306262531e-01 1.825604961318317287e-01 1.586773543443112736e-02 -1.921580831848273829e-01 -1.203760702163528817e-01 -2.106864830105047159e-01 1.759692797071361614e-01 3.736840570503329184e-01 2.706448966015960744e-01
-4.895560899655811149e-02 1.815389357338719756e-01 2.932522700049103870e-01 -5.493913543349145806e-02 1.737004803889157234e-01 4.179064358813993074e-01 -3.812455932293243310e-01 -8.167679629584798096e-02 -2.433977341729922361e-01 -7.629234802273758553e-02 3.343979544686965372e-02 4.917628655225769752e-02
-3.681625902087687363e-01 3.689540681945944200e-01 3.788450415019498640e-01 -2.470420869456863011e-01 2.500277945911536515e-01 1.690718966718574023e-01 -1.909791012973014179e-01 -4.102442086135963534e-02 -3.204138788675839344e-01 1.812893091743170704e-01 4.021518466638558387e-01 4.164107638831944236e-01
-1.191771742676999979e-01 7.442819228709951496e-02 5.860091835010752814e-02 -3.362730255734399099e-01 1.005619654148260378e-01 1.720245166917649393e-01 -3.451364848654382977e-01 -2.495328708532636164e-02 -1.530259528030632754e-01 1.346709010144688246e-01 1.692903371505658783e-01 1.028701384528191154e-01
-2.447116300869288663e-01 -5.478694883290134016e-02 8.720046016781443643e-02 -8.782181377987081927e-02 5.663383650335166580e-02 2.083764968866764766e-01 -3.292777586627074204e-01 -5.824924335471500653e-02 -8.808469971790787445e-02 2.015501904316344683e-01 2.370246551187869255e-01 1.026192914315027065e-02
-1.953891736592834327e-01 4.883142987826267351e-02 1.670115692196147972e-01 -2.194282352576231165e-01 1.577169100606811702e-01 2.724924536858160939e-01 -1.878273381451320556e-01 -1.418818479508880404e-01 -7.863177304652511912e-02 2.107934138329902174e-01 2.321516881044720371e-01 1.685167543428270354e-01
-2.541674284870144573e-01 1.203046251100780006e-01 6.583760055147211410e-02 -1.115712243408698984e-01 4.141942786358448342e-02 1.864562862249583008e-01 -2.794302437387399807e-01 -1.164002755204097128e-01 -1.721603041389149491e-01 3.934566158997010454e-01 4.034623527342088289e-01 2.188296288775085363e-01
-6.048159674795466900e-02 -6.538005065662041981e-02 -9.807289920475964484e-02 -6.729918561397045529e-02 9.762510835059573511e-02 4.290435620247532444e-01 -2.465733270227848106e-01 -1.259410706126458737e-02 -1.917597282690579330e-01 1.280781527966016742e-01 6.227166095397725781e-02 -3.798177369295665518e-01
1.295657547959005451e-01 -1.179106848742767499e-01 -1.695225799101165720e-01 1.966054958449654222e-01 -7.703556226491192760e-02 -3.907126419180909638e-01 3.102200408268684928e-01 4.933775601933027694e-02 1.998232224253775613e-01 -2.837528216723986252e-02 -4.228110160181096644e-01 -2.793421481873015200e-01
