1.082680266665372593e-01 -6.226797276181854357e-02 -4.494969096606411807e-02 -5.078512602126201286e-02 1.190524790646568937e-01 1.628590585161037718e-01 1.711736429479251975e-02 4.091596436259067882e-02 4.744558062415624167e-03 -1.288767788447814644e-01 -3.735568631300381637e-02 2.780762282774303096e-02
-4.982447590623662048e-02 -6.515186258254408724e-02 2.569343392403949933e-02 -1.390868589833959279e-01 -8.955145336228433062e-02 1.336663679853054365e-03 -5.322875066630071428e-02 -1.410836756606740142e-02 -1.226952844584023455e-02 1.053549762673711421e-01 -3.059275628352061543e-02 1.134862978854631228e-02
-4.758742956362757570e-02 -9.752308525939314349e-04 6.260387584031104624e-02 5.586398960848758255e-02 6.046495274009165005e-02 6.258894206723732145e-02 8.101769016713511462e-02 -9.165774601712596559e-02 6.422904898749375036e-02 9.546410140463673644e-02 -3.345188241615840163e-02 1.371164364843427408e-02
-5.325919386275437817e-02 1.486418517847875112e-02 -2.144915845264218079e-01 1.793549325323450516e-01 9.874296053461095735e-02 -4.131610957335153655e-02 -9.219174471019715711e-02 6.158328483783877261e-02 9.415635261524581134e-02 4.528124425272625486e-02 5.739175913033751214e-02 4.846463280658495215e-02
-1.069665804904866291e-01 3.652815716199708795e-02 6.920671013410522460e-03 -1.980980747401710901e-02 1.314755780718051548e-01 1.778453378444271732e-02 -4.447781168142595637e-02 4.318806630576833838e-02 -1.966946021761590280e-01 1.138905591120529803e-01 1.435589587494849884e-01 -2.713926642891574884e-02
-2.960518673761575181e-02 -2.580047017119429381e-02 1.321344980423391942e-02 5.467674998761372362e-02 8.508930034342922222e-02 -2.249765801128047332e-02 2.250729533494397888e-03 1.358249388005940417e-01 2.066756906784909115e-02 -1.611736377587267011e-01 1.387565708177692925e-01 -3.594407318290409638e-03
1.225305451721934863e-01 -2.828713960953516127e-02 5.148586142440295110e-02 -1.697440365717384561e-02 7.785368867503622559e-02 1.638318609424584682e-01 -3.517128563578929279e-02 8.554241337463866501e-03 -3.059250705215521907e-02 -9.554830408522549390e-02 -5.110233994133692864e-02 5.071694601368822997e-02
-1.743327616856064355e-01 1.082833854768032456e-01 -4.727476857980656560e-02 1.012762878736090388e-01 -4.112945196744047932e-03 -2.903889908858489632e-02 5.260709741523239558e-02 -1.238383189841825438e-02 -6.936241118286542995e-02 -1.021996115090797741e-01 -4.010259032356426612e-02 2.084655925310634761e-01
8.786514801942885144e-02 1.179810362316764671e-01 -3.347692675744498580e-02 2.417239969986004558e-03 1.203213217041042005e-01 1.197392542390585679e-01 2.026496637822210872e-03 4.992341437856433195e-02 1.244618198331430281e-01 -4.393940171080410600e-02 -7.410386021499902609e-02 2.119207336165874339e-02
8.113498473202286621e-02 -1.139855206113292788e-02 1.918223474135706194e-02 -9.630757020770942811e-02 8.365497627736956376e-02 -1.635595110976191535e-02 -1.543649193105404716e-01 -1.141568574267451536e-01 6.745106030227066007e-02 -8.630066246551326703e-02 5.922889775864893097e-02 -3.095860809789947182e-02
-1.017866032122697467e-01 3.249647620026278882e-02 9.243978039098307842e-03 -5.468029803439491965e-02 -3.087058962340150092e-02 5.100052009838901279e-04 1.897397616648822949e-02 1.842153901202933652e-02 1.310904144834821455e-02 9.252638149989514393e-02 -6.952884802213926685e-02 4.620914887183542180e-02
-1.214929975826797987e-01 1.073800819883590288e-02 6.977068577086820156e-02 -9.382894028807471642e-02 -4.127966706521324358e-03 -5.919643597376043204e-03 -5.664578453012024395e-02 2.597082945784404476e-02 -7.234983797054173049e-02 1.546051761226858653e-02 -1.896738922350315049e-01 4.422632076043904459e-02
3.552672149955860698e-02 -7.909566199077668058e-02 1.817852989203591618e-01 -3.141727712513078807e-02 2.352689032722584186e-02 -6.942503318536798196e-02 -1.074825225630975656e-01 -4.487208689643513992e-02 2.979446138913562081e-02 4.056174684721112339e-03 3.465148307411954065e-02 4.369265886222139725e-03
3.185788770307065865e-02 -8.026539698915773069e-02 -3.490994927141628790e-02 1.290561467692104454e-02 2.528667247447395627e-02 -2.619428551152430673e-02 9.892005097330805463e-02 -9.579737104929456071e-02 1.170894921265281663e-01 3.530591165363129030e-02 1.031845820532544533e-01 -2.392841373028817969e-02
2.898970362076165944e-02 1.507364241324361254e-01 1.528263809750908808e-01 -3.847962621707065600e-02 -7.741132799342008430e-02 -7.509283777897426439e-03 5.975300221035938913e-03 6.160271110559016605e-02 -1.854575298649772464e-03 -1.084332499526698135e-01 1.751978660936350657e-02 -2.474706382250640990e-02
9.710425568989905498e-03 -8.015948574080140887e-02 -7.323904113691359630e-02 -1.140266091535247633e-01 5.644360700162130012e-02 -1.730623165111640493e-01 -1.096031277728099773e-01 6.795262393459372552e-02 5.096016510540124500e-02 -5.706029002503031468e-04 -6.047552211947838929e-02 -1.412025812755165477e-01
1.038940070920990610e-02 1.922091738795780533e-02 -4.563877121718588892e-02 4.997406945738838702e-02 -4.045230372336310054e-02 2.892953809103799429e-02 8.890033101893077272e-02 -3.345370962840364670e-02 -6.025947896557563160e-02 -2.756364201742311087e-02 -7.051090145664193343e-02 1.400313703174631552e-01
-1.828843323803627102e-02 -1.400478234118624626e-02 -1.564094819865570196e-01 -1.358335223889950427e-01 5.769459491608008861e-02 2.352215127473980538e-01 6.841963224959385359e-02 6.141448275120553468e-02 -1.038799455948965222e-01 -4.469908987572377562e-02 -6.656579378681723447e-02 -8.110257129382951458e-03
8.200679924298345802e-02 -2.085207384481134810e-02 5.847595327739599919e-02 2.934648820172750319e-02 -3.701149447297433399e-03 2.111554710086849945e-02 1.051533634014453905e-01 -5.200016665397466653e-02 7.781062561810939138e-02 -4.263482784727443825e-02 6.614823773669423201e-02 -2.274747448858638332e-02
-1.171595300578931742e-01 -1.461256008623641467e-01 1.567997680469742638e-01 4.689456113542678911e-02 -2.051170779690627555e-01 4.401016778137199770e-02 -5.296604846878379125e-02 -1.295705359614049337e-03 -7.506925832137455179e-02 -6.820559712898253968e-02 7.453717769389528458e-02 1.542992665827302434e-01
3.293144184951293796e-02 2.335182103025835315e-02 -9.470975818116697531e-02 -1.571880619583338606e-02 1.086713959090886139e-01 7.914437714731994977e-02 -4.952429391137294634e-02 8.094767400433158788e-02 1.790489530931036743e-01 -8.319288723333884139e-02 -2.024961791355167628e-03 -1.103153112253142387e-01
7.099716051419066587e-02 -1.479542107925108652e-01 -6.078351744078776264e-02 -2.602283765821556197e-02 1.586040298464356374e-02 6.335673466566611733e-02 -3.817038560431369743e-02 -9.209349996896294688e-02 1.435482832193876457e-01 -4.218513640847128092e-03 -1.578394426477935653e-01 1.809874261391807015e-03
-9.294144429443075561e-03 -1.552444089003908456e-01 2.680695176917845257e-02 -7.011956953066775244e-02 -1.062423156094343263e-01 9.309645361363705351e-02 9.686072794192471247e-02 -1.057380680742804613e-01 -1.442585386023284011e-01 5.686622314128461642e-02 6.596005069775628948e-02 -1.563754280723254897e-02
-7.436215036423603209e-02 -5.449800054913499225e-02 6.164277545083024501e-02 2.007328332434454021e-01 -6.685205061437345282e-03 4.340783075761439624e-02 1.050836289612036845e-01 -7.941741846019194362e-02 -1.223410301587414956e-01 -2.643909511663750447e-02 1.447089512198363459e-01 -1.758241391099910761e-02
-2.135079745699408615e-02 -5.134412113740548234e-02 8.401329455879022468e-02 -4.238697092010030448e-02 -8.354342427287095307e-02 6.184637282652061946e-02 1.592249860398453343e-01 5.264291198137906191e-02 -9.607802136577210661e-02 8.905230433458347084e-02 2.190325893977468907e-01 8.202770998651057188e-02
-1.731166576794523071e-01 5.636364435430631092e-02 -1.900282115546914063e-02 -1.991033039924511305e-01 7.347564039953123280e-03 -1.023118228482811781e-02 2.259193720453397669e-01 9.861925893184195213e-02 3.509717858268304042e-02 -2.341270874661765047e-02 -3.828668580125262066e-02 4.125477319878677329e-02
6.202542056349917912e-03 1.735958064249083083e-02 -3.135145555681271168e-03 -9.416540292274863666e-02 5.056383536552527813e-02 5.469178352575143620e-02 1.197400259583250581e-02 1.007485738964500471e-01 4.546975657387149206e-02 1.816432566847270835e-01 3.023713860914017081e-03 3.455091061803052671e-02
1.319941522649527021e-01 -8.143590815670117417e-03 -2.738909568129731936e-02 1.193096859860201184e-02 -5.754436056873581291e-03 -4.812911823839988168e-02 -1.841860970685759158e-01 -1.913195203982731019e-01 8.556657701123923654e-02 3.647208611878224871e-02 2.984106350496909879e-02 2.091133446711792576e-01
-2.737428783175022487e-02 -6.739643240530724701e-03 -2.582296521007301782e-02 5.036241977394462915e-02 -5.553653258610678073e-02 -1.309497014917851976e-01 1.069153139078293790e-01 5.239914316452121135e-02 -1.331630914278275971e-02 6.062566103135351436e-02 -1.356831461915026793e-01 -7.347410798563824841e-02
-2.375584849118469316e-02 6.370641142920835387e-02 5.465890720767184463e-02 -3.442848959616324339e-02 -1.281389426528165565e-01 -2.398207350135947782e-02 -3.438424558169440870e-02 1.817152578295407744e-02 -1.557571954160856011e-02 -1.813444137741621054e-02 -6.429240734143107372e-02 -3.998669157320508538e-02
-2.332090261185296165e-02 -6.656227232885961187e-03 1.596184094281560828e-02 -7.886042014316847759e-02 7.597026383921876014e-02 7.521271491266695586e-02 -7.484285609747133583e-02 -1.269711786586207210e-02 -9.315586041329365977e-03 2.436896817679757091e-02 4.187196064431637776e-02 -7.288042927318494346e-02
