9.481695225308196806e-02 -2.714704112461248375e-02 -1.663549601945904788e-01 -6.539517065849315136e-02 1.647264621199074144e-02 -2.589082476329202659e-02 -1.292940422384605548e-01 -3.213513446236212351e-02 1.349012989044802088e-02 -5.089775573350655696e-02 -2.361574877984552040e-02 8.084895218805761286e-02
-7.111397910643521558e-02 8.226554504613995192e-03 2.294371620852126425e-01 -1.733388102344483872e-02 1.073466352072982750e-02 -1.663715652877515994e-01 1.345279136896742889e-01 5.374514202261766738e-02 -3.818697079072939406e-03 7.167363488416306216e-02 1.970958151892967525e-01 2.797413234333940169e-03
-1.862611791631125710e-02 -3.055205948683837117e-02 -1.434431414551937400e-01 -4.345827062066019708e-02 -1.224042085994835050e-02 -9.464500140490356150e-02 9.915049964799274584e-02 -1.195180210965706216e-02 -2.791172804389486020e-02 9.492135846690365197e-02 9.742832101641558940e-02 -2.271375028749702402e-02
7.250791996367335346e-02 -2.711277581596451339e-02 -1.219216354143757008e-01 -9.272212317662331671e-02 -1.231008139697228367e-02 1.092712204470916576e-01 1.170954737476247592e-01 3.570875999844155824e-02 1.092685946286107990e-01 5.949011331350021609e-02 -8.300787751864021138e-03 -1.381181866276308401e-01
-2.856382882737013365e-02 -6.043163052452669992e-02 -1.640246220972707003e-01 -9.954912662457954253e-02 -1.621861483859576292e-01 1.070917037226827434e-01 4.477479900622331060e-02 4.356758107089468007e-02 7.396766318517189465e-02 1.066693100380105286e-01 -5.194546757331223313e-03 7.584511271489140574e-03
-8.499462143261640734e-02 6.248363951166648056e-02 2.562993258118391737e-01 6.253498583167624303e-02 3.499878887848827114e-02 -1.073231177614105136e-01 -1.610550556286800133e-02 -2.721803972153648971e-02 3.023464590515916733e-02 4.156718777332262665e-02 -6.279529034937119877e-03 7.827335633944808302e-02
-3.295962805862351352e-02 8.741768899771752699e-02 -8.434329505568390062e-02 -1.489782148125123190e-02 1.593004856898491695e-02 -3.001136348979506485e-02 7.040446558996135695e-02 -6.741096572211303928e-02 1.218106239094537691e-01 7.291622425803349905e-02 4.151842897480011868e-02 2.744404664837624477e-02
-3.767466093148745532e-02 1.082509097674005105e-01 -4.709022418862252035e-02 2.809698015681779196e-02 -5.821527401982416056e-02 1.351551788059382475e-01 3.621693310322195158e-02 -8.630925075075684960e-02 -1.049599226626337645e-01 -8.446561245468606205e-02 9.916670392477988649e-02 -6.773811136278176659e-02
-1.313866161457457049e-01 3.630817312324217949e-02 5.645624491327953798e-02 9.294533128359514645e-03 3.559416367337572829e-02 7.537280721374513444e-03 -1.627471783931539462e-01 -4.377590919714569040e-02 -8.862093389578601377e-02 2.844228119962169746e-02 -3.873733231279711392e-02 1.983813438470741902e-02
-1.033359768943782619e-02 3.015834327996172112e-03 1.362809852122972860e-04 4.187993241347690021e-02 -2.374180236709413222e-02 6.811901807343927195e-02 1.732423289184847892e-01 1.493076814029589416e-01 4.268627821135379669e-02 8.935693028759580936e-02 -6.132653172555522364e-02 -9.772229734829032677e-02
9.523476554332162280e-02 -3.312210902268891005e-02 -1.722010355304027032e-02 -7.747970413914233301e-02 -2.410929914515777539e-02 1.270084051680539228e-01 2.544442662550961409e-01 -2.628102909018886768e-02 8.285421032276675535e-02 5.501298920652540614e-02 1.454351429913278981e-01 -1.587676858817480552e-01
-6.215052431897445662e-02 4.258654700771450502e-02 1.021050688103689180e-01 -1.833257108533924984e-01 8.958412577110994035e-02 1.704048211305024887e-02 7.445174411635029077e-02 -3.067426169660177060e-02 1.464079144321207143e-02 -1.089441190448784680e-01 1.836631768717395252e-01 7.602808855333686999e-02
-2.551827311162998060e-02 -5.132014058219661057e-02 1.102661521413201978e-01 -4.227104342662663106e-02 4.195336632503260735e-03 -9.909075681157328286e-02 1.177724140293864297e-01 3.285442411365604998e-02 -5.941818202278349031e-02 3.930396482527478280e-02 -5.296369048334387264e-02 -1.855858315952042033e-04
-4.748760674249027924e-02 -5.691306666124121283e-02 -4.237913233031382482e-02 1.253605476189259549e-01 1.472731701742877319e-01 -1.641787902318909143e-01 -5.716642682258540539e-03 1.031458444170441774e-01 1.013441795230606846e-01 3.433183406477817445e-02 -1.120893601758029823e-01 -1.954069255483315351e-02
-8.559445955278049967e-02 -8.762119133982296248e-02 -7.260370702308586999e-02 -1.176627401724930216e-01 1.157919907480050165e-01 3.979891482412320491e-02 9.356425178851242308e-02 1.155072133264365905e-02 1.470017187320615468e-02 -3.814313251771074553e-02 2.492142338066421006e-02 -7.773812238394836593e-02
5.553046040320914339e-02 -3.824722834546294935e-03 2.521618380229637829e-02 -1.329985070106936840e-01 -5.496928129391462359e-02 1.083772544658319348e-02 7.146713653853789538e-02 3.575479402893143310e-02 -5.604406110635243993e-02 1.027682904905464489e-01 -5.978864263139277435e-02 7.974810493605269390e-02
4.332462628119393422e-02 5.169847591431620676e-02 3.086472158419772266e-02 2.405087895739784192e-03 3.736051736587157196e-02 -8.347665292309108809e-02 1.673900141526437624e-01 -2.509628836128942331e-02 2.931022430633705225e-02 1.352167532598861355e-01 1.199522521721023693e-01 -1.731344503584191230e-01
-1.794074723417862782e-01 1.505154824332813508e-02 -1.494766139823514861e-01 1.657833678989246995e-02 5.146549462887313464e-02 -1.283876021054060068e-01 1.977895944370292591e-01 4.650977038266316393e-02 -6.178592282103723826e-02 -4.794448437105273270e-02 -6.156097546430065043e-02 1.973685439430657440e-01
-1.550568177239245241e-02 -2.875435461753373181e-02 -1.299963361021078817e-02 -1.531906156520659867e-01 -1.776037299385689883e-01 -6.992402973663333632e-02 4.621071781512053889e-04 -3.152284717268852808e-03 9.876132355563461973e-02 -1.255264415694204438e-01 -8.055480152063412488e-03 -7.286747146946855394e-03
1.516526305040880596e-01 -1.831439219101727023e-02 8.290368360784751423e-02 -6.615560011149010378e-02 -8.993240830478494569e-03 9.276424171121347428e-02 1.089240710779252608e-01 1.160472020808591409e-01 -1.004619057877768340e-01 -4.764563339031969297e-02 -8.538217200862310147e-03 1.447053464425742952e-01
3.075943444925536077e-02 -1.116956179356002887e-01 -5.975073456411870293e-02 -5.234930700515171009e-02 -1.413078617893624711e-01 -2.512116169142421598e-02 -1.418785493168668761e-03 -9.460069052875132167e-02 3.832427241997480444e-02 -1.132816222919681183e-02 5.374737750637977041e-02 4.312036413456249266e-03
-1.085486801308073457e-02 -6.658257535467235200e-02 1.042524538461745975e-01 -7.720116954940342557e-02 -9.873721772229987481e-02 7.346184268794345162e-02 -3.320859660758268550e-02 6.057052732319875843e-02 -1.055393591437611411e-01 1.100727193278851629e-01 -6.104062073228765095e-02 -3.666220049936379233e-02
2.871942006691972915e-02 6.681569949001382736e-02 -4.981356675519318586e-03 -5.709237225960718531e-02 -1.431678316034318971e-03 7.524486272995514757e-02 6.402961091492753720e-02 -1.366746495782069672e-02 8.226568097254495504e-02 -4.965052432863206744e-02 -4.059056083114465086e-02 1.451835154353257051e-01
-4.938739701553696709e-02 2.833741371975766893e-02 8.465084948550208321e-02 -1.081608059149966328e-01 7.969830241180311803e-02 3.726561882517407526e-02 -6.422494981138671989e-03 -1.397119004518553864e-01 -6.343585406894750034e-02 -7.815046370346487303e-02 1.193328595138722636e-01 3.791654103300527712e-02
9.223587450608672356e-02 -3.020636830276470647e-02 -8.002289398614899352e-02 -5.030666285250197205e-04 1.247481960265006164e-02 -1.639254046673852272e-01 -1.646978582535551794e-01 -6.503450758650022173e-03 2.169083865818956236e-02 2.416811504091033805e-02 -4.044720076112638674e-02 1.022478972540165204e-01
4.533602710570003996e-02 1.151341362157081057e-02 -6.168142684314229657e-02 9.699329036186371544e-02 4.487407187903361128e-02 3.197389620151962902e-03 1.194238464595199015e-02 8.618511960777250867e-04 -1.414801697951616893e-03 1.629294159700377942e-01 3.478882237713604164e-02 -7.025374798706634713e-03
1.123597755405918511e-02 7.742308648316678643e-02 5.381222651797004652e-02 2.314239375782387587e-01 3.932191557251107222e-02 1.202106686549443970e-01 -9.172526186666830894e-02 -6.807162651875477144e-02 5.527846768680776124e-02 1.161664829060744669e-01 1.887322575813799724e-03 7.217399320709626254e-02
1.631957581515998618e-03 -4.265053056910986934e-02 -8.661569010300321225e-02 7.246982977811626536e-02 -1.108065380617812880e-02 8.862476899474582004e-02 -3.553927562495400733e-02 -1.597659536403435443e-02 -5.825520907733250375e-03 1.770744176368923076e-02 8.738374460583919756e-02 -1.840241691533594766e-03
-2.478104263355807024e-01 -2.519095542015777761e-02 1.884272917933926816e-01 -3.309282295924213281e-03 6.148190379928647128e-03 -4.952673481846590897e-02 2.340324428766404896e-02 9.500001247748757205e-02 7.673837266597521856e-02 -1.249648996498863018e-02 3.012758484932806860e-02 1.479983948965749897e-02
-6.089096654457757524e-02 1.203345245828411555e-02 -6.331743399509207060e-02 -1.638323075063569459e-02 5.627081486134550420e-02 8.698326524447476393e-02 -1.098677429694925323e-01 9.997249882103476093e-02 2.985993904570565655e-02 -4.967525617688878931e-02 -1.904724883409559810e-01 -6.856099762775949569e-02
-9.763913659334928774e-02 -1.389124051316598940e-01 -2.466324400701313049e-02 1.114867280434000130e-01 -1.522063853471524453e-01 4.371334748205571441e-02 6.403677975149640877e-02 -5.717560399418449013e-02 5.777498585655305163e-02 -3.100900056891331413e-02 -2.686539300557870547e-02 1.047097278449024838e-01
