-2.489089108626868843e-02 5.544837874580018644e-01 -1.359579920795886687e-01 3.575202389227842281e-01
5.252077806476630473e-01 1.723882394601587431e-01 -3.075022326618590540e-01 6.215578188362826939e-01
-2.859821108048597460e-01 -2.140097115553029894e-01 1.855370010834603844e-01 -2.598587585301342928e-01
1.252926582354623453e-01 -1.877030668410142322e-01 -2.517288458647669036e-01 2.264330591991472186e-01
1.479240827962397808e-01 -2.117419274635269633e-01 -3.851985276522099100e-02 -3.206149418533500994e-01
2.156025465173060374e-01 -1.897955388518522135e-01 1.812542961969830224e-01 2.109193699219271967e-01
9.868348625419591860e-03 4.942518854495691061e-01 2.442790963320078945e-01 -1.712512020566161197e-01
6.366007470374011878e-02 -3.318843082190168770e-01 -4.242848090055728050e-01 1.369794522669464942e-01
1.324371104150510181e-01 -5.659772608506066227e-01 2.037622705026118364e-01 1.447556592908277040e-01
-8.175286966203076933e-01 -2.794007978822952709e-01 -2.637296583799799213e-02 -8.213751228082298572e-02
-1.904306938421294892e-01 1.423949768638708702e-01 7.378521146554178900e-02 -2.591335836498449008e-01
-2.094617987557162164e-01 -2.849301282495129151e-01 -1.628658056322105085e-01 6.670828596610334227e-02
2.215528078601095574e-01 -2.759116252958109805e-01 2.453162722324471468e-01 -1.858656559905390859e-01
-5.639295068768728214e-01 4.151287584837038969e-01 5.560807924707995148e-03 7.980839301115257717e-03
6.505495122151445653e-01 2.928553787796442931e-01 4.666051167840298136e-02 4.050880325340919935e-02
-3.719269010905612571e-02 8.486748674456512376e-02 -1.745514187865752076e-01 -3.202375669499802346e-01
3.563990850795790699e-01 -3.018322864756800561e-01 -1.392500757019565771e-01 -1.572481084844308263e-01
2.991644843496237272e-01 2.777329749369438772e-01 1.217676657750845493e-01 4.510188187542671923e-01
-8.248124317584977494e-02 -1.645009143982883448e-01 -7.292232237500644032e-02 5.686050054304846862e-02
-8.587902906871558439e-02 -3.432780631665434228e-03 -5.227705581488889530e-01 1.964769252787546272e-01
3.448819241589498041e-01 1.931241847146185908e-01 2.443694700067009784e-01 2.797222220162982054e-01
1.298379834298344637e-01 1.309653351510244208e-02 3.434122808004622107e-01 -4.644630119692498837e-01
-1.167779085679590406e-01 -1.063703029375064057e-01 -2.266212009229220670e-01 2.356730721985102195e-01
5.297492594146218092e-01 -1.884224164124079573e-02 1.144966719362744134e-01 -7.145265491947093428e-02
4.443232751172407902e-01 -2.877382390947920143e-01 4.491562332375372835e-01 -1.780687042126508357e-01
-3.870966696887589986e-01 -1.859983272297428825e-01 3.376572615526114447e-03 1.913157132277100991e-01
-2.353151716409844496e-02 -1.387036595958010265e-01 3.884173041743747001e-01 2.290460789370298844e-01
1.366399198132769721e-01 -9.760560981709471839e-01 -2.662332465138388116e-02 -7.931273101869693032e-02
-6.816508434194498700e-02 1.180956988148262610e-01 -1.602077000804748019e-01 -1.046439512000259114e-01
2.192123233120446893e-02 6.235702495038915327e-02 2.653138905992699637e-01 4.566447699773306113e-01
3.317012648225501348e-01 4.274041401365677451e-02 -1.525444822357299168e-01 9.624959145898616397e-02
-4.843387089670976586e-02 -1.764300397696183242e-01 -1.588810094707706344e-01 -2.105714826759862990e-01
-4.292867183254666097e-01 2.517236852744564879e-01 4.780488433739431969e-02 7.162868228377285151e-02
3.999147381740604801e-01 8.435779695396636302e-02 5.029495834339695048e-02 1.067486263607632657e-01
-6.171639374286611718e-02 2.350463979270920878e-01 4.570634576714515535e-02 3.272687527446004885e-01
5.931363355964994200e-02 -2.367792270808850297e-01 3.266070707387989658e-01 -2.286736263951729964e-01
-6.182744505792259898e-02 -1.639902165471532614e-01 3.540837686353856539e-01 5.071691877974560114e-01
2.322265820635998901e-01 -1.410017693419364782e-01 1.784847914862936480e-01 -3.635272749277243531e-01
-1.303506083399220694e-01 3.260450768005355715e-01 1.215844273393806158e-02 -5.427785027454939959e-02
