-9.456039818580692924e-02 -1.434107386560657393e-01 1.478420457343472723e-02 -7.174616243680648209e-02 -1.274812645522248600e-01 6.799090289216921934e-02 4.906849799218768182e-02 -6.152348661302830396e-03 -2.947966827964904751e-02 5.523191534442119244e-02 -1.366801099858230006e-01 -6.379351359708687608e-02
-1.271116220509202477e-02 2.183106209353603833e-02 3.190004738318975592e-03 8.472588013412288288e-02 7.071385762842158362e-02 -8.183379238392905763e-02 1.670637523418101456e-01 1.073662985540107667e-01 5.887635519260790706e-02 1.754343762395393913e-02 -8.820636359567003704e-02 6.607925589465568628e-02
8.078963480590194146e-02 -3.179067255288330063e-02 -3.487846099483715712e-02 -1.381068290606990989e-01 -2.915808579714434037e-02 -8.113887955714865763e-02 4.949113704200631264e-02 -3.393344786304112320e-02 4.645798542669824643e-02 -4.504541889917115793e-02 -1.190222741190003763e-01 5.188079956943301291e-02
-3.135793897093169802e-02 4.913684615016821085e-03 1.203711770491765060e-01 1.152305041376727457e-01 1.410266045331666218e-01 -8.318398672779189762e-02 7.093188140826275911e-02 1.366940258861075452e-01 2.491118473775375333e-03 -5.530139893141520352e-02 -2.411675668430524055e-02 -3.131993767000773241e-03
1.997673588261951461e-02 9.056860254729211246e-02 -3.411425497846654747e-02 -1.288410016528051538e-01 8.057561938674547009e-02 8.292777429147049628e-02 3.921145172740593543e-02 8.523092969232799743e-02 -4.977534880361503267e-02 2.655130444082035371e-02 -3.266729697576872815e-02 -5.373949460359947472e-02
-1.495883927773568600e-01 -9.778744913873130273e-02 5.195137040209728274e-02 6.132955949330186340e-02 -9.676572377648770540e-02 9.453068954925610001e-02 -6.169438994064112280e-02 -1.933600726747793791e-02 -2.622929045164009657e-03 -1.544378004619076650e-01 6.430597882316711755e-02 -5.580012093639721837e-02
-7.012199741378022377e-02 5.380142529686479658e-02 1.689398378915804577e-02 1.121332130040169905e-01 6.138372868539080512e-02 1.734545588345489525e-02 8.749950113544809061e-02 2.641217480488455144e-02 -2.779029488740290994e-03 9.391667268168392424e-02 5.482623157729971108e-02 3.386281962825693492e-02
-1.134995611563677509e-01 -2.303376311033434112e-02 7.760113076089747430e-02 -4.187331539689954918e-02 -2.571754245739250877e-02 1.430980101774225188e-01 1.483183462932880989e-02 -3.097569064370902375e-02 -2.060725600172867364e-02 -1.038335486621861162e-02 -1.496230264525449938e-01 3.499933550518713465e-02
-1.043592004065295453e-01 -4.081004154733081091e-02 9.277572087000675316e-02 -2.995568951822254536e-02 -2.610878754510490701e-02 2.484822037859507615e-02 7.863093275082014277e-02 -1.028819902428370764e-01 8.244965120560657224e-02 3.673232432346874854e-02 -1.050251534335352593e-01 -4.417849102571173858e-02
3.635903255489952163e-02 2.794609056962234911e-02 1.612657910760802171e-02 1.062454328622210523e-02 1.060198214957050120e-02 -1.214402097216380205e-01 7.826315814652110014e-03 3.055561377752922039e-02 -1.079778590317287956e-01 2.129098785260403331e-02 3.526955401402989687e-02 -2.540849272086495927e-02
-5.511247961651418587e-03 1.049689024456025993e-01 -6.609033457607048356e-02 3.098471917193212910e-02 1.210716521227823417e-01 -1.497769004797602083e-02 1.255366386800832457e-01 1.042987643431639438e-01 -6.942429034555053224e-02 4.927003364636268340e-03 2.935915409033091478e-02 2.945039960092812534e-03
-1.013137653743627770e-01 -6.188040185746077754e-02 -1.022883966614922535e-01 6.990348676809421402e-02 -2.196908455980562357e-03 -8.305895423993361892e-02 -1.934611084208671863e-03 1.837114627763196117e-01 1.119165387336671508e-01 1.647843231079362258e-01 5.286233029724932836e-02 2.399381469321753002e-01
-6.805252550423139535e-02 4.512001816498224793e-02 -2.579558268820703604e-01 -7.821283727074759828e-02 -6.903364217254209789e-02 1.162836771244257772e-01 2.711942112001725774e-02 1.020616481334479103e-02 1.075150230920618894e-04 -7.526703919320325287e-02 -1.211944581835147361e-01 3.411120783247521132e-02
-3.230276276256737605e-02 -1.030831998295484581e-01 9.136693143236243597e-02 -6.659704025168916575e-02 -8.241421897209852410e-02 -8.638297405764042147e-02 -4.059830406933936583e-03 -5.685672413741851838e-02 -5.054039602038801898e-02 -2.868702252540368536e-02 -7.222192336144400704e-02 -1.156896715508467233e-01
2.497271240576650134e-02 -2.859139944446286233e-02 -4.857004338771093999e-02 2.367337153029309277e-02 1.205222164116121104e-02 -5.398193375221608387e-02 1.726891344307323467e-02 1.171935041286163715e-01 1.446072812405568841e-01 9.537664504447231073e-02 -7.666292076246126498e-03 1.821414544735207655e-02
7.630957040029076599e-02 2.083331021532806165e-02 1.318108966516232106e-02 2.902256848077933160e-02 -1.082461964951118849e-01 6.384018455102305478e-02 8.793087925286147133e-02 3.691987215790229482e-02 2.249868196575161711e-02 -4.193115890990942868e-02 4.688921654108015036e-02 -6.138973932834224795e-02
6.854589133746630258e-02 -3.803612412291877687e-02 -2.316321393573867182e-01 -1.478357336914032927e-01 4.782016555764696114e-02 -4.137594057969348066e-02 1.493019876814266102e-02 3.605043955300226560e-02 -1.364757765942803958e-01 9.218224435421958074e-02 -1.050041627030021962e-01 -3.949912898592074922e-02
4.800524124942763537e-02 1.353912260748914645e-02 -3.493109164341005879e-02 -6.549249363684317427e-02 -6.607199452284576169e-02 -4.385975093881323145e-02 -2.767010876508587541e-02 -1.210223089505547446e-02 -1.353335248530664336e-01 8.407075653617698818e-02 1.195695189532259076e-02 3.412994731422243355e-02
6.757774336902563905e-02 9.320235925358325013e-02 -2.293447591393552780e-04 -1.575681758166899357e-02 -1.327942174707133771e-01 7.422267217139372208e-02 7.229643948761707573e-02 7.900030687258028858e-04 -2.878240380971310020e-02 7.154979330932338677e-02 -4.376894585905431040e-02 9.419633218345133119e-02
5.991791838607972431e-02 4.261380702500290607e-02 -1.719701424772948975e-02 1.951691338534396886e-02 -5.114117601066658914e-02 6.261818062093930937e-02 8.893756857166354446e-02 2.481373379827481532e-02 -1.413704365283138253e-01 -3.101322894015503401e-02 4.787467054758949569e-02 6.099528556186599448e-02
7.399882366297408365e-02 -3.225503664273242366e-02 3.129329361712705759e-02 -6.816723419205761303e-02 -1.214465899069044480e-01 2.956591988869356619e-02 3.111535741346563994e-02 -5.886757647034893820e-02 1.694413754953093543e-01 4.077226065859014537e-02 -3.385110636163977949e-02 9.221501806019644087e-02
-1.952156297836969007e-02 6.238156906402956420e-02 4.686738366104176157e-02 5.305375541263635669e-02 3.811912628308777862e-02 9.574648473078141431e-02 -8.370225179474251320e-02 6.915623622028421735e-02 1.702833226672741725e-03 -5.216499589655069352e-02 -5.992017005417096809e-02 1.097319699209162169e-01
-9.098815999263676346e-02 -1.304171083370886663e-01 7.396155379565455545e-02 5.674039825483992439e-02 3.871185301527094863e-02 -4.168099210406661648e-02 3.010592134198195394e-02 2.448800538781881544e-02 4.843829805830682234e-02 7.926243675783851972e-02 2.145830706943913091e-01 1.231018999693276605e-01
-3.146249707226485282e-02 3.030842294180709218e-02 2.907907221889308863e-02 -7.180931441375190682e-02 7.966052548937689604e-02 4.024593010443103247e-02 -4.679296602336192185e-02 7.841020526749029051e-02 3.781604305316758896e-02 -4.686346619555050580e-03 6.010894187927576932e-02 7.522238624134865159e-02
8.566261637656981398e-02 3.001716518621972210e-02 3.175845086783057880e-02 -8.800410552299355038e-02 -3.916477868422275910e-02 7.201037561849842061e-02 2.207035544302049859e-02 -7.109711299475966924e-03 3.736341741593839950e-03 3.274178743608853470e-02 -5.870693720200603760e-03 -7.805019451038491818e-02
-7.724197085147374575e-02 3.179569363219318656e-02 8.577788077599668437e-02 -7.994966120634330875e-02 5.375152337679057687e-03 1.037365677428218891e-01 -1.404037788899187289e-01 8.164405541990413240e-02 -6.988761949860390621e-02 1.087304028350218055e-01 -9.879692207282447791e-02 -1.389824050311376687e-02
5.989008635873870057e-02 2.338379237470644689e-02 -1.413591940683751047e-01 2.889875485938374691e-02 1.758046964468610585e-01 -9.792145173876056277e-03 7.673766052568834102e-03 6.934533770875239179e-03 5.168097711682215906e-02 -1.343368734965101896e-01 1.746883826698329353e-02 -1.547906503425628966e-01
-5.927257952225029741e-02 1.983537499028826742e-02 -5.645142234220477256e-02 1.439441646018609633e-01 -6.691036354039579803e-02 -3.655939850359484627e-03 -3.886917763336905640e-02 -5.220143930653023401e-03 -1.100065914963368613e-01 -1.071542842136514323e-02 1.323747364526444738e-02 2.101272409586503812e-02
7.194096456458576316e-02 -6.663805003265328708e-02 3.988930800486027717e-02 -3.578100299745502148e-03 -1.422708005030794143e-01 -3.002563940221943117e-02 7.989410704402341579e-02 2.307292127483225042e-02 1.650843068050193230e-03 -1.253497474838016212e-01 -8.332675217737368911e-02 6.711956906602871420e-02
-1.245693572070831652e-02 -8.947876284761237253e-02 1.393777816399051073e-01 7.242545749776699293e-02 -1.188093341497391542e-01 -1.724170923900721769e-02 -2.345426491805076979e-02 -2.803283124515410646e-02 -4.012531257984525146e-02 7.889074362303087617e-02 -1.491399888217153913e-01 -1.824774398252850260e-01
6.248633062666443527e-02 1.529785401411500323e-01 -2.610248159519862332e-02 8.217816469261726708e-02 -4.578026863690963510e-02 -1.096366269844769037e-01 6.804497402057889388e-02 5.965505706179264657e-03 -1.368948550856797508e-01 3.443957104622640680e-02 5.854917370422255130e-02 4.030237757658515496e-02
2.937180346509027373e-02 -1.016032361188344557e-01 3.792699639573308967e-02 7.188958129738773351e-02 7.516989425622364052e-02 -8.732175901575892074e-02 -1.263458254104331824e-01 -1.326711836656933041e-01 3.722574585903794253e-02 -1.511706128957707451e-01 -7.016633141511710581e-02 1.983449886912339033e-01
3.333416604969048624e-02 -1.583133385755736491e-02 2.415236984061425521e-02 -2.275953163331989951e-02 -4.697924880271352188e-02 -7.609160081753632565e-02 1.201840069899246799e-01 -4.776108083537834725e-02 3.364468661081373990e-02 2.857419541551710351e-02 1.077939072047107844e-02 1.575691534161386964e-01
-1.261977004328021165e-02 -5.766221631496991351e-02 3.014518494684028174e-02 -4.731344821421979568e-02 -1.553123041126967807e-02 -4.503801564098875582e-02 7.755685712395676834e-02 1.708965901822382880e-02 1.595669556060269612e-02 1.359581670329134129e-01 -2.353653720664201920e-01 8.188296929615020148e-02
2.266064602592051183e-02 1.338744769496860373e-02 -3.459759327140592144e-02 -1.730936746210066587e-02 4.040902214426773942e-02 1.283373686991531176e-02 -4.992654021108716353e-03 -6.289766430126715949e-03 3.553826903262605717e-03 8.451374693986320186e-02 -1.175549620610932544e-01 5.569226132273016362e-03
-4.364830778368143649e-02 1.153909457776764597e-01 5.614563947700525193e-02 1.537466877927294862e-01 -2.346726131356423328e-02 1.224141592340769191e-01 1.806562127165729933e-05 -1.918656789311801517e-02 -3.553491166535497486e-02 -8.303493822423507753e-02 9.547835077960038774e-03 -1.012827288599391223e-01
5.691626730909114806e-02 2.680064233651881581e-02 -6.504449054004816932e-02 -3.568361856776565422e-02 -5.376695456686385322e-02 -3.219744049018338772e-02 -9.584117059087772506e-03 8.202728108522751305e-02 6.242032624107766298e-02 -2.685707904836043963e-02 -5.692116677291632343e-02 -3.693388321218452064e-02
5.061680711550301144e-03 -7.758496603382265822e-02 1.242206809553697139e-01 9.957015977643981011e-03 8.701974721448352268e-02 6.095699328675478063e-02 5.300041661636451656e-02 -4.587080992154338177e-02 -3.413280909661195635e-03 -3.893908552146618796e-02 -2.452637750534165939e-02 4.613962852831982042e-02
-2.117766607447391092e-02 -1.220063723503952424e-01 -1.749609195401103101e-01 5.616296963725602148e-04 -8.782177909010266403e-02 -1.024905657330395237e-02 8.570080920879015463e-02 -4.131317826344768629e-02 5.268811510977151891e-02 -1.524373170843384452e-02 -2.064653923308104322e-01 4.666463157478821511e-02
-6.322253014978604369e-02 -2.433919873199343054e-02 9.607928179872486651e-03 -1.056759845723603819e-02 -7.294429998648527431e-03 5.923159636902505451e-03 2.841834567144571611e-02 1.287393424661891217e-01 -2.457981840251217270e-02 -4.231532112399346429e-03 4.738053520484784148e-02 -6.481809681453573613e-02
1.621955399926878344e-02 2.898261712774026500e-02 -1.928273455972608769e-02 -5.543190429700022015e-02 -2.599893817602244583e-02 1.026260482231661914e-02 -4.312273990913322030e-02 -1.200240990610128289e-01 8.308639027128358195e-03 -5.975779377661884217e-02 7.334112172521317641e-02 -9.748895569673783623e-02
1.366104548220053172e-01 3.766677280085545254e-02 3.699678424428782392e-02 9.679437489335153411e-02 1.410271241506781334e-02 7.482097218529852600e-02 -3.867736248724904652e-02 8.512444253302277331e-02 4.515702241518274734e-02 -6.787507028805569997e-02 3.780572706632063379e-02 2.877122467481667972e-02
-1.603543624053599750e-02 -6.831206932542530086e-02 -1.262716733333631158e-01 1.212725696920303742e-01 8.718415635620410664e-02 1.274954252533823384e-02 -2.189054871901659899e-02 -3.120313494561479176e-02 -1.033737109273486499e-01 3.493047511560343210e-02 6.997655649533808531e-02 9.543899323803319013e-02
2.629226892101637486e-02 5.727433631433846706e-02 -1.453408587071849667e-01 1.824052531122369010e-03 -1.108954569430148918e-01 1.134852166891771041e-01 -2.063500477162737504e-02 -7.813883556137457553e-02 -1.022460449007781269e-01 1.697237262960560600e-01 -7.907143627025225996e-02 -5.988615994513696306e-02
2.374229196107834408e-02 1.606354650913043858e-01 -1.336347291762097211e-01 -5.366168498483424310e-02 -4.825261907398298300e-02 2.325217014305024435e-02 1.757490914707791063e-01 2.726557805440828555e-02 -5.174557397173368267e-02 7.617295148821198736e-02 -1.133511065970351124e-02 2.390756037481577001e-02
1.729845107225246592e-01 5.151763355006969136e-02 1.443812493019762389e-01 1.007829381177140771e-01 1.583754085934094974e-02 2.022224732304104405e-02 4.294808326794342934e-02 -5.062539570897577057e-02 -5.409770299470089729e-03 2.000293323296364282e-03 4.002488546203679387e-02 -2.008176405715914742e-02
7.918513291957776645e-02 -3.895497994562468341e-02 -4.771781884667803536e-02 8.427034229642258248e-03 -2.611264703595892606e-02 -1.078510817741813212e-02 -5.733365133637439298e-02 -1.836635292581495146e-02 3.840232007544167048e-02 -1.838987000859279575e-02 -3.569895756063737324e-02 -1.053185858478609127e-01
-3.772834233423018845e-03 -1.032049330266021775e-01 -5.626843401209009887e-02 3.909786711757552713e-02 6.726312652793355051e-02 5.735217788118687765e-02 -6.061335816462613824e-03 -3.047123197130812561e-02 4.394479575008083949e-02 -1.915642791600782879e-02 1.052876715339891855e-01 -4.543073136010364332e-02
-7.435785975671846404e-02 -5.982543411368239361e-02 1.274993645345509630e-01 9.500029022385254873e-02 -3.529254326323044005e-02 -9.454603233119697470e-02 2.103350327508973078e-02 7.998365069876293976e-02 -6.749272562891529131e-03 4.830502531779230779e-02 1.818676031593156883e-02 9.941794454654991064e-02
-6.810562165678804569e-02 -9.439665716415510111e-02 5.625428880437353951e-02 -2.544231475938580483e-02 -7.471534733655171845e-02 -1.023852653287278536e-01 7.653034255078790260e-02 3.667734524365956483e-02 3.487874165683937933e-02 -2.380220607932534774e-03 3.494412540291347291e-02 8.653304170439649057e-02
-1.508267182663766137e-01 1.447283897006080844e-01 7.444052591816334441e-02 4.457101170974851062e-02 1.133740438533473172e-02 -3.451126058968163879e-02 -1.027992553733454162e-01 -4.217536099791494020e-02 9.530290325487750236e-02 1.855292224727061751e-03 6.727937790619062386e-02 1.612469928743849243e-02
-4.701443942652275970e-02 6.957158114212098898e-02 -3.362209400026761053e-02 -7.740503521291759725e-02 -7.091098381416968688e-02 2.120513401391690977e-02 -7.528605428189660831e-02 -2.442655701710482602e-02 -1.022086091771226002e-01 1.443033484515194587e-01 -1.605152467975932140e-01 -1.008182808677888370e-02
1.536537964153944502e-01 -5.052393788009224007e-02 -1.435491992223680568e-01 2.244671784106861204e-02 -4.244506361205877269e-04 1.095073330892260277e-01 -1.407797686377735003e-01 4.877365108351032832e-03 1.926238961143630912e-01 -3.302735226273019464e-02 1.406348645268435532e-02 8.000110556051726052e-02
4.257524203518892741e-02 6.594633751509100528e-02 -1.381301732951873210e-02 -1.629457334229327259e-01 -4.905952412963171527e-02 -7.052587995477501565e-03 1.662400662480903457e-02 4.083680637666049079e-02 5.781108948710200757e-02 -3.120669906726499312e-02 1.316768587427613324e-01 2.990974413823378059e-02
1.006059186416099482e-01 -8.545736710667579950e-02 8.065858257703291401e-03 2.486025032259409767e-02 -5.395070368546819872e-02 7.873714317016849984e-02 -1.576935410227001122e-02 2.334823765360954928e-02 1.684774126658859783e-02 7.202016350110296283e-02 5.096565950444068710e-02 -6.164119647202291608e-02
1.922622892732481770e-01 -2.016251812635176111e-01 1.751950704877895323e-02 1.769503044301640182e-02 3.350469832122859176e-02 1.343247607304172420e-01 -5.948352855145842832e-02 -3.162414696371876072e-03 -6.362005968215284080e-02 -7.895983624974425852e-02 5.477133082667026698e-02 -4.387278298427092771e-02
-4.731612471342568071e-02 9.652840297880302400e-02 -2.247031094715474641e-03 1.771173126513521101e-01 5.229117182341429249e-02 4.078962087196679777e-03 -9.788045924040274237e-02 6.267780660787933278e-02 -5.063497921915681432e-02 -1.933565638698666600e-01 -5.548240858789877522e-02 7.664453524371128701e-02
-6.082445609818805388e-02 4.757020167918035725e-02 -1.251243497231371848e-01 -4.984811375646181625e-02 1.208616899437459230e-01 1.458209555107000711e-02 -1.354982552093589310e-02 1.211490473661436945e-01 -2.194666291601749322e-02 -6.636611729222224865e-02 9.926944311214325189e-03 9.160389443336575122e-02
8.025023563865582577e-02 1.533294293648508264e-02 -1.716924447846188834e-02 5.983943220894236137e-02 -9.449628159122769322e-02 1.279269170774373354e-02 -1.573321688556687525e-01 -2.674943394367008715e-04 1.227649432698921517e-01 -1.025720660273656409e-01 -1.088788071799348806e-01 -6.826018985972542863e-02
-3.014587615916903413e-02 -4.381735421137401137e-02 4.910823830569016613e-02 1.088499943979911733e-01 8.673959850275116124e-02 3.434881337747576480e-02 -4.930523331922799513e-02 4.218550384825293931e-02 1.294870343951888894e-02 7.004364536699515809e-02 -1.655567002828108314e-01 7.057380132287040947e-03
-5.136196874657517064e-02 4.897556802491651040e-02 -6.543763049151724021e-02 -1.281456664418586244e-01 -3.208999599779781969e-02 -4.938063318699872917e-02 5.602068656801862008e-03 1.742482401533062553e-01 2.775475280445452789e-03 6.297644574407869345e-02 -2.812386588210599725e-02 2.223099608892225437e-02
6.114841984920860868e-02 6.360165236134146527e-02 1.567577543512514437e-01 4.710396233227446411e-03 1.156236212523040485e-01 -3.783714251229675779e-02 -1.724871042675278354e-01 -1.924471620547856809e-01 -1.680233025686966031e-01 1.858806602373560407e-02 -1.749082507575736370e-02 -3.378095961067870828e-02
6.287917720715904824e-02 1.529724813434932829e-01 -7.264776464735331341e-02 -1.159181070249177270e-01 -9.174822465174656272e-02 -2.769643702609849226e-02 5.716211663747475941e-02 4.159342700770498474e-02 1.016859511893840884e-01 1.260664663305685884e-01 -1.294975967581026566e-01 -1.343862663802143920e-01
3.951152753401204060e-02 -1.142532992226433508e-01 -5.936370790767904471e-02 4.577006211324652352e-02 -5.300444231961177338e-02 1.507047110058841177e-01 -3.213619427670193901e-02 -1.252541891944146113e-01 3.910621164939655225e-02 7.375117062908015386e-02 -5.542333099227741977e-02 -1.960028305079090372e-01
1.699206094659618665e-03 2.890689055264280410e-02 -8.357206852896104099e-02 9.488469181639931638e-02 1.878391118396288972e-01 1.730169082764641125e-02 1.382003161655250834e-01 -1.640464092190530021e-02 5.974124432581055799e-02 -1.350945890508949421e-01 -7.140323982070660713e-02 -7.985987894202545290e-02
6.414777690685853628e-02 -5.173542695909056494e-02 3.125570385557244202e-02 7.638883622758592395e-02 -2.835009165759779307e-02 -2.223304578026854064e-02 -1.573586197791396538e-02 4.924639889117263941e-02 -4.706338021417001694e-02 3.580576048994462551e-02 1.580289955741706609e-02 -1.094706454421426056e-01
3.045373797152718057e-03 7.903019018432042020e-02 -1.067825095625683091e-01 -7.841744941699646532e-02 -5.345017408560986949e-02 7.253480722617883236e-02 -4.777312560410557074e-02 2.328176840601643705e-02 3.886327451550350420e-02 6.493492804924418105e-02 -2.102579341528833246e-02 1.265973992842387985e-01
-4.531807871451613845e-02 1.030795459212318077e-01 2.404541395704300477e-01 3.240422109511414267e-02 -2.550875967132437000e-02 3.144093197187853867e-03 -8.635215157761662319e-02 -4.494723711173378988e-02 -7.621265475737655504e-02 4.069870961416865995e-02 4.964516192012465023e-02 2.878363523235057380e-04
5.880387799657638831e-02 -1.086615800543137000e-01 -1.283817607513295517e-02 -6.144146299034496453e-03 4.027897998477856720e-03 4.641626402313871191e-02 3.718301705219867991e-03 -1.162732694231105313e-01 -3.259933969294294409e-02 9.805553230286076505e-03 4.151739203877014006e-02 -1.155549183065958246e-01
3.006472673215547856e-02 4.325809411479930588e-02 7.367433646485566090e-02 1.714110040278273295e-01 -1.164172297969876535e-01 -2.841849365494557994e-02 -4.104167694673022809e-02 8.666698269293483803e-02 -1.661734172372141272e-01 -8.141953193340246975e-03 -1.228328504900244034e-01 -1.012172416945461006e-01
-2.406969748875526297e-02 -7.170876626771660253e-03 -5.335544089901557430e-02 2.575935226060122041e-02 -9.240770591860321403e-02 -3.608927932608691630e-02 -4.401662745960985973e-02 9.527985205706425431e-02 6.285474178810293057e-03 7.870203450258989042e-02 -4.581690575601900239e-02 1.061013659791672399e-02
1.539986884702589376e-01 3.900874689062795025e-02 -2.348667922678498304e-02 8.077737018222791443e-02 -3.019008687890943621e-02 -4.316831313534414544e-02 3.653161516987320917e-02 -8.340579253341463828e-02 4.477399759855249517e-02 -4.514818507074212089e-02 5.554124270812148267e-02 -2.748337772215993235e-02
-1.897100878508303085e-02 -9.323622373489029447e-02 4.090234000486519389e-02 -3.621185605296973423e-03 -4.287599907215037393e-02 1.003564752717122088e-01 -1.364435457180865341e-01 -8.013493357899323377e-02 -1.756257054499541989e-02 -2.785771190555014903e-02 2.373302041348577390e-02 -1.800209025152778308e-01
3.851367877717035842e-02 1.100707929117638734e-01 9.380098547223432448e-02 9.256894610727747774e-02 -1.657060132037458666e-01 -8.184439835304582744e-02 -2.825831231119163914e-02 1.011005620626529711e-01 -1.905694846616406424e-01 -4.508429528519262292e-02 -1.345036099702493493e-01 -3.372628138693267719e-03
2.014331809794368128e-02 -7.276002146508050994e-02 -5.110054986966142132e-02 -1.482357208291367745e-01 -1.678407253958703188e-02 -7.784880916014630392e-02 -1.430643364576809212e-02 7.113014552896393394e-02 1.713197250851357031e-02 8.522144526937187187e-03 1.854319369660886643e-03 6.731760700101452333e-02
-1.117691538586955274e-01 -3.233669097064158227e-02 3.569309509538218933e-02 -5.290741161352281036e-02 5.022297131782266916e-02 -4.034492909203005878e-02 -2.906671648462675131e-02 1.643100503038117943e-01 9.070953682328500300e-02 -1.024908487851731997e-01 1.876906213214002694e-01 1.534366007095919887e-02
-4.576282288963069711e-02 5.564584332893380419e-02 4.130545285111560105e-02 -5.010361486447415663e-02 1.186139084454391757e-01 -2.989189668364185953e-02 -4.286814778418118754e-02 -6.549315082873566340e-02 9.401761918521242545e-02 -7.532705730987265813e-02 -7.295504692923546197e-02 1.105746558052527195e-01
4.227504852646635225e-02 7.497314156876802582e-02 -6.499182064486895560e-02 -4.356845529377013221e-02 6.188854015922330004e-02 4.576423915856805968e-02 -1.027336384952037829e-01 4.653576158306891447e-02 -1.028696026209814998e-02 8.132101871348140776e-02 -1.360703073537686617e-02 1.488422020765390874e-01
4.880041001949446400e-02 -6.188668337768589434e-02 -3.338858812556307499e-03 4.038456803584490606e-02 1.357086411325860581e-02 -2.532038058498609079e-02 -8.151778216800470434e-02 -1.527741184458571988e-01 6.766943654395618513e-02 5.005956737681400981e-02 -8.793396615867302016e-04 4.223661849497011012e-02
-6.759260917422817150e-02 -1.182271089775839279e-01 4.911518772208200989e-02 1.464097750246995400e-01 4.622298806590520448e-02 6.457487470522656203e-02 -1.296888398165985112e-02 -1.037964474411422477e-01 -9.130037899643017596e-02 -5.960643359423721532e-03 -2.146396450248905935e-02 1.308412687238284522e-01
9.756975250260148391e-02 1.576043565161258930e-01 1.080082737078465749e-01 5.994756976668037807e-02 1.328825623704528169e-01 8.145001342883910478e-02 -2.414655469322217474e-02 -3.206173041175856657e-03 1.538724119289238551e-02 5.736470143473336100e-03 -8.557424293939169813e-02 -1.984040546964113000e-02
-4.189864071874099816e-02 5.227441022037340734e-02 1.356332281032995579e-01 -4.030253963068486378e-02 -8.160761328030874395e-02 3.708598380748821810e-02 -1.765454637913689284e-01 1.516538626900542086e-01 1.006011216951500781e-01 -5.217027651778662241e-03 6.738883772419163032e-02 2.488756414352405813e-02
-7.597134217730690253e-02 1.354378280223620945e-01 6.532703699425890242e-02 -1.454806312099620469e-01 1.588229591381030634e-02 -6.830852144834428930e-02 -1.023538834864924363e-01 4.224412805063416931e-02 -4.417605021742000357e-03 -5.687134966281027354e-02 -7.307533753367138896e-02 6.235869226267038573e-02
3.951139456681256740e-02 -2.568016802622338224e-01 9.914956233294903998e-02 1.123882649809461176e-01 -6.512689277794701803e-02 -8.924177892646012467e-02 -7.352102999904588931e-02 -1.678509344146161472e-02 5.914722323382771985e-02 5.877886744600530761e-02 4.896590883215684586e-02 7.488224540319643463e-02
-2.360101094100128249e-02 1.760004460799753367e-01 4.576581503809487583e-02 -1.075245110902380424e-01 -2.197543357943363557e-02 -2.819611583263375090e-02 -8.946322389238899053e-02 -4.100485303666387416e-02 -2.250552052025675889e-02 8.015213764549028452e-03 -1.379488531544856636e-02 9.564259114822962204e-02
-2.214615454203385306e-02 2.111403989649096938e-02 4.231645840186727681e-02 -1.748822803136994633e-02 -1.304870651794151626e-02 -5.372175773548213545e-02 5.402950951157975412e-02 -3.358146380629199734e-02 -8.087369195518145926e-02 -6.500335950920324568e-03 -1.661590765420545290e-02 -9.491769648608183729e-02
4.573086032277058621e-02 -5.596754582951372209e-02 -2.544632803319575934e-02 -2.119792761729351327e-02 -8.595934790359140935e-04 -1.720826639684751996e-02 -8.483455086860711147e-02 9.968827171471157655e-02 1.439491395463787515e-01 4.543052547248700029e-02 1.454597309431651143e-02 7.480386646386411043e-02
-5.222946886729173954e-02 -7.995010554945697345e-02 -1.536311176643014031e-02 -2.922267640567883379e-02 -6.691143162845819559e-02 1.048909306731408975e-01 -2.735368116484025724e-02 -2.278225173444978213e-02 -1.222633304904937983e-03 5.964586660074097657e-02 -3.508386858882344556e-02 -1.102420296479261902e-01
5.802862042320912350e-02 8.358666022205205048e-02 -8.542679944304168438e-02 -1.269374684842688658e-02 6.414483531021746010e-03 1.461283355909371445e-02 -1.936090013589263636e-01 -7.221141485409675320e-02 -2.093321614268985748e-02 -9.795136730535017322e-03 -2.541978813362539072e-02 -6.048859880660762550e-02
-8.521539786823753571e-02 -9.120804772289160811e-02 -1.424666082539143286e-01 -4.407585529297958910e-02 -3.235854159510463679e-02 2.733562392669242752e-03 -1.108720822110884630e-01 3.139919218032100057e-02 1.047083625414864730e-02 2.774570088378527921e-02 -2.798082976925928000e-02 7.769922173285465257e-03
1.182271997196972513e-01 3.486399812329157855e-02 -8.521330335346340157e-02 -5.426110239638196053e-02 2.175769157352237526e-01 -2.052692357755507846e-01 2.245435675140725756e-02 -4.718653030061178977e-02 4.440514846849052955e-02 1.958965393482532680e-01 -4.226255965173866813e-02 3.208300083866982844e-02
8.313202836476057955e-02 -8.422142911730565173e-02 -5.732720511216236187e-02 -3.269127355105801158e-02 -5.688100514999361312e-02 1.804769036047875613e-02 1.287511707578343004e-02 1.781562520654867560e-02 2.708786740898086465e-02 2.090633762312647803e-02 7.147036254942533071e-03 -1.596774848464449503e-01
-1.913260182893149752e-01 1.119111963713934760e-02 4.914118647788447147e-02 7.961904825616195058e-02 6.440858445745374639e-02 -9.347465794228762559e-02 7.840494550238652494e-02 7.260437028983816876e-02 -9.411329585340495740e-02 -2.796516644798882970e-02 -2.393148054518322645e-02 -4.065644487993663736e-02
-1.030851704831710069e-01 -7.639716339692637082e-02 -7.978527902556231677e-02 1.863180416913319537e-02 1.589034362944747869e-01 6.047889761107001771e-02 -2.798591210083129291e-03 -4.457749191038552078e-02 -8.711641882758258681e-02 5.328838153956895647e-03 9.039564872071947921e-02 5.102412007808639072e-02
