4.494804385418927350e-01 1.002578793646508259e+00 5.028478983354139897e-01 8.101430957787825182e-01 8.426978410011098930e-01 6.387076986069250006e-01 9.032619635224001797e-01 -1.632042033734759090e-01 -5.167882782672782449e-01 1.384632709993109279e+00 -2.344729832266381070e-02 -5.640423487556744941e-01
-1.694342658141164248e+00 3.168479893007588588e-01 -1.225710819121716311e+00 -1.816967517563832235e-01 1.937651961847057513e-01 -2.540148453929823580e-01 -1.032987442978747117e+00 -1.763353546270263750e-01 -1.125057878710348902e+00 2.058934986392559341e-01 -1.913459348680346395e-01 6.552876315839605281e-01
5.199778503959947562e-01 -1.078596714082284275e-01 3.136708356644720697e-01 2.449342223027681786e-01 4.057287032773941871e-01 3.124021994313890827e-01 8.291797516474651575e-01 -2.925421483957656998e-01 -7.754014074720536609e-01 2.171963229736993961e-01 6.451145210696037635e-01 -7.618042594817997504e-01
9.061273095976749570e-01 4.293181599620329303e-01 4.210680506086423858e-01 -1.372527757984856600e-01 4.115988977428876039e-01 2.272152427843307232e-01 1.893798815286945603e-02 -7.743445088355483952e-01 1.383098713325900952e-01 4.911026360476131725e-01 -4.378897113104414096e-01 1.311047133052722469e+00
7.632871745888615278e-01 -6.211655882354764069e-01 4.450366779098448022e-01 -4.039831759149958151e-02 9.418886902784358306e-02 1.995850927976619560e-02 6.220027583013647554e-01 -4.565915180559495523e-01 8.750186288004576651e-01 -1.563471873392769107e-01 -1.806164233924088536e-01 -8.472214018706177852e-01
-7.009728768119394271e-02 -7.357936243558189648e-01 -7.429747327604769858e-01 1.181246550914351490e+00 3.956850794365538437e-01 1.183055048470826653e+00 -5.203028279944498236e-01 3.834273564377190802e-01 -9.287722908285652723e-01 8.462410168155649892e-02 -9.457332865500788222e-01 -5.180509776196234872e-01
3.061440604271403187e-01 1.916066040013901239e-01 -1.512396818637264384e-01 5.492774436041750752e-01 -2.604120522583115993e-01 6.248374504465387114e-01 -8.120412467471874729e-01 1.241733392019784971e-01 4.886191500678285227e-01 -9.229263491994235680e-02 -7.464309839740279617e-01 -3.226377256619145650e-01
-1.084321611738347846e+00 1.491819556335608254e+00 7.435409298235914344e-01 -6.049889952704790019e-01 2.039002059605106443e-02 -7.128844730636763050e-01 3.062919916474801663e-01 9.249270289664504596e-02 -5.556016149556414208e-01 8.214352815690407761e-01 2.372236663598077666e-01 -3.706571202815112653e-01
-3.160953004200723337e-01 6.297166727380819617e-01 1.467949464015884109e-01 -3.747974365336451674e-01 -5.161283558122211623e-01 -2.202117481180334291e-01 -1.268541769544152265e-01 5.951030827578372984e-01 -5.552673191932822050e-01 1.091414275703048026e-01 5.534912727342381628e-02 -3.057374889339652402e-01
-4.216035437311919098e-01 1.193739260438390487e-01 1.524895988513657485e+00 8.404546831374251070e-01 -6.536852442023943777e-02 9.735352585263312708e-01 8.673027753378638460e-02 3.169868949189678653e-01 5.094675359844136331e-01 1.054171546818764155e-01 -8.011557437364941192e-01 -6.258138769173995919e-02
-7.534548563572405211e-01 6.617206764409752640e-02 -1.296867025713644983e+00 -7.932972251224000848e-01 2.106564747868057419e-02 -6.590246609205334671e-01 -9.019063670253183451e-01 -6.769053953197218254e-01 8.102968552176095240e-01 6.144176588400242223e-02 1.171641431241434494e+00 8.931488494580819282e-01
-4.909673536631712354e-01 -7.614684125462743702e-02 2.994545681974122298e-01 -2.389532684753481462e-01 -7.563272080996283897e-01 -2.208300506220629289e-01 4.613149515458603855e-01 2.064565268159986311e-01 -7.218606072410040930e-01 -1.299779673297555560e-01 4.147775721956125095e-01 -1.820679923160125335e-01
9.570022233457226024e-02 -6.569381261880070655e-01 -6.908878598999929066e-02 2.313602621298375683e-01 -5.304877087083001985e-01 1.803101889524435231e-01 -3.017072508710686440e-01 6.619004984969525385e-01 -2.334085200518601078e-01 -6.012552470020182671e-01 -3.398870670147759454e-01 -7.469580411618813587e-01
-4.507049000221591273e-01 -6.629760031279853250e-01 -9.664693083818944042e-02 -1.697141487872355636e+00 3.222581087200950822e-01 -1.563501538409640901e+00 1.300545010222091902e+00 8.348372156258454524e-01 -3.131341273156386107e-01 -5.123068300739445080e-01 2.368678482527636353e-01 -8.151024909935791762e-02
1.360624151568261553e+00 -6.880379672320580120e-01 -3.412765282380969545e-01 4.499997863299819989e-01 2.923036089752235611e-01 3.943245738980876158e-01 -2.306228413137242639e-01 1.198575223976850596e-01 5.582662627733463445e-01 1.815340783056214324e-01 -9.836994524131915663e-01 -4.772058281018313336e-02
4.547802990055942463e-01 4.741727574135053969e-01 -1.016303063179711863e+00 -1.777964523842995581e-01 -9.568207478553492074e-02 -2.896963159505537844e-01 5.545125888265388658e-01 3.346946418113409122e-02 2.007913904264352067e-01 -1.892849810469187377e-01 9.590405283029816985e-01 4.133289802116800193e-01
1.205657270199225639e+00 -3.537092020366914835e-01 3.997118295402178612e-02 5.131163298848353538e-01 -2.574686863227646991e-02 4.757724595558494585e-01 4.355334723553200282e-01 2.378339016073529461e-02 -1.917821305944230614e-01 -3.037280688894503089e-01 2.771494221928111693e-02 -2.283500660425097917e-01
-2.377570014890322825e-01 -3.353966271237578400e-01 1.015094889732538253e+00 -9.628510746349213667e-01 4.589179680048273702e-01 -9.265709622117774824e-01 -6.086243053179255513e-01 -1.428294952041075094e-01 9.931815975885067704e-01 -2.577143733193330566e-01 -7.154793893186379705e-01 1.313822983165430780e-01
1.709417567638376878e-01 -2.650291251750244714e-01 -8.553258752157507638e-01 9.595089556393425478e-02 -4.399391730508799281e-01 3.332321061866218570e-01 -4.077115352767720496e-02 1.125657025297420628e-02 -3.991685096291353041e-01 -1.430472538053411957e-01 -8.373374459773928399e-03 -4.316188902436148833e-01
-1.087729447432003449e-01 -1.269838869349135257e-01 3.887755948738489953e-01 -7.133512604498534193e-01 2.952949250377991386e-01 -3.423908469882646077e-01 -4.564967566550477418e-01 1.989972916220547616e-01 -8.224328044160902906e-02 4.521793864032724319e-01 -1.115449600035235189e+00 -3.898072585561578873e-01
-1.212619962999343659e-01 -1.034353161825260214e-01 3.646732715668819791e-02 -7.172878392667074443e-02 2.265047846108719787e-02 -1.141485232852208209e-01 1.018156350284471490e-02 -1.474623488203305466e-01 -3.733583289533629612e-01 -1.182380535392914961e-01 -5.357669444790768010e-01 -2.079410636863555095e-01
4.822666343127895439e-01 -5.444704838531196911e-01 -1.768325183027708025e-01 3.086441769970587057e-01 3.128279258862974865e-01 1.885171783263242251e-01 8.344904313066519030e-01 -4.215511929800462299e-01 -5.402461893746278720e-01 5.887666617784457351e-02 9.829926844712573164e-01 -1.033993948664253953e-01
5.810391388071030061e-01 -1.908022421948625189e-02 -6.479265864666755581e-01 1.122255628824538221e+00 -1.675956165096013362e-01 1.056567936252458706e+00 -7.259667403442428002e-01 -5.460057044053805847e-02 4.975003774844279358e-01 3.596009934201484931e-02 -2.110449700490179825e-01 -1.031916664516394633e-01
6.886825271257025760e-02 4.987655237135814601e-01 5.557568824896150783e-01 4.008059731266780390e-02 2.362609833547220650e-01 6.763767616361746060e-02 2.062253960093279603e-01 -3.615755952322157740e-01 2.886059117096285709e-01 -1.798603897280544317e-01 3.039658235378427942e-01 6.802876188582037686e-01
5.556291732244633685e-01 -1.397461170375142447e-01 -3.819697401754333921e-01 -1.093449804499047051e-01 -8.470942593278357746e-02 -2.018111211968488250e-01 4.784131700806175114e-01 1.607415670337909996e-01 9.045605757392825019e-01 -2.791952673690331066e-01 7.764736642575227610e-02 3.596287994966587687e-01
6.328774100627720944e-01 -2.268883217495069535e-02 -2.205891388804269160e-01 2.688365343875733643e-02 7.990111162012779600e-01 -1.004480294719975984e-02 -2.744038527438142933e-03 -1.384520913701039468e+00 6.743157787622860999e-01 3.170423446216322216e-01 5.784541517084170609e-02 4.036957516814313474e-01
1.512309521502927245e-01 -1.063992154107284760e+00 -9.830875263450292167e-02 2.207918051859957265e-01 -9.074238693762632924e-01 2.367625997148987416e-01 -4.383936644385646453e-01 1.837625081221086754e-01 -6.422685736772933141e-02 -5.650188575338460639e-01 -6.215701561845423662e-01 -1.300718330221432684e+00
7.606986112229727204e-02 -6.730891890780336118e-01 -5.462312308927033122e-01 2.333659037234635525e-01 -8.053082245222983326e-01 -3.028138332586632897e-02 -4.187461677255800430e-01 1.596326608344030701e-02 1.731009010885173616e-01 -6.460491556209229103e-01 -8.109164327399821515e-01 -4.905754412792012187e-01
-5.867651838621680549e-02 2.360258769260490663e-01 3.588402954913285647e-01 1.471120045644389307e-01 5.206285950925755301e-01 1.298440703990921541e-01 -8.778080777383996669e-02 -8.455936775796257798e-02 2.193013240201191205e-01 3.748486653859992024e-01 3.796301939875572629e-01 7.521416453423820370e-01
9.441583614386483969e-01 3.361531194812442669e-01 4.456016219163241865e-01 4.384169098933868303e-01 -3.153771398813974280e-01 5.099726294627616729e-01 -8.880625235071119006e-01 -6.062413108023759767e-01 5.290009800686472641e-01 1.968924197909650842e-01 2.146727617533920052e-01 -4.083138058977229812e-01
8.697091989406516288e-02 -5.231525173480826574e-01 1.316377108846795291e-02 7.431821519100036133e-02 -3.710386921192272425e-01 8.825287838302089960e-02 1.547783192984900857e+00 -7.886655028554636626e-01 -2.816693412785369888e-01 -6.320635701847302501e-01 1.271449693470398101e-01 3.124635943816393979e-01
