-6.279253059430718598e-02 -1.390316652998643265e-01 4.234585402139423582e-02 1.199096791171393867e-01 1.866539548299367413e-01 -4.033103335054418620e-02 1.007496476375864536e-02 -9.267057870082627893e-03 -3.973414702716823038e-02 -1.777917102486820111e-02 -3.137892427890527636e-02 2.098103684762177568e-01
-2.307183008052962614e-02 2.762771551541163759e-02 -2.576474237347586502e-02 -1.467197785495389928e-01 -7.763629834997856638e-02 -4.832367375799299231e-02 -1.068110598578828757e-01 4.736958266940775875e-02 6.985381951458072280e-02 -1.104538349109278339e-02 -6.368360094073162447e-02 -4.770663264084094163e-02
1.048231039725835284e-01 2.568562617960788372e-02 5.683404134708942845e-02 8.928072238548138972e-02 6.024253885305620726e-02 -1.685821567577177604e-01 5.783092057305315101e-03 1.419108435516326823e-02 8.492182593099933952e-02 -1.635728407835682768e-02 9.547396588375380022e-02 -2.953965556485316571e-02
2.647927588955290706e-02 1.383272530569489289e-01 -3.794589812355410319e-02 -7.769748103586483767e-02 -3.223567799693552449e-02 3.635139707328827879e-02 -7.393245240121748552e-03 -6.639757256400995178e-02 -1.158850510003181788e-01 -9.883509348018273966e-02 -6.653103668180064545e-02 2.866663176976434468e-01
-1.067659117180378009e-01 -1.226521949299974740e-01 -1.057834082902580353e-01 -3.281005003262523617e-02 1.557379138599566670e-01 3.065554072428758325e-02 2.633661632440868067e-02 -6.789266514157026033e-02 -3.202853791528777888e-02 6.866084066270125574e-02 -3.752583715898777372e-02 -8.041849987451603343e-02
-2.944543274103893910e-02 7.417227275108533024e-02 -4.349514047693549268e-02 -1.222024453449835485e-01 -5.263145887856973681e-02 -1.143197864112710932e-01 5.684534487002934622e-02 4.451827681532584402e-02 -4.039039227773020407e-02 -5.569766616463196762e-02 -5.866926786903724211e-02 3.136716856156333984e-04
1.056306677259243182e-01 -1.099404010675965153e-02 5.369300825721710912e-02 1.195555386851162791e-02 -1.960697083217754488e-01 -1.248753455287991282e-01 -1.490549172203765316e-01 -5.774081681035315994e-02 -7.485425795739830690e-02 3.131912102141779647e-02 -1.683796225404132763e-01 4.266483666537666114e-02
8.825950025900554385e-02 -9.657008894961065237e-02 -9.659541186341312827e-03 -5.745994379590724926e-02 -2.867441450148934881e-02 -3.508113257893085563e-02 -7.263492842313264142e-02 -1.780188149938876918e-01 -7.632731646973617279e-02 4.065680862772970416e-02 5.776036999458464272e-02 2.134913244846639926e-03
8.500812544440085328e-02 -9.643190941061303978e-02 -4.584241796115201550e-02 -2.786014329983618754e-02 -1.181791708248087491e-01 1.114802630297715910e-02 1.620824155083827323e-01 -1.851152184005861248e-02 2.049917030295105459e-03 -3.526651181479277530e-02 4.313648478620908666e-02 -5.599269865196574575e-02
4.824303920406605717e-02 5.517234092261341649e-02 1.243335071386809654e-01 6.164453518236217427e-02 -1.337529875162910518e-03 -2.324441740168317616e-02 6.029800132941366339e-03 -9.835957874880542351e-02 -6.627216604304353442e-02 5.692277688323649221e-02 4.627813962235760581e-02 1.571778603165036037e-01
-3.494783570765763736e-02 1.517460466883018833e-01 -1.719818353418505752e-01 -8.485357211840509339e-03 1.085468985891977489e-01 8.280687308097363364e-02 -8.994253768883718470e-02 9.527118397665455818e-02 -1.476414419327257421e-01 -8.102649349489488007e-02 -4.762984627045777075e-02 -1.072183348832844579e-01
7.612534670875552301e-02 5.237689335246994982e-02 -2.676202085795319988e-03 3.675576058190031109e-02 1.206052984400076411e-01 -1.557979116450875501e-01 6.686664762531767392e-02 -2.870123457188532637e-02 4.080406312070950642e-02 6.613508740871440472e-02 -6.213852919405270236e-02 1.018200889706734197e-01
-8.457940198980542709e-03 1.790845435101189320e-01 -1.344622347379766381e-01 -4.351885585003376772e-02 3.552430319212222798e-02 3.464194707527890743e-02 1.693425316500905831e-01 -7.799003780218126750e-03 5.831577649943387592e-02 9.197032860269124810e-02 -7.958156766152398032e-02 2.449938993905908732e-02
-1.555373324238171553e-02 -7.061346098064631704e-02 -3.332962407310470498e-02 -7.237599749273819494e-02 -1.422881244599160100e-01 4.763629701332863092e-02 8.484486258157404592e-03 3.503016543920256520e-02 -2.354248840004305177e-01 -1.865651401684638722e-01 1.364934341932649148e-02 8.468600875419009244e-02
6.268182338879101090e-02 7.399781066570594590e-02 -3.659127254083136341e-05 -4.469616906339528989e-02 2.133011063536576803e-03 -1.590011157872536773e-01 -1.258434197089708662e-01 -7.473188025987791139e-02 1.004432138663106100e-01 -7.179372077851990316e-03 -3.112037126635567100e-02 1.533059833344991782e-02
-1.572229644456877296e-01 3.377222830309317692e-02 5.227525370980946884e-02 -9.410402151761119299e-03 -1.760890037974121025e-01 -5.019199235758412675e-02 -5.012701386195289599e-02 -2.601049484837694714e-01 6.123051360117490877e-02 -9.880534630748941116e-02 -4.986022849305050443e-03 4.583927833410978911e-03
-4.128196111153786818e-02 -3.286328451613987345e-03 -1.763246787407097074e-02 -1.613172833481330698e-02 1.801958819947943047e-01 -1.038436828864117492e-02 1.539137338206087238e-02 -5.214949934183545077e-02 1.008160977084827659e-01 -2.433102679941909208e-02 -1.583116823069983248e-01 5.726748054326153553e-02
1.114381333676351810e-01 -3.728613177098114018e-02 -3.085273754994276221e-03 -9.200015249346339685e-02 1.864710328558067884e-02 2.977252085806490756e-02 -1.966704236823765134e-02 -5.176537401159739260e-02 -4.757913742260076045e-02 -6.005406720284779676e-02 -6.846327709059558952e-02 -9.450390737087836779e-02
4.125326028419606939e-02 6.337766574523499841e-02 -5.456438596198580349e-02 -6.504947607072568416e-02 -4.506332113533411884e-03 -2.558801762796148460e-01 2.243666202269101462e-01 -7.547532574002228933e-02 4.200671306323928295e-02 8.248645601701212055e-03 -3.998230842036616835e-03 5.217200750356532774e-02
1.423190086834905110e-01 4.770545814860098488e-02 6.840359959294808889e-02 -3.843350943283480731e-02 -1.383541141355633559e-02 -2.027318422922276819e-01 4.557952054310236700e-02 -3.273110420868752257e-02 1.378090923171879784e-02 -3.060738670497220593e-02 9.388582203823973849e-02 -1.457184607960673728e-01
-2.165981919951769086e-02 -6.102914013386018244e-02 -2.868544514834510048e-02 -7.273701003462014480e-02 1.460708036634272289e-01 -6.963451172533126343e-02 -1.429782176468496688e-02 -1.005274146042224176e-01 1.701841079660097386e-02 -4.184996706016072543e-02 7.597107392001491155e-02 -1.262875718852957685e-01
1.304538499668633257e-02 -5.610341935973818528e-02 5.341869747825302162e-02 -1.406957238269928578e-01 5.410227415221029179e-02 -1.893475118582261807e-01 -2.109482104513209916e-02 -9.403370863862385576e-02 -4.694881851650020005e-02 6.084305385908318764e-02 1.015382735320849786e-02 8.886022338846404078e-02
6.015970059135479497e-02 5.977443768538749647e-02 -8.789996104301226951e-03 1.699007925631749183e-01 8.454888910596777482e-03 -1.762150339962124113e-01 -3.055071446430172172e-02 -1.090413174534901469e-01 -4.173405937888980712e-03 -1.310456110349648706e-01 8.985619910078053441e-02 -2.709157649348451283e-02
4.825571727200246575e-02 -1.182076688071608123e-01 -1.795281411373029212e-01 -2.596448453221479602e-02 -1.324192525164457068e-01 -1.274915598670943104e-02 9.375513307032180832e-02 9.568915864490097622e-02 -4.459481603221446960e-02 -1.261490429297335014e-02 -4.307583132303302587e-02 -9.438279593328731398e-02
2.946774643410522004e-02 -6.959763285550497891e-02 5.919241542789838162e-02 -4.418833275952229606e-02 -1.951946425954153436e-03 -7.504011010094076284e-02 -1.155534738534225309e-01 7.922295599991983905e-02 1.927407056075081948e-01 -1.463779911165744574e-01 1.505534234108738545e-01 -3.969266810123412564e-02
-2.418648485288446004e-01 1.739165572167457666e-02 -1.141923806641344415e-02 1.789186296821855260e-01 -4.180729032873288509e-02 -1.602884851587872417e-01 -3.309655608146329364e-02 -1.425458912245693710e-01 -1.873863460591906546e-02 7.476650389714067924e-02 -1.624753339058633561e-02 2.740402491027104856e-02
-8.250902194928851074e-02 6.688827517054508898e-02 -3.379455587152546681e-02 -1.361711816114385964e-01 -4.678584506368986540e-02 -4.530255254912243096e-02 2.509934324605685163e-02 -1.750541689957096567e-02 -8.157995589473310272e-02 -1.011577213188516733e-01 -4.025691940223088960e-02 -5.078082906643629352e-03
-7.173500506380962871e-02 -5.545326516388995874e-02 6.555776203795490864e-02 -4.734228959709165657e-02 3.658321740080045393e-03 -1.090403991206050777e-01 -2.348524168538150547e-02 1.285604399633985366e-02 5.358242306490245549e-02 -1.973032584842646098e-02 -1.426881161488205776e-02 -4.603733682918117326e-02
-1.408688564514106074e-02 -1.838286142968709527e-02 4.821731381625989077e-02 -4.629149008751728273e-02 -1.540291115443640502e-01 -5.841803651364655542e-02 5.452760705630974036e-02 -2.126706031186344770e-01 4.009709442760028136e-02 4.809240940896152006e-02 -5.134440633218179117e-02 1.434895651185177576e-02
-7.314623254714021361e-02 1.339628542215826230e-02 5.610920125841645234e-02 -2.240060866955508045e-02 6.144430420200022724e-02 -1.075982994166928969e-01 5.230100690853316248e-02 -4.710942395131494098e-02 7.414979273715274766e-02 5.931265597067443551e-02 3.219839570286167629e-02 1.433058438619329578e-01
-4.194025601160394912e-02 -1.051901797899581874e-02 -1.192480019203693252e-02 -3.247041159926019466e-02 5.343686658258094135e-02 -6.008064332199663377e-02 7.283706882070080380e-02 -1.185624208742359215e-01 1.052889524701169643e-01 -1.950795227042665392e-01 -9.012474820324355151e-02 8.439210237524581715e-02
4.870857083671681353e-02 3.391381870307745572e-02 -2.578004265142705073e-02 6.616433697835479022e-02 2.656742064240653553e-02 -1.406230491867179189e-01 -5.003828243713903667e-02 -9.026803886961971835e-02 6.080992217450963827e-02 -9.387821048519906508e-02 2.285717430271472922e-02 -7.984229056016715897e-02
-1.025489569235520232e-01 8.544307106117028650e-02 -2.142035366529984261e-02 -1.036137971174682509e-01 1.234686686450227333e-01 -1.533667741831448161e-01 -5.159023824874441055e-02 1.092629694579019678e-01 6.822387743858379650e-02 5.205851256315689735e-02 1.945187230168041737e-01 -1.216654616617193346e-01
-8.370289293954428014e-03 -1.259311299837066571e-02 8.375541093853175467e-02 -6.123874876254676441e-02 -8.913941111400597306e-02 1.481347167382753016e-02 -5.047016015088752819e-03 -3.768414150364249315e-02 8.401929224672322061e-02 8.380881275821022713e-02 -8.099579668791485887e-02 3.416762991988352843e-02
-2.723763142847798746e-02 8.973017110135138308e-02 1.981381378248639122e-02 -1.646937113030423894e-01 1.467019549996830263e-01 -4.364809961766768359e-02 -3.491475375954804228e-02 -4.948870579994313346e-02 7.049774590514742978e-02 -5.172182605041314440e-02 -7.531453666974245731e-02 3.770520149722652453e-02
5.801165185687123804e-02 -8.044689273173984134e-02 6.559864937947390562e-02 -5.002388793777017700e-02 -3.578110959570000860e-02 -1.158617891041820586e-01 3.700783873938655322e-02 -4.297742921733520294e-02 -4.584115386425195032e-02 9.349821845761630001e-02 -4.517540571330118382e-02 -2.025243390485368944e-01
6.966192101075506515e-02 1.622587677874696155e-01 -5.133401130120411604e-02 -9.528184537415003430e-02 1.246942738560646025e-01 -8.741340516788667636e-03 -1.005892877993366658e-01 3.756912053717537201e-03 1.228872323703966360e-02 -4.226079592254127458e-03 9.893303725481002175e-02 -1.290158775590116366e-02
-8.009192875172731207e-02 -5.093266368849272419e-02 6.080342831652785218e-02 1.362006220922057365e-01 -1.341425274178699723e-01 -1.708359182673029886e-01 5.509365559753735125e-03 8.095800646842817375e-03 -7.461118680603232023e-02 -7.113006923010711802e-02 3.328697368742731914e-03 -4.164714723488841669e-02
1.327278752486929503e-01 1.196266020696047823e-02 -4.645226613647179814e-02 -5.342306444146435046e-02 1.528261309419929881e-01 -9.244282874897304103e-02 6.321334591388787227e-02 3.286387661659718757e-03 -1.455620152079097063e-01 4.875455282313111149e-02 -2.963741352558404984e-02 9.414997364283127224e-02
1.053746042984790438e-01 4.255633152113826034e-02 -1.568153990425648694e-02 -2.885730195267598164e-02 1.205631493484499682e-02 -1.489718403915704648e-01 1.132657464637328720e-01 1.864144917812607036e-02 -2.897578563708105501e-02 1.573002400673677026e-01 1.406457124514544077e-01 -2.368283657872438108e-01
1.165904069836899565e-01 -2.219374059488089454e-02 6.422977537656854308e-02 9.413776282780318694e-02 -2.237949244517592820e-02 -8.919646821374939416e-02 7.315306887691173932e-02 -2.098555182184240475e-01 3.204112795583902856e-02 -2.343010632166572238e-01 -8.615479764240545346e-02 3.762565341106679367e-02
-1.973068836968556311e-02 -1.439670560196306126e-01 -4.022695065723494445e-02 -2.336512879077928817e-02 -7.109184487599440327e-02 -2.054988944040785359e-01 -1.085986339614229829e-01 -1.038558100534704015e-01 -3.204571690409848544e-02 2.441794951523515445e-02 -2.391571516338779346e-02 1.465068060590292258e-03
-7.234599649622110162e-02 -3.230727609000057232e-02 -3.039731730173109159e-02 -1.301021434038961422e-01 1.222509400771191468e-01 -3.562064531816163532e-02 -1.517971734394583383e-01 -1.232604264750275236e-01 -1.124942820108429387e-01 9.138843362645854285e-02 1.070419063692418654e-01 -5.223419073240472693e-02
-7.407628030019457188e-02 -2.018881014737749710e-02 1.399391688043665205e-01 7.895400896832517612e-02 -3.589785748650960173e-02 1.083913302840275317e-02 1.129688891660654421e-01 -8.730724018283585186e-02 7.301769096585489227e-02 -2.293520601196843284e-02 -6.021427259538227050e-02 -1.018567917778683135e-01
-8.054703965403155197e-02 1.212889550305233481e-02 -1.677183919364319195e-02 1.634953982772869435e-02 -5.972729331680253981e-03 4.291574533247093440e-03 -3.942784998573196920e-02 -2.549429075040266987e-02 1.363158019104757368e-01 -2.274469069478016192e-02 -7.220701750014492382e-02 5.322623008504814152e-02
2.187941634982391165e-02 -6.094442315811413047e-02 1.492770685432104859e-02 -6.320837923992191076e-02 8.884727223597876922e-02 -1.966575465409376444e-01 3.692883993416855304e-02 -6.645078079639170701e-03 -1.357065836946553389e-02 3.193843300828449853e-03 -1.656208206448006592e-02 1.152429303068799454e-01
3.521571890688773854e-02 2.082002847473771526e-02 -4.659014619764673126e-02 -1.722933742067990770e-01 -3.800620113968683489e-02 -2.344534918097095355e-01 7.370691443198636172e-02 -7.101585082798310411e-02 1.147057563626411869e-01 -8.762657454767128207e-02 -1.241229706110504732e-01 1.236772921952557919e-02
6.226726116173027063e-03 -1.528810306655221662e-01 -8.379366270314275722e-02 6.805081301042122111e-02 1.498441714791155614e-03 -1.353203913742572762e-01 -2.516236003548264627e-02 -1.515921664044376505e-01 -5.286734445143768252e-02 8.155822902660089802e-02 -1.669303174881856533e-01 6.768117993986381975e-02
-4.320174675153229393e-02 -1.086676264997440272e-01 -1.898140258592764806e-01 2.131505119123464770e-02 -3.083673263189314409e-02 -1.691965433180838141e-01 1.662136137021113236e-01 -4.988263671335377292e-02 -7.980861715883022511e-02 9.863557171788342459e-02 -1.058891706739877731e-02 -1.366386550448147608e-01
-1.423739110658822082e-01 2.224879104128527074e-01 -5.320109748976145081e-01 -1.234283817994175775e-01 1.045993823798329891e-01 -2.763782870360673161e-01 -4.968285645156081953e-01 -2.437885107575342436e-01 -6.293198170374492140e-02 -3.573568838681823734e-01 4.580533908282879985e-02 1.455118599462748574e-01
-1.079825017418460792e-01 1.193165669373840582e-01 -1.335117710838789051e-01 1.358948135639360677e-01 -1.425652138544043490e-01 -1.464089667933865177e-02 -4.485084424284313531e-02 -7.456013460741224563e-02 1.018799583602243986e-01 -3.534195173968679438e-02 -1.840893078644143532e-01 1.420533181368043296e-01
3.178091334874134921e-02 3.371650814074837743e-02 -6.831816826997710868e-02 1.286889027338010139e-01 -4.537270048188192517e-02 -1.315342251984897848e-01 4.835537753406955741e-02 -3.402019610130400940e-02 6.754859007966251827e-02 -4.462224208664698766e-02 3.818996603224891762e-03 -3.345195053815685354e-02
-1.873418904366627169e-01 -1.047915974118720089e-01 7.998147318776560599e-02 5.496543913052358982e-02 -4.561396574185525021e-02 -1.037229255400695660e-02 1.008926595259331677e-01 2.281111082524514833e-01 -4.864247908030903326e-04 -4.644384807677194582e-02 5.446372938797293395e-02 -1.569290381926083736e-02
-2.756615655286884931e-02 6.785665542654274740e-02 8.365722022869465091e-02 -2.655994554972821581e-02 8.885590863569453601e-02 -5.764857962775805228e-02 1.097207367063419634e-02 -3.656338579904637454e-02 9.938218532031786734e-02 -1.787008814253802230e-02 -1.569066881530201685e-01 -1.216018425798370134e-01
-7.349882400677905381e-02 -1.293397143840318564e-01 -3.735279285791187620e-02 -3.734490645466739226e-04 -2.230820286107687914e-02 3.796287189490487463e-02 -1.148941014200956373e-01 -9.662394905470413076e-02 8.786942252851714930e-02 -9.213723073120719254e-02 -2.775358410721586594e-02 -8.401285776337232003e-02
-1.244221947973419146e-01 4.026463732696951292e-02 -3.624604776612488921e-02 -4.269165808120570921e-02 1.218025404716768789e-01 -2.567762084790708443e-01 6.035776084331657965e-02 1.019339648595919551e-01 -5.689901332932765371e-02 -2.475368666677066343e-03 1.254920802542430769e-01 -1.632217674709642852e-01
1.433048124625643793e-01 1.079671980407310022e-01 -7.424695167440523505e-03 1.287447321735847861e-01 2.480227813569208517e-01 -1.735047385998160774e-01 -2.119330974639498794e-02 -1.654351342006376291e-01 4.865555157434160033e-02 2.271628819733441385e-02 -3.272052954854252904e-02 8.065046422566383988e-02
2.690247785295426380e-02 1.812525648201314052e-02 4.280571779081135397e-02 6.969793964444058638e-03 -9.703311716587739721e-02 5.976510067811791754e-03 5.751933341826315216e-02 4.520011805818112405e-02 4.114026380609169670e-02 1.410840761785505659e-01 4.317597681933250942e-02 -4.234088971649493244e-02
-1.667123150558699057e-02 9.595047666417210255e-03 8.687122364546784326e-02 3.932843473101419601e-02 -6.820874580137623044e-02 -1.895353478687790694e-01 -3.314833127306496263e-02 -8.406928924717398111e-02 1.428552267063345343e-02 4.260822676172840162e-02 3.397684542566543897e-02 1.735488794241652477e-01
-4.317337120830797015e-02 -1.720035870448792872e-02 -9.921140443578171930e-02 1.988208031930683295e-01 1.090725904495320753e-01 -3.577008143148797947e-03 1.041724314443651794e-02 1.253547068689006734e-02 3.946487557040473902e-03 -1.111594082382310611e-01 6.304713435730129045e-02 1.040485248451593209e-01
-2.419794939449802784e-02 -1.034916066801622875e-01 -1.428537295872961965e-01 -1.665399703080210764e-02 1.080801295226208325e-01 -5.074642068548685520e-02 -4.293504649348542368e-02 -8.846568151875920660e-02 -5.412175993927597489e-02 -8.283113760314771146e-03 -4.734851612703498279e-04 6.207924507342998249e-02
3.440501291138813034e-02 -2.792204061555468922e-02 -3.852077097077507249e-03 2.444962347515738932e-02 -7.956337307449845575e-02 -3.758180256803028002e-02 8.492544696574881591e-02 -1.475645599293443251e-02 -3.699424416496412821e-02 1.421061974200397149e-01 2.148091367990394296e-02 -1.498649198474007876e-02
-8.371769598496743570e-02 1.895144222452240790e-01 8.705049813443940798e-02 1.351678872764091044e-01 -2.494308953203273893e-01 -2.263133573732559189e-01 -1.657908390840688584e-02 -2.300890958232751637e-01 -1.829952110812136656e-01 -1.587359396485601287e-02 2.789852208512685894e-01 5.303517433725372238e-04
1.282748802960364219e-02 -5.837195655060936628e-02 -1.018064128963434845e-01 -1.618073243531130134e-01 -6.486090684826726488e-03 2.389871205145206040e-02 8.423213270919267803e-02 9.864592477966098449e-02 3.892395936620485913e-02 -9.302078130116406274e-02 1.223798812181639967e-01 -4.232030631070338861e-02
-5.704825483588069068e-02 -1.161080835784129711e-01 7.328125209004185403e-02 -1.627790777853650034e-02 -7.644847163214063546e-02 -8.305795559732868927e-02 -2.426499608496229810e-02 8.346542846400925239e-03 5.271109887168291125e-02 -3.015719708468029420e-02 6.541521256547745689e-02 -6.413553550730922981e-02
-4.638425113747519923e-02 -8.135340912171822036e-02 5.130157747681630964e-02 -1.955641020855841128e-01 -1.679550634537997356e-01 -8.681401761889435964e-02 1.089426945198754965e-02 -1.057249543753657622e-01 2.689363957356486270e-02 -1.473079334717669053e-01 9.426391248406328083e-02 -6.124182516598055542e-02
-3.768032753866602802e-02 -1.367395167723375882e-01 1.429608860585918628e-01 -8.082868644161210481e-02 6.875428876079545115e-02 2.153023256214450232e-01 -7.344174182201392009e-02 -5.454615347178287665e-02 -3.874408893944409488e-02 -2.183385925330007249e-02 1.887205673322827071e-01 3.634228910861691392e-02
-1.146676369055299599e-01 -1.259948749875861029e-01 5.598544159435489553e-02 -1.008688231123033713e-01 -3.122768688898470112e-03 -7.610058853981012394e-02 1.037690690033756316e-02 2.737726716110256212e-02 -7.621880080117651723e-02 2.678137922384035002e-02 -7.112553482339239487e-04 3.559468540817783272e-02
-2.117458408408439546e-02 1.946263628795747228e-02 -7.737822122783702405e-02 -8.416662506106055430e-02 -7.531827943519570079e-02 -4.860340638606060887e-02 -1.849808109405438328e-01 -2.027383253583572020e-01 -5.606712682430087941e-02 1.975678939387358612e-01 1.642353854751220643e-01 2.604132369110445308e-02
1.098596341841970164e-01 -7.436863374714506106e-03 1.515142578716478089e-03 3.908713361278780968e-02 7.200373891019734920e-03 -9.571801553683804975e-03 -8.944302937039520784e-02 6.480207527276674040e-02 1.105566991355686965e-02 -9.430903272444876584e-02 1.079575778310764705e-01 -6.240236434539235544e-02
-9.340002860480579872e-02 -5.841453993254651367e-02 1.611575505247621054e-01 1.649955015395122848e-02 4.613105138163438312e-02 -2.023695535095318410e-01 1.285746703807680580e-01 -1.208916638426533324e-01 4.677749258928445147e-02 -1.231044175191669532e-01 -3.387723665651065641e-02 -8.576214995379154160e-02
5.518308852621633953e-02 1.721946746585218957e-01 6.523401749258800689e-03 -6.408555632038269445e-02 -7.246170615014049798e-02 -1.179236013748985318e-01 6.428905821366313889e-02 -3.594443172933477204e-02 3.081480033143217320e-02 1.117007584394394681e-01 1.810714300645385050e-02 1.534363639946634827e-01
-7.508016057600964965e-02 -1.000718636872214712e-01 -4.886639483846759446e-02 2.138869944544547624e-02 1.108112632962320321e-01 -2.285958854007799634e-01 2.574428385620190080e-02 1.256699620835231325e-03 1.223275268932511595e-01 2.451236297385374352e-02 1.539104048366783384e-01 5.006368283625171195e-02
1.793230649193174042e-02 -1.237200510076052334e-01 2.568183885172730177e-02 1.705967504246014982e-02 -2.162720509588013200e-03 -2.820174388621411038e-02 -6.508823386490321383e-02 -5.989525685011339029e-02 -6.159910477932663969e-02 1.040553423246920739e-01 -6.400477117167117924e-02 -8.100921312887961190e-02
1.093177578937615420e-02 7.853834904562990993e-02 -1.358583113868213621e-01 -6.773318251543351820e-02 -6.255305967006354051e-02 -1.968371334783616255e-01 2.168856272519274764e-02 -1.603117692715183840e-01 -6.141811889316291240e-04 -2.967652525026958504e-02 8.094552861752331296e-02 -2.983889605089018807e-02
4.378860743325986571e-02 -4.477664447960627916e-03 2.232109294696415711e-02 2.648636936993835345e-02 -6.198135470945109748e-02 -4.135854480505962022e-02 -6.698800736351719076e-02 2.102296063434925047e-02 -5.801187958199807010e-02 3.580914548858839253e-02 1.028944993636727451e-01 -5.051681350342333149e-02
6.320720819269352864e-02 -8.564838767546724407e-02 1.976006689961951057e-01 1.011420774404749451e-01 -2.405239322317622233e-02 -1.234476711776219399e-01 -3.972634057483697551e-03 -1.752656126694441541e-01 3.933148717709671754e-02 4.949860185680014270e-03 1.356182993325786429e-02 5.946049228821084082e-02
-1.260916450033076064e-01 1.517291521394528164e-01 1.944345136795905260e-01 1.756176056548561792e-01 -1.685294979399347692e-01 -9.956161891522331830e-02 -2.467915102535072486e-02 -1.422474418518404338e-01 -1.223167443072790128e-01 -1.200741856951952902e-01 -1.248977006479459403e-02 -1.666160232228305546e-02
-9.664394880455473916e-03 5.689936099988978074e-04 1.178133512022241369e-01 1.132573390202139124e-01 -5.772374991844061998e-02 -1.192849511783071609e-01 7.963857439826059481e-02 1.881867288491046938e-02 -3.166153346049556672e-01 2.873465384497806974e-01 -1.428760570876490624e-02 -8.036432138007588988e-02
-1.466498993636283776e-01 4.941097109665533449e-02 -1.081343528453873326e-01 -7.269270046924304618e-02 -1.127353788650584387e-01 -7.774176355830091090e-02 -8.013264153025483061e-02 6.144652302334784044e-02 -5.046809049411666442e-02 2.155246990990934697e-02 -4.410802019728843337e-02 -1.480979868782040382e-02
-8.436418563502155743e-02 3.356529362152350926e-02 5.662314640799219478e-02 1.292789995877693388e-01 -9.623347226638961915e-02 -6.253682682367484036e-02 4.251206745511580676e-02 -5.293664747061664622e-02 -1.997136683957691783e-01 -8.493685686078764063e-03 1.125104048402191387e-01 -4.125729981881561480e-04
1.631158340780849425e-01 1.626131838231507573e-02 -4.479254648106052727e-02 4.549234407599483249e-02 7.803787680904403223e-02 -2.636278255677904636e-01 1.107532364710596823e-01 -1.013683188796595941e-01 5.529958634338983520e-02 1.392538344920835058e-01 1.521733327784982048e-01 1.025126036445685868e-01
-1.626192846763673261e-01 1.808146942696587170e-02 -7.861820381498602073e-02 1.477894664778915956e-01 -1.237536474614747972e-01 -1.075149450285607794e-01 -1.053958026885095239e-01 -4.036001814317737024e-02 -1.774105830617603644e-02 -9.308267765312086550e-02 -1.662650546978654276e-02 3.645622220093305138e-02
-3.967779211764721481e-02 -8.440011834705911653e-01 -6.799804127697894884e-01 1.990152281184872085e-01 3.913570334996549493e-01 -2.380826360075391501e-01 -2.990567602805923597e-01 -2.170570690566845096e-01 1.136986712918077735e-01 -8.268788966504420079e-01 -4.946618292886444945e-01 -8.448133410890543704e-01
-2.020266310121761610e-01 -3.096833188662003258e-02 1.797739431159796064e-01 1.726907921637079735e-01 1.688395203942871792e-01 -1.071691583158439071e-01 4.754305615521718653e-02 -2.195157326971912404e-01 2.174064159328580048e-01 1.651213707487061977e-01 -2.604083322296878861e-02 -1.017788326425113216e-01
-8.974073216383306184e-02 2.518206632133217493e-01 7.181428260918715223e-02 1.608545669604038997e-01 -1.190122964154162744e-01 -1.456909814552152516e-01 1.248749323350232115e-01 -2.307325088737857965e-01 9.686890153365201872e-02 9.292991839489600503e-02 -1.104649038854226412e-01 -8.932738305152986003e-02
1.536291757555050541e-01 5.877841993639158769e-02 4.841227312888812806e-02 7.728209627591763053e-02 1.667229909799635701e-01 -7.287786926125890130e-02 1.048541436026559776e-01 4.993381474101122805e-03 2.043227724739221929e-01 2.395583119694243424e-01 -1.855156931128658093e-01 1.872878326364241577e-02
1.417264320908227515e-01 4.210109216091286188e-01 -1.246877958671252160e-03 4.814326441370738591e-02 -3.936101486839173325e-02 -3.082840911097042835e-01 1.581832960554622677e-02 -1.415259095522352351e-01 1.675556659472010879e-01 1.480689907827478780e-01 -1.067027434660938606e-01 2.993241408266759662e-01
-4.708978373394386019e-02 1.395708324670973631e-02 5.489151726607406634e-02 -9.006970511339220525e-03 1.849551672495822752e-01 -1.535742411462013290e-01 -2.586222586424196529e-02 -2.289910543955082575e-02 -1.223174763741980975e-01 -6.062125811033504397e-02 -6.385180760386023613e-02 -1.358167327932588778e-02
6.513790187490865746e-02 2.120340110797931388e-01 1.672844322577364817e-01 -1.004162504483114421e-01 -1.658755597614763877e-01 -1.316560302927602955e-01 3.919122918668462019e-02 -5.294115130736357089e-02 -1.918065772594831075e-01 1.113499706558428448e-01 -2.059915970224405340e-02 1.095826238803166014e-01
7.163779451024447631e-02 6.759738018647325208e-02 1.145093510121318603e-01 1.052568458282052534e-03 1.928789489351364836e-02 -2.125099883684277713e-01 1.807788347386907468e-01 -9.045184956953326860e-02 -1.351949847116400705e-01 9.683778269677478789e-02 8.837582740331693942e-02 1.202079016450530585e-01
1.189542781364437835e-01 -1.194687366315455440e-01 -1.419921518126148439e-02 -1.162043818196312056e-01 -9.903952238807395281e-02 -5.831177864426640572e-02 5.153394549115884737e-02 -5.527168006810234679e-02 -2.284408820194887627e-02 -5.176698339021659767e-02 1.050005206512843667e-02 1.504315167346186310e-01
-2.842849834945508358e-01 -5.710620735648370694e-01 1.931908325823189498e-01 -1.302921990608049141e-01 6.520874311536887721e-03 -3.384534074486916233e-01 3.555392683824944167e-02 -1.858524982908406342e-01 -2.400959420570762670e-01 5.058082971276348094e-02 -9.659276069909279727e-02 -4.559211761117398232e-01
-3.689473742385811217e-02 -1.854224751992595427e-02 1.214784788851633462e-01 2.905495518353846517e-04 7.442370869704666159e-03 -1.057753063532111959e-01 1.164458312146650770e-01 -4.192906288311341184e-02 4.982887928588210918e-02 -2.721403303857970746e-02 -3.595557937708453167e-02 -7.159039629073386812e-02
