-1.538146201531966017e+00 -8.415412015978981364e-01 -8.455997858938150147e-01 2.290743502118153807e-01
-2.943177079394371787e-01 7.711352863586616868e-01 4.997864775425192030e-01 -3.698384614599828368e-02
1.698805603923803531e+00 2.094495429198823366e+00 2.726604559079175427e+00 1.988123080753538829e+00
1.611727152239252003e+00 1.860249381162105253e+00 1.048990559449790361e+00 -8.167356519519144431e-01
-8.861671574206528845e-01 1.796750835683596614e+00 -1.443538788720536870e+00 -2.595414432932090953e+00
1.694387735349279778e+00 1.531719711142105478e+00 2.041942033913605847e+00 1.390010067174563657e+00
6.782288664076771001e-01 1.736009653348154380e+00 5.629628423251410441e-01 5.672244264409703751e-01
-8.423745580688694057e-01 1.875395891822201344e-01 3.851233786341967114e-01 -1.771490458493918396e-02
-2.614038406675502468e+00 -7.257020575096421178e-01 -4.376677367047570599e-01 -1.784439511329789507e+00
-1.865538475851059808e+00 -1.595020911139873654e+00 -1.395917538939736691e+00 -2.183355145317762425e+00
-4.539739633520339934e-01 -1.216230650991483087e+00 -7.042696621378142785e-01 -4.980873636355751533e-01
2.155523435599101756e+00 2.432336345750453876e+00 1.629517359100911778e+00 1.731269370911804772e+00
1.602888181024076930e+00 2.255520367326928177e+00 1.051219778040103581e+00 9.640655889984866000e-01
-2.931476159046584318e+00 -3.135768967161204568e+00 -1.880577554624075054e+00 -3.715477755914639246e+00
3.837071780766840301e-01 2.333640951102974315e-01 -4.045599099864963244e-01 -1.085855839284208368e+00
2.533384936129843279e+00 5.703536379785484334e-01 9.882131774999036722e-01 4.658865595586353936e-01
2.580291128762327801e+00 1.874349421294245532e+00 2.116847306247741756e+00 4.044336041769295953e+00
-2.091914626642181474e-01 -3.992219019057424712e-01 -5.268212311137373538e-01 2.050530139927981832e+00
-1.614287278582997587e+00 -2.076560883638108645e+00 -1.160906900413275711e+00 -3.094511699240184210e+00
1.510900296013398147e+00 1.907889767976129747e+00 1.902519385418868891e+00 1.675839630901435617e+00
-1.789793419852174994e+00 -8.696370227147336429e-01 9.343230769268920377e-02 -6.869859534925580602e-02
8.385400589432523422e-01 -1.563263225926964485e-03 -8.906512553272917243e-01 -2.533765139452376580e+00
-1.689282114742529650e+00 -1.197366328488664866e+00 -9.276568915078484689e-01 -8.114239408839872825e-01
2.469115834905515783e+00 2.415793927069270541e+00 1.582700184768108587e+00 7.481483948807281514e-01
1.019178041600069751e+00 -1.594089679514125724e-01 3.578535634079366146e-01 -1.414579835941147945e-01
6.627633385105310415e-01 1.028778482604709943e+00 9.040926061324815466e-01 -1.755550036833430638e-01
-1.571511074963735377e-01 3.794963031854836077e-01 -1.651206528363609316e-01 -1.312537700985957900e-01
1.677858679206218007e+00 2.270314260930112571e+00 2.162814575482418622e+00 2.183721715630301929e+00
-1.188331814562881700e-01 -2.663226137624977508e+00 -1.018512611920527222e+00 3.271486627621659204e-01
1.115844379576266476e+00 1.751126822553282225e-01 8.758619813311027125e-01 2.319770913219039443e-02
