-2.496849108100430981e-02 1.129180728880080017e-02 2.932831539980915864e-02 5.953507002263329351e-02 2.098340476817514011e-01 -2.120211646633535230e-01 -6.554924233733788741e-02 1.269413363989434218e-01 1.641410981346355102e-01 -1.835796593495913481e-02 1.513271419306191565e-02 -5.889704527976526161e-02
5.831943906942903266e-02 1.300630246861663175e-01 -2.467930319652135440e-02 -3.746141989614862333e-02 -4.773090563958728993e-02 7.151857756834174851e-02 -1.271337305301474818e-01 -2.392256429144015706e-02 -1.353304770477241625e-01 -1.529192749470755300e-02 5.663753273477832063e-03 2.638180542507302384e-01
-3.405747681425620732e-02 2.455752006177733954e-02 7.116599955606664474e-02 -9.902016288577697445e-02 -1.417928491048797875e-02 -2.349343316833449047e-01 -1.057435877048071016e-01 -4.593820258424783504e-02 -3.224518161971388908e-02 -1.001809151262565006e-01 -3.437587090882918833e-02 1.685600472764188507e-01
1.023171851330237636e-01 -8.924725570197269975e-02 1.595334122407373600e-01 1.192134907417208428e-01 -3.450881228024151037e-03 3.926428681193156606e-03 -1.299980413819155634e-01 -7.979143977693339829e-02 -1.747502453989546213e-03 -4.675808215987804078e-03 -2.868284533737549408e-02 -5.413058143067260575e-02
3.726491903896944624e-02 5.017167041484985740e-02 2.575083644784671028e-02 -2.840232746776039791e-02 -1.266704153518386777e-01 -1.409103780624984233e-03 -7.528459532627504447e-02 -1.424855851248264804e-01 -6.660439742482870962e-02 -5.041763128309541264e-02 8.236187807782729964e-02 5.234428417713293813e-02
-1.918714251183156749e-01 -8.668291596939134425e-02 3.563677502232111272e-03 1.304416275064129022e-02 -9.906510380065632060e-02 -4.227820212576925869e-03 -6.363052693513210518e-03 -1.313459220235497216e-01 1.822619271647444861e-01 -1.061046983083454021e-01 -8.112965395228461914e-04 1.766591514727371415e-01
7.748705259487083385e-02 -4.369088334075557634e-02 6.502943412228440190e-02 4.456680344192396996e-03 -1.714630644489056888e-01 5.837682907984098613e-02 2.799403917582665019e-02 1.419785100046496058e-02 1.158335183536183532e-01 -3.438114368008357569e-02 -9.224571299104988853e-02 -5.159833700349356067e-02
-5.740357062256896438e-03 6.031866828500880018e-02 -4.899161293597571049e-02 -3.120637259847377359e-02 6.226114475029124323e-02 1.058196005277548118e-01 -8.266653435418316875e-02 -1.341752253284777541e-01 -6.190772657095963694e-02 4.247012858521036216e-02 7.544130164242682235e-02 1.020022661600531039e-01
-1.561507147301369469e-01 -1.003754771023752795e-01 -7.971762742717896158e-03 -7.671193916464587315e-02 -5.070086226085327580e-02 -9.588224425589943201e-02 -9.735267761860788571e-02 2.664458246827943258e-02 -7.692814448270733109e-04 5.464367790832509730e-02 6.612507348568635868e-02 -1.406912299484227580e-01
-1.707820299767847383e-01 -1.368114716570428130e-03 -6.551869095248309682e-02 4.177506614417640651e-02 -7.611994427397841476e-03 -1.144205633231817898e-01 3.009268037605049989e-02 -1.002750688209812224e-02 -1.257195985575140958e-02 2.886329927961896538e-02 -1.140946759790059384e-01 5.846497924298118057e-03
7.126755490303613057e-03 6.537993988021922886e-02 4.853069307089835638e-02 -8.844918677243998953e-03 -1.783810595053060555e-02 -5.618800452215392399e-02 -1.495300584999143256e-01 -2.137444897724448747e-02 8.265644768757679506e-02 -7.214491391415110699e-02 -1.052210133934596975e-01 2.319463375635525543e-02
6.041590611991785875e-02 -1.869888194306301710e-01 -1.203000091992345172e-01 -3.208037969880141171e-02 -2.115290340961356944e-02 1.023848849142812295e-01 -9.448705882784726173e-02 7.888211485725435401e-02 -3.790082120644416852e-02 -1.480485068271887861e-01 -3.232040449410743255e-02 -1.593464734503027003e-01
-5.512340734983374457e-02 -4.610801764629874483e-03 -3.844222180492465335e-02 -7.411713326214361408e-02 -5.003825179436855938e-03 1.105679118778715893e-02 -8.566641049427775600e-02 1.479413507260421701e-01 -3.856247657196329448e-02 1.266599969348597421e-01 -8.977449874236348437e-03 -3.019684936533805625e-02
-1.064299982631933400e-01 -6.626384569177241890e-02 3.960212431625519808e-02 4.183628168117094204e-02 -1.199668435424367831e-02 1.130215359313773982e-01 -2.147625665320593291e-02 -1.386445944103172241e-02 -5.103514914626542526e-02 8.644243291929396694e-03 1.235583400426160106e-01 -2.316510598338988175e-02
-1.023843035734733897e-01 3.539795304156740513e-02 -7.099832532704009047e-02 -1.666763359671681599e-01 7.380612012609066852e-02 3.729098044339928392e-02 -4.426699070016815174e-02 2.512055364537742891e-03 -2.813221578920654248e-02 -1.103463361513190161e-01 1.383877833366522481e-01 -8.563496759362219241e-03
-3.133726533508339462e-02 6.462150121732582186e-02 5.892879428342863435e-02 4.053992668334609195e-02 9.218372257054588403e-03 -1.215958952370893853e-01 -1.698794758554238171e-02 4.354073643846499003e-02 2.199853880023859010e-01 1.603854929439710586e-01 -6.822785276739030957e-02 9.123709366004545407e-02
5.311063043179670151e-02 7.316990383464609671e-02 -5.550734641004412273e-02 -1.329546419448919894e-02 1.497948754086723261e-02 -7.127565465250426668e-02 8.265908769432386838e-02 -2.043286377014944810e-01 5.523208341387596254e-02 -6.911276932993863642e-02 -5.394070596168032417e-03 -2.216119625460881426e-02
1.219345453755684289e-01 -7.468522974082419941e-02 -5.017882703973822883e-02 1.441580031425986064e-01 1.543184844201554717e-02 -2.693805003108963314e-01 9.845743947491199244e-02 -3.021436118307359309e-02 -9.342901790231414316e-02 4.235049089687448892e-02 -2.383825602414434489e-02 -2.755103617984585099e-02
5.457116971346036294e-02 1.473749655760506483e-01 -2.246222112458532219e-02 -9.553799717392263968e-02 -1.062420446623932035e-01 1.599593663145835731e-01 -6.960841817139877541e-02 3.195950782265410788e-03 -1.023275237809750937e-01 2.687132755994536826e-02 -5.788471723912659572e-02 7.617207124702973786e-02
-1.172270168017315942e-02 -9.046093969531755763e-02 1.889913743668837909e-01 6.912357528602112999e-02 -9.476266430269843222e-02 -1.039182181587385845e-01 4.899021600930660025e-02 -4.921357529705595868e-02 7.211280713145382104e-02 3.844556617716898828e-02 6.070943187783509748e-02 -2.145110289935778236e-02
3.266022377327602866e-02 2.778268025101224628e-02 4.732422621071558783e-02 -1.257230945827563645e-02 -1.116403392179293914e-02 1.852349235444194706e-02 -5.990008691923372208e-02 -1.154221086446456934e-01 -3.202697551902455170e-02 1.464717989858507069e-02 -1.693026353065568701e-02 5.102859234756634832e-02
1.213917728179661065e-01 2.937894440292403847e-02 -2.101727049424038235e-02 1.475195519024052604e-01 7.215960055654779826e-02 1.612306030416688629e-01 -1.190811828578065695e-01 4.296647464165144481e-03 -5.706885051101548423e-02 6.741984756429673931e-02 2.409725442815150581e-02 -2.588420207567153353e-02
7.253018331005453567e-02 6.799996573787511420e-03 9.752178278583951282e-04 3.454975178455708257e-02 -5.794631162563927337e-03 6.169891964056919975e-02 7.421729226749820829e-02 5.066880562606924238e-02 7.661084660969220972e-02 1.219615763978231932e-01 5.424532202716584109e-03 6.303975371005599015e-02
1.755218497525980470e-01 2.989199466705264388e-02 -1.146233990560264898e-01 3.966060772193925194e-02 2.549994979278432175e-02 1.790715217098968193e-01 8.463379251865900399e-02 5.894587678396763508e-02 -1.883791002996242359e-01 -4.086166921092607152e-02 -1.413480650558391893e-01 -8.007807477332785917e-02
5.541192379247004279e-02 -1.068937504829547136e-01 3.066004836767193507e-03 -5.411210223402935365e-02 1.069497556445293818e-01 -7.532683487876085104e-02 -6.409766346542647431e-02 8.407098136099995511e-02 -2.304700110530188322e-04 -6.286718933748332294e-02 1.024140599263427265e-01 -1.738475615574465449e-01
-1.161237136559170741e-01 3.917829808032052136e-02 1.923715342870205985e-02 3.363945785908213637e-02 -6.092389336986623466e-02 7.795359951811012267e-02 -1.610495500227791255e-01 2.650624510058553762e-02 -9.344475096720705753e-03 -2.431272600051203117e-02 4.526445174775829694e-02 1.673955649035629989e-01
7.303983335109692776e-02 3.774568405820476202e-02 4.413440664215070863e-02 -5.094230193484898181e-03 6.862220440974356461e-02 -9.921889886836035566e-02 1.870372009395250557e-02 -1.335588083093009470e-01 9.859850433396236125e-02 -1.392525122294923090e-01 1.884298776074810333e-01 -6.435315459878167277e-02
3.451909161474718546e-02 1.636188689661527765e-02 2.304632496158798560e-01 6.543586926641324977e-03 4.245465553383119539e-02 -8.432243403554674777e-02 -1.506655702554032458e-02 1.205318988091565041e-01 -1.496598296030020037e-01 9.429563529091244956e-02 3.540202052006338057e-02 -1.275853156971539781e-01
-1.479416156419148705e-02 4.622388563495309285e-03 -5.681604341696109423e-02 1.472192303585464213e-01 5.865419362552753979e-02 8.953950606331775863e-02 -1.771164842226850000e-01 1.320228688836702913e-01 2.125107021811720870e-02 -2.386103711974858071e-02 -1.623517793467327830e-01 2.746359852900119927e-02
-7.647978572128039110e-02 -1.328838575721186521e-01 -4.610533697699923869e-03 3.608309184895218402e-02 1.791846193192706826e-01 -3.496535748399325072e-02 9.217870067822417357e-02 5.943406645897446328e-02 -7.569738493462177531e-02 5.473071081528038673e-02 2.406636066769259411e-02 1.462904279413358988e-01
-6.613907366788884801e-02 5.732872528162711451e-02 -1.050095987582756740e-01 -1.141442368111960787e-01 3.043297907604220268e-02 -5.156648009397368781e-02 5.216728126722023837e-03 4.821335209998001137e-02 1.159138072356743626e-01 -9.308658835082039840e-02 -4.611584456627025597e-02 6.973427913390364830e-02
1.049671792616725524e-01 -5.479636244752417173e-02 9.874218084987809035e-03 2.006296653476572628e-02 1.033841999338342421e-01 7.702874091412081903e-02 3.346753231077208290e-02 -2.685196982847259939e-02 3.014072677381125082e-02 -5.138375472337636946e-02 -3.250800643018452590e-02 7.639374988374547648e-02
3.754943968148675981e-02 -6.025723507588723327e-02 9.044703216357537212e-02 3.811224566217790571e-02 -6.495441675433592799e-02 -1.023835164939805864e-01 -3.847769110994713002e-03 1.551102867818983377e-01 -1.172736008162168775e-01 -1.204104394417397292e-02 -1.803400414767477450e-02 1.367250197400212142e-01
1.711841766701261147e-01 -1.853483420460132758e-01 5.533678572946347518e-02 -2.585651683832361492e-02 -6.044184299335140370e-02 -8.004494590704602786e-02 5.234290838061018969e-02 4.998268956640214422e-02 7.733902042144392974e-02 4.153136160460658283e-02 -7.270669758036418795e-02 5.014031411830988105e-02
-1.185407733318680490e-01 -6.328728813709005863e-02 1.270241339334178265e-01 7.469474247835977037e-04 -6.448472015173029037e-02 -1.437937575426384562e-01 2.129790083406771228e-02 -1.182510228158180354e-02 7.289743795576296426e-02 2.698315477148902075e-02 2.233884188073657212e-02 -2.043190826407090266e-02
4.015117942372140947e-04 2.233670610417695657e-02 -1.089250989798408731e-01 1.137203016456344307e-01 3.068309686376156399e-03 9.968445064284139900e-02 9.965418547426085905e-02 -7.202889381613919451e-02 -1.626857520244290589e-01 1.467847942974294662e-01 -3.954658577194092306e-02 9.746846639812761781e-02
8.111785832526791085e-02 -2.300185975229818713e-01 7.741068323909490456e-02 -6.930833359800596394e-02 -7.873147183977750874e-02 -3.125787450653548516e-02 -5.733485466578645134e-02 -1.149090567617540581e-01 -1.160733249151387481e-01 1.585337645809047347e-01 7.009313815122858449e-02 -8.583003891238374927e-02
2.450696707011966458e-02 2.795743088955039354e-03 -5.458695386855770548e-02 -1.258106759274729147e-01 1.055273768848709499e-02 -4.619544983216691825e-02 -3.154668851855360612e-02 5.630061059508946475e-02 -5.331177071280016055e-03 -1.222253608875019798e-01 1.543186800714534956e-01 6.564033270179979451e-02
1.644670816428826787e-02 1.603262145425689983e-02 -2.115713811519749979e-02 -1.250954268251577850e-01 6.935098831334293723e-02 1.148523212856054354e-01 -2.138852543949312096e-02 7.641361745403163486e-02 8.904643273709467177e-02 -1.286704459313021444e-02 -1.881630822072623277e-02 3.655114125174232370e-02
-4.033599480273935417e-02 8.358929750378697732e-02 -1.344537153506709104e-01 -5.552555262746305953e-02 3.581582403379185431e-02 -2.630076429805555671e-01 -1.697040439531054545e-01 1.606002912113182468e-01 1.776873539778888456e-01 -5.486687822280660043e-02 -8.341397770426206559e-02 -1.166127554867777555e-01
1.832283963848292674e-02 5.423401765575076861e-03 -2.985071147289679316e-02 5.624269941185403021e-02 -5.148739485587364856e-02 4.647222588310091079e-02 6.678603894576139177e-02 -1.946910892469893087e-02 -3.970512556973557206e-02 1.076051479470170047e-01 -2.422914027652196545e-01 2.919258852756602407e-02
3.200685619033954987e-02 -6.947877228591409215e-02 8.463197014995893497e-02 7.857966870168439644e-02 8.077462478102336030e-03 -9.298837640389169545e-02 5.074587541251820988e-02 1.341909951019904824e-02 7.219724108124532524e-02 -6.414058899392438562e-02 -5.157871165810749836e-02 3.355698934412375267e-02
-6.006583414114544800e-02 -1.559802420351266705e-01 8.221066019901045185e-02 -4.542502250463823638e-02 -7.391309164388709663e-02 -5.743112714719816186e-03 -1.025682656817045457e-01 7.490803327724160354e-02 -9.721705388192937447e-02 1.893030233806206608e-01 -1.399143831602634586e-02 6.988631575819800879e-02
-1.115940870505579274e-01 -3.832452320110109334e-02 -4.452691620087947943e-02 -6.380908223153545361e-03 -2.231984217037652485e-01 5.838762578185664742e-02 -7.653064338010696910e-02 8.336436214726461458e-02 7.344162270544112026e-02 -1.011675335051875624e-01 2.697992898970158482e-01 2.092082118999157372e-02
-3.022604688334765838e-02 -1.847682829530205434e-02 -3.530638474698918894e-02 9.050055524197904433e-02 1.348050507423300959e-01 -1.071925014096968276e-01 1.440011900059968153e-01 -9.940805573955412318e-04 2.373146164983007747e-02 -6.939247669901010829e-02 -1.118508979641578277e-01 2.808630287364936029e-01
1.027123749013908287e-02 -8.603010177092224042e-03 -5.428393565694349110e-02 9.125884605074180422e-02 3.104251376999153395e-03 6.385252761933596366e-02 -1.329359587258310826e-01 1.304771452260098177e-02 -4.532005462834512444e-02 -1.488520580772563218e-01 1.921152488820775384e-01 2.216378716086549530e-02
-5.523433623872230080e-02 1.105685536478154957e-01 6.459975902199878439e-02 -7.864165241320442146e-02 -6.810537699006290755e-04 -9.904319458323260217e-02 -2.205955986490093848e-02 1.023967057602811620e-01 -1.293115423729569446e-01 1.893087777538572936e-01 -2.005709458304156811e-01 -2.314713199401101373e-02
1.770050868569572611e-01 8.636573846252133813e-02 4.300568165269114812e-02 -2.869911665255066302e-02 1.655399314806303424e-01 -8.915825793858719872e-02 5.204679101329564780e-03 -2.849485129708860531e-02 9.135361075414238918e-02 4.949459822508919804e-02 -7.925733385659075592e-02 5.115010729819259583e-02
-1.339383994204101924e-01 3.127680617382253697e-02 -4.446149815226100449e-02 1.556693301606916144e-02 -2.791310054989744674e-02 5.621749832369430863e-03 7.994747319782304767e-03 3.391913673849726758e-03 -2.943527159900573981e-02 -1.127382510282510554e-02 4.172767945048786592e-02 -8.847733240614882866e-02
3.029706574002697522e-02 -4.460545890363268318e-02 3.475467453890207503e-02 -1.262277067013299336e-01 -5.881270970875388839e-03 1.116661022877515341e-01 -2.247485645997374798e-02 1.205768724361839239e-01 -4.491048756330365266e-02 2.742457211851179535e-02 4.146359142602926845e-02 -2.532268989338760934e-02
-1.094771137002998052e-01 1.423133361894113602e-01 1.543752860636552204e-01 8.087112591026518471e-02 8.668029783534932087e-02 2.660650406259744763e-02 -1.098248472541896170e-01 9.166237309402994193e-02 -9.370566731550089568e-02 9.011757780231934023e-02 -1.094933296367257280e-01 4.394060484616513218e-02
9.758662362750917391e-03 4.010842826211750978e-02 -8.023773273678100337e-02 8.170685311011981200e-02 -2.452442231806687550e-03 -2.984806909726914897e-02 -1.533311363376631542e-01 -4.063501280293924101e-02 6.231516424446612024e-02 -8.383421975489319111e-02 2.268043640594829408e-02 8.115941908727979104e-02
-2.281301122713006585e-02 3.982469548394135250e-02 -5.917528530073264126e-02 1.085741837941772842e-01 -5.132103526378878691e-03 4.049942025007625956e-02 3.242562069828119203e-02 1.475847468008254504e-01 1.084542883108229328e-01 1.141717924804983714e-01 3.564561817758303552e-02 1.472503954737813536e-01
1.340292066647713054e-01 -6.459506964506349369e-02 -8.663736909377302634e-03 1.207221423607953148e-01 9.444209967928390848e-02 2.054722813433622064e-01 3.705927442985972042e-02 -6.990493995628760393e-02 -1.636063053262731132e-02 -9.945622393688192953e-02 1.047896731712873869e-02 3.077932552811472183e-02
1.804501226379961187e-01 1.523321304201147482e-02 -5.146959667963022129e-03 1.027088137246865152e-01 -7.370178633059934481e-02 1.044319143905978464e-01 -1.036973053079797980e-01 1.059809468444059856e-02 4.915421612774764637e-02 1.861824619216012611e-01 1.370318632858597285e-01 -1.414756760185590378e-01
-7.558533920144644425e-02 7.031762141824088319e-02 8.366247337550115903e-02 -9.072452392904483201e-03 -3.275380008838808810e-02 -1.250021794915262552e-02 -4.230337609469223686e-02 1.638525114951654496e-02 -9.926772207433377793e-02 -5.791749859549215340e-02 3.836995910245113994e-02 2.861753267684685742e-02
-3.709320869895584016e-02 -5.610192111053525360e-02 1.206635889783060078e-01 1.143495709150672140e-01 8.321937586521545305e-02 -1.700676946251605121e-02 1.513249276871754881e-02 3.204816195379586730e-02 -3.619270883077497364e-02 8.502392187056985462e-02 7.235859826673522732e-02 -2.511603717103925992e-02
1.659221227889275119e-01 -5.200578534056851665e-02 -6.845246063877424847e-02 1.400035977290033443e-02 -1.182264375545083179e-01 -2.805013486912705939e-02 2.552094994267513350e-02 8.901367481029517914e-02 1.499612656629100149e-01 8.411439344307283794e-02 2.127904102127397279e-01 7.184736079640374751e-02
4.667777487504397652e-03 1.721294859977558081e-03 8.387154140240507538e-02 -1.783605457585449305e-02 4.804708680371880952e-02 6.252579605591612744e-02 -8.237938319809290366e-02 -3.087866902126457092e-02 -7.509941078794189762e-02 8.196167295252906881e-02 6.177516945589164865e-02 1.631891290422465141e-02
-1.189850151797259593e-02 -1.180987104281139427e-01 1.088374213331938234e-01 8.243459020701678075e-02 5.452939491287880913e-02 5.723291654246712157e-02 -8.283732478546992906e-02 1.456762763150021844e-01 -6.573519149592876865e-02 -1.709654499181176984e-02 -6.910605326403518323e-02 -1.320373635975328336e-02
1.233588296823382030e-01 2.655277697394638290e-03 8.806902667279564723e-02 1.770082856672116831e-02 2.839276083070824130e-02 -5.095086978223550833e-02 -1.315606489149675762e-01 9.007754013626008416e-02 -7.241271528019681269e-02 5.412085161680767198e-02 -8.257579994116552233e-03 1.655630092242559859e-01
-8.926463102891131485e-02 -2.512645475459037575e-02 -2.301845855736407709e-02 -1.710352991003780965e-01 5.702355635290548563e-02 -4.395865090888621124e-02 -8.214183393497290209e-02 5.551160880201329306e-02 -6.633061251832354788e-02 8.029908583674130740e-02 -7.716101015018107800e-02 -6.879468289971507611e-02
-1.619401449640428814e-01 -4.936112970882768070e-02 4.443397368866455754e-02 -1.221247724181529770e-01 5.064066501862776737e-02 -4.448920557745278219e-03 1.012943502324097356e-01 1.468582494404217509e-01 -4.598880442865795060e-02 -6.187714178811801191e-02 -1.141963071195929436e-01 -6.511643644302134160e-02
-1.787185123455318769e-01 6.554802892432337602e-02 2.835089039206508538e-03 -3.658100386882408295e-02 1.255975629343037969e-01 -8.573278557757552099e-02 3.195558838430541827e-03 7.057941377546522732e-02 4.047288238066126809e-02 5.194223192704931769e-02 4.502753641565543363e-02 -2.178861598930234567e-01
-1.416833068063529655e-01 3.983423079889179125e-02 -2.349651158667841416e-04 6.702826609727306761e-02 -5.334844242252767543e-02 -9.469479608785252855e-02 2.151534790782902440e-01 2.677240428895834579e-01 -2.046490911920266151e-02 8.068460533847907068e-02 2.851877590560353282e-02 7.880732607526433342e-02
-1.227181242168047526e-01 6.798741181271239498e-02 2.767586545092878651e-03 9.884230093840758180e-02 -1.056360516343787387e-01 -5.264523689129086553e-02 -1.684829208618240370e-01 9.780230695891500847e-02 3.516209938081032299e-02 -1.107250842093222831e-01 1.167937102772995256e-01 1.039398615895451850e-01
5.029108147859673306e-02 5.671127498663953992e-02 -8.327365362009916949e-02 -1.224396100414087696e-01 1.342724131927334474e-01 -5.211945438354419202e-02 4.453086111976707617e-02 4.007407906626301447e-02 1.729117047397761564e-02 9.383783858903738118e-02 2.046880787628647599e-02 2.608877822723686818e-03
3.703163018215153979e-02 -2.268218913584427177e-02 -1.652251401361617134e-01 -9.197561128219712556e-02 -5.773721848872793994e-02 -3.898872869752648129e-02 -4.174338918697621109e-02 -9.657711235672253314e-02 3.455336116106433320e-02 -6.357217236687648376e-02 -3.620607350038160949e-02 -1.422910818591671331e-02
-1.598907809344027875e-01 -3.626700961717975458e-02 -8.756303275070281833e-02 2.144958012602190753e-03 -8.716152160736795329e-02 -8.853152381418023797e-02 1.150441776713775621e-01 1.067029123935474832e-01 8.659963454648356151e-02 3.312904430458798316e-02 1.036103336073490311e-01 7.651107806864149152e-03
-1.465465004166974783e-01 8.874286098650460697e-02 5.312553849282886792e-02 6.209802014923265778e-02 1.793077578183243370e-01 -6.031648147770983515e-02 1.835155057126485606e-02 -1.465910990837178129e-01 -4.857247141222307413e-02 -1.504526582788975331e-01 -4.319639333672826292e-02 1.039630810717259851e-01
1.843363064798799744e-01 -5.908077106315155064e-02 -8.783652352956338935e-03 1.535427894574244168e-01 2.111734842475513144e-02 5.917492600974223749e-02 -9.381984563119533105e-02 2.662539713624733316e-03 -1.468523445689791929e-01 1.842157110239406870e-01 6.443008523012931643e-02 1.413759207621002045e-01
3.732632388001848323e-02 9.524996838171070901e-02 1.023440683263678597e-01 1.197886554413340049e-01 -9.013327738861171001e-02 7.410752808494749932e-02 -6.182551603153239178e-02 -4.697762289710989692e-02 -6.389923755400939154e-02 -1.723204663627380361e-03 -1.089632733803850007e-01 7.745381490638539312e-03
6.211207141650285091e-02 7.662274624512566135e-02 -3.414706408402654048e-02 -1.148821240404874905e-01 -8.196037886872464817e-02 5.738730414182043743e-03 4.491078749530508923e-02 -1.314077212800808178e-02 -1.181594486480477962e-01 2.188531817665787665e-02 -2.211839768431368008e-02 5.045745176797815368e-02
1.874471626913527117e-02 -1.712214000895982136e-01 -7.540825755462671198e-02 -4.056867937436327808e-03 1.111595841228345816e-01 -5.856667083276160396e-02 -7.630822962997260706e-02 7.160137060197091508e-02 2.702202996240904431e-02 2.955454947351886588e-02 -8.351675631897914620e-02 1.075731661280644909e-02
7.344169953574328225e-02 6.561846048501707163e-02 -2.978720177288765592e-02 1.940730011242736489e-02 3.030612537196008399e-02 -4.184103759328283711e-02 7.910717782472008464e-03 -2.082238873729062509e-02 1.602826258156587330e-02 6.554860562744466157e-02 -8.461439755769595283e-02 -1.598591503261009850e-02
-3.910868543942852549e-02 3.744145259515044288e-02 -4.194768624037914506e-02 3.333860110495388829e-02 3.192278858839762978e-02 6.123443459478967316e-02 3.041425831733979637e-02 3.214556474510613798e-02 1.579414503087613331e-01 -1.568626337062778778e-02 -2.382524834067703545e-02 6.277012062619204136e-02
5.673949597964755842e-02 -7.813310711774723583e-02 1.028687685193152845e-01 -4.049998172339869251e-02 -8.736736128619394803e-03 1.177712653080479482e-01 1.013919216702759973e-01 -8.162166683179694626e-02 -1.136299143814308577e-01 8.589893046893251616e-02 7.738705764798789466e-02 4.319014860429021968e-02
-7.928328314153812451e-02 -8.119706447135385807e-02 7.084186134717845862e-02 -5.633530429580778376e-02 -3.676131020625629520e-02 -3.524897254776584304e-02 8.021116316162704707e-02 -3.793946561453565795e-03 -1.080846367390023710e-01 7.673674617758660665e-02 3.161149132757585384e-02 -5.846216190928163470e-02
-5.823947974962038338e-02 9.153225830386146900e-02 8.143485531694401314e-02 1.048003225898495733e-01 -1.051310638597289793e-01 1.528888147070504022e-01 1.331578975605811066e-01 1.251374339852387094e-02 -1.402694232717728584e-02 -4.026563891139171847e-02 -1.530601928996546957e-01 -1.170763448742809520e-01
-4.278899961410674233e-03 4.812027568653117621e-03 -1.808592763656230729e-01 1.086871207944055256e-01 1.316663935894838988e-01 8.192290416546585408e-02 8.635206821358228091e-02 8.349015536833429008e-02 -7.582440359911997441e-02 4.517891982780822963e-02 1.738324639890638512e-02 -9.905626951480428488e-02
1.912992351733446283e-01 -2.491023432337412941e-02 9.849082122843014209e-02 -5.065527712697703855e-02 -6.100015350874003761e-02 7.851141041393387698e-02 -4.056182331216048875e-02 1.386230452470696706e-01 3.398326297422373660e-02 -4.875582560040188362e-02 -1.049938130108383494e-01 -5.635705581632272781e-02
-6.226011658993634013e-02 9.546643152624935402e-02 6.957013063470179892e-02 -1.231956843927189960e-01 -8.338267421768870424e-02 5.080053177390056462e-02 1.248605787660535954e-02 1.044314096050156793e-01 -1.111976081211341755e-01 7.551156813550470581e-02 -2.744276149887744237e-02 -8.998187447819269713e-02
-7.990633599954889699e-02 -1.399288799721797386e-02 -1.826422901428360890e-02 5.362354877819784649e-02 1.119845761658949806e-01 4.799000052233680369e-02 4.511925294311906753e-02 -8.215859436822951778e-02 -2.252990101746053103e-02 -9.295493566086011905e-02 1.104812487891723982e-01 -1.077784792774754835e-01
-2.385347744327067504e-02 -7.025957316200304170e-02 -3.011245172713424706e-02 -6.780831584931334977e-02 6.328083056284557195e-02 -9.379112673578179904e-02 1.060782343403548211e-01 -4.708693489223464423e-02 1.027223855817659820e-02 1.685546497007479189e-02 -7.440658674457359401e-02 5.073520453574389966e-02
3.456003704941207344e-02 7.225101907908812460e-02 6.808202420608314154e-02 9.124652208215475180e-02 -1.763264356781449327e-01 1.175045439490154942e-02 -1.886600806521257501e-01 1.175478589249560370e-02 5.027620917219628033e-02 -1.031619558176174178e-01 1.043096675429610043e-01 -7.591833301268076373e-02
-1.399182380604186426e-01 1.188748161748027776e-01 9.716833368588581599e-02 8.180906538104223968e-02 3.647469668657557507e-02 -4.652497063592916926e-02 7.204691424312581471e-02 7.078838709605352053e-02 -7.793935629380326080e-02 4.091352163765141908e-02 6.142883077101117528e-02 9.055956879907385570e-02
-5.820160941027550938e-02 -5.354070966151572991e-02 -1.467502584587115078e-01 7.060846508015591882e-02 1.702984051896496709e-01 8.945506000392773605e-02 -1.768261440844501667e-03 -1.338041482464353837e-01 1.606192898232592509e-02 -7.772274306691663581e-02 -4.376651788144132055e-02 -1.777283581252686040e-01
-8.936294722562766746e-02 -4.062678082715272254e-02 -2.226631636628425420e-02 -2.016874691171521156e-03 -1.227093182370712215e-02 -2.351309641441001047e-02 2.468193992275102833e-02 -1.015793721473030597e-01 1.152726593705781510e-01 6.914449957493171151e-03 -9.295033193526047732e-02 8.883123433991320372e-02
6.800954957733751360e-03 3.958307564855628735e-02 2.304160856354482423e-01 1.303245435704638092e-02 5.701045937587453927e-02 -9.408545007707305730e-02 6.606013913383321223e-02 1.957470072585190124e-01 -4.418267284346123064e-02 4.053020936126276383e-03 -5.553036952128928561e-02 -4.005129503158336851e-02
-4.748104273141071086e-02 4.176535484047310363e-03 8.650369236385668792e-02 -4.126347620993851134e-02 5.444642385216778152e-04 1.591930193774683533e-02 8.541304775956470516e-03 -6.582314316905726881e-02 -8.264355150193927746e-02 -2.121024333972076903e-02 4.964923825035227889e-02 -1.572534669135840224e-02
-2.277808582729580478e-01 3.829236679747209660e-02 -5.594731710235431588e-02 -1.228959799286012955e-01 -5.327465432382415267e-02 3.774843000691204681e-02 5.398151985551336192e-03 -1.693278965913833090e-02 1.730957870035669532e-02 -2.956367733168346196e-02 -1.108725568813932610e-01 6.418516578827691485e-03
-4.968970042423631606e-02 1.115267250627082207e-01 4.145376567548317293e-02 -1.272477791339069082e-03 9.331350008217670355e-02 -2.580290726838781190e-02 -9.883433888624312824e-02 1.097763225392297259e-01 5.788252967538981553e-02 4.232211211538375317e-02 -6.530543671679571102e-03 -3.033955318222098657e-02
-3.562747807413606943e-02 6.510000463076989763e-02 -2.678105790197203573e-02 -1.639026829624530279e-01 -6.181180449699564400e-02 2.369144922145842436e-02 -9.640412604067019609e-02 -1.146850696390549068e-01 -1.174995877164621005e-01 2.243280465573344908e-03 -4.956133867058976072e-02 -1.070184496348960401e-01
-4.502780494553233759e-02 -4.665449292947074916e-02 1.005512354752390036e-01 -1.218610485713848696e-01 9.357260579935301748e-02 4.079123602276846228e-02 -7.901712574188267391e-02 8.202591478994900043e-02 -5.560594646438090857e-03 -5.601146589096282075e-02 -6.854531130373514580e-02 1.133602505749029821e-01
