-1.957269605668055246e-01 -3.014787589594684070e-01 4.325795088299704827e-01 -4.858906143700300051e-01 4.986967625030320206e-01 3.605879336294310344e-01 2.289907807099516579e-01 -3.037937405538255198e-01 5.171852322193248863e-01 3.307296912161341029e-01 -4.522132937738371911e-02 3.167284530798972764e-01
8.967080614142104028e-03 3.803425491852787527e-02 7.783553022718393555e-01 -3.403633232729894598e-01 -8.388783944005225868e-01 4.546998833978048715e-01 8.660929386923499340e-01 -2.406102200791110368e-01 7.000383035959630018e-03 7.596446353633726223e-02 8.220911780973519933e-01 3.692069785304286089e-01
-3.095855183983031722e-01 -2.850128804306025221e-01 5.710711531927625817e-01 -4.161226837794657629e-01 -7.342358276150688923e-01 5.090403424868911175e-01 9.775167325303986132e-01 -5.285878723521377776e-01 3.227820129308960340e-01 4.300620270389536315e-01 4.978153339619585949e-01 2.818439526318790578e-01
-3.405098393518924405e-01 -1.057701616734460393e+00 -1.759459572484961265e-01 -7.059290726693780160e-02 7.699514477085731556e-01 1.940445282411307204e-02 -9.962888618080784076e-02 -1.554073457454931972e-01 1.228835339268962573e-01 -8.008776031404092333e-01 -3.236169892139689197e-01 -5.928986702975302947e-01
5.560435008193663764e-01 1.318851613475754969e-01 8.508623005442315090e-01 7.635452561438741403e-01 2.521236497408519406e-01 2.235032527883194509e-01 3.649885363559546847e-01 1.841125098513793357e-01 6.818505641795308270e-02 1.947188742993510580e-01 1.714132101466505631e-01 5.491395273846910730e-01
2.815252238153522768e-01 1.413250564315091384e-01 -2.137390838103599700e-01 5.238435974304885834e-01 -1.105124575213218163e+00 6.623385355109950856e-02 1.091683838867935630e-01 5.689546442582058550e-01 -6.141990693009068414e-01 2.818591318540905610e-01 5.412663302127372900e-01 -1.438696472035422835e-01
6.302465058895813099e-01 1.599797314985315522e+00 -4.360219246639739921e-01 6.402864739671190186e-01 -9.723158711462887016e-01 -1.009842523215012999e+00 -4.275935664033370665e-01 3.267644934140372937e-01 -7.964953484361949609e-01 -1.105064554217227712e+00 -4.979259058083257417e-02 -1.548894344091835719e-02
-1.073856338200407157e+00 -4.997202331528439179e-01 -1.586254644349930354e-01 -1.208438416592410469e+00 2.987984445323625948e-01 5.103392872910124112e-01 2.864916953352359894e-02 -7.253064083188091038e-01 3.380073879613772481e-01 1.222155969064586956e-01 4.477546948300765300e-02 -4.763652052283810778e-02
2.644984852523763474e-01 2.813409434269785736e-01 1.332738637440424589e-01 1.458400251687138161e+00 2.913000511197232356e-01 -6.841550620997748355e-01 4.630467155874315455e-02 1.629043618481589017e-01 7.114687299093270800e-01 -1.152151834796108387e+00 -3.716540246538738157e-01 -7.210916081536217215e-01
-4.562342018969302027e-01 1.121565148899295901e-04 1.525931773902706179e-01 -6.383461681669935217e-01 -9.370005202565488966e-01 3.166600437127665979e-02 2.064621016256962538e-01 -4.821416119838111691e-01 4.894283018529874130e-01 4.135529192982541069e-01 2.732850698845692428e-01 1.202110734194784258e-01
-3.406805644886526374e-01 -2.414703839718486955e-01 2.448874458381267438e-01 1.669380080399227861e-01 -6.479174538730877453e-01 -8.739981639667749880e-01 -3.419803233493645123e-01 -9.028183845695892940e-01 7.493788106117222902e-01 -7.578259865746287405e-01 -2.859750574843027415e-01 -4.558884522518360516e-01
-4.016128678147120046e-01 -1.073922360035232393e-01 3.019691968676443405e-01 -1.690747206272716630e-01 1.387624084169720273e+00 1.297431926474159614e-01 -1.940334558171218915e-01 -7.363995343975474617e-01 8.736226038319399034e-01 -3.470248702787825379e-01 -5.253800692071887157e-01 1.414200070058614644e-01
3.151816272001089492e-01 3.660867411112243008e-01 -7.936736083217908744e-02 5.715521624072856799e-01 7.655002281899473404e-01 -3.152816488669115125e-01 -1.180009181110748706e+00 2.635887885368006223e-01 2.621522979317896657e-02 -4.022179477905812317e-01 -4.259032542992571280e-01 2.495272485744775837e-01
-8.948258156712022432e-03 -1.741543790423614319e-02 3.221063027613284002e-01 2.082761972809412665e-01 -1.250295609804608354e-01 -5.042057261182564254e-01 5.902249420986288575e-01 -2.570118334083748568e-01 6.925558243128598912e-01 4.141381918456931710e-01 -1.379593017535638566e-01 -5.297366076405836122e-01
-3.721800147499955136e-01 -3.288847063514771518e-01 -6.411179409243159544e-01 -2.569677007359353893e-01 5.483147556885283880e-01 3.726886854519953496e-01 1.597640713067903853e-02 -2.172467806567102144e-02 3.382180003428665316e-01 8.603393119039701720e-01 1.156833347640646298e-01 -2.806887843579677355e-01
-3.533853166773223697e-01 -3.756173897934964728e-02 -7.036106706014807477e-01 -1.891047325715601579e-01 1.513858429838626785e-01 2.587130138509770583e-01 -7.100368778443627571e-01 3.643249239377770454e-01 -3.251786277587407348e-01 3.324086871563766143e-01 -2.510026979593484864e-01 -4.799888324325870537e-01
3.223076250963998191e-01 -3.926463018665803384e-01 -5.222649636755242186e-01 2.093385154506396950e-01 -2.832281737142496869e-01 -1.595158310676677349e+00 -1.512226817400249765e-02 4.855575787806983012e-02 -8.352122241721486873e-01 -8.058481922683573551e-01 2.790681888554339962e-01 -6.310643942749054602e-01
-4.410355965600681327e-01 -5.614934550557441062e-01 -4.839149135722791151e-01 -2.475659375668513851e-01 -5.208370138714200070e-01 -2.564875653878315176e-01 -5.312822769269592849e-01 1.504300149704351774e-01 -5.295440281382295389e-01 -1.112782130302597712e-02 -2.312703794576092542e-01 -4.561609260148325462e-01
-4.468130352503715819e-01 -5.874978115275688584e-01 -9.030727564346544556e-01 -6.584251668642466804e-01 -4.066980254136274425e-02 -1.172369340925087100e-01 -7.375752425651568300e-01 -4.371305197174047419e-01 -6.365576365138220227e-01 6.250300789240502419e-02 -6.102103292916731814e-01 -7.217162552707605538e-01
-3.417920731247896526e-01 4.240396921771609207e-01 6.011478072049644128e-01 -7.854065162984658066e-01 3.735649393487349146e-01 6.616477814198392648e-01 3.865182511717171199e-01 -4.373234910148741661e-01 5.454673135365863956e-01 -2.581848452340588795e-01 9.684587239987507007e-03 8.331985142079203488e-01
7.337199279816515422e-03 4.163985830380056430e-01 -3.728836390467238360e-01 3.577266721694112306e-01 -6.330479339236966263e-02 -1.224430741841626008e-01 -6.572454449925383413e-01 1.261642894052123487e-01 -3.717070500175147507e-01 -3.007391127712316092e-01 -1.747312829707643456e-01 -1.216331969230743520e-01
-2.341728043222411348e-01 1.057449178430239500e-01 3.317647843969828703e-01 -2.175126818264199735e-01 1.228862705158558111e+00 3.950788448768484673e-01 -3.101668439061295857e-01 -5.594521611665257410e-01 7.745383497233165881e-01 -6.542615197200714050e-01 -7.394737301744317426e-01 1.004202260831107280e-01
2.528733739478091769e-01 5.283054258295994954e-01 -1.266575627514039508e-02 5.786682267012994707e-01 1.136415535113510233e-01 -5.568917240185921047e-01 -8.331713351208321905e-01 2.080406544667609547e-01 -3.678090449523219174e-01 -7.130827790077238770e-01 5.523331714096726408e-01 8.208749986024849177e-01
4.780365351338147772e-03 -8.784012638784717275e-01 4.502348243355203672e-01 2.579075375880702237e-01 8.191061886747298404e-01 -3.706067912655348906e-02 -1.648267428083425024e-01 -2.538708091823159707e-01 5.922922660905705072e-01 -1.125621260901691345e+00 -4.747256854710231178e-01 -4.423281055618022428e-01
-4.157346996535007944e-01 -5.675741595343329893e-01 -4.224693467903353206e-01 -3.438317692237692902e-01 5.138266407059095542e-01 4.519884630734958275e-01 6.454517643811539251e-01 -2.476530914248985527e-01 4.086474448460468145e-01 7.837739231712581578e-01 1.313756492989034963e-01 -1.767494055318958313e-01
-3.408410478648534608e-03 6.368168342667661352e-02 -1.234194820431964157e-01 -3.866027517504858624e-01 1.945718091081710677e-01 1.040601906215792738e+00 7.588820437078272474e-02 -3.615052398704376446e-01 3.224251246047585839e-01 1.449151606584269558e+00 1.388917831751204923e-01 6.155218329814194922e-01
-4.884115055308277387e-01 8.868134966593794744e-01 -2.878806710625240670e-02 -4.716702300502059186e-01 -5.209814548118684163e-01 1.313056202900389491e-01 -6.490198889018329309e-01 -2.935324200414102247e-01 -4.140365693732561136e-01 -5.856577193578317297e-01 1.421575828856063047e-02 5.553246082362340852e-01
4.645830209547524570e-02 5.848262010296748636e-01 -8.158016401946723839e-01 -2.603110486924709588e-01 -2.497230039822274372e-01 2.088074934201695487e-01 -5.200408557942958199e-01 1.867955655018509742e-01 -5.395378074066116136e-01 -2.883279622421744959e-01 -3.227098223297143464e-01 -1.749011163798141685e-02
5.976034314551700311e-01 3.889931971963994095e-01 3.741526024538134876e-01 3.355175011306325006e-01 -8.500445785420612799e-02 -2.344137417783870581e-01 4.828938149275079361e-01 -2.072319671222961623e-01 2.225995790108417638e-01 -3.544360421872779776e-01 3.074710123886474356e-01 5.004511278677270525e-01
2.033488214799310800e-01 8.383445033985625905e-02 7.455360865420697092e-01 1.278307675401055554e-01 1.135229113712476166e-02 -5.097204022006154300e-01 3.351169297570684158e-01 -6.071008723432154142e-01 5.493219331767034141e-01 -4.230154280278542456e-01 3.141683965527223288e-01 5.283323984426172570e-01
-3.168370171438444349e-01 -5.310777416068126477e-01 8.266192978354929000e-02 -1.467287696926773341e-02 2.470285920052528450e-01 2.060288113142670352e-01 1.713270871750548763e-01 3.347180498194259057e-02 -2.540196382337720493e-01 5.356135183665412525e-01 4.605320457956113001e-01 8.009252217654125316e-02
