3.482208797929881028e-01 -1.692841339896684894e-01 -3.549995540546668771e-01 4.480074848589894465e-01 5.451243649077985864e-01 -1.047776803393770217e+00 -1.378928284486162503e-01 -2.665900530873771546e-01 1.859197441836409614e-01 2.192743920613736408e-01 2.215417135046453267e-01 5.974479396967269373e-02
-1.541544436781233429e+00 1.627031462370340353e+00 -5.098772634180865904e-01 -3.284407400148056100e-01 -1.384891690068818237e-01 -4.851176289221144633e-01 -4.062867638803862591e-01 -3.322117572428594512e-01 -5.015970817642436685e-01 4.840058511325551205e-01 3.474042221931833985e-01 7.486438485725669389e-01
-1.272761000553199011e-02 -1.231447867825137543e-01 5.909680050393314454e-01 -5.600580640696495305e-01 -3.757087909468714154e-02 7.620939871477870886e-01 6.972463862635409626e-01 9.344797178766722778e-01 5.581291692990123510e-01 -8.864788415871006633e-01 -4.141427749642005440e-01 4.837774364794157345e-01
4.002973019322871862e-01 -8.173010676026930543e-01 -2.648470824182220795e-01 -1.658866618834852757e-01 -9.011986201433020982e-01 -3.744130337510551687e-01 -4.685592398666807434e-01 -2.824996116771943955e-01 1.064539667513387355e+00 -5.054767708671398241e-01 5.105127337076228455e-01 -3.343767614009046096e-01
-2.192852340360453289e-01 -8.244602971182728446e-01 -4.168016233610814525e-01 -2.132199505339463785e-01 5.264699408388435337e-02 -3.664892778289420283e-01 -6.827401021448504803e-01 9.413135664483912590e-01 -4.732557816214160162e-01 -5.192761600125256338e-01 -1.502670041425513414e-01 -2.503914095171742571e-01
2.880072957892563790e-01 1.332922346590601936e+00 -3.395512459020895712e-01 4.970845980863154434e-01 1.676095583413325096e-01 2.230757696252150701e+00 -1.522613706925669275e-01 7.618807388727732999e-01 8.726034050778025408e-02 1.383897334142394797e+00 -4.544829849115230580e-01 9.489714096356658413e-01
-4.339448317248369991e-01 3.555748266182101602e-01 4.891093211076631003e-02 2.143151116560064462e-01 -8.881878351554057804e-01 1.229784060521573519e+00 -8.667852595404188509e-01 8.997800717596099451e-02 -4.876386118801434577e-01 1.588281861243597604e+00 1.598073312058527484e-01 -2.964933280300279250e-01
-4.746099705179936401e-01 -1.953015969481520231e-01 9.413169743175405779e-01 2.842590017103757694e-01 -6.312990658270462019e-01 2.788642073496070545e-02 -3.919192985794347495e-01 5.316051162865864654e-01 4.282686608643010429e-01 -9.360992362834277825e-02 -1.522158804101374219e-01 -8.589963248751561475e-02
-8.760457041733618055e-01 -1.346526046786471253e+00 4.789263907773970153e-01 -4.537715775379525529e-01 -2.575178459649414831e-01 -4.754320754647318736e-01 -4.381890106149567976e-01 4.899736771042645378e-01 -2.272295131154014880e-01 -1.000069048067178251e-01 8.030577678914602169e-01 1.461470411240384459e+00
1.488242866236723971e+00 1.246293188357445514e+00 8.674130036606609861e-01 -1.024892385332925704e+00 1.482924124104110009e+00 -2.191297813867953526e+00 -7.377595629842805813e-01 1.639968020709881569e-01 -4.591830701654445734e-01 -1.862395692658516566e+00 -1.515481585471230463e+00 1.254985102064151148e+00
4.009187021916065241e-01 4.655185176592410157e-01 1.374699303308958009e-01 -1.929984248135516278e+00 -7.265980944989367529e-01 8.508896441287894241e-01 -1.508351756330276405e+00 1.953403479722250147e+00 3.533197202548861438e-02 4.408999531425349949e-01 2.486087892520885134e+00 8.959385164071167473e-01
-1.758242217909590233e-01 -2.859168744058537479e-03 5.405064236888679208e-01 -3.203867380615234295e-02 -1.159599077033515307e-01 -2.171901291621954611e-01 -4.344683172786450998e-01 -2.221468536959723128e-01 -3.394463131175465276e-01 -6.412529117208313201e-01 6.164992705670981898e-01 3.025740843043131512e-01
-1.973887421195803515e+00 7.508706834114805551e-01 -4.483809130709607293e-01 -6.639272537693581278e-01 -1.359196417327335427e+00 4.932175327385262542e-01 2.236072746978600811e+00 -7.809653989518680062e-01 2.813644405288177539e-02 -1.049589435686478556e+00 1.228014872339545059e-02 -1.379450362176608547e+00
-6.405257693178787459e-01 4.157497567589426013e-01 2.375072460895915061e+00 9.543458364009554939e-01 2.998949405418193659e-01 3.129873891129683616e-01 1.551205961987067727e+00 -1.022476339374918997e+00 8.574146364611276994e-01 1.843511332157086735e-01 -1.027715286565744401e+00 4.201352600195961684e-01
1.609707946231278899e-02 -2.040184099080302627e+00 -1.448605063968602114e+00 7.124007972748920281e-01 1.462184321201812853e+00 -2.438348922705001254e+00 1.881087646745535968e+00 3.447718066773559076e-01 -6.891071094636539440e-01 1.138266660087234650e+00 -1.541999345881193362e+00 -1.538123287035902120e-01
-1.915574791660208387e-01 -1.171077518343051738e+00 7.631239674551522079e-01 1.466275937444893929e+00 -4.526622320794394527e-01 -1.620566424104192826e-01 5.142169086848797921e-01 1.166795366564640640e-01 -3.113676569195544253e-01 -9.463643466802411711e-03 -5.701393646635368739e-01 -7.324144343569942706e-01
3.763745264092196452e-01 -3.945623565250264142e-02 5.812393714716788118e-01 1.267743624285032344e-01 -3.802838541655468446e-02 -8.741912831757430169e-01 3.669521045196014741e-01 1.092334404789137903e+00 1.196061943058254640e+00 -5.973222274805695120e-01 -1.235269671703612016e+00 2.698975930365038467e-01
-4.272888286758368959e-01 1.001363826425993864e+00 6.754256918953267519e-01 2.182245678173908576e-01 4.891963588453065448e-01 6.390433818041595104e-02 -1.023813386920089830e+00 5.428685915206676871e-01 -4.608688940996445438e-01 -1.569714133744903595e-01 5.569485836331714490e-04 -7.931269922627283420e-02
-3.354699932966115905e-01 -1.887153636263691481e-01 2.445496287078760822e-01 -2.810054424593181888e-01 1.641514504735108460e-01 2.367499386132896622e-01 3.662248668273404562e-01 1.070359923027191101e-01 1.096083406111701741e+00 -5.271594493287066335e-02 2.971996104704716646e-01 -4.385828119794415308e-02
6.594249376471966739e-01 1.259532010938214652e+00 -1.869840625035479098e+00 2.686680670715506092e-01 1.971003260342061025e-01 -1.685280725199365337e+00 -5.217290435062147402e-01 -4.349862773533302307e-01 2.367055738944120746e-01 5.749174035807890631e-02 -2.496071480167465217e-01 -4.537887121132916923e-01
-1.277560195809651633e-01 -1.516210629163072143e+00 -1.542151968214928281e+00 9.329897423377193633e-01 -2.215120528691301161e-01 -1.284301119520457446e+00 1.593756446512366587e+00 -7.205671271945511824e-01 9.897641607694532828e-01 1.023423680129437185e+00 -1.598423204796237673e+00 -7.372196060846747390e-01
5.595529860184828702e-02 -9.413626148525979787e-01 9.588286408539165029e-01 -2.759259620563177529e-01 1.439557757165517426e-02 -1.168653068671827278e+00 1.119078385445254176e+00 -2.537284111079764481e-01 -2.081745382814851053e-01 -9.663817541893014729e-02 -1.211368299037698604e+00 -3.687708747413908084e-01
1.550328613121582100e-02 -1.379996802622440732e+00 3.040390678360784804e-01 -1.632344173643259344e+00 5.132433762791703546e-02 -4.367197017927750002e-02 1.084096745420320695e-01 2.286495375919748607e+00 -1.037785513681669103e-01 1.464554519714915903e+00 6.417766976992741457e-01 -4.866121758376534823e-01
1.212061013864867975e+00 -9.427000411680875880e-01 1.274139673770495307e+00 1.412093156677929118e+00 1.653114931754624983e+00 5.513354170205033711e-01 -8.438206988420766663e-01 -4.754505674531363940e-02 -1.615571727139227587e+00 7.942579501840585365e-01 -7.044025881040604231e-01 1.821193658968789597e+00
-4.960054087798377864e-01 1.567473907273920108e+00 -3.867525590553668735e-01 -2.426868543792119470e-01 8.552671796319198660e-02 -5.242327421083124023e-02 -3.720890084839456047e-01 9.499957780012641129e-01 -1.283354770773629250e+00 -2.694207654046720246e-01 9.702682147141176161e-01 1.006225176374226232e-01
2.228557554702351728e-01 8.164441225566076987e-01 -9.744457544081817912e-02 -2.863318885585566242e-01 -1.308363124475205863e-01 1.794942642022913648e-01 4.280460696148489230e-01 2.733226131860108099e-01 8.835291252929524664e-01 6.046438838838001650e-02 2.816353082564461707e-01 -4.256716156567343923e-01
2.157112632961172283e-01 2.863222235766515467e-01 -1.167820782694041215e+00 -2.125766407139078329e-01 -1.501727470889648197e+00 -2.825005058103258748e-01 -1.092496214365960283e-01 5.394886131452186762e-01 7.720416542489190181e-01 -1.080910809813489193e+00 -3.013117790427438658e-01 5.700394317924624144e-01
-3.723543699490559911e-02 -1.237791317594634455e+00 8.186642229621483580e-01 -1.229274149068471988e+00 3.065041808204393425e-01 -2.387208575907143970e+00 3.706798733569908189e-01 3.844211724604404967e-01 1.658812623015033738e+00 -1.914770352264817399e+00 1.376912270639522928e+00 -5.090954117201358375e-01
1.162115453696211498e+00 -8.449811692981777922e-01 -7.770869462211601464e-01 -2.384623723538103202e-01 4.125017948402521784e-01 1.711350681164733323e-02 -1.044153489394942458e+00 5.899426806663166101e-01 2.206845062508321631e-01 1.159948942529130722e+00 -1.215291091123258810e-01 5.976234927391913532e-01
-3.534036525364553927e-01 -3.466668647648532553e-02 3.043866275595606408e-01 -6.840760757882003995e-01 -6.506872498243955194e-01 -9.962934958140549080e-01 -8.539621621838077159e-01 -4.947632290293350610e-01 -2.685461261819736475e-02 -1.644140519532294731e-01 3.146843237241640501e-01 -8.908316049518653912e-02
-2.227131847455482427e-01 -6.756850452226258463e-01 -7.440034736837084495e-01 -8.816783395309193416e-01 -5.524216053352231093e-01 -6.312665659785452466e-01 8.490002023828984168e-01 1.739258652343896039e-01 5.151265606594145341e-01 8.778828035476102243e-02 1.646919408009774322e-01 -1.163651789815752235e-01
