-1.724462270887034521e+00 5.642813101481390925e-01 -5.433096153076326373e-02 8.057716925013794773e-01 -2.755471173810873364e-01 -1.323651331751614091e+00 1.537235435089224334e+00 1.020444442582944422e+00 5.932105336160237857e-02 5.826670233664209553e-01 2.013576071848956206e-01 1.804271619599688570e-02
-4.696013571763529848e-02 -3.408617240442515239e-01 1.615245295786967572e-01 3.639366824907315778e-01 -1.506920534166148462e-01 1.380505610521493010e+00 1.444359405428385923e-01 -1.537407131095491208e-01 -1.255397918034151239e+00 4.683218896427333577e-01 -6.636843630020803353e-01 1.012103650573316499e-01
3.782242089781586714e-01 1.407653989074433731e+00 2.326317429704798379e+00 -4.538832459889132753e-01 1.933541269955988628e+00 -1.401192040966388719e+00 1.612759187644725312e-01 -4.145114726555454432e-01 8.388447216715414489e-01 7.618402322509834068e-01 1.029734061422142855e+00 1.128745006328143230e+00
-4.140447018665941448e-01 -1.382804844568819691e+00 -1.852395964120000516e+00 -1.917475464942892671e-01 -3.322058367063525086e-01 -7.673768628842271289e-01 -1.828040590966970302e-01 2.629442916837005928e-01 -6.879078824339022180e-01 6.524659308211929742e-01 -1.513056919494087937e-01 1.228821031071426068e-02
-7.136008159793416628e-01 2.642773205489317712e-01 -2.039432011246983950e-02 5.497153858683242328e-02 -1.491475222256108957e+00 4.165856365609662548e-01 -1.356211478345891841e+00 1.244658383596743301e+00 -1.939352337716442998e+00 8.127147761112177848e-01 -5.338861718615097729e-01 -6.273944275086985600e-01
3.390191344170451759e-01 -2.094578377572192951e-01 -1.150992081063006101e+00 -2.427425239811773494e-01 -2.940287514392507795e-01 -1.110256704202806227e-01 -5.680025625565872094e-01 4.490054089461867903e-01 -1.508313405086171288e-01 -6.550890089132049843e-01 -1.936663635920231885e-01 -1.631179892296324097e+00
2.092948250268757138e-01 -4.630216630805824574e-01 3.416549044661681411e-01 2.880679590709198101e-01 9.668413716473320818e-01 -1.540080107266893206e-01 4.079709674818311482e-01 5.668088345701347702e-02 2.909993508023928643e-01 -3.345809424788029340e-01 -2.841845483593936073e-01 -9.740372972499450333e-02
3.918636356147481847e-01 -1.492066031161733974e-01 -1.162304698932195846e-01 1.044007903819455657e-01 -6.269473820205919701e-01 2.703614971626636443e+00 1.212399065322337099e+00 2.205234022557011619e-01 -2.766446212952059502e-01 1.285100886538753207e+00 -1.982358589028226370e-01 -1.366124853225713365e-01
-1.005307160599424599e+00 -7.797099419753024119e-01 -1.288338095658152049e+00 -9.064017487551224717e-01 1.919370585444101496e-01 -1.773525035999812483e+00 -6.321582310499654911e-01 8.514903638954773868e-01 1.162263979407583830e-01 -6.016192462071253688e-01 -5.466219065298798530e-01 -7.168406664771965753e-01
-1.930711342704150457e+00 3.421861682501874391e-01 -7.743076775384150068e-01 6.387614095234607214e-01 -1.555515081605865768e-01 -7.781742731145224745e-01 -1.383929354868118078e-01 1.886071277486306430e+00 -3.480437107658507223e-02 -3.199966293193927114e-01 -8.913500904589034823e-02 -1.419682079541157160e-01
4.293565981594116843e-01 8.117363829108261708e-01 6.595467270905077672e-01 -1.769614363197225537e-01 -1.093002375233985468e+00 -1.022833274565717376e+00 -5.542540917198148787e-01 2.387165189692546985e+00 -4.060655308988112555e-01 1.028025540528684445e+00 -3.422305817668293282e-02 -5.937066330705927930e-01
4.677100718035416826e-01 3.846950947351346350e-01 1.155145157994906385e-01 -3.026943681257770469e-01 -4.715478741572429744e-01 -6.982982361334680865e-01 -2.207310079453989604e-01 -3.028264429215976050e-01 1.607491058321819100e-01 -1.349034934768311267e+00 9.162284448878379450e-01 1.216949497080063169e+00
2.738640086776625848e-01 3.446345036033416354e-01 4.059362333477328083e-02 -4.825010244561457329e-01 -2.329000609453777959e-01 1.685030828815901882e-01 7.791109939351202884e-01 4.223779269146161752e-01 4.537938459642812394e-01 -3.740808008338663004e-01 -6.222485293322478350e-01 1.490958241904241088e+00
2.205072161170629208e-01 -3.493718219133650216e-01 -6.788072873643712368e-01 5.452591900671736047e-01 -1.022921147511243189e+00 -9.940878082443591612e-01 -1.491965276468270873e-01 6.287482268407658115e-01 1.411181640247011204e-01 1.873830880715362341e-03 -8.648786914305027773e-01 -5.969860515808251833e-01
-2.759915550154444785e-01 -4.137917973004439642e-01 -1.363123809755271143e-01 2.281932207418256309e-01 1.586014780675286451e+00 1.523229005424918014e+00 4.400470992853558472e-01 8.324045578769103670e-01 -4.264343328159359570e-01 -2.686382622395135367e-01 -2.832950515742883035e-01 -1.088727499675136379e+00
2.508210198849207817e-01 -7.054649235198888479e-02 -7.274771509377726542e-01 -7.076319675277581434e-02 -1.939986422174931335e-01 1.338697551426990262e-01 1.204485986505459127e+00 3.577054688972325924e-01 6.462909609730521643e-01 1.596532168801929885e-01 1.199340122974964645e-01 2.253678146059996834e+00
-7.812205146093478270e-01 -4.927081460772641530e-01 3.785597372563558327e-01 1.219988824203692923e+00 9.106173046864277643e-01 -5.306522767618386816e-01 3.289126900094576089e-01 -1.896716892631522822e-01 1.173258936599004931e+00 1.195030081419593326e+00 6.212563852561459043e-02 -1.869095786792204672e+00
1.641627266203746993e+00 -4.871122706427750138e-01 1.013893749813913780e+00 1.055308834921256267e+00 -1.361439064957812028e-01 3.077916021487787090e-01 9.046823567724913140e-01 -5.149717243506068964e-01 -1.567322603905547673e-01 -1.197310883345241939e+00 -1.393381870147583523e+00 1.532629934427224838e-01
-1.748147266581158432e-01 -2.660393749082081261e+00 -1.320135496164466460e+00 1.653798625610373996e-01 -2.642462306315917497e-01 -2.799557614220161694e-01 -5.937854776831030801e-01 -1.985954611929422742e-01 -8.842499163134788231e-01 -1.037915286525705472e-01 -8.098460456707067268e-01 -2.127899823439642457e+00
-6.806537730916547568e-01 1.428593665081783204e-01 6.864767051755547855e-02 2.014390232637761069e-01 -1.822125582284356282e+00 -7.063669532545832075e-01 -1.247107498492665112e+00 -4.530528838956838222e-01 -5.329034320972797500e-01 1.669825276868870834e+00 3.703310976626665862e-01 6.608519747942975808e-01
3.166285904907902293e-01 6.396070555250834566e-01 5.339799756005708664e-02 -8.121622811911721751e-01 2.347951644068244914e-01 9.626565710284040733e-01 -7.572331013103112962e-01 -8.561592933961340579e-01 -4.539982767496457128e-01 7.596354330697182577e-01 1.058981816131677967e+00 -3.824065381999543489e-01
-1.569105344911322364e+00 -3.102425486030969126e-01 -5.158398197359783666e-01 -2.687174036015460010e-01 -4.798461753849329603e-01 -8.786344604495968102e-01 1.307786431314190700e-01 1.033274060659909344e+00 -5.701013853131828846e-01 -4.320504177616241864e-02 -1.009081449012665166e+00 -1.961480759216155390e+00
-4.709617769103896512e-01 8.764871253169572718e-01 -4.346944427748405393e-01 5.414661334687307370e-01 6.627901079518493388e-01 -9.259702806727766466e-01 -1.963251187344966786e-01 1.936198364818630502e+00 3.516850117224480377e-01 -1.622504389611366449e+00 -1.439188313810506825e+00 1.413985025229111681e-01
3.311405367710092140e-02 -1.158383909382748822e+00 9.362110240991848853e-01 2.271161750639066224e+00 -1.287626266120358576e+00 -2.790668617084875458e-01 -6.962822652221984931e-01 1.752019094420570910e+00 3.621347085222444973e-01 1.220947769943631744e+00 -6.450471158840638264e-01 -4.997328149285780174e-01
-4.856411907009735573e-01 -4.610515039091044875e-01 9.211838670965168119e-02 2.731572784830690326e-01 9.922775314688910830e-01 -4.812594859719741547e-01 5.304027080046883613e-01 1.476843603082634182e+00 -1.662574191584940964e-01 7.013958055739597519e-01 8.915373277422469767e-02 -1.105536914677034188e+00
-1.116313625471074683e-01 1.059697406912458867e-01 -6.168474018366219142e-02 2.969925984330859872e-02 -6.805416091106935017e-01 -3.772060816700709140e-01 7.691681987433859891e-02 -1.275368796634243962e+00 1.875385243798204093e-01 7.792250570689419620e-01 1.210176844219867043e+00 -9.720972224265378436e-02
-2.032225872120881072e-01 1.782326368301745401e-01 -1.623839019565599673e-01 2.410661609378276019e-02 -5.975689886094175812e-02 -1.422897726108633520e+00 1.189615127746151552e-01 1.920000168503543048e+00 -6.540265472199111585e-01 4.827085278646747746e-01 8.790027239375809431e-01 -1.209933768693477463e+00
-7.608457054333259695e-01 -5.288383967506045114e-01 -2.896869315881027140e-01 -1.002194005566237334e-01 -3.524705036026472560e-01 -1.174196438667542308e+00 -1.199569878554237606e-01 7.222038987030202639e-01 -1.019667643027958037e-01 -9.413391511438592429e-01 -5.124173908993766569e-01 -6.264194012357763297e-01
-9.462132603361851357e-01 -1.228753375646938761e-01 -2.417702215682662192e-01 1.513627573470163190e-01 6.996997072531410122e-01 1.007554538806584965e+00 -2.116486771783879922e-02 5.455061970134459370e-01 -6.588274993234078947e-01 7.660779990724152222e-02 -6.886057319038616509e-01 -1.981019022529514062e-01
-6.891666319666253093e-01 -2.266371197290868000e+00 -2.772990296909192895e-02 6.145993454361630137e-01 8.862544154346009284e-01 8.184452863915965271e-01 8.733672165480479421e-01 -2.020675292057205752e+00 8.291613887408613159e-01 1.150884719808508150e+00 7.260391121727733932e-01 -1.134576368475342656e-01
-8.210648917147690407e-01 4.537724820807794712e-01 -5.476386276725297986e-02 -3.204271970694856642e-02 2.048352502859639990e-01 6.632235095929239765e-01 1.895169972530124092e-01 -5.744935924655364401e-02 -9.737151572978641756e-02 -4.901859804809698962e-01 -2.478601363599935714e-01 -3.897765247676071021e-01
