1.186816567847305826e-01 1.810048252201769967e-03 -2.396715141243857886e-02 -2.527790272463815713e-01 2.983859110287477301e-01 -4.653319044368427193e-02 -1.374531586255256788e-01 -2.023528741616807125e-01 -1.344736720154990350e-01 -9.373545315500537642e-03 -9.173481103713781309e-03 1.145980268391352530e-01
2.469710061457170425e-01 -5.299805773013435695e-02 -9.472810027832617719e-02 -2.418942744387420907e-01 1.738911084986121403e-01 1.767286307691791694e-02 -7.915647398017150102e-03 -1.373142888851198451e-01 -2.757131582154331850e-01 -1.474176445940906799e-01 -9.720848880814408899e-02 1.813701304477456644e-01
4.203043927244304867e-01 -1.559696012863025401e-02 4.029510082905327778e-02 -2.172213098602173431e-01 -9.292517805756564039e-03 1.284424654577080993e-01 -3.500268888113890892e-02 -2.018093631564964741e-01 -1.548943508649796574e-01 3.952498629751899535e-03 1.088577400676029455e-02 9.821770314127856172e-02
3.093841258637728964e-01 -5.247148126606626661e-02 -2.346634697107195452e-02 -1.321006750252424478e-01 1.438489067128605192e-01 1.933626410965260112e-01 -5.897650177220093576e-02 -1.490176730784267545e-01 -2.039615763803669934e-01 -2.398745370835119253e-02 -3.195807940489272386e-02 2.007738458781723467e-01
1.132966652595682744e-01 3.009367264351602445e-03 1.882329240010467350e-02 -1.011380571376580412e-01 2.773961031272922928e-01 -2.376625293783565449e-02 -3.866561801752458477e-02 -1.916806189944713357e-01 -9.864600850215013428e-02 -1.241474043671724342e-01 2.767281291760678372e-02 1.499512244590032461e-01
1.662646250308278950e-01 1.111332072828246920e-01 1.956615227174230906e-02 -1.928700114291342638e-01 2.331257414683365059e-01 9.086736313856801084e-02 -1.230998816849248056e-01 -1.874927973905963496e-01 -2.854877266834568994e-01 -3.406998006495715048e-02 -8.424740923096887824e-02 5.265793969184259793e-02
2.571441523671096907e-01 -1.551966740567156666e-01 1.381652132187752013e-01 -3.362386106419958942e-01 3.218737768573064900e-02 -3.236457812207506335e-02 8.805683798527405570e-02 -2.163003721415236169e-01 -2.682975153201608842e-01 -1.228454443122011103e-01 -1.006784063079064206e-01 1.082437327531552418e-01
2.355224170130122419e-01 2.956492592170741410e-02 -1.026212336268709363e-03 -9.427813435888095228e-02 9.813200060818060011e-02 1.173782719171611449e-01 -7.267981739619808201e-02 -1.292199941746556557e-01 -9.200360895151621365e-02 -9.211103444247277505e-02 -1.525887542273168251e-01 1.626036341076485259e-01
3.832017879106876523e-01 1.962252078011161305e-01 -1.731178554895552446e-01 -2.032989082890947763e-01 2.799824684701250344e-01 1.150125600377061158e-01 2.008866761607165999e-02 -9.260307126930093780e-02 -2.088574591438310812e-01 -8.758026406863757274e-02 -1.407378672335058978e-01 9.574097496406114294e-02
3.134030616472238129e-01 -9.432796725449707487e-02 7.815789603172416597e-03 -1.640580023303900015e-01 1.595438817644437013e-01 7.143187318379769224e-02 -3.776364360451180818e-02 -2.050911702594749586e-01 -1.831524187818125982e-01 1.723006102534723957e-02 -1.582742994657860280e-01 1.111072854110372043e-01
4.143423199341459973e-01 -3.104393768284128066e-02 7.700188058272583978e-03 -1.577456570188818519e-01 1.380378585352683707e-01 1.762659316189603143e-01 -5.919669435482444869e-02 -2.002850481131094040e-01 -2.149383649841404287e-01 -5.452023478363123010e-02 -1.453797805215291672e-01 1.023786237732796089e-01
3.513073185140960786e-01 -7.888196492032335545e-04 7.194673774360916055e-03 -1.837397052660322549e-01 2.162243281356883984e-01 8.412409291716470283e-02 -5.740642855416760223e-04 -2.456441800296817746e-01 -1.449398235084838893e-01 3.412428329261087134e-02 -1.098111368286157907e-01 1.209823294457057496e-01
2.638305706833182218e-01 -5.797296937462811939e-02 -5.211080669811717775e-02 -2.604539817025982584e-01 5.946042258266995284e-02 1.334859801058379744e-02 -4.253685274221039730e-02 -1.378507606205900682e-01 -1.163639301765393153e-01 -7.015864555196872632e-02 -2.385046702425392962e-01 3.488399442830421304e-02
2.470058556828667595e-01 5.529564237783130557e-05 -1.266928946719944327e-01 -2.360879254566266849e-01 2.096432858173724323e-01 1.173022438442466314e-01 -5.548895538126603216e-02 -1.299154740941158293e-01 -1.961562507694010193e-01 8.745058024616984838e-02 -2.534135814292298380e-02 1.719811393531219673e-02
3.111571385204843776e-01 5.339914723555511111e-02 -1.395016273638619540e-02 -1.985747107223970465e-01 1.916136607232980793e-01 -2.340945660815951443e-02 -7.116802844967423658e-02 -1.337657720011115325e-01 -9.389409461851760952e-02 -2.154746736664231790e-02 -1.183937325655383399e-01 1.399800393858778025e-01
2.431458899759910142e-01 9.131663590601865610e-02 -1.237150591184124349e-01 5.824869286286449071e-04 2.672240773992798357e-01 9.227562117098576933e-02 -4.151210309467866927e-02 -3.034655536855441205e-01 -1.772116380150229875e-01 -1.801728516451813963e-02 -8.041221509076953988e-02 1.076360913529309515e-01
4.638854131516761403e-01 5.713912099845112891e-02 -3.604864721979569170e-03 -1.394497339694482918e-01 7.572230485188723159e-02 -7.305091186805577619e-02 -9.518378186360695881e-02 -2.118641170214412839e-01 -2.491708000608310325e-01 -4.014050392092727119e-03 -2.015743381378334517e-02 3.832343424580021696e-02
2.937891498215242092e-01 1.116612129140583665e-01 9.333011096895052483e-02 -2.069759062011349016e-01 8.025583244122762305e-02 -3.336986248775279662e-02 4.193876557727053284e-02 -2.534854591409776980e-01 -2.507863486168276368e-01 -2.449808712359077476e-02 -1.226857168417266053e-01 2.035869310135486610e-01
3.830772797833316701e-01 2.326936533946602145e-02 7.747737971154550207e-02 -1.720885975835897697e-01 2.468032806883133368e-01 2.084794952410327570e-02 -1.020013075933759450e-01 -1.417877729385460805e-01 -2.889468952132258073e-01 8.494897070764424740e-02 -8.455367754421766469e-02 2.574370070366268637e-01
2.765158130232411859e-01 1.114786744296398548e-02 6.807873553672905143e-02 -1.665842666873146583e-01 -1.473785093396210062e-02 2.141243056519945842e-01 6.550008435969617571e-02 -6.071501829133907346e-02 -1.098528130780422329e-01 -1.392160072783470981e-01 -8.156878427081798444e-02 6.448969762961033469e-02
2.686350689001443803e-01 3.042580080507694198e-02 1.075609954649446587e-01 -1.330439675420399814e-01 2.799694945619836048e-02 -6.808624980700621332e-02 -2.241204637953345402e-01 -1.778659758623068743e-01 -1.690206955143337408e-01 -1.203898866328425993e-01 -6.931814385521315076e-03 2.296530411968037699e-01
3.886723261173567479e-01 7.894656349046785815e-02 3.173337728569473187e-02 -7.301404882223890003e-02 1.419381412880348081e-01 8.837214376140080374e-02 2.489921495504368240e-02 -1.587281023306049421e-01 -1.505674772029477193e-01 -2.300438434721414072e-01 -2.650236045279116270e-01 2.143798914278820800e-01
3.446245765559807217e-01 -5.528087586614955501e-03 4.723609620721320318e-02 -3.373929666196020527e-01 1.259788244510356148e-01 7.131369750480147027e-03 -2.200943313531683945e-02 -2.596084392974196686e-01 -1.046729462004827305e-01 -1.007078166769239530e-01 -6.764020553909250166e-02 1.011192988708476681e-01
2.091458567862587437e-01 -4.400421708520518838e-02 6.403699636068222942e-03 -2.563516169902761987e-01 4.078403742434626167e-02 2.890184275956470331e-02 -6.901044955030807837e-02 -1.249082919900421362e-01 -1.492750809139968826e-01 1.911298330259636122e-02 -6.504679175779914946e-02 1.734988124059625714e-01
2.537705714972779414e-01 2.809681572030168009e-02 1.147736293826147058e-01 -2.524806589105613730e-01 1.395351277712757743e-01 2.392893878998582080e-01 -2.644689606124623824e-02 -6.321457795912195643e-02 -2.557178676648388382e-01 7.321961609674280946e-02 4.127285540574392869e-02 8.634001513903394320e-02
4.611581863822625249e-01 8.599578825616416289e-02 1.132106055073535573e-02 -1.374828004494048350e-01 2.438078412397430006e-01 4.041835881184199786e-02 -9.489435537388951625e-02 -1.463757002099423665e-01 -3.345176619645700011e-01 -4.028042199612523466e-02 2.289380137369241910e-02 1.329377703673748912e-01
3.332020779604112914e-01 1.035581350296986280e-01 5.851546723789267240e-02 -3.396909458890043920e-01 1.384388023767948728e-01 1.563399129395529052e-01 9.323484832004021172e-03 -1.577055747003605901e-01 -2.066054332785727810e-01 -4.476906755456319664e-02 -7.943847736643489671e-03 8.404528621288825940e-02
3.325003449465349648e-01 2.422738073187021782e-03 1.072355249439845837e-01 -1.192886927378569023e-01 2.015125867150324435e-01 2.458626163155092081e-01 5.028848555313288234e-03 -3.225703128219658544e-01 -1.608112614310318045e-01 6.024841791391290224e-02 -2.740270314032114060e-02 2.120800897889256464e-02
3.267863055994958965e-01 -1.456796805886260808e-02 7.444629831137689058e-02 -3.958380269489645414e-02 8.022283734858214055e-02 9.821217398406313637e-02 4.286591909855760191e-02 -1.317299938261413395e-01 -2.717496695181628175e-01 1.442148673778544943e-01 -1.027672102630251827e-01 1.562977001512702857e-01
2.538098567055812604e-01 -4.494367641671558056e-02 -2.436500862681487481e-02 -1.230558559747387953e-01 7.012404257789893458e-02 6.692341545915460321e-02 4.498372831228759222e-02 -1.008442465710848862e-01 -1.366392615264578891e-01 -1.754697695280178493e-01 -5.031562235476872563e-02 2.385669095077309898e-01
3.570646685746213245e-01 8.097093362990850918e-02 -9.063912009742974840e-02 -3.162478726270601115e-01 1.035258979599955470e-01 -2.843352419551784319e-02 1.024629051927283471e-02 -1.396594870633446062e-01 -2.557292501431138732e-01 8.810451810789996299e-03 -8.664467496871508523e-02 1.174321600577323266e-01
2.955611770415021433e-01 -7.076096993571968224e-03 -1.193602364858429299e-01 -2.391866812287802568e-01 1.649544502037102178e-01 1.542288539874208109e-01 1.436925583153520203e-01 -2.740594036993037608e-01 -2.234465801756859160e-01 -4.405488624381961871e-02 -2.019170103796645299e-01 1.351206178061547247e-01
2.155064684059663782e-01 -1.717016643942892787e-02 -5.823167553393025081e-02 -1.577149222841352783e-01 1.259139548502329620e-01 9.009255866821437586e-02 -2.452824117133480322e-02 -1.481685274639441829e-01 -1.902339609539367982e-01 -8.892072818580208649e-02 -7.111599196291315539e-02 -7.079409108767875658e-02
2.442166847698974963e-01 2.866205987473270309e-02 -3.706991272486324235e-02 -3.044473221521927231e-01 1.215640919192140929e-01 -5.356601664364805948e-02 5.130564716895564398e-02 -2.347412511045249006e-01 -2.734113824643608082e-01 -1.551042694924561482e-01 -2.068941410445303553e-01 3.272806395645572741e-01
3.007472556334416791e-01 -4.020782300057169911e-02 9.915587959959332176e-02 -1.133767291084197132e-01 9.444261465672949829e-02 -2.530767081448635492e-01 -7.936024521316217828e-02 -1.714246051891659961e-01 -1.133792038957382453e-01 3.610549472614869859e-02 -1.763381226580837055e-02 7.373281590104638350e-02
2.603970578629656862e-01 1.157803802236217483e-01 2.961782589509881145e-02 -9.733158557201211647e-02 2.440935629979394672e-01 9.490152850930834438e-02 6.509035754771136384e-02 -5.937170207941401545e-02 -2.412023731040490726e-01 4.682047797316904458e-02 -1.357213638073325179e-01 -1.502466859929729448e-01
3.629088328885070047e-01 -5.897812261653097299e-02 -2.024592968366673851e-01 -2.687791508867533041e-01 2.372487143543329513e-01 2.487703258648582896e-02 1.247098393968091787e-02 -7.437714927808204701e-02 -3.201350846072015255e-01 1.161706940136860849e-01 -2.853766302316775860e-01 2.336246359916239468e-01
1.832309084604392679e-01 1.411762179079862345e-01 -1.440983698039551564e-01 -7.927609696534011763e-02 1.923276471040971380e-01 1.052497534797062345e-01 5.637445979323624928e-02 -1.499319425091376334e-01 -2.137596479167218622e-01 2.049735928144841637e-02 -1.203128144060713889e-01 2.216498556468011472e-01
4.040467191551423976e-01 2.840334613439721156e-01 -2.643129502410909160e-01 -3.114215296095075303e-01 2.051346060114836167e-01 2.527142295908055281e-01 -2.293327014607937919e-01 -2.051246723994347987e-01 -2.130583882847659205e-01 -3.777957181342594950e-02 -8.477536349403552718e-02 2.448000494210249844e-01
4.006837019682521484e-01 -1.892482485889209198e-01 2.964743133370862857e-02 -2.237081200295499561e-01 2.451463948482179023e-01 -4.132435769648012958e-02 -5.943766358608289918e-02 -2.623421776327974908e-02 -1.840974001148947270e-01 1.129405993730651057e-02 8.552513275061049414e-02 1.936087619043708463e-01
2.141023781739326282e-01 -2.539204104056281761e-02 1.898950788714312832e-01 -1.371635909342191761e-01 1.230243594412253755e-01 3.336328856285293576e-02 -3.540791153854434131e-02 -1.617116185534931139e-01 -3.038582483359673070e-01 3.995501630097487988e-02 -1.249200409297462344e-01 2.169895182921968424e-01
3.547252882982183109e-01 1.071633063074842185e-01 3.457103220723225373e-02 -3.014680856908428241e-01 4.322372363416701613e-02 6.485934542710213024e-02 -4.744522577610502806e-02 -1.440501433216730132e-01 -2.296986673403618173e-01 -1.213872984257768212e-01 -2.416492602213419702e-02 7.009993852600077124e-02
1.604257605582439794e-01 -2.933429182245496022e-02 1.168089235944057558e-01 -1.656103800347329125e-01 1.814704484422385022e-01 -1.909005764807191266e-02 -1.032503391760183076e-01 -5.324866914044367600e-02 -2.004427546315793451e-01 -2.321317087648592237e-01 -9.051225118542116643e-02 2.081661286789865117e-01
2.192199282744760613e-01 -3.544463483171544308e-03 2.527208859044853193e-02 -2.680806724034907607e-01 2.243058889740013606e-01 3.355157486907893449e-02 -8.640568766573117343e-02 -1.526699879723106001e-01 -3.644984288520314308e-01 7.544771919923505543e-02 -1.164275904838500131e-01 1.016881475228793852e-01
2.991664815115456233e-01 2.903739424255484189e-02 -6.354953420120362795e-02 -1.484131789776099442e-01 1.397295878970160332e-01 -7.341893318418311887e-02 -6.772156641390209009e-02 -8.479482509619508390e-02 -8.421368979965987434e-02 -8.178543098854916538e-02 -7.421424481587701738e-02 8.918442221251601798e-02
8.203738519973929888e-02 1.405011777507588801e-02 1.387573245251237097e-01 -2.873780346361708427e-01 1.690714370634028574e-01 -2.400739284324291192e-02 -1.736847215169963488e-01 -4.999998132418827929e-02 -2.333474438801104722e-01 -2.250672652799580106e-02 -1.440313191670090573e-02 9.632453032080989797e-02
2.582899387304524175e-01 -4.070388803165365943e-02 9.067480414033668445e-02 -1.166698433917171956e-01 8.175589089572120327e-02 3.524815142811198176e-02 -5.514767012558268594e-02 -1.830755349260628495e-01 2.009280551761328040e-02 -2.577046420729771081e-01 -1.756526340331129865e-01 2.160000167583658592e-01
4.713121071554156605e-01 2.183323787153765849e-01 2.094674108968082316e-01 -2.873494124313267228e-01 1.385424578967339448e-01 3.964595619939198512e-03 2.825228778052786896e-02 -1.823550682810437251e-01 -1.681886515161022388e-01 8.955807230158326082e-02 2.058936852732638420e-02 9.641131774323083437e-02
4.762516228396083684e-01 -2.007374941407556648e-03 -2.597384210420632632e-03 -1.527977918354400388e-01 9.159184537178781393e-02 6.913633613541654566e-02 -1.275975279951567509e-03 -1.145283158149971309e-01 -1.587991789607380855e-01 -1.772793985981943043e-01 -9.287358022554406678e-02 6.427316495479243330e-02
2.819364552492263365e-01 1.117238338723448021e-01 1.150360408983126248e-01 -1.343364667094270881e-01 2.775583092774542293e-01 7.245122688274789613e-02 -1.788164081245302295e-01 -2.303824589087184183e-01 -7.794906000178386529e-02 -1.426247375021423847e-01 -7.111793591605824159e-03 3.361987988898543223e-01
3.440014718918583125e-01 4.609647130651499392e-02 1.163804178252527133e-01 -2.773496801450933136e-01 1.284793527369705590e-01 -2.949217947856318592e-02 -1.308066249991527707e-01 -3.149487337709909462e-02 -2.073080952739715932e-01 -7.378858031035871734e-02 -3.498709659449243062e-03 1.788098209941117178e-01
2.466406412960641670e-01 -1.265408809230180454e-01 -1.061506084231526315e-01 -1.571944989961797379e-01 -4.772636122955915827e-02 -6.088447397239649117e-02 -2.719645915293425129e-02 -2.027749803977066112e-01 -2.197999594806654966e-01 4.529932025087973768e-02 -6.140365446354605766e-02 1.440193384583466074e-01
3.778948675478744357e-01 -7.053687764726611353e-03 7.786796116395855449e-02 -1.885580966914644774e-01 2.214858876217773720e-01 1.276146465953915607e-02 -1.555672076824718073e-02 -2.092262850409543906e-01 -2.878618192631174910e-01 1.553463334997228773e-01 -9.422214023199579347e-03 8.042335318516097287e-02
9.883054027625781668e-02 2.420316066577489229e-03 1.181899165611600966e-01 -2.853351425252316220e-01 2.218374669480566441e-01 -5.721494411854426143e-02 5.012430754676560490e-02 -3.420549571806962702e-02 -1.723487514163132839e-01 -4.649224402707428927e-02 -7.767477767301367471e-03 1.332266517674747346e-02
3.195790185499334801e-01 -3.489202464109271429e-02 6.385463018610509911e-02 -1.178538773492224939e-01 1.222404635642177356e-01 -1.379652351753578657e-02 3.151098274499804924e-02 -2.704730328251503946e-01 -2.059211318690004622e-01 1.941402534786654810e-01 1.482762285465067872e-02 5.990042498099155781e-03
3.538137040682152734e-01 -7.644385694287275657e-02 -6.556754530920599899e-02 -1.981133712282759085e-01 1.224191786508703611e-01 6.569807667496928294e-02 6.443086078550395134e-03 -3.226553678497985911e-01 -2.535996779092843934e-01 -1.309685970925083542e-01 -1.610566567492117129e-01 1.113896853454914015e-01
3.210661195125745215e-01 1.381370342342340685e-01 -1.238562712863263970e-01 -2.702687487010605460e-01 2.471274218736112249e-01 -2.997656629184090524e-02 -1.260245434690130673e-01 -1.638127452446464238e-01 -7.478970056621644935e-02 2.558006515819015100e-02 -1.718071712291628361e-01 1.244825406040267202e-01
2.934140130169844984e-01 -5.955225628658154802e-03 1.453893575680883787e-01 -3.465112660546595391e-01 4.263756165373698559e-02 -3.187065339496204797e-02 1.127259917600305639e-01 -3.072149219707616674e-01 -1.895531665952388534e-01 -1.484231106296816649e-01 -3.061237806631227423e-02 8.103239054950148179e-02
2.606062479737299431e-01 5.606528887251720217e-02 -1.862091563497430061e-02 -2.884281632667459183e-01 6.941147798264753199e-02 -9.673484898727861825e-02 -5.126089706309942123e-02 -2.451261651796729779e-01 -3.225386599067245896e-01 -1.346895984231838428e-01 -7.609425929202734418e-02 1.020207527302425810e-01
1.854668330660594333e-01 -7.192302012305659686e-02 3.245332682852234557e-02 -3.324592832982922186e-01 3.451439920324617661e-01 1.305996246808736050e-01 -2.289210092114994100e-01 -1.777622184095992985e-01 -1.386564399382135271e-01 -1.934269249775513178e-01 -5.948817475628692154e-03 9.545111494416771980e-02
2.903950945741423095e-01 1.356370462768194396e-01 -1.468769902354171986e-01 -2.357719459280231689e-01 1.442389745371784049e-01 1.390313635768635758e-01 -8.655097111345022576e-02 -2.516815599261369996e-01 -2.666560003346266639e-01 -1.015186932977454465e-01 -4.558065778099881088e-02 2.173014247655874753e-01
3.069761886820444041e-01 -7.387818833073392377e-02 -1.832979069144907991e-01 -1.581371461914383991e-01 8.277712986909242787e-02 -6.356947975154629560e-02 1.701410448006538886e-02 -1.478663770914511455e-01 -1.784719206228952415e-01 -1.831267353256887595e-02 -3.788285876844833464e-03 1.670975531378541545e-01
3.864139056232895192e-02 -7.643902764479545975e-02 -5.156228045360682771e-02 -4.657236292333847283e-01 -3.424184035520624458e-03 4.745232787570546340e-01 1.488883444069269146e-01 -6.506979106603549834e-01 -6.717879251474209168e-01 5.040724310380860496e-02 4.674870642638682128e-01 2.204344252032414408e-01
4.038269587030248187e-01 7.273715926748872129e-02 -1.316836959469053492e-01 -1.928333391446326595e-01 2.316813286802990868e-01 -2.049388783965752289e-02 -1.143584006039436718e-01 -1.314766717901800497e-01 -1.330540004589035874e-01 -7.442880415235840486e-02 -5.685986895657247492e-02 2.795625219845829235e-02
2.882818520792895245e-01 -8.332933461146690979e-02 -4.495778769747834497e-02 -4.971945261125369081e-02 1.341656056156105559e-01 1.034890233666429377e-01 -2.233377916057357193e-01 -1.218654550956561611e-01 -1.263393671317089573e-01 -2.957544765580153237e-02 -1.139668405116807115e-01 2.232380196994791788e-02
2.843680563224653679e-01 5.090040656837424571e-02 -1.469295429569315858e-01 -2.394636927521208991e-01 1.573745894230249298e-01 9.026751255358790582e-02 -1.065538308821677715e-01 -1.281587051196146076e-01 -2.721567733016291291e-01 1.345857049759789925e-01 -9.750514300651377808e-02 1.398909105024123967e-01
2.477351747595665787e-01 4.807306731802757360e-02 -4.276644827463711024e-02 -2.923344784885807401e-01 8.487749782804225596e-02 -1.197645132089345116e-01 3.018818401235741702e-02 -1.952642790631534397e-01 -1.992437091243515201e-01 -7.186200867567839323e-02 -9.836440504779195293e-02 1.665264373600528203e-01
2.415487722454812691e-01 6.823746671686015119e-02 -1.911852488259676852e-01 -2.330085704993784812e-01 6.383141313233141323e-02 1.324249607039151844e-01 -1.984845179888157854e-02 -1.506801991741930913e-01 -3.109230720963074290e-01 -1.972604130694316851e-02 2.175577509486161312e-02 -7.830876098124203710e-02
1.886614017760889772e-01 1.541351140931307984e-01 2.180864336471027495e-02 -1.967847000805279245e-01 1.688148993923417607e-01 1.353933727883884774e-01 4.385049984702351494e-02 -1.432145730727930333e-01 -2.396505925480177379e-01 1.010757547370405712e-01 5.623334499396224345e-02 5.689325223545611820e-02
2.555979762939543654e-01 1.102960004692009333e-01 -7.135211053134086351e-03 -1.472246673095568836e-01 -4.927210244731240925e-03 1.691969902958430638e-01 -4.436242675009631595e-04 -2.427472433744452818e-01 -3.254519192110467696e-01 -1.764639820187968722e-01 1.012817637795515036e-01 -7.204935286090663471e-02
3.078631269374834667e-01 -6.406092320637779558e-02 -2.844420132998600748e-01 -2.778587639336760340e-01 5.301817035218341079e-02 1.486354451156475243e-01 3.455219967555980126e-02 -2.057119790046891550e-01 -2.366614163942424298e-01 -1.040872659633487324e-01 7.490593496800249107e-02 1.839997148132131721e-01
3.134436686087583301e-01 -4.785933431052701026e-02 -3.178804979819181697e-02 -1.420848607329956714e-01 4.832363701029630809e-02 -3.443064012805734098e-02 9.742674814353613488e-02 -4.020376040963389436e-02 -2.032958965668593132e-01 1.751079400900212302e-01 1.484995369059001480e-02 -2.352207992861082148e-02
2.657278101218022992e-01 -4.721658698119125114e-03 1.403051395288843761e-01 -1.365097132415321879e-01 1.900630854999320329e-01 1.970374443885923865e-01 -2.935237952638787839e-01 -2.218287766483590107e-01 -1.141943498104045773e-01 -7.576250943381070135e-02 -1.675422616775000817e-01 2.048625770282884451e-01
2.362298582133155467e-01 1.555113316043573168e-01 7.502650709472601792e-03 -2.578112594270433044e-01 1.781496939021671444e-01 -6.178561867822414400e-02 -2.461931614492798015e-01 -1.983429715547758432e-01 -2.281921922535961045e-01 5.543470969451126662e-02 1.140277010672099411e-01 2.461375460696854367e-01
4.753328998423178020e-01 9.485434930156322331e-02 1.013047117333830960e-01 -1.865595387129108940e-01 1.351156014263774352e-01 1.962971888956523414e-01 -8.239096584489993824e-02 -2.793381840130402805e-01 -2.568444209841213022e-01 6.664536717029874435e-02 -3.520909822565437136e-02 2.087534412009454943e-01
4.023063478871685139e-01 1.084363460259943866e-02 3.763251266672076184e-02 -1.643734643150051855e-01 2.135739644391675129e-01 2.222503906117395123e-01 -2.549612580799570094e-01 -2.477163533330461187e-01 -2.474781284155129213e-01 -7.697598357485375964e-02 -1.651926057191250297e-01 4.221512509103522715e-01
3.519931068101339044e-01 8.735693981028067046e-02 1.102874673631201174e-01 -3.007978672835679435e-01 4.140781356068709562e-01 2.172794781934566169e-02 9.702481511993105157e-02 -1.056135757660724289e-01 -1.242036668450103853e-01 5.425399672565399400e-02 7.379282461915878666e-02 6.858897960959706164e-02
2.635490721559818339e-01 -9.262509892080994511e-02 7.268532341630015714e-02 -2.812656779764476367e-01 1.957977728191098998e-01 1.610330769719068300e-01 -1.138229538519623385e-01 -2.808809484643334797e-01 -2.802406281034086621e-01 2.998857834197818373e-01 8.646689739765478500e-02 7.452828456556048753e-02
2.841819833847203935e-01 2.367541660660348324e-01 -5.969776341757258159e-02 -3.297465187610896242e-01 9.012845389335256974e-02 7.225113093953970667e-02 -1.491769979425453807e-01 -1.676560770816304113e-01 -5.010407155673204938e-02 -6.189565897234365621e-02 -1.041456365484568769e-01 1.226103893495968933e-01
4.663944677858436472e-01 1.149529272401972613e-01 -7.836072914657352118e-02 -2.899822266378351276e-01 2.194621404829168732e-01 -1.541407680499662326e-03 4.869459837749439551e-02 -2.274468124382416356e-01 -1.284918868432872174e-01 8.381569710179602450e-02 -1.064693362925385745e-01 2.009777717199741354e-01
3.933834906129132780e-01 3.421923510132503232e-02 -6.845962427270330108e-02 -2.186602864193401830e-01 3.622036177726245532e-02 -1.316604310592794230e-02 -1.118936785758070929e-01 -2.756249252287772955e-01 -1.155763481466331455e-01 -2.381427388766899425e-02 -7.912479935220129157e-02 2.430400741366149642e-01
2.544129169796093826e-01 1.146823308724562451e-01 1.398025599642318262e-01 -2.527495113448730013e-01 1.083780729580172270e-01 -6.670813221256487180e-02 -6.388747975608882745e-02 -1.150068568274256325e-01 -2.649909246904901261e-01 -1.044475588046006181e-01 -1.174295274839153025e-01 3.188279122395563658e-01
1.765928183313560940e-01 2.265194271820715130e-02 -8.929233226663293999e-02 -9.309393276102696790e-02 1.996457672023989882e-01 2.205484144617405606e-01 9.943547357036314205e-02 -3.776445085221769721e-02 -6.880484481048848577e-02 4.107969688999817647e-03 1.382431454010854197e-02 3.490036588001642348e-02
6.517946701223631401e-01 -5.743861373110648039e-02 -2.967689738542432787e-01 -3.354702687799852034e-01 -2.697171731409843676e-01 5.254456258792817858e-01 5.863728535645169604e-01 -2.359080823129147964e-01 -4.345083927287772818e-01 -1.677853721888272198e-01 4.192417143140470676e-02 -2.476843434986142345e-01
1.821131789961737968e-01 3.902925364950345088e-02 2.488474161856576647e-02 8.845898862304642229e-02 3.715735422065835070e-01 -1.566133917417681376e-01 -2.273881150381506233e-01 -4.953699155988485620e-02 -2.174346888163239955e-01 -3.705638925984170995e-01 -1.252549390195592527e-01 -1.731474537170384631e-01
2.409109643340057727e-01 3.009953387196550798e-02 1.211977583793015234e-01 1.062512947863848284e-01 2.300058585818308410e-01 -1.901094040705958998e-01 -4.401327194719337199e-01 -1.024042492640443308e-01 2.704097541556843218e-02 -1.477345437495025671e-01 -4.077814963362828005e-01 8.627388127367738302e-02
1.277076049992512119e-01 -8.201980502546521098e-03 2.200265960401876775e-01 -1.152726278190494141e-01 9.416424489688578203e-02 3.534260508071254692e-02 -3.166626823399955604e-01 -9.565129978769001950e-03 -3.668583973662872255e-01 4.579155408660136317e-02 -1.879327513857519949e-01 9.858465836756591383e-02
2.337553399594547998e-01 -1.386893118635649236e-01 1.497345111635279558e-01 -9.423555375883370389e-02 8.529143150874070323e-02 -7.035945599991623445e-02 -2.071418949284949129e-01 -2.321779642369219687e-01 -2.086371856782971990e-01 9.011246575378611609e-03 -1.823829462181935646e-01 -4.527689146583425972e-02
3.211978106437639036e-01 -1.064014723995244660e-01 6.638546548117699175e-02 -3.813213392651215727e-01 1.785258941246064823e-01 1.520215938089316543e-01 -8.477405038988894415e-02 -1.687007139424111790e-01 -2.134967984347372894e-01 -1.761873416345174914e-01 -1.729339485009339095e-01 -2.806270285289830940e-02
1.995461246473071992e-01 1.512193494850339048e-01 1.728088538164376520e-01 -2.720174754085668001e-01 1.154044729660850394e-01 1.291873315391704469e-01 -3.923171512138142608e-02 -1.569551982294299652e-01 -2.623534989024348674e-01 1.158167540894150666e-01 -8.932096824333823903e-02 1.645554176293437948e-02
3.091517777607987738e-01 -8.970900614099819315e-02 -2.266218190920590500e-02 -1.691494957818948375e-01 1.985749519083692405e-01 1.441539642407300148e-01 4.119798874241720719e-03 -1.954861242045730918e-01 -6.294720583484000875e-02 -9.305780269363488066e-02 -8.446311440043990926e-02 4.574829323263911174e-02
2.781827307682098183e-01 2.383539015355460103e-02 -7.139494853425512599e-02 -2.570772830756065108e-01 1.227522171476825991e-01 5.358519453471476124e-02 -7.945227421403003309e-02 -3.190745756383010501e-01 -1.349132952572684729e-01 -1.041250078261503204e-01 -1.647124396811235902e-01 1.846114622754361501e-01
2.833143435068224414e-01 6.546205578830616156e-02 -1.833912598687048867e-01 -2.758692866631339349e-02 3.417427075109399914e-01 -1.375497137617054388e-01 -9.645932764316475505e-02 -5.193088556178001441e-02 1.597043308189823874e-01 -1.111143902434773116e-02 -3.011796430096187471e-01 2.928188663928472102e-01
-2.642869926541570602e-01 -7.999794209910993104e-02 1.190285032818678805e-02 1.337752883455150532e-01 -1.035573725775296300e-01 -3.777852121527100482e-02 -8.765374227880848301e-02 2.237778679729828801e-01 1.861014879203548855e-01 1.648215991112562950e-02 1.263492928163352791e-01 -1.505504245014339104e-01
