-1.600661282258019832e-02 -3.995870766331850732e-02 -2.764794509347453036e-02 1.766886858192961429e-01 1.572902128462222091e-02 -9.850834960596112355e-02 -7.732771241661544337e-02 8.838623675861215223e-02 -3.928093958365132948e-02 -1.405144108324258845e-01 -1.099586115385668694e-02 1.940435645044374241e-02
9.492576412745774156e-03 -1.145868507314909968e-01 1.111233259468502252e-02 4.754339453455787290e-02 1.696320521371625367e-01 1.017982563302707311e-01 1.214263619661929000e-01 9.325228458098850162e-03 -7.078340524074405726e-02 5.870866819795511615e-02 -8.048200655224603886e-03 2.187103356240201191e-02
-2.587621000044319775e-02 -7.654310152523384481e-02 -3.667122910068383590e-02 -7.623521093703708451e-02 9.119069805442326163e-03 2.932413934546921480e-02 1.513732024008092591e-01 1.564845418089659546e-01 -1.857626274844570435e-01 -9.146124275200574402e-03 -6.459986366398334789e-02 4.292658177681424325e-02
-8.343121808449691090e-02 2.058743459831073042e-01 1.172113712478140349e-02 4.110205481777246678e-02 1.465406430306750996e-01 -6.305603464568662608e-02 -2.258231233558033457e-02 4.526322867770263270e-02 -8.769944193902952378e-02 2.736905525659013086e-02 -3.877746536118462789e-02 1.853991376557710957e-01
3.337441161271943041e-02 -2.242123956798779960e-01 9.068769645867322260e-02 -5.973935314715284051e-02 -1.941896116163028263e-01 6.260926581490933174e-02 2.365998008588854687e-02 1.201908058881544644e-01 1.391133295008305671e-03 3.129472945396800931e-02 -1.388462341226059937e-02 1.618049558402204213e-01
2.347997736341917580e-02 8.303735247381657802e-02 6.227791345381789717e-02 1.093889788107501732e-01 -1.865610358713724881e-02 -9.534018564988418903e-03 7.281230973545577134e-02 -3.159256897369609740e-02 1.553861483872603921e-01 1.042209018899364903e-01 7.423287722390081722e-02 -1.244924852512878238e-01
-1.324070344620696116e-01 -3.200871994323274856e-03 1.251908860356441486e-02 -1.531722926546534858e-01 2.692744329249668195e-02 -1.374666271971060338e-01 1.005740973949153100e-01 -8.388313020016413546e-02 -7.923412525078192548e-02 5.294475691711972298e-02 -3.763456049273533610e-02 8.859944741523197165e-02
7.280941104878074777e-02 -1.389978513978246122e-01 -8.964341824262418712e-02 2.917796750247422799e-02 2.060147825720105158e-02 -1.776134094820577547e-01 -9.448759220930819103e-02 1.576003656792147878e-02 3.147296716598424471e-02 1.698251080977796271e-02 5.306959836323675572e-02 1.428751949106668584e-02
-1.339526180245132758e-01 7.084921958714387492e-03 -2.733091422976802534e-02 7.502510215322645559e-02 3.248481393070139917e-02 4.013787667790819774e-02 9.224690579258994216e-02 9.569442553754427261e-02 -2.700434942738623445e-02 8.135272630861660470e-02 -3.222652245322491643e-02 1.095198994651774976e-01
5.498502319829921825e-02 1.544790656678079466e-01 -5.629506671518350047e-02 1.503124708972141677e-01 -1.054389620340681899e-01 1.318286432006497977e-01 -1.414203309723243915e-02 -6.361548996321232836e-03 1.138081133961008906e-01 -2.265208272276866136e-02 -8.898079070350002617e-02 -4.253566187313560787e-02
-1.216328952844839273e-01 -8.953006000413366722e-03 1.236935379538772195e-01 7.695222745739133119e-02 3.178414453624975322e-02 -3.510017797311944243e-02 -1.501671238738926280e-02 -7.616622847556631104e-02 -1.501599574982436514e-01 1.773565133852764153e-02 6.731121309759201254e-02 6.001191251332883142e-02
7.230808293569197798e-02 6.916161206134535666e-02 1.738912946417023320e-01 -3.980025617850344033e-02 -1.783343578594771828e-02 8.874469949707142202e-02 7.417399805480714980e-02 1.012024662440361988e-01 -7.900692484328619702e-02 7.798329021468553002e-02 1.810764614855176965e-02 -3.539125232027248019e-02
1.417592174493454565e-02 6.987197979541329151e-02 3.995728901188937837e-02 -1.119572321976835400e-02 3.080642676460684792e-02 2.451955286211929264e-02 3.854144227034375647e-02 -3.634493350342522799e-02 8.186218318269047889e-02 -9.362752478664751465e-02 -9.099621525689850776e-02 1.930192561050755179e-02
3.248642699288974145e-02 -1.985125607512420731e-01 3.066221978582871557e-02 2.168429329862069793e-02 1.031320219342606211e-02 -1.135008125711370608e-01 1.369236911893568776e-01 1.646948859803148285e-02 1.579913513390496585e-02 -1.298748596051320647e-01 8.831131658000569706e-02 -2.622224521302821687e-01
-5.659663713976985366e-02 -7.252310531040871699e-02 5.152907545063797889e-02 6.107108931463278712e-02 1.175671049118392208e-01 -6.439690066418184144e-02 3.285159313640224205e-02 -5.937396733589673375e-02 -1.108014582207742516e-01 1.443419254565851406e-01 9.094422521507328216e-02 -2.339772110911324254e-02
1.589715194842050150e-01 1.101510652673187984e-01 -1.174331736785082098e-01 -4.445524455141634801e-02 -2.343661090002560343e-01 7.075287192506399259e-02 -1.359434067045857675e-01 -6.611724394935257487e-02 4.681448528509544321e-02 -1.703579135606129724e-01 1.598369687559734742e-01 5.864030493025361446e-02
2.685294774693109971e-03 6.200620587729262223e-02 7.205680224665798883e-02 -1.353787176042732521e-02 -9.747429114069217082e-02 -4.441493280121933812e-02 7.117158910285362183e-02 -1.022214869460639775e-01 9.216230781241530404e-03 5.635767847681948106e-02 -6.858757843275675725e-02 -4.018728048560683136e-02
-3.119826506129797297e-02 1.574984348761849784e-01 9.807867072459566793e-02 -4.151475091699825815e-02 9.919707053949890219e-02 -9.380740233503515046e-02 -1.029758805343965536e-02 -1.549504623213873722e-02 1.011270911121482513e-01 8.823058918890600011e-02 7.698693079490465108e-02 5.316702949407824119e-02
-3.600265247014992204e-02 -1.018915972137976467e-01 1.249326265090405785e-01 9.275958541175423344e-02 -2.919973131944065409e-02 1.630871295926578698e-03 -9.364832249887333759e-02 8.598649333454980517e-03 6.845963035964111598e-02 -6.891546830074415930e-02 -2.598989682467292908e-02 -3.974888294562381463e-02
-6.939478987596509052e-02 8.846994653200099257e-02 -8.919278932756316558e-02 -3.401330458761100267e-02 -7.007371208096986777e-03 6.877164294062307337e-02 -3.170006382677718199e-02 -5.395393230609262653e-03 -1.713516869006937934e-02 3.241012272651559029e-02 -2.504286839385260269e-02 -2.392742853277744774e-02
-5.935306095744023736e-02 -4.959582536449017032e-02 3.881846075409357832e-02 1.640392263828384725e-02 -1.228301691874023188e-01 -1.753290037655768629e-01 5.980558822575893912e-02 5.693289183924318819e-02 1.154104967958607952e-02 -1.045456235561823821e-01 -1.144220806070329610e-01 -1.747438163980053472e-01
-7.816643464177075451e-02 1.953844984521308503e-01 1.022691761522816212e-01 -3.495620196755164309e-03 3.185701352765610284e-02 3.351172980906216153e-02 1.574099462764683849e-02 -6.267449909871962432e-02 -1.120713561492861152e-02 -1.170861845067444063e-01 -7.873724769053860872e-02 -6.166097378849390298e-02
2.729762484663070254e-02 1.481023166564063853e-01 -6.084727831383140995e-03 -1.201137103619188129e-01 1.292057141464794390e-01 1.525723877287456925e-02 -9.164706551007159585e-02 1.291389788033458219e-01 5.362483883082758834e-02 -5.612048650214707113e-02 -1.288949298397365772e-01 -2.053871315323396174e-01
-2.900343500551887110e-02 -1.007638522312130636e-02 3.945433078803176064e-02 -4.001226638066825853e-02 8.280958188280637677e-02 -4.198789475301850649e-02 -1.611845057257808161e-02 1.757477446139779353e-01 2.960275113824632071e-02 -6.832629679263850508e-02 -8.330567513697302584e-02 -3.271389782203033836e-02
2.655379661532292299e-03 1.124185615298506705e-02 2.942857129003131206e-02 -8.675756106458445971e-02 -3.660137794890679086e-02 1.365457973774736877e-01 9.875693278558861365e-02 4.716019902583476475e-02 5.216035465046454239e-02 3.565805548120424932e-03 -3.319254569313302705e-02 -3.220640046789981920e-02
2.125416695205746276e-01 8.916450168926476350e-02 -7.823634572300934564e-02 7.823992455937450741e-02 1.194444233369911512e-01 2.882787536236264270e-02 -1.083761021572976629e-01 5.196842169921644938e-02 -5.579943898802947402e-03 -1.620988670441527238e-02 -9.765484554053988075e-02 -9.644554815790419566e-02
4.802016764748451294e-02 -1.049805070743987240e-01 1.598210769875602899e-01 9.737684818169697887e-02 2.370387209257208277e-02 1.232814743470593000e-01 -1.510446092394208406e-01 -1.549783219942002521e-02 -2.923810595010035707e-01 1.308825029156360231e-01 -1.170794673617738396e-01 6.595905877685364705e-04
-9.565276771058503491e-02 1.200959478498715878e-02 -1.453045287837867183e-01 4.059260713777607804e-02 -1.397266011675442066e-01 6.526467030088281551e-02 1.260459301490089029e-02 -8.251199192203412247e-02 -2.909587374961477430e-02 8.384074126070002742e-02 9.957398528078226230e-02 9.249892446126378731e-02
-1.932135263449307749e-01 4.953705232701713368e-02 -1.409622016813504575e-01 -1.181148270784791038e-01 -1.446197889957716587e-01 4.435562258620955045e-02 -6.900516336467838602e-03 3.054038166621521680e-02 1.162725795672230056e-01 8.737694692786969475e-02 9.537550006695734439e-02 -4.792629741307361489e-03
1.365592553795538233e-01 5.014529426883318833e-03 3.751318864750270710e-02 -5.662829472794550512e-02 3.456635754778634301e-02 4.989597878953903193e-02 -1.000081269924442823e-01 -8.791170694481202207e-04 -9.159564512194287578e-02 -4.886104756976049346e-02 -2.880244153859667228e-02 2.287376164196536568e-02
5.114679837681639085e-02 -3.471857626058303531e-02 3.252812759509016854e-02 -9.151725663121582088e-02 -7.132002169264803348e-02 6.125092287625616416e-02 1.122741376290788407e-01 -6.176891811387880127e-02 6.917550917524811771e-02 6.775336376815860318e-02 3.357240295207556367e-03 -1.336742487041650551e-02
4.686376120456143407e-02 -9.030253268000787426e-02 8.849087614845553562e-02 -5.567674368342512975e-02 7.761785368785031371e-03 1.444109165264374495e-01 3.616015144720292895e-02 1.096918228008618157e-01 -4.822069053714742037e-02 -8.895531608526235923e-02 9.647387421542087671e-02 1.020948233816095507e-01
-5.820014786065714346e-02 4.981962849413042183e-02 -1.054231643026556503e-01 1.441759741970910502e-01 6.356771748545142486e-02 -1.476894840678627183e-02 2.256678418687280419e-01 -2.309934443952036190e-02 -6.424786955743551353e-02 6.908189201315673156e-02 -2.754905158670588675e-02 7.758848986039587614e-02
-4.919641038973836950e-03 -7.542664559334845420e-02 9.364073552612707518e-02 1.131318907948564503e-02 -1.148254377221163136e-01 1.450362765502641871e-01 -5.474410303825058728e-03 1.352010164479955923e-01 -1.570549006765560307e-01 -3.387497785712233200e-02 -1.305122424888210397e-01 6.648936803218431779e-02
1.982963592914337436e-01 1.082206406704629004e-01 1.612315739061625716e-04 -5.683565002980207892e-02 -6.526936258644901179e-02 -1.696403088204632981e-02 -5.920020760666062226e-02 1.226128264113986455e-01 -9.300922632456146144e-02 7.060921983829718251e-02 1.349114255701780452e-02 8.301766146370648247e-02
1.353472062484502025e-01 -1.906404784478880343e-01 1.141710355105801308e-02 8.991719082906936278e-02 -1.072457566169368742e-01 2.007671761158270618e-01 8.933378531710359227e-02 6.309370331169228407e-02 -8.977894094596722274e-02 -1.558313119497808097e-01 6.654514911468207596e-03 1.085480318512228176e-01
-7.959313758641485548e-02 -6.979250637701839288e-02 1.834937960435255588e-01 1.054883646361947161e-02 -8.369814035699481292e-02 -1.322410977781839359e-01 5.081258977648179381e-02 -6.157616696677251089e-02 -9.477390263881535493e-02 4.558151444582130007e-02 -6.103173243171326062e-02 3.013767818109481383e-02
6.450757293114423030e-03 -3.578985331523999031e-02 1.007899637335106929e-01 2.351219054716306017e-02 8.100258625351214326e-02 -9.611880649583760816e-02 -2.841699252423990352e-02 7.247364622063810768e-02 -2.193681179834309006e-02 1.233455500934471823e-02 -1.326723474767325939e-02 8.073956483314784216e-03
8.401812965083867157e-02 1.289533170711103516e-01 -3.382034663274099962e-02 7.495589072895364642e-03 9.429814028470320797e-02 9.545188593757154838e-02 -1.460495168801357324e-01 8.691210598801658860e-03 -9.272387203579370019e-02 4.311582660798415900e-02 -6.822550960330528436e-02 2.201206199373351435e-01
-2.582524675338843112e-02 -7.794784570699304915e-02 9.125677077150834773e-03 6.376134819951922994e-02 -7.878019313093512221e-02 2.976981485649297932e-02 -6.245341359956883137e-02 1.957526499793049712e-02 -1.417900905166692704e-01 -1.812472359335189770e-02 -1.748647051574773667e-02 -4.534927949192017749e-02
1.217346020032194637e-01 4.938699449288035115e-02 1.599893500301176053e-01 7.733357924549799645e-02 8.118455349256763209e-02 -2.499232752790590817e-02 2.304167835912721007e-02 1.074457935572838974e-01 8.781740840031156126e-02 -3.966905481132289996e-02 8.060634408253432304e-02 5.463095090153220756e-02
5.401253183287628434e-02 5.690010846700103986e-02 1.005365004451390463e-03 1.320619657691191884e-01 -1.112211659492270410e-01 -1.541819558996602169e-01 2.948533625401425495e-02 -3.983822779480809817e-02 9.156735697327178514e-02 1.063492133093312062e-03 -8.942407666411558709e-02 -1.102042797569515176e-01
6.866046061629513253e-02 1.369488070079607489e-01 1.836449693188128562e-01 1.111340647055992781e-01 -1.536427953128886165e-02 2.849160304474337296e-02 7.641407373195224784e-02 1.023420955474170363e-01 8.827906775891682101e-02 -7.653341514251033040e-02 -6.341459242409916430e-02 -2.430317158482615814e-02
-1.514769505912144099e-01 -4.586183087488449051e-02 -1.071635410894143658e-02 4.205856338877786427e-02 4.187261879783394508e-02 -1.221465147315438544e-02 -8.207794344811200626e-02 6.658883807013456224e-02 8.574841186338880150e-02 2.166538280459603949e-02 2.724101145016966097e-02 8.248805265590585661e-03
-1.000829199297548211e-02 -2.001689665650951272e-02 1.747511272075382982e-01 -6.172803194692613737e-02 -7.919882863528300999e-04 4.579783446724719487e-02 -4.353983744651472587e-02 2.434211246096422681e-03 3.920880520063264180e-02 9.711925760452305711e-02 1.381388720936904402e-01 -4.656030152076515161e-02
-3.672521195568538566e-02 2.849622829346263458e-02 -6.179168577495636888e-02 7.862284991018639313e-02 7.377217693655677144e-02 4.628724085438667979e-02 -1.203644467610070629e-01 -6.630887090106513115e-02 5.794782132158441540e-02 -1.119938647629823425e-01 -7.073259242350532494e-02 -3.111632286872026767e-02
-1.130934875394548622e-02 5.142515946632081336e-02 -3.453021271610624138e-02 -4.785630038417882509e-03 -1.801651800740329823e-01 1.839635131320838460e-02 -9.250895828768297691e-02 -2.884610275727196929e-02 8.788595279114763681e-02 -2.165088318927064492e-01 -6.255912402568783448e-02 1.064579620752175576e-02
8.944550095432847459e-02 -6.415189794993035599e-02 1.693162371347297843e-02 7.160556453189217962e-02 -1.191018425767577243e-01 -7.907053276114656137e-02 1.932989333435984267e-02 4.754502072832443582e-02 4.995294437679427546e-02 7.175535212706879440e-02 6.564465963738883199e-03 7.944327241608148404e-02
8.067554091823964102e-02 1.268351335436849470e-01 -4.822102463761371305e-02 -1.141470814554825658e-02 2.968807213042035792e-02 1.020961822979382372e-01 7.207210025200033732e-02 -8.987571635408880821e-02 4.973640105131652694e-02 -4.866880615964758877e-02 3.247154112110477858e-02 -2.020706605388649657e-01
6.869612597793937903e-02 7.285599792288634247e-02 6.412759532474915369e-02 -4.369336918436259737e-02 -3.218586545397383869e-02 -1.146280163520253248e-01 4.666177928577069922e-02 1.895722065684886382e-02 9.318530966590124476e-02 8.627192404732093867e-02 -9.257255499543095081e-03 -1.493272482954320635e-02
-3.333590976243189230e-02 8.736778264001382466e-02 -3.480922096092550766e-02 4.118037055244171130e-02 -2.226927579666813928e-02 -4.224993109667805891e-02 -3.032808040993402454e-02 5.230670676585462420e-02 -1.201729626968356113e-01 -5.190284219237679096e-03 9.014867045263477707e-02 4.448707814477048661e-02
2.330588765841370980e-02 6.646559029146432984e-02 1.124501606017027783e-01 1.196714317782847092e-01 2.671177700228587887e-02 1.641651367015271520e-02 6.073072386893044183e-02 -1.767318057997480374e-01 4.716813395680898024e-02 8.235971168420976041e-02 -7.203536567985947825e-02 -1.012842026004996954e-01
7.403881332168193996e-02 -1.815280787763617421e-03 8.922324445534878662e-03 -7.896381955328490854e-02 -7.749973725169503891e-02 -2.368462775552063193e-02 -5.847807672471764390e-02 -4.743933034836734369e-02 -6.671572299547311180e-02 7.895024673245383540e-02 -9.175027691940474198e-03 5.554080908189447385e-02
3.583141894208932698e-02 -7.826966467841511843e-02 -1.442784426522383812e-01 2.920078797502288770e-02 2.943982767551884400e-02 4.654164905953706022e-02 -1.108622093610108356e-01 -5.577957857769475641e-02 1.469567774821896669e-02 -2.106248725377817682e-02 9.370353940209719124e-02 1.593764978988106706e-01
-1.394920834272355137e-01 9.374470157691185829e-03 3.927862130322554851e-02 -5.535953213005968820e-02 -5.760808489498657481e-02 1.899302807273565430e-01 -9.572378460969828418e-02 1.300459772576406658e-02 3.301673493924978109e-02 -8.810955617046829780e-02 -2.375494744718945409e-02 -4.191186872009728531e-02
1.866919637551876093e-02 -1.185618525460966494e-01 5.720015672398358342e-02 -9.238202821278440613e-02 -3.060313583655395811e-02 -8.544663744702640784e-02 -3.766974819557748072e-02 4.210711983544752901e-02 4.961110765486803631e-03 -3.562567479980384422e-02 1.100444552794927200e-01 3.924351087354358697e-02
5.416801759732535471e-02 -1.047988508540154962e-01 -5.092568100294299349e-03 -8.899340595844319746e-02 3.255293079048536542e-02 -3.563043469421844911e-02 -5.618725321289886471e-02 -8.169350914583522333e-03 5.407561183755452139e-02 4.500749963222331479e-02 1.343084158604874664e-02 -1.340423986622082120e-01
-6.187122796361278765e-02 4.676869038006260110e-02 3.399596023244613741e-02 1.738286833503471102e-02 4.543465653832158557e-02 9.116776664267924046e-02 4.645065794652012553e-02 7.839926170554224749e-02 1.261079688335351064e-02 -5.956987731881949882e-02 4.352503157467627060e-02 1.081935229167533749e-02
-4.231437064499033937e-03 -1.032688349422615504e-01 3.451360634380835901e-02 1.819283170259446969e-01 8.145757676977359585e-02 8.536954185626505209e-02 5.820867486485754166e-02 6.473665377876529348e-02 1.453129023180618207e-01 2.315059658105844687e-02 -6.081966220372800325e-02 8.594936100407307711e-02
9.684631328818939233e-02 -6.140243928184392630e-02 4.788831210628686705e-03 4.448372683280130135e-02 1.125471958468525352e-01 1.651714459796437551e-01 -1.294190670430002757e-02 7.576943332800306630e-02 8.846300105414039994e-02 1.029019462845276733e-01 -7.418916546400971569e-03 -1.534570367577108192e-02
1.040374409866082379e-02 5.427893195721514297e-02 -2.854343232497032895e-02 1.513821282672851154e-01 9.133958390236469882e-02 2.815578334648265180e-02 4.861123029597395201e-02 5.962609542865910522e-02 -1.551104958648606424e-01 5.574216776665825990e-02 -2.294025348504413146e-03 2.449872552701619702e-02
2.630556693041668018e-02 1.279011082611398176e-01 -3.693551378285523518e-02 3.286492716436766048e-02 1.815382848489585643e-01 2.994332139982949781e-02 6.645384204639305514e-02 1.195979762681307346e-01 2.451927975115978167e-02 -8.449045939825397533e-02 -2.484650911892439390e-02 1.697217184972188986e-01
8.944866215756760996e-02 8.978173242949595654e-04 -5.822090671209148582e-02 4.510540348449354475e-02 2.731024773935424380e-02 9.762352198875608872e-03 -1.750799277693295894e-02 1.561784163866288822e-01 1.453600469496574843e-01 3.724035589390913004e-02 -1.868178417036137767e-02 -1.492711864449201287e-01
-8.661015898470758589e-02 -7.226325268549924075e-02 8.330126667873422042e-02 -9.183238414696308360e-03 9.168225687687825420e-02 9.388819026129653633e-02 -7.827573529823637910e-02 1.995079664599554853e-02 6.845128109562337304e-02 6.933962646565067223e-02 -6.521021563455102477e-02 8.766211438058044148e-02
1.240857473036665465e-02 3.012668490852605119e-03 -1.644711174467684556e-01 -7.192620288622314506e-02 -1.148574441610080848e-01 -1.927585395327489600e-03 9.791719100339453530e-02 6.095175892039257637e-02 -1.585068850800591123e-01 5.758593464899750686e-02 -2.263086800294233925e-02 -2.842071341669259038e-02
3.922083332801173938e-02 1.395976912840153072e-01 4.524441232763416754e-02 -1.292306420247937571e-01 1.138695204529797805e-01 2.840763756758808711e-02 2.522207140202383825e-03 -9.996389278766121267e-02 -1.554118940100058799e-01 -1.358327382257223381e-01 -1.030124734093284394e-02 -9.028674392022267847e-02
5.908166694984030159e-02 1.137849714976594262e-01 -3.554700957379907517e-02 -4.945299045617291417e-03 -8.335728437698433635e-03 -1.434527794687029401e-02 -4.133004879109025698e-02 1.724487333869062500e-01 -3.947269631622256358e-02 7.000851205084673845e-02 -3.999391882556174033e-02 -8.437402034888065450e-02
-5.060059900428557494e-02 -1.657469284981593627e-01 9.381330730595997119e-03 -5.811855123844203441e-02 8.563811841081536702e-02 6.654572886421719624e-02 1.238538100736121389e-01 1.600576916310087749e-01 -4.775357672637570855e-02 -1.074442948349639410e-01 -3.394810993132138521e-02 -1.844997454165059206e-03
-1.082638680729057779e-01 1.420686566669544836e-03 1.051130654400632414e-01 1.088862872532111448e-01 1.362533902493904270e-01 1.521235274688517436e-01 -1.325014178084383265e-01 4.860722566596681338e-02 -1.919515924940048621e-02 5.378312965566790088e-02 -2.415216163249146036e-02 -1.667380029328119351e-02
-8.324605388334738176e-02 -1.886773772847414113e-02 3.292960130118126501e-03 -1.357614303826046830e-03 1.311657729851120890e-01 6.451935648931456102e-02 1.348440489294554789e-01 4.536176777705634017e-02 3.576490726034132345e-02 -2.132923932800200040e-02 5.077997342788381774e-02 -6.842357047702673709e-04
-9.429460649012591511e-02 -1.646529420785701817e-02 8.771283551100113318e-02 5.137463254835404614e-02 1.250126667970999708e-02 -2.966727215076540858e-02 2.555127510531039758e-02 1.965576311494771078e-01 -7.757410031878195222e-02 2.904879623732283672e-02 -1.155926039299376568e-01 -5.756428355646128758e-02
2.684057168112817526e-02 -2.677586949299547506e-02 -1.222225643632094960e-01 1.454872239919490808e-02 1.331182518027292372e-01 4.247507181215191135e-02 -4.476557805418616975e-02 -1.172978918090241129e-01 -7.538891079847614973e-02 -1.241442367761721594e-01 8.751045190482137359e-02 7.520243671062450119e-02
-1.442834263785591209e-01 2.239148409915085215e-03 -9.657248335229282055e-02 -9.129606086439562285e-02 -6.149346955428526551e-02 5.099677852847295939e-02 -5.888553629729552374e-02 3.082835878773503100e-03 -3.142612943782573109e-02 -6.350973400013823489e-02 -7.219052529590449727e-03 6.112930057214955790e-03
-1.464211829463343828e-02 1.387460967108675169e-01 2.327856164859152394e-02 2.854133914574062680e-02 4.719107868280779383e-02 1.978522847209624944e-02 -1.363112564403849182e-02 2.082473069375255156e-02 -3.029992274276639697e-02 3.322986730958649160e-02 6.188035632907494532e-02 1.086553479897504337e-01
1.159039428960534912e-01 -2.450064248606297415e-02 -2.352800023496462792e-02 1.209980770964992347e-01 3.185944362378356071e-02 1.600744276839449406e-02 -1.967734326524713667e-02 3.761792906866184144e-02 6.895575052652530047e-03 -6.908891741719239143e-02 -9.914567216797266769e-03 5.813677988234906835e-02
6.028527130077884766e-02 -7.142520470219307360e-02 6.801680099494772369e-02 -1.564478433416204364e-02 1.099628735505122634e-01 1.789608285453041930e-02 -1.090842609565315091e-01 -1.959775225825411971e-01 -1.981043956416898566e-01 -7.655210862895472923e-02 7.757829616608905368e-03 -2.029302525373423427e-02
5.984433864837702260e-02 -6.050897292484941348e-02 7.664240162904140119e-02 -2.042400179332520480e-02 -1.061328508899540696e-01 1.818484336065155985e-02 8.522847604836175650e-02 -3.825611582980976977e-02 1.846505809462926917e-02 -1.068586082374030077e-01 1.127536310275856352e-01 3.756499940583077519e-03
-3.618448465203773917e-02 -4.918260827384858536e-02 2.795819960959357656e-02 6.271318089252064798e-02 -6.568911163158605571e-02 -5.686133100752256003e-02 8.627946730176386247e-02 -4.211212553634738343e-02 2.468716008617344998e-02 1.007665444587245857e-01 1.234802842432039666e-01 -1.037366540050726760e-01
-7.694527908712980868e-02 1.831863252440592282e-01 -1.404376796285110585e-01 -5.347779533670938418e-02 6.905291478018338314e-02 -3.622708175063765051e-02 -5.137496553033827490e-02 1.684311908085626142e-01 -5.002345494265660053e-02 -8.917997855172443700e-02 1.089504934485579536e-02 -4.078137196132075593e-02
4.802825983979167740e-02 -8.137581422757287145e-03 -1.149063486671468987e-01 6.382017527007877167e-02 1.134364693253274159e-01 -3.536066483957112788e-02 -2.930331821273421400e-02 5.734538425174421500e-02 6.568553565684119751e-03 -1.552537950414883128e-01 -3.275812389405872473e-03 -2.364919021525960230e-02
-4.363218932778886727e-02 3.480149534358532859e-02 -5.221952796706708089e-02 -9.270725942390324256e-03 -6.743115328440957290e-02 -1.862056020435358117e-01 -5.104889060500766851e-02 -3.638805520546975480e-02 5.670520845195475834e-02 9.387943302958387526e-02 -1.378290809948443107e-02 -5.615244641387494295e-02
-1.189391195496346670e-01 -4.930043404090295178e-02 2.674595478647023156e-02 -3.419571401429549740e-02 3.044399234865884443e-02 1.786155938860914394e-02 -1.350948987296890502e-01 -1.071226407820496333e-03 -6.612031375436641656e-02 -6.581819306767655586e-02 4.677772758900212817e-03 -7.930250368915191250e-02
-1.218242789324501946e-01 4.862872474856325122e-02 -2.772022538666500668e-02 1.904877636268802188e-02 6.592603106877865937e-02 6.266495217745116086e-02 2.079953772302588905e-02 -2.336218644399938593e-02 6.969313876797366032e-03 2.576769800516635067e-01 -6.396586721873090409e-02 6.144506801196611759e-03
-1.614962266766589161e-01 1.235455824706462036e-01 4.410498221635306138e-02 7.955251722341006443e-03 -4.953667498379785150e-02 5.128174718095499657e-02 1.182813933533300166e-01 5.431160411927055121e-02 -1.159615849686142647e-01 7.934595363380284039e-02 2.988321409147595004e-02 -4.661766733679299779e-02
1.477593731201577443e-01 6.322680640739418781e-03 -4.868576941184077356e-02 1.538596334172822044e-01 -6.362721675843921454e-02 3.808550913004792038e-02 -2.409139233926865103e-02 1.022355613375948435e-01 7.638701848832873953e-02 -6.539838634613605317e-02 -6.711354860844621906e-02 -1.023268019729852985e-01
1.050687503195633643e-01 2.220191210072843674e-02 1.392878361474030602e-01 1.013714849148055763e-01 8.818417826130600656e-02 2.283205384508149582e-02 -1.479840426704902290e-01 1.084356905390473635e-01 2.160830343526616293e-01 -1.911174751136451855e-02 -4.164558839903782783e-02 -1.877267646101591497e-02
-1.071915464338267926e-01 -3.659959008485332184e-03 2.173482929338997963e-02 -4.926268637327086558e-02 1.454487299462159655e-01 -2.036990992353900076e-01 1.078763381538043881e-01 -1.657832704480759756e-01 3.246101131008518638e-03 -1.891634841340174289e-02 4.045349914868915167e-03 4.786408559244471200e-02
1.045160610801196266e-01 -7.433764893226720016e-02 4.688044040119988820e-02 -6.801742918117525960e-02 9.857176183727198171e-02 -8.506932174048126294e-02 7.758933620967572997e-02 -1.959452760786233733e-02 7.690262268083983277e-02 2.054346171666950327e-01 -1.541997865528869360e-01 -7.466757063448671572e-02
-2.386809609242850072e-02 3.068966373410346449e-02 7.946333546822711980e-03 3.409189630035510538e-02 8.034471381744744123e-02 8.959952893076875147e-02 3.375465537952949957e-02 -1.625394214150218120e-01 -5.175445731292305229e-02 3.303173823037154622e-02 3.946321522996906056e-02 -6.347190276780889824e-03
1.198152088063175191e-01 1.612554956000964573e-02 -3.566382386630435192e-02 -9.762538775165011118e-02 -5.489595161086755631e-02 8.015759650073056575e-02 -2.365973178654539461e-02 8.398652270125378516e-02 -4.307307508934493656e-02 6.143731991644547225e-02 -7.655627315801503963e-02 9.486137058101419550e-02
3.794340593021159475e-02 -1.293828913424069360e-01 -8.020352332039960841e-02 -9.619931709883081106e-02 -7.836249616454490918e-02 -8.000388053576765190e-02 -7.341310729291833370e-02 6.979608368018352937e-02 -5.277352567274803952e-02 -2.125194576493512344e-02 1.092580797526528091e-01 6.120056342945262573e-02
6.549583245203990933e-02 -5.689402706290262041e-03 1.696116370375366222e-01 -1.732016865690102353e-02 -1.452491891278168412e-01 2.724349116303651647e-02 -6.688885328104959838e-02 -4.943849174394129853e-02 -4.190589933795238475e-02 -3.423055167177606328e-02 1.593890784143141559e-01 -7.665900711289331051e-03
-1.430447089646190613e-02 4.492261341091619703e-02 1.237883099301669010e-02 8.355187548225384564e-02 1.890995172327835511e-02 2.661379760430987451e-02 -6.215985058528419351e-03 4.783910559918147509e-02 6.085801288181140467e-02 9.376230419526096482e-02 5.322697514287753201e-02 -6.857072713823866850e-02
-1.052439892326733628e-01 3.715458707977453701e-02 4.322515423727916334e-02 4.083917193176800353e-02 8.273661886793340359e-02 7.476776812475287304e-02 -2.846252273176690800e-02 -2.020962097580625838e-01 -8.936653723232552970e-02 2.646307823647740809e-02 -7.130693644793287267e-02 -6.694432595535823594e-02
