-7.701170908347915178e-01 1.136027817243952798e-01 -5.358453163552868714e-01 -6.172704641913269175e-01
3.759463726704898034e-01 1.322726808171689639e+00 7.945433448349388528e-02 2.053323718201909287e+00
-9.918901223886891216e-01 -9.264379941173473965e-01 -1.146223401357637339e+00 -9.985502627941988951e-01
-5.593891144170667351e-01 4.003454860164311069e-01 -3.064236342688239634e-01 -1.490483111884892464e+00
8.025219157919888380e-01 4.159712446888728654e-01 6.756357603343676743e-01 -2.611818233069695405e-01
-3.622300597723686066e-01 -7.710248160440260623e-01 -7.724581973898752008e-01 -9.612972659632662564e-02
8.687005789152475455e-01 2.970755435745748296e-01 5.736366881564116671e-01 -1.879595276054902009e-01
9.964117573827686591e-01 5.925597738612943255e-01 7.642910535040499109e-01 9.338734898847388388e-01
-2.111203114673409764e-01 -4.530172093817489420e-01 5.601007584661319427e-01 -4.225034880388127689e-01
-3.129600645523138436e-01 -4.176656940613230895e-01 1.830299755438144216e-01 2.964128344370853818e-01
-7.685453328934674921e-01 2.730054592483761033e-01 -1.185887954422701451e+00 2.166682381856138706e-02
1.063658949272557885e+00 5.740033120115473064e-01 1.276636250372305270e-01 -1.807423530126594402e+00
-9.686978022563341728e-01 -9.193189597662467794e-01 3.178306484964880246e-02 2.408763860806667767e-01
-9.375546815809675527e-01 -8.466395461282003598e-01 -4.033675307081702743e-01 3.590640849696652426e-01
-9.927877988567724854e-01 -2.872120177361650595e-01 -8.560948296388002365e-01 -2.135939634828660783e+00
1.743089089854886975e+00 5.779883432483901018e-01 6.882485697503285538e-01 2.385237686816637781e-01
4.357414543469145252e-01 8.896610234261848049e-01 8.866038968485818739e-01 6.772341131316689244e-02
6.858479314184934283e-01 -4.120341421252536884e-01 5.840697914441926875e-01 1.024158721311695830e+00
4.860913278708953733e-01 6.823039020113803588e-01 -1.314805648803540894e-01 -4.464768836134579422e-01
2.344616679863152919e-01 5.168368464119962313e-01 -6.008804107579140269e-02 4.978877842007906063e-01
5.980645124583212624e-01 -5.785906673789762422e-01 3.927342179389026744e-01 -9.511012963827059075e-02
-1.030403203792033540e-01 9.515591034106838375e-01 -1.845675342536459151e-01 4.862149060714927584e-01
-1.424107945266663400e+00 -1.109406558027119072e+00 -9.135382922755782564e-01 -8.444397562977781213e-01
2.587035153607087357e-01 1.204756208904143033e+00 6.043276816523346362e-01 -1.353474994667160092e-01
1.938292297101156914e+00 -1.738035572667185891e-01 1.172844877532664754e+00 1.861361154290495534e+00
-4.214121325902278614e-01 1.848302698550454426e-01 5.150573527987627881e-02 5.172543109919323090e-01
-1.171400881309659914e+00 -1.264497426933120394e+00 -7.251629060747685207e-01 -1.649509811176077312e+00
9.234962740941420334e-01 4.035460416663650962e-01 5.806662400122030165e-01 -5.109485271959918196e-01
1.110447003145453637e+00 1.193171092599713129e-01 1.025872070078304832e+00 6.372459432420750636e-01
9.681036981141845077e-01 4.220348225682855614e-01 7.091799995189160821e-01 -8.400543281956850128e-03
