3.921364079902359134e-01 1.109233320789865529e-01 -9.104804743210098694e-02 -3.356057441847420386e-01
-5.237742314845679203e-01 1.917939320758787758e-01 -9.393056800972376941e-02 2.104546155902440319e-01
-1.184331541945842642e-01 1.653571871712787855e-01 2.314714922154067767e-01 1.830216661821222057e-01
5.536256648037291700e-02 2.029205545040655145e-01 2.090628514060641208e-01 -3.225969809438587466e-01
-1.677757756341066719e-01 -5.320169462126274063e-01 -1.903806011512601259e-01 -2.933769762223686906e-01
-1.826001345597654327e-02 4.025457899471505119e-01 -1.878869622911318871e-01 6.377135862817280287e-01
2.598373151112591262e-01 1.942109229363801481e-01 -1.555361079752644315e-01 1.949868182779091186e-01
4.258006110269293987e-01 -1.518475312524919241e-01 -1.367612396786787310e-01 1.695383239771534323e-01
8.793309964169815363e-02 7.571872645284057068e-02 1.854969901162944190e-01 2.920473326242277734e-01
1.936018044499022150e-01 1.592658081099166886e-02 3.965167195804337325e-02 1.502357721599614955e-02
-2.951297373791725298e-02 2.745444140925924412e-02 -1.968892422819053800e-01 -5.291280857197722121e-01
2.830243996782705884e-01 3.598805564521913303e-02 3.866883860100472914e-02 -2.863482473116685245e-02
-3.182200943533229354e-01 -1.166539704204286737e-01 2.212397327494415866e-01 -4.088829507650509898e-02
3.706980430690149930e-01 2.241315007397732817e-01 1.417129919882693101e-01 -5.095011061281214948e-01
-3.266130330696653816e-02 -1.281569966547654316e-01 2.661173982982961705e-01 1.873245408435008641e-01
-2.644813889866597378e-01 -1.509226683285880555e-01 -2.097803750593182359e-01 -9.662214586110587367e-02
2.372718792340261229e-01 3.835478027991798267e-02 3.688833331869620369e-01 1.033293284750604196e-01
-3.212864424394713536e-01 3.513320633105010415e-01 -4.797908728164028691e-01 -3.736152261529456786e-01
-8.526387313531965870e-03 -3.131248936023535712e-01 -1.910560989323058512e-01 8.572695614133378494e-02
1.606822879901122769e-01 -2.188681731734652136e-01 8.855005597929817632e-03 1.738816706261473721e-01
-2.665962185875815349e-01 2.825885013998398754e-01 -1.214164073248380771e-01 -4.377516154070955623e-01
-6.398076983635289650e-02 -1.378932690074588796e-01 -8.982419071556979606e-02 -2.101281602016369376e-01
2.025482150196460940e-01 -3.332827297652094511e-01 2.219871605157428263e-01 3.802377237365959228e-01
9.809704124712824522e-04 6.505068384039275342e-02 3.165123996677140505e-01 -1.303985314694488529e-01
-1.107958468185378242e-01 -3.439055674919855310e-01 2.303611275827566474e-01 -4.630676341162993648e-01
-1.587646180549020791e-01 -3.018135435833169122e-01 1.207926761002639932e-01 -1.813805230855998207e-01
-1.709031440017334535e-01 -2.903146784064370434e-01 3.172871910284442987e-02 -3.507816849860330710e-01
1.301410682494392179e-01 -2.776533447924028342e-01 1.382174208556027351e-01 4.335265605877050010e-01
-5.045750645678727109e-01 4.129572780626895034e-01 -8.603184829937247924e-02 3.922453317084017010e-01
-2.878210461764071360e-01 5.410602554026056055e-02 5.387872417837303446e-02 -5.847334342362119769e-02
