1.484930850381491751e+00 5.864699484896128689e-01 -1.759412468319447309e-01 3.478134762759044762e-01
-3.538587563662267677e-01 4.545693862502493410e-01 -8.198097147121333750e-01 -4.669050738239746007e-02
-9.143578428085630261e-01 1.026416537954437241e-01 4.772570438370317691e-01 3.425431127306106660e-01
8.342778736467425515e-01 1.994352556509400465e+00 8.350038809958117980e-01 -5.646208017028336856e-01
-4.917303425569389264e-01 -2.231609845898107292e+00 -1.318338445708005180e+00 -4.984873302634568737e-01
-6.003610057695678570e-01 8.850328858131273346e-01 -1.711915682427775018e-02 -1.259293175073919746e-01
-5.503230524698995291e-02 9.502140804249610273e-01 -1.338646158321117330e-01 -1.039414733947836345e+00
4.332977530376974085e-01 -2.136557573549120903e+00 4.882213184109280291e-01 7.422016360525151013e-01
2.082822912611101418e-01 8.030414670323787751e-01 3.878669347937601652e-01 7.543262867417075412e-01
-2.815285314554096252e-01 -2.506928632268911605e-01 7.933158256403625985e-02 8.945249318445090969e-01
-3.242019536187368822e-01 -1.459510673694775607e+00 -1.758936679018635152e+00 -1.842169312903980005e+00
2.204993115191396236e-01 -5.719423912341056182e-01 -1.014332969105876003e+00 -2.205340345166579008e-01
-1.307717102157949896e+00 -2.659153309054741454e-01 2.787727274817828338e-01 4.202613556924286037e-02
1.112407656417874202e+00 1.054351732142386755e+00 3.737201561397390792e-01 -2.074345124277184385e-02
-5.934277677266160955e-01 -1.059093866731754874e+00 -4.006547449793845250e-01 -9.420922221187332246e-01
-9.632974475508446210e-02 -8.716870939660779916e-02 1.085523905773553954e+00 3.988422901677932675e-01
6.687092244237732297e-01 7.607938626410667426e-01 7.512221327950092675e-01 1.304578809950273754e+00
-8.287861713878043046e-01 4.476673116908017613e-01 -6.411643611716257851e-01 -3.069632453357128421e-01
-5.279785134767941424e-01 -5.662724230014929416e-01 -7.142234927113615406e-01 -2.156455459535226438e-01
7.458439319248624244e-01 1.928965971468676599e-01 1.117143538526942148e+00 1.667948252185442959e+00
5.032465485527640725e-01 5.817836135241023499e-01 -6.010721786911720210e-01 -1.882190987005157856e-01
-6.808162143073562822e-01 3.265252021021687878e-01 4.477666297452991273e-01 9.174080951314699250e-01
1.055125094994569634e+00 -8.542726595580675542e-02 3.361329385087782895e-01 2.494956953641436770e-01
8.368039118332784021e-01 -1.983821561264026145e-01 9.506408660525300647e-01 1.178479389371656305e+00
6.703587062789558015e-02 -5.666138215271729894e-01 2.477650948029605504e-01 1.103862727304480568e-01
-3.617225510091297003e-01 -1.128571076637817194e+00 1.001023447765271995e-01 -3.766506709355399440e-01
-8.705097474024968696e-01 -1.158694359781065719e+00 3.885642132896067191e-01 -3.638812461111152752e-01
6.745811508278017898e-01 6.799594125795277444e-02 7.150983954021396249e-02 1.173673051904593478e-01
-9.645281516148648260e-01 2.607239850522979907e+00 7.978831746912541378e-01 9.917115156206743332e-02
-1.297860307043951611e+00 2.298358819904638417e-01 1.259395753956629449e-01 -6.016677890417349017e-01
