-1.245268063316452428e-01 8.322892386630961203e-01 2.236133661469234257e-01 1.104222110207153940e-01 5.096842944392373509e-01 -7.569431195674108936e-01 -1.990997120543938903e-01 -2.452207368312787072e-01 5.748391406421229366e-01 -1.977051278752600671e-01 -2.293543718985694216e-02 -6.370350877431385506e-01
-2.448897087515717608e-01 -5.103378713947698264e-01 7.498425022665475836e-01 6.522143834941093177e-01 -3.378101329352461990e-01 -1.274989523282366033e-01 -1.600429730679290286e-01 -5.425631221379245694e-01 6.211259507328050766e-01 -4.967118950933744892e-01 -3.851723419503215451e-02 -1.217403605925043486e+00
1.048526429857997849e-01 5.179566872542603617e-01 5.345843334476616526e-01 -8.400362396238002238e-03 -1.818529590682725905e-01 2.889172061093515653e-01 -3.791566641670764404e-01 -2.186104289120023303e-01 -2.570397863208295774e-01 3.707782941218496497e-01 -2.899439120228612388e-01 2.794533391094661812e-01
-8.523276754814220757e-01 -1.020737077010837601e-01 2.455244002661646219e-01 9.539641010788875164e-01 7.326936841905977715e-01 1.458204790384089733e-01 1.358908696126640003e-01 -2.414687440196854225e-03 7.279818894476787310e-03 -5.941213958160835862e-01 -2.578974840897739207e-01 -6.690176013125086474e-01
3.971998460918134133e-01 2.251621231939384127e-01 3.337873058185594211e-01 -9.087565807254988082e-01 7.022688735648627278e-02 6.568481909116902218e-02 -1.689802573253132156e-01 -1.581572647869206705e+00 8.518978539149859586e-01 -4.555883052695935270e-02 3.997278650824137580e-01 -1.305884712018746396e-01
-7.614344156137101138e-02 6.500098665515083862e-01 5.378380535264647433e-01 -5.155874502463683035e-02 2.183751854183509922e-01 9.747638994294133274e-01 -1.154816411301627488e+00 -1.203145552907735505e+00 -9.303667224541196240e-03 1.488880202293327015e-01 -5.513811600398850210e-01 3.795161851974043210e-01
8.427338376632385053e-01 -2.791449565548198009e-01 6.973537281202119020e-01 -1.460084779056369797e+00 -8.729204412842355154e-01 7.709437603116168214e-01 3.690826913080464955e-01 -1.107083048107933565e-01 -2.339451843577697032e-01 5.058296806433665305e-01 1.233630938058457444e-01 2.944152529100644844e-01
1.532012152898364898e-01 8.471504144799751890e-01 -4.689321225544945682e-01 -4.204113859962398947e-01 2.949341637629252499e-01 -7.524279852845975336e-01 -6.651887535792274653e-01 7.222067931216348269e-01 7.244390083126953095e-02 -8.118772805395535475e-02 -3.406024378817724130e-01 1.977636355946867375e-01
3.552877248802368548e-01 2.040992392927643284e-01 7.682061682567122851e-01 -6.074353865682127207e-01 -1.347712114437209951e+00 1.298964035933657390e-01 -7.538285738853700568e-01 7.420566445346763462e-01 -5.726200981672352475e-01 -1.568329172615698097e-01 8.367968857609169309e-01 3.206128063755745994e-01
4.987505397233017446e-01 -1.021359273347515889e-01 -4.412806732439396029e-01 -2.360305986840365300e-01 -2.423342377970372219e-01 1.817041862231380256e-01 3.796273561202204716e-01 -1.881223160699103392e-01 -7.198505127836378747e-01 8.577483604152851271e-01 -3.097207693608226564e-01 1.901759078798143376e-01
1.528091390746064426e-01 -1.528926090950382122e+00 5.245026924942366997e-02 -6.584098347329378487e-02 -6.368050173180354045e-01 5.219289291065125624e-01 8.274062435835123352e-01 -1.014383645527047323e-01 4.792168280004460157e-01 -2.376964609524919170e-01 -1.106565717923431169e+00 1.653692653767983856e-01
2.942911980831829366e-01 -8.296401875768574241e-01 -2.211172616923259560e-01 -6.954344933007126917e-02 7.502846247322593476e-02 -1.045270361593019920e-01 1.644992842102051267e-01 -2.311102805922317649e-01 -9.016010716024479565e-01 -4.256396864304962113e-02 9.291869432468183865e-01 -5.787263940646074634e-01
2.759360738742828167e-01 6.818926740078404825e-01 7.982338956366497040e-01 3.525667093978156197e-02 -2.562860048846488104e-01 2.958771727908313109e-01 -1.328267304052418885e+00 -4.663383307255821730e-01 4.522669565737506316e-03 4.680365428136326611e-01 -8.345070301471511076e-01 2.411883874477280809e-01
2.088694433182463894e-01 8.817878959745867329e-01 1.288443065871275606e-01 -9.170261872953853199e-01 2.179886409050738327e-01 -3.218348665787723051e-01 3.682495749002190344e-02 -3.282929693716082342e-01 8.405701179363053721e-02 8.962955172272930870e-02 2.138262558693873605e-01 1.396992634618937357e-01
3.435061175235369357e-01 -4.683136250272254553e-01 9.698973318157081414e-01 3.606917761104773690e-01 -6.129586339252778293e-01 1.407739730162320235e+00 9.383138779535302731e-01 -2.007063896952163695e-01 -1.947143953692220264e-01 1.152577891033469137e-01 1.106349497473145399e-01 5.785789839522497147e-01
-1.901984758865586655e-01 5.982001609379641316e-01 -6.660495956545983143e-01 -1.773708749503250526e-01 9.279778711753819409e-02 2.945116445319079235e-02 -4.438121476045578939e-01 -1.196738179506308397e-02 -8.356039370372752018e-01 -4.694204636020871818e-02 -6.977209812289564272e-01 9.244477802150939949e-01
2.467435229101217209e-01 4.089051144039818064e-01 4.852978350803855978e-01 -1.503870027233949747e-01 -2.963639459115083308e-01 2.179284084579805880e-01 -4.994665359933542770e-01 -1.063127001243640707e-01 -3.203163346425926261e-01 3.935323781339695182e-01 -2.581518160456986455e-01 5.690188909047886323e-01
-1.916088574566781888e-01 -5.412772793612578015e-01 -2.937042042001394293e-01 3.038986395678199837e-01 -2.324661819110961369e-01 1.977794006357237733e-01 -1.025231060734734939e-01 4.993420586304538888e-01 -1.001852140695509208e+00 8.452599805744992478e-02 1.434388865613468178e-01 -5.999116705807924776e-02
-7.863116999968673415e-01 -1.321599928137471291e+00 3.712342818871895711e-02 9.003559829580737306e-01 6.688205141091840833e-01 6.803014527651145282e-02 7.329505646819920450e-01 6.422269317923794130e-02 2.523888503919204385e-01 -4.512360161223982202e-01 -6.092879086332227967e-01 -3.852724706447279157e-01
-3.118600318411391403e-01 2.940727817418480328e-01 1.009009090806989029e-01 1.953390376487268987e-01 7.305180927276223868e-02 -2.720685561935782260e-01 -3.463104616732419483e-02 -8.889797221970771046e-01 5.503424793152692646e-03 1.785401391757676370e-01 -1.703038269396409232e+00 1.017584406261635155e-01
-6.044118470354802736e-02 -3.149026489385028937e-01 -8.389232225290478573e-02 -3.372790545875448132e-01 2.873820546276557031e-01 -1.005775900394562938e-01 6.637882244857339353e-01 -5.188576105184744547e-01 1.075013642079337556e-01 6.925720346030588004e-02 -1.129960360710840772e-01 -1.428961449186574528e+00
4.948636030433493233e-02 5.399045260228483301e-01 1.658728432169412237e+00 9.383294864862099516e-01 -6.997332385480719008e-01 8.946484654585791230e-01 -1.746178457322783151e-01 6.695869381773018603e-01 -4.498226999045584207e-01 5.180119724233015477e-01 1.981980802028661393e-01 1.026326701160918536e-01
9.071282406022578362e-03 -5.692886821073810388e-01 -7.334319295875354472e-01 -1.840831499055690657e-01 1.223503875753092496e-01 -4.052343516425377379e-01 4.970854599816672548e-01 5.823160434641956318e-01 -8.305480682374015711e-01 -5.472144734995123549e-01 1.231132798442880594e+00 3.496069649954879899e-01
4.483679108783456546e-01 -2.473649275853037344e-01 1.230386354299541213e-01 -6.855595983989427600e-01 -4.657331695751919520e-01 -1.958109212207028715e-01 -1.593930367473402401e-02 -7.556648435435465716e-01 2.038047404000767893e-01 1.232284462208815545e-01 -8.085479429507386184e-01 1.136919322831362739e-01
-2.521248953202296361e-01 -4.429935610538514590e-01 -1.092750078765334920e-01 3.297970915826073934e-01 1.715596202306745033e-01 -2.320903434641046759e-01 7.660351045440619844e-01 8.523318656842402419e-01 3.570499035416587752e-01 -6.106823379204865399e-01 1.626207497805152169e-01 1.786818018656030843e-03
-8.363647885550300476e-01 -3.970788817982235375e-01 5.547197051103758270e-01 6.634646951932651193e-01 2.072080796058528851e-01 -3.725605285976327785e-01 2.369964424132331715e-01 6.705748999073288807e-01 9.030313370871493328e-01 -6.132069426782381649e-01 -7.863303557522550724e-01 -5.882749747815106955e-01
-3.025499628901541851e-02 1.406914098418915737e-01 6.492262277625051592e-01 5.649517996555908361e-01 -6.242558977581403878e-01 2.316671148069744668e-01 -2.218419775652941683e-01 4.147372819072556172e-01 -7.980780576240248392e-02 -1.927148992769413954e-02 3.059480803876858390e-01 1.976959161250883834e-01
-3.280706124728177131e-01 -7.531796351846229420e-01 -4.963764296767271822e-01 8.352278551631462170e-03 2.581661743729303793e-01 3.775081087691248977e-02 5.576679507885197173e-01 3.771712267361393423e-01 -7.638591561085632531e-01 -5.258587206386071689e-01 1.075418664621347276e+00 1.250556558395482798e-01
-1.896015423755983142e-01 9.463746985439061010e-01 1.508535324085582829e-01 1.007946233690552473e+00 1.343809673090304024e-01 -4.708726125746166141e-02 -7.078061468461327443e-01 -5.835202704201190027e-01 -4.170503758239686998e-01 9.471059287808267224e-02 -7.909075013572197665e-01 7.060895225485536164e-01
-2.864759374839748740e-01 -7.448765985855072547e-01 -1.125396045746896029e-01 9.253905458449013244e-01 -1.004176172397351241e+00 4.809755086043322470e-01 -3.971004403001696104e-01 3.317568441312536143e-01 -9.104488604511360439e-01 2.304554675443197358e-03 1.842796596157542655e-01 6.023295119631687511e-01
1.549740709878877631e-01 -2.159791318235098900e-01 3.463072827922827890e-01 1.398307229274619867e-01 5.119012956696098599e-02 1.193691609355239797e-01 5.407434534571893270e-01 2.430674394056706045e-01 -4.166214132268861864e-02 -4.668163252281495312e-01 -3.975691233669162439e-01 4.816031192187612553e-01
