-9.015592685237223958e-02 -1.417626769266319697e-01 -2.207935253373014342e-02 -7.338501241386649263e-03 -1.062530914506980631e-02 -8.615065443392901090e-02 -4.046916020389529356e-02 -5.259756546753000667e-02 3.839330835931577257e-02 -7.606581647189739059e-02 1.247256072031955043e-01 -1.077301386434029312e-01
-1.765487094938457749e-02 -1.066953016909030251e-02 -4.033893518252719412e-02 -9.535641466277558487e-02 -8.948553282307130513e-03 2.866398754650372610e-02 1.106458356651253278e-01 1.085842317945432955e-01 -3.556543606204382729e-02 2.011405403542227410e-01 1.322504508147305802e-01 3.606847709270219471e-02
3.100001524851212290e-02 2.913369478353353831e-02 6.689187799650912758e-02 -8.605839607392903878e-02 -6.748889329786844637e-02 6.421226489338495436e-02 -1.199653135490798619e-02 3.760628589777524362e-03 1.866071726912828938e-02 6.864789388557713395e-03 2.516824983706776875e-01 -3.608921065767275310e-02
-8.269751058050461845e-02 1.866696397796945711e-02 9.138079675743585040e-02 -3.232334827775481395e-02 -7.916373927362473084e-02 3.918564596919752591e-02 1.137077807800095375e-01 7.526284342927372362e-02 -8.938398062999905469e-02 -5.034684185155173519e-02 9.062125316328303870e-02 -2.038223510302568028e-02
-1.643189624133373217e-03 4.633155507294787687e-03 -1.315239889265387707e-02 6.474189294368783154e-02 7.528911038426346070e-02 3.409511234132743540e-02 -5.463601031111363360e-02 1.306338472967150388e-01 -8.363301825252770702e-03 -5.073456514786593707e-02 -3.407549727271103057e-02 4.979558574027759255e-02
-2.155869403336295731e-01 -1.426801358529114494e-01 -6.090489545799206150e-02 -2.110161964705937337e-02 6.047419486087949464e-02 -5.524158196763223616e-02 9.727869338374929564e-02 -3.990079060397813682e-02 5.329929159951223017e-02 -5.539889404544093982e-02 -1.029869148655396804e-01 -4.197683202146530734e-02
-7.663022595405998005e-02 1.632466818948397763e-02 7.886047853484300096e-02 9.019238336097565312e-02 3.782293103460609984e-02 1.188018291329717147e-01 1.026164545846034171e-01 5.797349774654922405e-02 -2.018844042410135042e-01 -2.128848417562320128e-01 -2.043033728921531816e-02 2.293378317322490589e-02
-1.406844286861961557e-01 -5.189885533118693967e-02 4.540500797937305905e-02 -1.087626256447167816e-01 -1.008068194938276374e-01 -4.225001629474815085e-03 -3.169792175448067628e-02 -1.079870065563390442e-02 -4.143378432018134105e-02 6.728861941326375051e-02 6.007673406492269885e-02 1.017447048854358271e-01
-2.220631735678705101e-02 9.168661210556330876e-02 4.602085635815128528e-03 -1.452122007146603722e-01 -4.948461088825979043e-02 7.202834269300296965e-02 -2.401628355407312357e-02 4.173099045622925829e-02 2.634836110806407922e-02 -7.399861682880842784e-02 5.882910410214684666e-02 4.586945658869130693e-02
6.615094292486656258e-02 1.317351852136826318e-01 -1.152303672545154922e-01 -2.140361904458729647e-01 -1.490054211967387944e-02 -1.666541881561645344e-01 9.788439746341387471e-02 3.415478832875711718e-02 -8.559331447432587392e-03 9.976544902727623940e-03 1.360730596294713601e-01 6.448787023947530339e-02
2.834608826999210698e-02 -3.914715789814098013e-02 -1.681215737007505859e-02 -3.054802462726975698e-02 -1.978907370958536138e-01 -1.815887095082770880e-02 -8.216959367049286866e-02 1.254479079804762982e-02 1.070875002602801607e-01 1.227533764635385938e-01 -1.612440159113330829e-01 -1.896567143957571602e-02
-3.365211891512976533e-02 6.499229508758058715e-02 5.627843986861744141e-02 1.219996202747749767e-02 -6.378877966180900028e-02 6.022068836955028759e-02 -1.171821987410966992e-01 7.605434934696569949e-02 3.333076843409281398e-02 -3.932346839523115367e-02 -1.025341437697366298e-02 3.936548454009493325e-02
7.348669161824945839e-02 1.262121361623248506e-01 4.800056517175421700e-02 4.765462783688412945e-02 -1.065493283861858320e-02 3.010320857066290171e-02 3.269951458777253274e-03 -4.831352883174361984e-02 9.449701955872925885e-02 -4.670783472386706020e-02 -1.140495037497772827e-05 2.347160623766716969e-02
4.477277618494317213e-02 1.229156308659376806e-01 -1.166394033000255938e-02 -1.115575033155808415e-01 5.073571246129735673e-02 8.265361181811857472e-02 3.407206211914689392e-02 -1.813649820111160743e-02 -6.986837635316346662e-02 3.786817238627770976e-02 5.818063112636213952e-02 -3.295862114864796244e-02
2.396436072794857000e-02 1.522311635998205293e-01 1.024413049925054775e-01 6.199018577653471473e-02 -3.047895333663945983e-03 1.329398644031414833e-01 4.522174064605655880e-02 8.138823089015118084e-03 1.746875053145073020e-01 -1.910013711957571705e-02 6.869944436549335100e-03 2.035598631611935661e-01
-7.168302220417836768e-02 -1.060952678477975093e-02 -2.704794437833729984e-02 -3.149763460073438937e-02 -6.069553539814984827e-02 1.285106617346218061e-01 1.062765408096757597e-01 4.691493799054001490e-03 -2.848496001036276808e-03 1.731474728757070869e-02 8.175296797557855821e-02 -2.970784060915435815e-02
1.659935929142777322e-01 -1.048671537042193125e-01 3.059610885408133724e-02 4.902889275579082329e-02 -9.256077350420086058e-02 9.385159583043042875e-02 1.034217860787060295e-01 -8.287513460068350601e-02 5.508612017449990989e-02 -1.104829048067855479e-01 1.184133662653388264e-01 -3.536608921231280955e-02
-8.911445709706869445e-02 -6.281686134818191547e-02 5.772855646794304574e-02 -6.040285566380149823e-02 5.690968871342672736e-02 6.863512226549839390e-02 -2.741841988613630959e-02 -6.325609303468515687e-02 -8.989279531205343621e-02 9.865277290238905206e-02 4.992430197832622984e-02 -3.582336563516859418e-02
9.930072429197923933e-02 -2.066130458077453796e-02 9.218977536939371165e-02 2.548736197823647104e-02 -8.293165748452965835e-02 -9.445850720284039437e-02 3.590222550105710841e-02 1.409302085580608210e-01 -2.536860525431249014e-02 6.761683572068526160e-02 1.042488978638361347e-01 6.243193233194783281e-02
5.538222527012989782e-02 -3.439123626505940362e-02 -5.863491804200862342e-03 5.844982514493228531e-02 1.088302524930938320e-01 -1.528498904184454332e-01 6.735149398473633253e-02 -1.209491993084352984e-01 6.707718925451189307e-02 6.778700790439812218e-02 -4.338037524874864548e-02 1.046575512421515572e-02
-7.140800014480767899e-02 5.551971439365253544e-03 -1.120506460822842110e-01 3.978006452107110680e-02 -4.223973282540363638e-02 5.077184103477019872e-02 -8.044734720947091522e-02 -4.372876614770500325e-02 -8.436877310898198423e-03 2.643290518005948775e-02 -8.922137213672732409e-03 5.644648243773637414e-02
-5.645996679449176436e-02 9.630751466121600934e-02 7.114566800890517739e-02 4.263827797321158297e-02 1.732038312528110247e-01 -4.358396881481491070e-02 -4.660016767308018670e-02 -3.289233554983729546e-02 7.299601480088800665e-02 1.288890056253442218e-01 5.265525207560040055e-02 1.428279051842450409e-01
-6.552037539465710436e-02 1.672076752599908206e-02 -3.708463481234270526e-02 -4.216576206217959033e-02 1.184587459503869122e-02 7.524340131619366989e-02 8.747457135084105162e-02 7.969914574523099052e-03 6.300792064258708969e-02 -6.729365029991063452e-02 3.620050456444608156e-02 7.055023076118777103e-02
5.999446808339285730e-02 1.184324464930754106e-01 1.077481163338024628e-01 2.802610749577140806e-02 -9.075563548244104661e-02 4.795370972384503661e-02 6.418988218071156049e-02 -4.167521113929468363e-02 7.459929480797239387e-02 -1.519022169274958541e-02 -8.203231635354320261e-02 -3.626492340559052396e-02
4.891071352979858844e-02 -5.944173590975297683e-02 -1.612481824384348617e-01 -5.119329721305022202e-02 -9.273722631324450572e-02 -1.080217972611020316e-01 -9.799690385661447012e-03 -1.382181736640442915e-01 2.749919343406611108e-02 8.224661351198788231e-03 2.359157746172848430e-02 1.634364410515424526e-01
-2.768578078182794278e-02 -2.174052333765238432e-01 -4.538214228641759829e-02 -2.676080314351053993e-02 1.369118688672096851e-02 3.698210529194591312e-02 -5.886126045819919939e-02 3.158705418115668323e-02 3.803812055271352244e-02 -1.323334471647343302e-01 2.251527829962913368e-02 -9.527571318591346317e-02
-1.250179002819745144e-01 1.596087652382087163e-01 -3.897370074215197183e-02 -1.155958594917378679e-01 1.331778727744342347e-02 -5.883552716014460449e-02 1.575383172246229702e-01 1.289938439926937852e-01 -4.240289898433528132e-02 -4.499771739270568005e-02 -1.626348826778447818e-02 6.078971315789340191e-02
-1.996108273817058347e-03 -1.702498421281217061e-02 -8.641267834130758607e-02 -3.566171288035469011e-02 -3.035193068978709469e-02 5.249828743766238315e-02 4.930699131667309887e-02 7.478358845517471543e-02 -1.475216293498921027e-01 2.399190869666118636e-02 -1.779174822423660318e-01 7.774334231574361181e-03
-1.115394848657215790e-02 6.075339341762833658e-04 -3.553918852761345226e-02 1.580614460076865124e-01 3.877264708429950524e-02 4.521211502566530732e-02 -1.385054044075096913e-01 -6.094856614686349622e-04 -6.164840570485684290e-02 5.885556886663379644e-02 2.491311727852459079e-02 1.822870256837869907e-01
-4.686769760322256895e-03 -1.448958902750984053e-02 -5.493069953285295917e-03 7.934480483027728237e-02 -4.557561215398510390e-02 1.121681712294102413e-02 -7.173001811742243938e-02 -6.763035601604354408e-02 -3.656772180811190820e-02 1.134331356016191616e-01 -6.513637258831572741e-02 1.385241963145522094e-02
1.395561102671862286e-01 -9.008321128773033593e-02 2.467346396908715739e-02 1.348046736552382385e-01 2.035797183566438046e-02 -6.777197061748951867e-02 -8.994105713034845906e-02 3.860620506846857564e-02 -1.299188689107882710e-01 -4.771039250026774814e-02 2.027879588956151002e-02 -1.036742141295053567e-03
-1.328945359177875207e-01 -1.311134463707009680e-02 1.051192013701030686e-01 3.627907994989060247e-02 5.156174312907772783e-02 4.750161326126344820e-03 9.777399792453869004e-03 -2.433028151024951152e-02 5.870065687630005719e-03 -3.517247794836931771e-03 1.601938467034194624e-01 1.522185201764739704e-01
-1.181859515129696225e-01 5.251632141725848940e-02 1.013598330866349595e-01 -3.635254598563682910e-02 -1.645075538770039703e-02 5.303846912736974624e-03 -1.109779059441812488e-01 3.304249262506082918e-02 1.052435129092431625e-03 2.312940300435296741e-03 -9.671372711219816676e-02 -1.287923008246921741e-02
1.073827876879424048e-01 6.371052881854233352e-02 -1.514155795131513771e-01 -7.323587227495920171e-02 1.247530023578484887e-01 -1.420110227911375311e-01 -1.117120552755922203e-01 -2.157199578447071414e-02 -9.275090162365226543e-02 4.701678073587354373e-02 1.150966381549950734e-01 4.451384385492624524e-02
-1.672365712797624013e-02 9.540984421893131118e-02 -2.374157671649248375e-02 -7.497434188582560721e-02 -8.221238842847441997e-02 1.574192735448155245e-01 4.788191795158810993e-02 -1.797762543664842283e-02 4.017247124063522135e-02 -1.105101269866230751e-02 -7.613040071547061416e-02 -9.657044978294278270e-02
1.849390416020255806e-02 8.328496688085623711e-02 2.848333681048051749e-02 -3.200801763185769089e-02 -2.473802702299681203e-02 1.286328198064712602e-01 -3.965029882317201715e-02 -1.049697201164157684e-01 -3.053012510882929624e-03 1.397096614612776122e-01 -2.623261530324141194e-02 8.292188049218304768e-02
-8.198891159304733112e-02 8.060076663361240290e-02 -4.250404746589234867e-02 6.775862347724621870e-02 -8.767902306542968427e-02 -2.413412497807015250e-02 8.928334405224325199e-02 7.249528393505356647e-03 1.474727677361971356e-02 1.366353840086306781e-01 5.178607076021744804e-02 2.938258603887758738e-02
-4.497555443412985104e-02 -6.935714153954800065e-02 -3.239578274173781497e-02 -5.586513828017912464e-02 -6.746735265344465599e-04 7.311904975007776919e-02 4.232184878596900734e-02 -1.311821634415657190e-01 5.073298125364385930e-03 5.188570119855041851e-02 7.839303006149342390e-02 -8.639908249514069438e-02
9.731718967862243441e-02 1.085008278943973004e-01 1.269445272391960255e-01 -6.799503443394548652e-02 3.226047132623871549e-02 -6.534903236844595564e-02 9.902966078166133834e-02 6.843856924069939562e-02 1.432837053723392401e-02 4.653767794358174004e-02 -1.230936760702041645e-02 5.497528379260466919e-02
8.892466885009043392e-03 -1.820826181599278781e-01 6.597574292156452302e-02 1.190453247478945320e-01 -4.799785036971168650e-02 -8.317270020128531005e-02 -1.753535990466462968e-01 2.023498745209762698e-03 1.759459162955984424e-01 2.268467802906266872e-02 5.171333260706280355e-02 9.977685525039739489e-02
5.794362216517044695e-02 5.957641239789546878e-02 2.340022983426006190e-02 7.772878549182495045e-02 -1.002975107211140915e-01 -4.986832908956842503e-02 -4.868450418469447150e-02 -1.165556912444699889e-01 -3.443960256660071745e-02 1.493447898565356535e-01 -1.218229994973140384e-01 -4.507991527771434970e-02
5.403220269367194073e-02 2.579562898148212227e-02 2.621141571647488122e-02 1.373105930968176458e-01 -1.895378090483139100e-01 -1.644063860315015920e-03 -9.023258629638163802e-03 -3.608629110600675149e-02 4.582671811136879852e-02 7.164307828915418563e-02 5.510246352970105121e-02 1.151917946507776680e-01
-5.320311257653219383e-02 -3.748142750664196915e-03 -4.615276058393109893e-02 -1.175151692260910929e-01 1.800929967713593358e-02 2.215814830631058219e-01 1.267344805894898840e-01 -8.942215106743325870e-02 -8.007752716795778908e-03 9.671361239297396328e-02 -2.876171220547213154e-03 -1.684146357140423392e-02
8.157887202104963792e-03 2.502247110483972643e-03 4.458065581300044850e-02 -4.631051875842463056e-02 -5.995170763863934271e-02 5.493064599379767800e-03 -1.146716900603447081e-02 7.907229649881469813e-02 -7.447480744065084098e-03 -7.721461582395871756e-03 -9.561994708725790604e-02 1.228360801567109917e-01
-1.360013066618898092e-01 -7.562418520186976745e-02 -9.426383559962715070e-03 8.325378706238131810e-02 6.542129573848235249e-03 7.072397029893834342e-02 1.596990372180503298e-02 -2.555274852916905245e-03 -7.794378865824652669e-02 5.890334726411308730e-02 4.952464290598904140e-02 1.090122236075093953e-01
-6.112866985124629921e-02 1.280341048601678399e-03 6.756222198938438561e-02 9.942395868596361208e-02 9.425032045535611247e-02 -1.140163521150614756e-01 -3.481931674796709571e-03 -5.500830996392190586e-02 -5.030012490276149217e-02 -3.092978755131814850e-03 5.045187866698641610e-02 -1.152349273491840576e-01
-4.850685876760183618e-02 7.997583377961121898e-02 -1.223574526392295081e-01 8.401170178015633649e-02 -4.961604726617951933e-02 1.037940034968210107e-01 9.765402386732048579e-02 -1.145993573097123797e-01 -5.820010292125977341e-02 -9.557476448047114159e-02 1.106483853740685905e-02 -8.954062205458981905e-02
-1.163076639403675672e-01 -1.511577784925849655e-01 3.471781137365264475e-02 7.901067517486379255e-02 -3.176653203720568395e-03 -2.933726950447863163e-02 -1.592107047904425809e-01 1.551057341256789068e-01 3.142206885341008310e-02 6.531234297822208212e-02 -1.359780487644715874e-01 6.374255384988435080e-02
1.765776459225446363e-02 9.040860200765571397e-02 3.127132359725857957e-02 -4.090404434354172336e-02 -1.392499419777113237e-02 3.240408267522078972e-02 2.038244980984963220e-03 -1.158018301160210345e-01 -8.395855354820425109e-02 -4.139421228649960149e-02 -8.962523450907512734e-02 4.404362404647019918e-02
3.270926934239416772e-02 4.405825333367162366e-02 7.130412517433057373e-02 -9.300670888637844330e-03 -1.868612614136377220e-02 -1.378494506420349097e-01 -1.026883220313043049e-01 -1.442013646295279006e-01 -3.405908868986622789e-02 -1.462907265200942553e-01 -1.456455355574847593e-02 2.601551293966345574e-02
-3.156598806198276930e-02 8.580217603848368235e-03 3.549028944467581825e-02 -1.254130435575873947e-01 2.401358785122283124e-02 1.117864675959245879e-01 4.073615152772968803e-03 -2.036290018195364288e-02 1.204568547173744397e-01 1.383357078556192166e-01 -7.395806996162002274e-03 -1.512303914855697706e-01
-8.712892049082095192e-02 8.408180048511371130e-02 -2.511543504527917470e-02 4.833850799367911399e-02 -1.151806429711547120e-01 -6.736073872150787761e-03 -1.526327131410069593e-01 -7.008332643608478074e-02 -1.659728825793014284e-01 3.707528014213338358e-02 -1.128623002376866330e-01 1.333246225201440982e-01
-3.925417743980500959e-03 1.135781419238786338e-02 -7.292255163951902319e-02 -2.084820967512185722e-02 -1.278991152733434666e-01 1.376011012118348309e-01 -4.921600900565146347e-02 1.542762072209402091e-01 1.680048676726695125e-02 -4.622906862284940910e-02 -6.194205069291526013e-03 8.593698972180881246e-02
-8.049482456784343154e-02 -5.215364222621662882e-02 -8.103203012692637708e-02 4.447348363142242939e-02 4.467376106271152281e-02 3.783927852451423463e-02 4.146430860932452667e-02 -1.790851842514708248e-01 4.158023275933718510e-02 -9.655827529848434732e-03 -8.621460907432890175e-02 7.427272498570158810e-02
2.766919926795809170e-02 -8.757225632966037648e-03 -1.073667865433114987e-01 1.246041544955629049e-02 -9.788093203377508378e-02 -5.331854743600016044e-02 -1.383324585286083708e-01 -7.123070393257197215e-03 2.928195411395741882e-02 1.365612139574389206e-01 -8.019079343745827426e-02 -1.026234339631153236e-01
1.615537820881009570e-02 -7.369189172778495278e-02 4.941591360848841125e-02 4.853961992018776539e-02 -9.349770140357867299e-02 -2.557579858782195806e-02 -3.311607326417406738e-02 -1.967673724967519688e-02 6.648470042353063492e-02 1.564809089775830719e-01 -8.375031840063819344e-02 -8.754779663813427870e-02
7.379095421186654142e-04 6.117702329173731191e-02 -1.092549613129488867e-01 1.680155118191767605e-01 -3.813283755235657990e-02 1.192959316776287665e-01 1.172748265615453436e-02 9.456326869824541181e-02 -1.312934781101781356e-01 1.672376585508108526e-01 2.736933415656069013e-02 1.353178430013702582e-01
-8.418400116670032851e-02 4.740970318374258807e-02 -2.975698812809923072e-02 -1.373688786346126123e-01 4.389586855259734743e-02 -3.574377418746715190e-02 -2.228207559328822945e-02 5.727530778621986451e-02 -9.701011468706095819e-02 3.563319034273228214e-02 -8.179035544663544599e-02 8.838768870500220143e-02
-7.661708749203299806e-02 -1.427200670225445278e-01 -8.617227664473622872e-02 -3.820609148964233120e-02 1.130308443509678469e-02 1.028216536595261965e-01 6.670352998002869460e-02 -3.246963775777899491e-02 -2.946512069210975929e-02 -1.106985913326815896e-01 -2.440616094273749884e-02 -1.044972957988110907e-01
1.014523165696805951e-01 5.868318513177895115e-03 8.333244281278473498e-02 -2.177362155103359509e-01 -6.622385548557441215e-02 -1.917945281554031267e-01 5.174228930404026205e-02 -2.209106175876907746e-02 5.185960215744704963e-03 1.010445570960046349e-02 -1.110711185866749273e-01 -2.084707966529669165e-01
-2.075031935503020980e-02 -5.489452193586315254e-02 1.200585861439948943e-01 4.837473034860618332e-02 -4.388214050131961086e-02 9.943387397305306422e-03 -5.709820707553850405e-02 6.930816958552381279e-02 2.423441386134598391e-02 1.321957385402439122e-01 -1.117359348176665337e-02 3.453980092461881451e-02
-7.575661892136511394e-03 1.917730833859360769e-03 1.168385547375578454e-01 -1.265596079921828820e-01 -4.123609022459077955e-02 -2.397946494821334013e-02 -8.159641866112264663e-02 2.587603828003356421e-01 -1.464842526501828335e-01 1.166415327059756590e-01 1.168567680052647398e-02 2.423268980358767727e-02
6.933628496089076776e-02 -5.893781602826612953e-02 -6.099550614461725362e-02 -1.521617653249320370e-02 -9.763606306844088700e-02 3.464571667837749308e-02 -1.804447953176330655e-03 6.860290807927614792e-04 2.182488158620810581e-01 -2.530363349583092392e-01 1.104500454098427398e-01 -7.888313056659890243e-02
1.523631741399776758e-02 5.075837933924914891e-02 -4.214358266826125077e-03 -7.189841927644052832e-02 -9.359161411234981354e-02 2.930716728395100015e-02 8.126896077716198874e-02 -6.449738581849991104e-02 -2.938356543624665723e-02 1.127689065667182924e-02 3.781538378378944409e-02 7.011865591971210704e-03
-7.042406898775752100e-02 3.423927376091778080e-02 -1.082795079581625776e-02 3.876816935739262060e-02 -5.782836223735501879e-02 -8.115549682238724916e-02 1.261616267256725488e-01 1.060693069825359852e-01 2.370546749358702545e-03 -8.660341524625533860e-02 -3.388547476930675595e-02 8.023317776153530978e-02
-2.501893067394644204e-02 -6.205826431788203507e-02 -5.516336939024125974e-02 -2.681653714922574774e-02 -1.814181144140156743e-01 -3.656508211925466739e-02 -1.927130356844508063e-01 4.171719919051956882e-03 2.442674031516779004e-02 -7.896669008971446413e-02 -1.406183657849354729e-01 -1.170647248593623818e-02
4.782253536508577346e-02 -7.958300340970093922e-02 -2.938530055388894474e-02 -2.290838893704282009e-02 5.919128066316587528e-02 3.094176484681646772e-02 -1.013983413948472620e-02 -6.389629863639564866e-02 5.199597520618003121e-02 -8.083692092392832929e-02 3.334122325680235338e-02 -9.548479520639609197e-02
5.732869996638896570e-02 7.275466569803909489e-02 3.105250151521943280e-02 -3.529500130721435758e-01 1.217782956550610557e-01 -6.068423705005036167e-02 -2.096531360844879760e-02 -1.057852507022673423e-02 4.666043425166102555e-04 -2.875180808192003348e-02 -5.126781603527939823e-02 2.925351636322124499e-02
-1.496770196808631659e-01 8.032605162980896440e-02 7.672628541580442385e-02 4.312969343677076212e-02 -1.615682716545913111e-02 3.011774874569508181e-02 -3.130677350654268581e-02 -1.247951628784692291e-01 1.083444443341786273e-01 -7.923777334478336598e-02 9.000651833483999664e-02 1.214020757523056188e-01
-8.307520951159867717e-02 7.657143220305023812e-02 -7.360387647613550466e-02 5.005375854270553010e-02 -8.076689735813724624e-02 -7.976712137654627666e-02 -1.071580469699188326e-02 -7.072166132056940946e-02 -1.233353555562176004e-02 5.554960756706678500e-03 -4.272689860763395631e-02 -1.019619891540256285e-01
5.066609369947885390e-03 5.748601680710014455e-02 1.216652902862019048e-01 -2.025242860387269916e-01 -5.179421773967174229e-03 -8.885059544268061882e-02 -7.068599997609030516e-02 6.129823579623529251e-02 1.035658181356991225e-01 3.683351220606157633e-02 -4.088295703829306071e-02 -1.361961233030340723e-01
1.324294488959296690e-01 9.628266893949279093e-02 -2.155451270939502673e-02 -6.018621176889821928e-02 1.980216915666142136e-02 -1.157955872288699006e-02 -2.260941738100766263e-02 -9.585513132702278005e-02 1.369016457142798078e-02 -1.507486194598326237e-02 1.878990697212510469e-02 -7.830369546031142047e-02
-1.267992394336071027e-01 -2.928277276336202495e-02 -1.335973035911141304e-01 -5.845789423359018522e-02 -1.964557540565369832e-03 -5.390490061222239643e-02 1.152403882923570995e-02 4.698537722684197060e-02 1.135969254975787851e-01 2.794304762770608019e-02 -6.267939866123603543e-02 5.729194344663167404e-02
1.709707234831914779e-01 -1.377941052227255915e-02 1.153209947259318940e-01 -3.802994752490793107e-02 7.122129049432460342e-03 6.493673169038330362e-02 2.725823261610330062e-02 1.289320756405826773e-01 -1.364174284536334714e-01 -1.274893460522657507e-01 -9.863783137273887669e-02 -5.848775780123557921e-02
5.538202106921566448e-02 -1.300893750139234424e-02 1.602155781102934662e-02 9.289097572392059077e-02 9.797253874825120890e-02 1.779495185014414171e-01 -4.460334904201063155e-02 1.089493980709850020e-02 -5.607134195090211770e-02 -7.155022716231988246e-03 3.005613010792886064e-02 7.093576429320558319e-02
-2.886758034922186356e-02 1.137222536569999637e-01 -1.502167005417979762e-01 5.704060048507221536e-02 3.499562201461201005e-02 6.261974252838284349e-02 -2.759866628469945585e-02 2.950592692352602825e-02 -4.503156607516563270e-02 3.176156102028400430e-02 -3.156486810001975230e-03 1.171677753360440832e-02
4.323242642489825288e-02 1.088620062772161987e-02 5.651720159907236418e-02 -1.515605787122599642e-02 5.593225631987958080e-02 6.399932951559042515e-02 6.155507601486568531e-02 -4.968488244131333970e-02 1.391732882560988739e-02 3.204604014555167968e-02 1.817953388214459814e-02 1.506082561471850934e-01
-1.684807859098704230e-01 -3.080636693113070895e-02 2.096675485657821872e-02 1.058825825132779785e-01 5.618736802353877825e-03 -1.499451076795764171e-01 -2.278064197765529153e-01 -7.056015367024415230e-02 -5.025484766980133078e-02 -6.254440470258025575e-02 4.762183317569271962e-02 4.259745013396487590e-03
8.955676036128126793e-02 -3.465623030937883819e-02 -1.813050223178879275e-02 1.254660752331775847e-02 -1.422967955807427631e-02 4.442826895574381561e-03 8.903903258777148833e-02 -1.022469490399384798e-02 7.053019574918112378e-02 -6.716317852709283165e-02 1.106087997939516898e-01 9.738289732870572188e-03
5.929361036608531144e-02 -1.203021818385211807e-02 1.690781839240894369e-02 7.161093768386112002e-02 -6.730528168133040334e-02 -4.373204833622598708e-02 -9.526081607734383783e-02 -3.982315288716037349e-02 -5.934963307376686648e-02 5.006334161432761387e-02 -5.312037719841739003e-02 -1.357308494412971973e-02
1.312998191439088691e-01 -2.388869599338937916e-02 -1.418250980435681596e-01 -6.461722189579820197e-03 5.750258883543872546e-02 -3.564503623535782845e-02 4.540372532098936945e-03 2.708102548688284122e-02 5.521646807939779161e-02 1.723262511553597912e-04 -8.009157970617492017e-02 2.107898043581120373e-02
-1.373228487660348440e-01 -1.570949942195150606e-01 5.283705161394411376e-02 5.536995078757485367e-02 1.098929456344588107e-01 1.801504224285560563e-01 1.305436156157496752e-01 -7.823519935787924540e-02 8.410057986555877219e-02 4.422295985490879572e-02 -1.579555060136628164e-03 1.646368082898602980e-01
3.035556489580796061e-02 3.307376138871843951e-02 1.302401857939419205e-01 -5.135671441585477198e-02 -1.117282765719918372e-02 3.807840855484643378e-02 -5.453434917243885072e-02 -2.201570747822812618e-02 -1.598722351133931296e-02 -6.735127317607192106e-04 -4.084247783589974035e-02 6.526281722762844462e-02
-1.183277775913961910e-01 -1.017983284720754278e-01 -4.479850235890440319e-02 -2.412873175520435787e-02 1.523625739342749502e-02 1.195430184812033281e-01 4.000891349207875286e-02 7.511137841902310042e-02 -5.580570074958370042e-02 4.329185963718749919e-02 3.206924962315803318e-02 1.175813724641193436e-01
-2.822700905390739673e-02 -6.031951002274489604e-02 -5.972362522724652956e-02 -2.066023951676566189e-02 -2.672727253014877541e-02 5.542846497114712820e-03 8.336616176255237654e-02 9.403031245854105713e-02 4.198393331614647811e-02 7.284936135086052256e-02 4.793926660930455767e-03 -1.369211339674531458e-01
-4.156515156491818325e-02 1.120574074431730967e-02 -1.013788773471309759e-02 4.211185665079181240e-02 -4.691520826982679970e-02 9.190704472976492234e-02 6.774364997689202861e-02 -2.300715405464817676e-02 1.971390690788122832e-02 -1.619353894244745518e-01 -1.075151942713153258e-02 7.093976071248686566e-02
1.529268743742880354e-01 1.543192375332618632e-02 4.136005471336254291e-02 7.226835048234733772e-02 9.022003414944614053e-02 -6.947616013815871572e-02 1.009046624963817612e-01 4.947754099211454371e-02 -8.464826881557374616e-02 -3.301166462376267652e-02 1.077752965168529004e-02 -9.633975827089596988e-02
-1.995719946348032021e-03 9.988264057115031624e-02 6.297492528399380174e-02 -2.639594470287610906e-02 1.013177829475416999e-02 -1.160560693987847392e-01 -8.569759445574556822e-02 3.947517866139628982e-03 -1.459620557146654564e-03 6.257869187089061536e-02 -5.682303591214882266e-02 -8.939815555049818174e-02
-9.998594402344448961e-02 7.615725303751361142e-02 1.765779466398573541e-02 -5.288318484101065843e-03 -1.016106000015127991e-01 2.657528848247753608e-02 -4.944791865987278184e-02 1.851070287926642188e-01 -1.075234841023337551e-01 2.896605745104194676e-02 -1.904604595192729150e-02 4.714732714793283541e-02
-1.087968155529365766e-01 1.024007117261182681e-01 -8.691568348143477452e-02 1.476808132659178652e-01 -1.186747528794790396e-01 8.007859574487774523e-02 9.535652822081816526e-02 -9.064740880167633519e-02 3.230990083265374013e-02 -4.245927259253648445e-02 7.000448284985329866e-03 -4.953363301561711923e-02
-1.505059775975423342e-01 -1.277848787748838977e-01 6.289522343198975830e-03 -1.636229133271987490e-01 1.206671004001418357e-01 -1.523461278398157044e-02 2.069238515669384604e-02 -3.078468433793963080e-02 -7.432083782848306931e-03 -1.732346266942383362e-02 4.008859849699834832e-02 -1.997210932570274433e-02
-5.029521089871975652e-03 2.418201651901162597e-02 -1.514257341006173818e-01 -7.481556496610403117e-02 -2.490335407242674076e-02 1.098216780895644798e-02 1.475806135340050895e-01 2.062150745388445783e-01 -4.050828810593086471e-02 -9.563242297343929610e-02 1.222354077139357620e-01 1.198027434722904183e-01
-3.459213333529818912e-02 3.994012842834400445e-02 1.092392205451935827e-01 -1.564293020747745469e-02 2.025917991545753138e-02 -1.487755510042585317e-03 -1.206262139329732910e-03 -1.432022083623952224e-01 -6.301622918523905326e-02 -1.641248771994081933e-04 -1.720432545214875195e-02 9.455690890876701504e-02
1.649035378903165316e-01 1.118982570948345440e-01 2.771523719484617846e-03 2.259099206495274875e-02 -9.036634200788208615e-02 -8.207910883970298555e-02 -1.693720425149277953e-01 -5.568412324951334258e-02 -2.792354695649192434e-02 3.612077523132688206e-02 3.275883747967053838e-02 5.595748532343312182e-02
