2.037150369017834070e-02 -1.108182583111557429e-01 -2.498802588017121420e-02 1.162844260761945747e-01 -1.709375699417961247e-01 -1.190093224728599498e-02 5.688012735380249679e-02 1.673573574201649497e-02 2.770279726111704588e-02 -7.200947615782769817e-02 1.028545539312165219e-01 1.478417404682764724e-01
1.916389792419490382e-02 -5.034868099463244567e-04 5.280572706937211591e-02 -8.459435955782963756e-02 -4.589366133970749356e-02 -1.191947235419040796e-01 8.486136569390265866e-03 -1.001337657028894546e-01 6.175133698063496601e-02 6.857155645727591731e-02 -4.852533207670833848e-02 1.463014994057789120e-01
-2.217242540286032404e-01 3.746868260559253067e-02 -1.162061646162316358e-02 -8.420288169077930207e-02 7.985916375243384824e-02 -3.979452597321880836e-02 -9.741516423059936453e-03 -2.375460827582667137e-03 -9.585524968463422779e-02 1.820257596729443761e-02 1.020610775943470855e-02 -2.057526272092306263e-01
1.636582041626731543e-02 -5.259291208163419107e-02 -5.125180211990349594e-02 -5.603006529687782483e-02 -4.596949405329410487e-02 -5.733570073168098996e-02 -5.470996863588353798e-02 2.728354412980188437e-02 -7.415231719380059594e-02 7.424515405735248805e-03 7.411111967436191661e-03 -2.976074509564243312e-02
-1.598047800392477348e-03 7.325525676009511655e-02 7.293088993362556449e-02 -1.188147003274136193e-01 -1.379842414665480646e-02 -3.923837581201678609e-02 2.336904465262587549e-01 4.008565373762620898e-02 -1.034170094600332102e-01 -3.198327720182404799e-02 -7.626514664085888573e-02 1.362599241710381603e-01
-7.027401384501294479e-02 -4.323442882692422190e-02 3.714310848310269780e-02 1.168541458522491250e-01 3.148250344836423659e-02 4.631237494559199697e-02 7.095082588321134642e-02 -1.463220109509028033e-02 5.453363231155873569e-02 -1.517170061114529178e-01 6.219263712275231032e-02 1.033884400130000852e-01
-1.108369978238640252e-01 1.306861080937571709e-02 -5.916879699591163361e-02 5.924235583956377615e-02 -4.687445737083295594e-02 4.797796846071986782e-02 -3.574062853452230487e-02 -3.915425993273359551e-02 7.941549961068636310e-02 6.201342960783349373e-02 -6.726268402722355988e-03 -1.369392212252877328e-01
-5.987620831590416415e-02 3.104351940087346842e-02 -1.699995197390383184e-02 4.472335320917634333e-02 7.253142084136565693e-02 2.517265720395210973e-02 5.770120687472132803e-02 -9.721390472648749892e-02 -1.162743795747125941e-02 1.449436462709280393e-01 -3.046714554615781792e-02 8.218981883971819558e-03
1.259832364645439573e-01 -3.985034467579608164e-02 7.527472136665000479e-02 -1.447614704380025819e-01 1.263858746872068839e-01 5.762615790312870800e-02 1.503920187342578860e-02 -1.430244474753549766e-01 8.191395969685037748e-02 7.263271873846849358e-02 -9.126034611698333188e-02 8.072846008561397613e-02
9.543151632806447238e-02 7.470726109836467455e-02 -7.460973606805460130e-03 -5.047951485699196661e-02 1.004964495266541524e-02 -1.200857868140743495e-01 6.284491826967658623e-02 -4.519597360501384498e-02 1.203809874967512600e-01 4.847653136659555578e-02 -5.004137263097133831e-02 -1.153235891067333763e-01
1.470498491854088305e-02 -1.727018405261075695e-02 3.807341913129770605e-02 2.695202057290076170e-03 4.107903114452393645e-02 1.189370533718829906e-02 -9.172983431766629225e-02 -1.066097491857784380e-01 -2.843892011257603131e-02 -6.351284167258193503e-02 -8.408188703470792502e-02 4.878779828042612010e-02
1.331261344253937585e-02 -4.400255713759868015e-02 1.068809244775723866e-01 -1.075207234097827064e-01 1.945255123959096707e-02 7.412399128284547119e-03 -4.498387333362213747e-02 1.299314025724613297e-01 6.591283041622235384e-02 1.129864032576841440e-02 1.732212722141756797e-02 8.746657332915359906e-02
1.258509054167106511e-01 1.587869800912853485e-02 5.190092505635707232e-02 -2.130982632456290132e-02 2.431185315506715142e-02 1.012587894392765198e-01 8.401095347735057506e-02 -4.261402858849359931e-02 -9.015838429552244793e-02 -1.663195605760885848e-02 -6.727948977237327433e-02 1.131586233389426585e-02
1.093930627109582221e-01 1.035502973926311354e-01 -2.794840328830242374e-02 5.864491040800118987e-02 5.395603001583306954e-03 -1.388245385733052374e-02 9.976339523529267894e-02 1.425610137377341935e-01 -4.413113471394854159e-02 -5.139294166578452228e-02 -1.378554629000096066e-01 -3.689776517594493821e-02
-7.329568706833512748e-02 -8.892420117118038370e-02 -5.209372426393926725e-02 1.000948513602190199e-01 2.356061690045717361e-02 9.201783184934078652e-02 -5.557528455463477124e-02 9.432126194587554802e-02 -9.633203797049927353e-02 -1.383692527015527307e-01 -8.577240290621501728e-02 1.546477296508176058e-01
-4.794176483372965258e-02 8.848529765720138107e-02 1.518584410390175395e-02 -3.109205610245136669e-02 -1.109574479142210190e-01 1.258403167054373585e-02 4.333281995368318609e-03 1.866349002910913379e-01 -8.645223099873164396e-02 5.104264073285853104e-02 3.690922172674436508e-02 -1.051327433344181606e-01
5.844292045802482877e-02 6.650002403576901755e-02 1.005939403290343759e-01 3.043634634512558737e-02 1.186954838143139540e-01 -1.552260891187568284e-02 9.995673790379717982e-02 -7.906996306111210501e-03 1.888640926190101599e-01 -2.395804602414289622e-02 2.139872871773007904e-02 -1.039895740529447610e-01
-9.923803892047636244e-02 2.035352742456397052e-02 5.730966690399745544e-02 -9.073257046723734454e-02 3.812161070106801636e-02 -1.324062046066444044e-03 -8.230315503382194808e-02 -1.492040153564632710e-01 1.144575706250113879e-02 5.911832134813051198e-02 3.233294195394414029e-03 -1.311143590474762866e-01
-4.240848562333835586e-02 1.109530332771975492e-02 2.464225032515270433e-02 2.389533349022048350e-03 -2.621130975042190812e-03 -6.283825381308114078e-02 -3.912646047081987100e-02 -7.683350298673848056e-02 -4.717260302965066432e-02 -1.119280326031655837e-01 -1.253645086278150078e-01 3.216433859920537347e-02
4.858341250961126928e-02 -9.182402212820564569e-02 -1.590837547640720079e-02 1.607217872231900546e-01 9.276552568887543038e-02 1.176758937720525228e-01 -7.653351367758426393e-02 4.577675893282109540e-03 -1.332755268392327337e-02 1.379790925381862987e-01 6.602620432540642903e-02 -8.735393234974213415e-04
-2.957706619273921950e-02 -4.486565411185772928e-02 3.500747909394437418e-02 1.481452528259601387e-01 1.587966445046844893e-02 3.436446624026198715e-02 -5.512927398747767549e-02 7.631737350603357006e-02 -6.850007662954574195e-02 -9.340615963113418907e-03 6.738310861871879553e-02 7.678457116499817769e-02
6.965227119209901896e-02 -1.269058681459564186e-01 1.405701826134744467e-02 1.299402153281991046e-01 -1.263421107340994831e-01 7.672658212752962725e-02 -1.157695869760702184e-01 -1.741243891272877681e-02 9.464638399572930516e-02 -2.341330327589724418e-03 5.236582896032870860e-02 -2.115570837789367276e-01
1.819561413189512700e-01 -1.012440618795537465e-03 -3.910386796977191604e-02 9.364726947454275058e-03 -4.521949578169548456e-02 2.535586347556645359e-02 -1.478290680267932769e-02 -8.684812710967333704e-02 1.401650393321095256e-01 -5.246749776979378610e-02 -1.169460803759521661e-01 3.627577655187450012e-02
-1.573710819017326915e-02 1.088545456778645948e-01 -8.209988078210264661e-02 8.274142870084644913e-03 3.585853892510439123e-02 -5.113225698948858748e-03 -1.594839224259849142e-01 3.089641907678417412e-02 1.160196446735968223e-01 4.541568925501732884e-02 -4.125611104514491194e-03 -4.968251031566126019e-02
-1.072223297417300852e-01 1.808219807180767025e-01 -6.012925171376138495e-02 1.194071265060687309e-01 1.448954873923880872e-02 4.087912082526910795e-02 -3.521453223700034274e-02 3.495315512546370851e-02 1.377603347194455985e-01 1.189242262247511284e-01 -2.930985769597101512e-02 8.720892949409020378e-02
4.536706440471098556e-02 -8.122584713259599354e-03 2.522131126324986608e-02 -1.079080988717735778e-01 7.660781518425380243e-02 -7.746887391403108059e-02 1.240160375969923956e-01 4.214405333463275977e-02 -3.368215983235506999e-02 -8.028627555330087456e-03 -7.692013304955219732e-02 -5.795796209543888078e-02
-1.915215847763864637e-02 2.238919704842834424e-01 -1.904460816726424172e-02 -4.415130638825121717e-02 2.441448529059984940e-02 1.032500249544715878e-02 1.800504119816264889e-02 1.047399921979992078e-02 3.552347278949210402e-02 1.831058504204373660e-01 -1.015054329264382512e-03 1.665433541091931868e-01
-3.207050941892442691e-02 1.163427370537415545e-02 6.875560108999907716e-02 -6.017489284842168079e-02 -6.009553203540797008e-03 -3.770817039318390823e-02 -3.849329536319834322e-02 1.064711085177506289e-01 -1.896751378340692240e-01 6.074902032150614195e-02 -2.442697359019246200e-02 2.429700599140032641e-02
-9.446309193808008486e-02 1.614206869661172772e-01 6.412257047299846358e-02 -7.789832288736822652e-02 -1.145357798803854632e-01 1.488237480234435618e-02 -8.732169956655039256e-02 -5.534116843042702349e-02 1.709960604030277137e-02 1.142954296444107787e-01 -9.102943639484935290e-02 -5.403005215069586753e-02
-1.865823752383161810e-02 1.664785753447098338e-02 5.465854738210856878e-02 3.975607999933559317e-02 1.842462201883124720e-02 -2.841269860889156923e-02 -7.159971844402718277e-02 9.856728187420957243e-02 5.494204614842052199e-03 -7.392432048434287306e-02 4.268439657369380025e-02 1.298975781886682265e-02
-2.158585661952392709e-01 1.045818177112204511e-02 7.139110945420495957e-02 -1.039510727100547913e-02 -2.477328872825602241e-02 6.447934341725229668e-02 1.019415616983909423e-01 5.171308297615435923e-02 -1.136585059459800512e-01 2.969410234697433121e-02 9.792416265276115972e-02 -4.391279188183737359e-02
