6.495254432742897377e-01 -4.761906774678956733e-01 2.082752352036797150e-01 1.298292188976830852e+00
1.246167802356566101e+00 3.349145367066018730e-01 1.561954154520771021e-01 4.092990817685763227e-01
1.571085906115583963e+00 1.004070023576365100e+00 8.208122280362929457e-01 5.886476429803935151e-01
1.620975520329178465e+00 1.103978522137420315e+00 2.800387458009779840e-01 1.400478204667713888e-01
1.103781456381728532e+00 6.429486139025043512e-01 1.469040691707358848e+00 7.671405574138968619e-01
5.780212883141760960e-01 1.063210320985998214e+00 9.351692893144913921e-01 -5.915716367751017168e-02
1.771808377430597603e-01 3.219905165028738581e-01 -4.763117460431366412e-01 -9.680777843448294673e-02
-8.415823961685964250e-01 8.346912430850330633e-01 -3.956617148350038415e-01 -7.654985005446445223e-01
-1.067693914500112973e+00 -6.912762197603904424e-01 -1.309857059367915078e+00 -9.214925482621670882e-01
8.135626835238053411e-01 1.320846436368136922e+00 1.534271567927690150e+00 7.419952357467499704e-01
-1.615913762254069796e-01 -8.757348700945825903e-02 3.217919039428354666e-01 -9.613371204452629826e-01
-9.582661297233255882e-01 -1.548315055255714112e+00 -2.343878985408293314e+00 -7.619260325893425501e-01
-3.460328141229431220e-01 -1.061324555432885397e+00 8.147755549962154564e-01 -9.691501696001003641e-01
9.627499857335203304e-01 1.265530639267672175e+00 1.126749245643339226e+00 1.017744492843740023e+00
5.947895468003859820e-01 1.675364239337944205e-01 -7.566531116200808649e-02 4.203352454186669307e-02
1.818944371359195178e-01 8.127955157376566264e-01 2.497223586812616636e-01 -5.817278685146571870e-01
-5.650564856873716568e-01 -1.335063168698064073e+00 -1.237177314486893609e+00 -1.101047857685139020e+00
-1.041633061510478742e+00 -8.378221754890019524e-02 -8.464075432752869999e-01 -5.131773652288591503e-01
9.942950034623079247e-01 1.404668583362834733e+00 -1.801931175133364704e-01 8.530421713361368008e-01
-2.261557918024420522e-01 -9.610902105744794088e-01 3.966125101874676262e-01 1.789236454232018936e+00
4.578982954977938169e-01 6.661883959474109718e-01 1.035121464914922296e+00 -6.235095834951099869e-01
-1.481636718546526454e+00 -7.030206629583661826e-01 -5.654619052265364987e-01 -6.196555446425926483e-01
5.519431734534576695e-01 1.234762860367586285e-01 -5.101719834078441984e-01 2.525315377977311648e+00
-6.636775959889446019e-01 -9.624554982027393457e-01 -1.178039318982642580e+00 -1.172740888647817864e-01
-8.260466010416175342e-01 3.762269814362664833e-01 -1.113706502031710954e+00 -1.428389435352334758e+00
8.810612135619814156e-01 7.889667739409957914e-01 5.757837471243779648e-01 1.040421355585958052e+00
1.228457923923991002e+00 7.796394553359186075e-01 4.459199226595503274e-01 1.976574051389665687e-01
8.143010146759542822e-01 6.923562238127533019e-01 5.924249065833072647e-01 1.073022277571043182e+00
1.291603901349759775e+00 1.401452746865731180e+00 -2.166059975003110927e-01 8.984303030297569048e-01
-1.083700369879607786e-02 -4.043250890072635495e-01 -3.223148788274876608e-01 -2.623572067577748523e-01
