-2.788616833213600987e+00 -2.323810253441790596e+00 -3.277436507410409483e+00 -2.844624472006324734e+00
2.030054411938039483e+00 2.398994346044133419e+00 3.706100908080706358e+00 1.786392487175681110e+00
-3.902095132016645262e-01 -1.352801672487867091e+00 1.165374248123279610e+00 1.741258625054243003e+00
5.225880414254056028e-01 5.082066452091302811e-01 -2.627648437165222561e-01 -1.337263225932911137e+00
-8.342196050966840248e-01 -2.915796815483289617e+00 -8.417798579303713558e-01 -6.480493116823763389e-01
-2.008316320795638266e+00 -1.357612234504404158e+00 -1.630117571066031390e+00 -1.803416339587001538e+00
-7.548156699652640578e-01 -1.588602942301837462e-01 -1.818825327907571010e+00 -2.113702727665105474e+00
-1.172231909189458410e-01 1.147974867128449095e+00 1.230505165723297045e+00 6.580358850811310889e-01
-3.448072828038364346e-01 3.671810998412145532e-01 1.891411506125951769e-01 -1.997898999393131092e+00
2.732880412689687066e+00 2.791606894408733552e+00 3.217643454825120042e+00 2.151500138246481342e+00
-3.337818079841715413e+00 -1.141417774343393310e+00 -1.972936709907185115e-01 -1.373138885379088681e+00
1.517164450765811301e+00 1.294840023183324806e+00 2.215986567338780855e+00 1.775249507149439410e+00
-1.289581326616436652e+00 -7.233171274560761255e-01 -2.744723990053669738e+00 -4.433895411347870130e+00
1.834252962384027297e-01 4.967776823868785829e-01 1.747877280417895696e+00 1.214890494855270342e+00
2.394948437479477832e+00 2.532279240395195696e+00 2.196950659318507082e+00 3.350269212241109074e+00
2.216572336738364957e-01 1.766134693938197220e+00 1.019381439101325393e+00 7.579346220189991934e-02
-5.428686170617744722e-01 -1.362840655475955121e+00 -9.196383555469945792e-01 3.330955325968227299e-01
-1.524197917501236788e+00 -2.349843527274123378e+00 -7.476585802515234302e-01 2.870825939962654005e-01
3.299229869458648601e+00 1.635941468176506763e+00 7.672230303880644975e-01 1.381485961214314884e+00
-5.636614393072957307e-01 1.445909422255284182e+00 1.448841119389925047e-01 1.435183188239703034e+00
-1.488727922490650890e+00 -2.329730302425057964e+00 -1.749763137114934253e+00 -2.657867589940785980e+00
-1.794652250910416802e+00 -3.549740891557043199e+00 -2.049029120544608951e+00 -2.543958591738123332e+00
-2.462747212288289855e+00 -2.257503301259897288e+00 -2.072493041311058715e+00 -2.438855185996476216e+00
2.614977774747795913e-01 4.040790016576333715e-02 9.648105566163486246e-01 -2.916726788526483038e-01
-7.337088809597256400e-01 -2.075690371644484777e+00 -4.134592939039755111e-01 -1.621204613801978445e+00
2.187274116736771745e+00 3.653397061929435807e+00 2.528712343334426293e+00 3.041332881542924582e+00
-1.603075869952059973e+00 -6.091853883139758397e-01 -2.121402259109832489e+00 -2.453171557995711183e+00
-3.267930644714757804e+00 -8.864608460834341175e-01 -1.383572643861099127e+00 -3.093943699699520433e+00
-2.355995542145168375e+00 -1.414451348484018434e+00 -2.066197029341047209e+00 -1.012011772836243217e+00
-3.127301535219247253e+00 -9.208949940090690456e-01 -2.423077832022593636e+00 -1.578902065640633845e+00
