-2.363377653698890968e-01 1.289808137772914358e-02 -1.914230380227911754e-01 5.884885507425658552e-02
-4.587532673062012095e-02 -3.166832703255685333e-01 -9.301236685349316413e-02 -2.884524013620997640e-01
-1.881906472590446078e-01 2.536314455370043963e-01 1.685537317380195743e-01 1.666605748571707568e-01
8.667831280702548158e-02 -1.778580801800923039e-01 -2.277077011440763465e-01 -3.827102519161462157e-01
2.450491601902318739e-01 -1.184006676783425499e-01 1.877090150118475853e-01 6.436857717073249940e-01
-1.586206722903908406e-01 -2.671652262465852579e-02 -9.295626068014103960e-02 -2.769545049754757460e-01
-3.147156084910800455e-01 -9.188947894696208873e-02 -4.662683125863904543e-01 -1.016134049039078280e-01
-1.939900533405667371e-01 -1.877686994197294290e-01 -6.284707953508388012e-02 1.744321578641902792e-01
2.228620981901437148e-01 2.446149757839674310e-01 1.966876401830823171e-02 -3.633120126387806015e-01
-2.551559376708908977e-01 2.036072844202550247e-01 5.386204423661505869e-02 -2.547059883336149633e-01
-2.864970782290702234e-01 -1.606624526410401765e-01 3.276982487219878282e-01 2.810604478368087800e-01
-1.248873869438050094e-01 1.211515047042762555e-01 -5.371890358984124370e-02 2.083631017684483069e-02
-3.895493939027691033e-01 -3.595602893665343636e-02 7.062738475415446249e-02 1.148177312099221414e-01
-1.509470018829686400e-01 -4.654476533540756189e-01 -1.877862190325381708e-01 6.940390438060355383e-01
-2.661434600044536025e-01 -4.532653371805815956e-01 1.017279674611917123e-01 1.498315546257335817e-01
-3.990160773908371650e-02 -3.915247389303693759e-01 4.303703833920837218e-01 4.217470887297424809e-01
-1.196040668730813661e-01 5.610218501494294852e-02 6.309807876263308080e-01 1.045353301414994884e-01
-2.820647744420188424e-02 4.752006115285342669e-01 -1.494277162990470531e-01 -1.529107831226202974e-01
1.444048097676836340e-01 2.858358175143708158e-01 9.311686340893837732e-02 -1.259002484792543508e-01
-4.743423520761336915e-02 4.408636822320713758e-03 -3.052284066582921507e-01 -1.012443824107948365e-01
-5.121226857511901320e-02 -8.157013505674927389e-02 1.283733636767273867e-01 -2.643118780146210267e-01
-9.160470265299308634e-02 -2.962660184917458306e-01 -1.680071734916232795e-01 6.824726592645456724e-02
1.342642322190863435e-01 1.349381335971549245e-01 -3.899468832678623653e-01 -4.873918510268556575e-02
8.727746670269723173e-02 -1.272742271795829216e-02 -2.904106196429799835e-01 7.408210653155933301e-02
5.601839930295107184e-01 -1.017004455429971685e-03 -4.637190173331004472e-01 -2.440231961373235531e-02
-3.400974028496376311e-01 -7.320178459748705180e-01 2.909163903479579719e-02 -7.675755080727078572e-02
9.154271332417121890e-03 -1.122449182744799934e-01 4.043985666527413758e-02 9.173143849575952913e-02
5.379159730013460816e-01 1.935023711695863513e-01 4.385365664869312896e-01 6.144962135651261398e-02
1.858784823043614087e-01 2.852217772595321277e-01 2.065357941650062534e-01 -9.776756085463306212e-02
2.100540846001901565e-02 -7.527535002471386072e-02 3.606737826462896312e-01 2.974239760454674975e-01
6.661867518563757695e-02 4.057674427200668177e-01 2.914691442464820148e-01 1.066561744179527899e-01
-3.926961477867073058e-01 6.558210830901350930e-02 4.537007411539369789e-02 -8.536308676344273039e-01
5.331834245240409803e-02 -4.039583390096755655e-02 -1.518715232785851077e-01 -9.133956110720159449e-02
8.289890322721010785e-02 2.394952734254318302e-02 3.434842978090877352e-01 2.758692311966516944e-02
3.089990209366397789e-01 -1.955517404782387281e-01 -3.127852509943224169e-01 2.276431636809964909e-01
2.755509112097130897e-01 -2.338022143131894270e-01 2.351475887241508828e-02 -1.779971750025697019e-01
-1.682073064113219496e-02 -3.882695076622503377e-02 2.356723322725528813e-01 -2.930650657279776916e-01
-2.332132172307127271e-01 8.872952051811137941e-02 -7.312583485468196476e-02 6.253173893697216990e-02
-1.656912131024936286e-01 8.425205238033743604e-02 9.039894277951100732e-02 4.508641460370644283e-01
