8.054364814216036228e-02 -9.409374397911260401e-02 1.436077408596132532e-01 -1.059603538440269249e-01 -1.049604454178472701e-01 4.423693172985957399e-03 -8.781382491674443250e-03 3.676112455518616793e-03 -5.196967470627962549e-02 -1.083521667049369835e-01 -8.220671359899454911e-02 6.833417195808072497e-03
-1.644688424642297697e-01 5.481070091171256521e-03 5.202734813870821956e-02 6.088327903119923612e-02 8.548250331518958411e-02 -8.855013078372271640e-02 3.548787228436905278e-02 -7.654977491248525501e-02 1.153162356316712323e-01 -5.618263168545043623e-02 -8.217561853699018037e-02 7.941349723677174066e-02
-8.234618839262988765e-02 -1.372506187282233059e-01 1.037050725416410052e-02 5.197639122539707973e-03 3.487760510296096517e-02 -4.407395589746779252e-02 -1.339413053349715055e-01 9.016844359765989123e-03 9.066891365169517381e-02 2.024522753884110404e-01 1.398091461102160885e-02 -1.852188505401651183e-02
1.386167710362296301e-01 6.005015644985187834e-02 5.501313594341211699e-02 3.811438906158293172e-02 8.901287945244645838e-02 2.878702987324615048e-01 -3.047772672120176163e-02 -1.226572836367215320e-02 1.690962352493578986e-04 1.154026203828826397e-01 -5.495871412497121966e-02 3.927732721579994118e-02
5.607985827415433444e-02 -4.977453833877330119e-02 -5.061046592870679928e-02 -1.490875826553262617e-01 -5.587845415720825437e-02 4.249050526762658542e-02 8.690516527503484856e-02 -1.449557460699019695e-01 -1.558799318734399066e-02 9.168831636528376738e-02 1.802042023477801527e-02 3.099347049335796772e-02
1.077914204909399543e-01 1.137395164532165881e-01 2.926613895032090934e-02 1.666434920318336094e-02 -6.206658422623881344e-02 -1.036884616262853803e-01 3.684030990876190070e-02 -4.033664044925327347e-02 1.820725196039530563e-02 -3.590158024003284321e-02 -2.485546044072337035e-02 -3.354829522618124615e-02
-3.728498603761247476e-02 6.557430632913743840e-02 -3.902494322504126978e-02 1.196016496409391290e-02 -1.559575330647600122e-02 -1.474514124245664415e-01 4.434247551714743524e-02 -1.247977285105875411e-01 -1.792377818046248517e-01 9.600891540562917631e-03 -1.135755935313365605e-01 -8.057464628928349970e-02
-8.399403164734361299e-03 4.209497973120158998e-02 -8.706379735796988817e-02 -1.969350484470928572e-02 -1.524442279610138951e-01 -1.024868252355689707e-01 -1.123777387562365365e-01 -4.277986558178768772e-02 6.614711188820590615e-02 -2.476630482883937848e-02 -1.944330660765326846e-01 2.950653248572353629e-02
1.336862936946534540e-03 6.229727669647656951e-02 -1.398813228262300035e-01 -5.918063950893020023e-03 -1.362569472059723674e-01 -1.049239752004904741e-01 6.809956852024356966e-02 -4.799750708896577400e-02 -1.782552578224323378e-02 -6.168125102012957106e-02 1.145423076920342731e-01 -1.520528035126533783e-01
-5.083634379910861867e-02 9.666110983381129285e-02 1.391198085431262672e-02 5.641271616670189004e-02 1.651152764754889798e-02 1.302622976822916390e-01 -1.519645616336320337e-01 1.231356513013371345e-01 2.255131448713132425e-01 3.088289076026370233e-02 2.383352729088965630e-02 -6.891815649585318615e-02
1.699116080926632577e-01 5.337070832464073378e-02 -8.726185620953896827e-02 7.894772812672971873e-03 9.552865503525917457e-02 1.109806413364943789e-01 3.215867593178578510e-02 1.521237934596191832e-01 -9.792582537416316679e-02 5.920945532137170814e-02 3.774730151150652163e-02 2.057123279454200343e-03
-5.119921256738364096e-02 1.266757811670836953e-01 -8.807939011805428209e-02 -2.358721217476193177e-01 -6.935039855755002758e-02 -1.987679099723501513e-02 6.868624253164659632e-02 -7.911561831033148140e-02 -5.215031803371629471e-02 -7.822554641146745036e-02 -1.947085384945395348e-01 5.354538057488125724e-02
4.162725730314109640e-02 2.228445644885762925e-02 -5.113108179597665448e-02 -1.217453228330139976e-02 -2.021240471718656340e-02 3.689203355271108986e-02 -5.411851248342537148e-03 6.623699106623799626e-02 1.025184843070108542e-01 -6.794701181662055056e-02 5.462012623859659188e-02 -9.000173351328711875e-05
6.503846427605647351e-02 -6.553483014781304183e-02 8.899497511541004657e-02 -1.524423336759499377e-02 -5.718452913332031096e-02 -5.341625199733446988e-02 -4.063869492098444447e-02 -1.020165629028224608e-01 -6.310351972659816733e-02 2.147168287970292744e-02 3.818205354061131318e-02 4.963528076999667096e-03
4.183910797618652089e-02 4.305242680594956878e-02 -1.509135090040459454e-02 -8.135951330138842252e-02 -1.908586156047907545e-02 1.590668013403384595e-02 5.011392801056266822e-04 4.350109599466807364e-03 4.614023481454487818e-02 -1.590170387144390629e-02 9.689157109479824836e-03 -3.308627722333272458e-02
-8.495764082169615650e-02 2.447163112009504565e-02 9.203271406816190825e-03 1.886005738143520516e-01 -1.152126189363147507e-01 1.030521474401943083e-01 -8.387735454775555044e-02 7.187016850460149764e-02 -1.937954316486045214e-01 3.677557456929816254e-02 -4.499177814011363560e-03 1.516058957252603909e-02
4.250177910293395644e-02 -8.893390265431697084e-02 -8.458139776525894216e-02 5.974073760095130470e-02 4.172840677592893482e-02 5.547879787956894182e-02 -8.308860418173995288e-02 5.102956664759404626e-02 7.629328874817632288e-04 3.400838305491053065e-02 8.341855769051675917e-02 -1.165947437741400028e-01
-2.220801636983784078e-01 6.310242790867663654e-02 1.010330326551130697e-01 -8.802326361439628821e-02 7.922270024833016899e-02 1.061962315717509542e-01 6.165633798857132059e-02 1.087296461274696591e-01 5.652905006192862625e-02 -1.438317031683494507e-01 -6.347825410510629651e-02 -6.680883194748699072e-02
-5.752211570797982620e-02 -8.979977636212700676e-02 1.024052309298881802e-01 6.883811960689312226e-02 1.217029856835556353e-02 -1.473029078464249964e-01 -8.460937279334865280e-02 3.875868707795997181e-02 -1.411276278687786934e-01 -4.362563860781915048e-02 -6.408075630714547832e-02 1.215606082536291044e-01
-2.823002478213186561e-02 1.151415650146384029e-02 -2.312528271046972173e-02 8.199496111377604923e-02 -6.131510507937643767e-02 -7.626595735066748691e-03 1.225433545150593495e-01 7.417419471502453843e-02 8.581922048774451306e-02 3.842422342096506876e-02 2.154217566245352627e-02 8.118058053852547640e-02
-1.739986213566429296e-01 -1.138078168292421394e-01 9.424184604464032333e-02 -9.034571806568109098e-03 -2.516504716181847470e-02 5.189895708068251873e-02 -1.341125859325435488e-01 -1.078092850726403151e-01 4.550826964863677326e-02 1.206426834317027713e-01 2.666271887262120638e-02 -3.392634470263328206e-02
2.989970979773264731e-02 4.349125226284733525e-02 1.116938048063087774e-01 3.276991315476307336e-03 -1.873308654622327651e-01 9.786524439343238443e-03 -1.581197019754553013e-02 -5.135115661516554547e-02 -1.128951353131766588e-01 8.529237937865726329e-03 1.063031695581024595e-02 -1.369696015146492675e-02
4.309640762436803968e-02 2.215187642911014068e-02 -3.268495556952409620e-02 4.167861293121908478e-02 5.493624136808981928e-02 -1.256777305267187950e-01 9.137243220680703326e-02 6.771283426680232975e-02 1.041525746488822235e-01 7.979594864509054197e-03 4.902674733755503500e-02 -7.137492841787929088e-02
7.968659446239749478e-02 1.162490946501099770e-01 -3.988263920538827334e-02 1.210715551422988645e-01 -4.933787131600801679e-02 -1.363064170302434874e-01 -7.239714470491045994e-02 7.022665220364281147e-02 8.231121914128372574e-02 2.226323205412516354e-02 1.980054047113747329e-01 9.612844689773432372e-02
-5.299819589037435552e-02 -7.000369440246026476e-02 3.325379930124559152e-02 -3.204317853295150786e-02 -1.083319005895519993e-01 -1.011951599476821895e-01 -1.970784126825848026e-01 -6.626251196780587327e-02 -2.643043121358057759e-02 -1.597852244017159973e-01 -2.673508966815484056e-02 -3.845711451197422748e-02
-1.136319374628431689e-01 -7.127174725827345458e-02 6.693722409257779615e-02 6.069148948368992269e-02 1.296897537757863567e-02 -4.581456941940887512e-02 -8.141697958011562264e-02 1.039558706343162442e-01 -9.765154125355135495e-02 -4.759479880916059336e-02 -5.601210158453779481e-02 7.585507938064337159e-03
-1.038450462959477315e-02 3.587272090237075828e-02 6.828037006828908961e-02 2.098483666998533087e-02 -5.614727140893496782e-02 4.916009360570805509e-02 1.487108635170293347e-01 -3.424890407402209069e-02 -3.356562908603321488e-02 8.065196799945001382e-02 2.337614089179988752e-02 -1.322093899130728431e-02
1.605374117865798755e-01 -9.796756189167624140e-02 -1.290714653272911350e-01 -4.334910581270626923e-02 -1.527839356965005890e-01 -6.736091818370625213e-03 -3.550041035058715353e-03 -4.856454729079767718e-02 2.964715829196581010e-04 -3.127326658991210276e-03 -8.197081672430912760e-04 1.590971743127946926e-04
-9.322091728212385242e-02 -1.863059638095277554e-02 9.579271312377657388e-02 8.605010522918173088e-02 1.615219159796040319e-02 -1.160909412577910450e-02 -3.390862377972485991e-02 -1.760513499654651429e-03 -1.572644595255276098e-02 -1.432395967246514676e-02 -9.431642711526351530e-02 -2.861299748353249989e-02
1.187652560667805945e-01 -5.094461556038849814e-02 -6.057453619652608534e-02 2.760182871506919669e-02 -5.340290184777899546e-02 6.117775297075737917e-02 -2.517135020676405238e-03 -4.798927455671477688e-03 -4.764147361123589886e-02 1.454219413869607680e-01 4.342995390106385578e-02 -1.165630713364682880e-01
2.073063713090421770e-02 -1.443661788582034644e-01 -8.645324027554948665e-02 6.462460307874814958e-02 -3.702641463818998405e-03 8.247777831269761939e-02 -8.581729731307759235e-02 -1.707347487167789057e-01 1.039215171712806335e-01 -2.923377267001357055e-02 2.335973528903919488e-02 2.542208709858345510e-03
