-9.137333313467494236e-03 -1.910700166390704932e-02 5.104507389579419213e-02 -7.734674988561156261e-02 -1.854126791083799200e-02 1.554995061633364095e-01 3.877864956513295963e-02 1.123519109950856243e-01 1.058541789194331756e-02 -4.827249742038464825e-02 -7.400100902387241053e-02 1.978152871474005425e-01
-3.737382603215205767e-02 -1.658979180695485112e-01 -1.803823997933313647e-02 -1.140928860524913560e-02 5.449589703459113699e-02 -6.625211436271805088e-02 9.560260271943277210e-02 2.423467455946615515e-02 2.076986751350019811e-02 1.401273765669044380e-01 7.312122913384062894e-02 2.216300136525555312e-02
1.471943136989890544e-01 -1.662501461819357873e-01 -1.156535418998955872e-02 -5.039849308930122868e-02 -4.030759769904639078e-02 -3.123492846950163410e-02 1.957510937798728756e-02 -4.064061981983678462e-02 -9.995225893901446557e-02 -6.832916734454472230e-02 7.118270563076734003e-02 -4.034871575277921424e-02
6.498763944139329674e-02 5.364136850292173381e-02 2.333800983104879212e-02 2.876258090196757988e-02 4.756320680653923494e-02 -5.683348865039389991e-02 -8.038491187075935684e-02 1.530294863282892770e-01 1.193234267319167458e-02 6.387944590245731025e-02 1.165264236667025999e-01 -1.682854296336887823e-01
-8.183120518081715700e-02 -4.576867372494539815e-02 -1.315045782417106554e-02 -5.233386843880034889e-02 6.495938674244666755e-02 1.945549075251087889e-02 5.970242173181827990e-03 3.149479770601763817e-02 4.746310974447826361e-03 6.351413011274628651e-02 -5.753217665171668493e-02 7.931176579210250099e-02
2.308477296087719025e-02 6.411521901785241506e-02 -4.618556233421262924e-02 5.223266602106300949e-02 -4.046400016036859337e-02 -5.420082902470062247e-02 1.807227795296623488e-02 -1.400243824294470363e-01 4.223884809950365776e-02 3.530148851129426280e-02 -9.088059060712717907e-02 -9.933487736353976971e-02
1.029616255024647653e-01 -1.899348656093470256e-01 -3.932808882646661452e-02 1.439791578856618459e-01 1.098439411993792636e-01 -3.077028818063208548e-02 -9.262755214745774235e-02 -2.173129361992717085e-02 -8.543658462708916823e-02 1.613293395062970551e-02 -9.193064162194572800e-03 -3.294593986173693922e-02
6.251073057529285548e-02 4.558554794028588097e-02 8.183672608789469005e-02 -3.182044928770225850e-02 2.998667049246020455e-02 -4.165096233573678530e-02 -2.807672349841807205e-02 5.534806961499842692e-02 4.547432214739235978e-02 -1.998870197448304915e-04 1.339718814696039956e-02 1.393127291473659213e-01
-1.165143067163593310e-01 -8.518585255782912605e-03 8.037614311955967872e-02 -1.226371868304052815e-01 6.108812410484491806e-02 4.965249471446754603e-02 -2.357782331784174235e-01 4.496324093411945000e-02 -1.891109718952948063e-02 9.933528231642632655e-02 -3.277838243332386464e-02 5.605104663161827871e-02
3.496736402373900113e-03 -2.304505141596552287e-02 1.927127249671797132e-02 -9.298864506101263416e-02 8.937857973049440075e-03 -1.356351918761267983e-01 -1.025933997879390769e-01 2.776226960402392030e-02 7.398599177824882051e-03 -7.715480531374770135e-02 1.619994518486431168e-01 3.065929113077263402e-02
1.198662790348532445e-02 3.467754926865631443e-02 -5.909598094034899246e-02 1.288275514463317062e-01 -2.073007855608768879e-02 -1.782999877228858693e-02 -5.784248212927373817e-02 -1.865048397622587339e-02 -7.112182867959866706e-02 -1.581115050667561417e-02 1.479232272007347145e-02 4.488941519841460615e-02
-7.410712233686328476e-02 5.576309628397525114e-02 -9.482346067202181150e-02 -4.263272400930811362e-03 2.417213896523555394e-02 -1.486154085841185357e-01 9.299129424989738268e-02 1.352334099060845674e-01 -6.187770878259159224e-02 1.531561757640308719e-01 1.020006629907648996e-02 6.529232729997450080e-02
-4.004671177832705431e-02 2.857173644372469970e-02 5.809363810802173345e-02 5.983848198320205342e-02 1.615756460590291876e-01 9.884196023357910699e-02 2.340104539392802441e-02 6.563290577725300334e-02 -8.951037370868067389e-03 4.817296147303824078e-02 4.299706552650357089e-02 -3.434413625701837613e-02
1.826989476738496640e-02 -5.645873419536348581e-02 -3.532307453797668695e-02 2.376893394138716170e-02 2.705037278475713042e-02 -9.055692876086508802e-02 -1.590041183060572627e-01 -1.038466524329135499e-01 3.384491482629412712e-02 -1.806518104154253984e-02 -6.975964450413288387e-02 3.122614143569399370e-02
1.177751239537657424e-01 -9.738026675861256171e-03 2.633851607221746743e-02 -6.775826176532129264e-02 -1.982067851586116411e-03 -1.603663502014682773e-01 2.919548903211522523e-02 -2.289875480083482587e-02 6.063649293027156828e-02 -1.950213457527351646e-01 1.075894486722995397e-01 -1.143843369902270563e-01
-6.742014349779491822e-02 -4.009780435339770771e-02 -8.536042912453864484e-02 -1.654823710066979370e-01 -1.412603708321663876e-01 6.741855569777879809e-02 -1.109339699776157318e-01 9.892731202358907849e-02 2.815068145257945686e-02 1.013380271009984290e-01 -1.423933539780819491e-01 -3.491156400365817702e-02
3.420962084118681079e-02 -1.559131292048177575e-01 -7.876015952558994282e-02 -1.018415304111044625e-02 -9.880454311617394014e-02 5.695068945328801702e-02 -3.181532663797335958e-02 -7.889872465937328161e-02 1.402482259758393024e-01 1.029362337864796473e-01 -4.602078439928883324e-02 -1.873126856939871798e-02
-2.226756634661536741e-02 4.080551189828160452e-02 2.000420646614664566e-01 -8.566417764841041671e-02 -5.094068487550318901e-03 -7.500274258964440000e-02 1.260278549296571238e-01 1.054813135480531794e-01 1.009760063837806393e-01 3.372710158578510337e-02 -4.211452288781020875e-02 -9.526662568076654791e-02
6.173309796814600847e-02 9.322241167803010931e-02 -1.158050603964701081e-01 -9.832241612926546914e-02 1.791699839884637879e-01 -1.669228745551980253e-02 6.569656271445123430e-02 -5.103801317126122061e-02 -7.214620297104815116e-02 1.241759671623889477e-01 -3.075388177316608351e-02 1.364212748710471601e-01
-1.261222157308854452e-01 -1.173950692482029767e-01 -9.294952121551272595e-02 1.079373436395495156e-01 5.324631711146332602e-02 6.879484182874001652e-02 -1.896925085172931624e-01 1.217850799115405835e-01 -3.943154266727259133e-02 -1.163747590685529631e-01 -6.147673269129156487e-02 4.948246214423394906e-02
-7.975595085770785519e-02 1.124791923593508047e-01 1.153043660050999675e-01 -1.127617548081874810e-01 4.670620686434902302e-02 -1.407837299660493757e-01 -1.109147097485566925e-02 -1.728743238732675155e-03 -1.389684963630921817e-02 -6.013275454949315590e-02 1.066076427951710148e-01 -9.595537770273548928e-02
-2.900493143424118583e-02 -8.126986975055652818e-02 -3.312323426624526335e-02 -4.750915030133482514e-02 -3.023541429109001880e-02 4.742601159991217258e-02 3.033832134635582045e-02 1.687006144064722574e-02 3.707242397959806084e-03 -6.066987079125252258e-02 1.296476954369018553e-01 -4.369115431274090897e-03
4.274839911445761642e-02 -6.318827072648626475e-02 -1.179104950902219034e-01 -2.473544127611862486e-02 9.347509286796626404e-02 1.709431106524329433e-02 -3.760626057205012501e-02 -2.374873240091371698e-02 -4.954282706117413976e-02 2.185079425665772956e-02 1.506848306812005878e-02 -7.369125596852699189e-02
2.124501249234263950e-02 -1.867940654427879127e-02 -7.890834483009940420e-03 1.989282845647571962e-02 -2.331844164906911321e-02 2.820184968147401716e-02 7.514238976416885707e-02 6.085320195849097669e-02 2.491264468505839658e-02 8.590596638777976690e-02 3.543906183581500141e-03 -8.304131817656050518e-02
1.780749544468707493e-02 -5.642179108345858618e-02 -9.878034633098171924e-02 1.955986363287064850e-02 9.595039523849031513e-03 1.742919767633031511e-02 -7.751835819906924274e-02 -1.057421535334006762e-01 -3.124234522354161006e-02 7.135259127184771788e-02 -1.898596047616992258e-02 -1.193882825941789544e-01
6.047994009919238634e-02 7.910110088620314617e-02 7.230418376246577905e-02 4.473582653198383136e-02 -1.285452142279519538e-01 -5.204289749183875491e-03 1.832416572436629809e-01 -6.990027109861128574e-02 1.302593357448977342e-02 5.942476516023312283e-02 -3.769397110413920393e-02 -1.820006373998049043e-01
-2.692698626723275326e-02 8.513777570335989697e-02 -3.351649511878384419e-02 6.520330565506463061e-02 -4.083701638297700109e-02 4.798884296899978349e-03 1.351324358792304892e-01 1.457091080440128805e-01 1.179604674592391739e-01 5.564350885225836235e-03 4.116095563237327608e-03 1.184761350668506463e-01
-2.418445796146475452e-02 1.053981070313138313e-01 -3.257342153171487453e-01 6.545346720740409519e-02 5.967878307558894396e-03 -2.334391870765742394e-02 -1.182823501889943008e-02 -7.231608713600056262e-03 -6.402462583005937014e-02 1.542433025296659210e-02 -3.449723827775956486e-02 3.363798176575075183e-02
-8.079465230891583194e-02 3.937274119891359669e-02 8.880849901770111743e-02 1.407511985716545788e-01 7.483378410579272222e-02 -5.443545209778143101e-02 1.238667523854732923e-02 6.001973347974183179e-03 1.284312702449586785e-01 -1.756059239623170704e-02 -3.808515547126976875e-02 6.489535183643795058e-02
-7.477165077215329470e-02 3.064132038745386727e-02 1.175641862437187268e-01 1.051995139702035509e-01 -6.819288101890924603e-02 7.581025776838135055e-02 1.403595565597168804e-01 -9.016576421563426633e-03 6.394954671207553343e-02 1.101398014935395520e-01 -4.441858036215891314e-02 9.104445696585918013e-02
-4.273126076830763981e-02 1.574346962664416316e-01 -6.821956873677197976e-03 1.264360024858172948e-01 1.359897693937941188e-01 1.362637198780942138e-01 7.725575620172991931e-02 -8.978582940826559597e-03 1.510251603736184056e-01 6.153373769148030165e-02 -1.496310735007474330e-02 -8.416605289986306415e-02
-4.507597791321023284e-02 6.056394215983672280e-02 1.108343451003071245e-01 -5.449852134716207802e-02 4.598737263394762909e-02 -1.074247854551172165e-01 5.956801157188366946e-02 -1.001822724489024978e-02 -1.585457568981628873e-01 1.278937977052564158e-02 1.710423329215199351e-01 1.375798265246447501e-02
-1.987509033400201575e-01 -1.081673528791026462e-01 2.684571404102352732e-01 2.849747699532226286e-02 -1.005496784554413270e-01 7.948775995399540162e-02 1.664750220702389261e-01 1.978872978526481988e-02 -1.140953484274933412e-03 4.185667202569147427e-02 4.980796408219876487e-02 2.995880831861709795e-02
-2.352894641875347137e-02 7.019547610347467992e-02 -2.996400614144806296e-02 -4.664855871204637988e-02 -1.460353293849525891e-01 -1.075464485098078793e-01 -8.277562787995329519e-02 -1.872417878289154292e-01 -2.083471419091025012e-02 -8.833712808379075992e-03 9.773607652996377237e-02 1.640890479876938035e-01
4.461853026874970131e-03 -4.139384850070181726e-02 -7.749428484662569672e-02 -1.411986959810787590e-01 -2.273224775888808141e-02 1.588523486164141602e-03 -5.684591620702120901e-02 1.096156083558081085e-01 -7.258527135261849325e-03 -3.391720332472505928e-02 6.656268048929755987e-02 7.637440990959404319e-02
-1.141845169512389485e-01 4.526337020484638707e-02 3.189202911050049299e-02 -5.300154164976027260e-02 -6.620089007969062744e-02 2.613627392797930604e-02 -2.569069230353515990e-03 7.962350792206614181e-02 -1.388652788939375160e-01 -4.748427266637612193e-02 -5.189728797982676167e-02 1.582207496463691049e-02
1.754816010101908907e-01 -6.462309250676484540e-02 -3.792499879183275358e-02 -9.812627616576725942e-02 -1.601817634216192235e-02 -8.452727606925561354e-02 3.937291580182025741e-02 -3.388301295929682655e-02 1.383171106121861560e-01 -1.438141677510624272e-01 -4.864347651379892501e-02 -8.073165041732038860e-02
1.795185824921946430e-03 7.993406182113799163e-02 -8.915660744756127853e-02 -6.699318929019612567e-02 1.348478643476191396e-01 -9.995087333078409020e-02 1.595688870932208264e-02 -1.330979946412235160e-01 4.910627987573568803e-02 5.419787289548622100e-02 2.154550660660509848e-02 2.861135269231487172e-02
5.698680751324090160e-02 3.045536097636492370e-02 1.833609654236671022e-02 -9.073426675389568985e-02 9.109547734148892850e-02 -8.417157389379878452e-02 -8.183854846970742281e-02 -2.845706738070421030e-02 2.226028144756345487e-02 4.870710015496244188e-02 6.621992021046425869e-02 2.648640915623587389e-02
-2.433051541320656319e-02 8.037468095544875180e-02 -1.165049284505350197e-01 1.170486444499940354e-01 1.263373876901483506e-01 1.141574660267992147e-01 -1.223548589534032144e-01 -4.677089158340589498e-03 5.772884875635952984e-02 -4.866778601526895731e-02 -1.127668811916497649e-01 7.995039672144592380e-03
-1.445718815812694902e-01 -6.399097893523722491e-02 3.816116712663125687e-02 -1.001054918097269431e-01 1.547635381146397204e-01 5.674298288886632513e-02 1.304014863908349864e-01 1.109663456395970915e-01 3.186190625159657230e-02 -2.132363925475623534e-02 -1.031474226308262132e-01 -2.865459636015644379e-02
-1.831063042036637500e-01 -6.628984242239953362e-02 5.453370611332440665e-02 -6.324978308158588254e-03 -6.553996930410663224e-02 3.275265892125845540e-02 -1.050570538966767893e-02 5.028975330768142675e-03 -1.215695673053656944e-01 1.481213290736815846e-02 4.721984957610457501e-02 1.165565142247593916e-01
-7.547774231386585042e-02 1.010809547250876711e-01 -7.417498200837388533e-02 -1.312481202836527916e-01 1.765649760713432215e-02 -9.645225027226294462e-03 -2.944979414786343119e-02 1.416372224167961602e-01 3.795119688754572396e-02 7.961534572420875255e-02 9.121791235070952908e-02 1.140367585170957467e-02
1.110771964089096314e-01 -1.168272739956475736e-01 -8.023163060794098744e-02 -2.695076761262592269e-02 6.492565586542115019e-02 -5.857495087102265741e-02 -1.466326203994609834e-03 -5.761849335386724780e-02 1.043483711760862104e-01 1.085425819398747604e-01 1.961202545303931122e-01 -4.157740342266745548e-02
-1.011485723779441265e-01 -7.709755829646243452e-02 1.323213042538345374e-01 1.736974204180522785e-01 -5.395976567685388525e-02 -1.430532763444286037e-01 4.144688420454602229e-02 -3.068621039935732001e-02 1.652838967885116306e-01 3.840936657239279323e-02 4.368339190664052851e-02 -2.631556696719389993e-02
6.184113027491990044e-02 5.526973409416142957e-02 2.167888145503938518e-02 7.585356902224821285e-02 -3.918952287127677736e-02 -1.557494020336399054e-01 -6.335220152649222169e-03 2.893108760737548094e-02 -4.930849609141053219e-02 -2.793599412904521767e-02 2.921099239716877863e-02 -5.326915285338509887e-02
6.345213173708289661e-03 4.820880313674918982e-02 -1.412404990236667546e-01 -1.322816097315851203e-01 -1.566226785658790879e-02 1.132578398346709321e-02 -1.637786391515846096e-01 1.021165431224746178e-01 -8.941786863357850668e-03 2.818321266304353069e-03 2.095682335521435041e-02 -1.218940542786590142e-01
-5.022502679872183073e-02 9.199240032033453168e-03 -1.818215826024384141e-01 -6.904193308050571298e-02 -1.509205871822704159e-01 3.763609384678232028e-02 -2.266555731312546590e-02 6.194192285730524411e-02 5.039304646432507528e-02 -1.780699783548373993e-01 7.504195963360583976e-03 1.025950419219609083e-01
6.593095358001516137e-02 -1.556645923969149636e-01 3.638135832495444089e-02 4.623590398187591571e-02 -3.825876260919007510e-02 1.209403442738718470e-02 -2.159942265553544544e-02 9.256999533069019612e-03 2.238523546894662444e-03 -3.535433914276919082e-02 9.634151202817277382e-02 -2.577617771211169334e-02
2.767723203947232945e-03 -3.476686848425464271e-02 8.175403654228508010e-02 -4.372597148904770054e-02 5.738370487519052487e-02 -4.978794149060683863e-03 -3.684868072402536221e-02 7.631012807536557974e-02 8.955006209996314859e-02 6.532328628175275431e-02 -1.027219554302949145e-01 -1.137236392421314968e-01
1.491013817532836350e-01 -1.380588499472901742e-01 -3.733127170494103531e-02 2.653956302421692226e-02 -3.878794362303847332e-02 1.759349089663015397e-01 1.088672788919048395e-01 -3.984875585504218942e-02 -1.054402955506608813e-01 -5.890892864434070508e-02 1.081747111694375679e-01 1.070807876283692318e-02
-1.862393346913256142e-02 -2.363751692096528051e-02 2.788817243143904695e-02 7.276008046401530316e-02 -1.034651751131604180e-01 9.884535866475847865e-02 7.141160029598232761e-02 -1.127369447061798008e-01 -5.333746093306432345e-02 1.060330805528447162e-01 6.030402956376997026e-02 8.125192178177212399e-03
-3.172247664598566719e-02 -2.105400440314562222e-02 -7.878508240700639320e-03 -7.150273429112907753e-02 1.162209925569920588e-01 1.133366735136086684e-01 4.391144198314694824e-02 2.009618959409307237e-01 3.352651711201648510e-02 -9.829437572293492353e-02 2.244720563421326587e-01 1.450766993263686577e-01
5.026316136969592036e-02 -8.223399023382450823e-02 -4.189635758956256062e-02 -8.239195814428698639e-02 2.035896549856077153e-01 9.474651549830712116e-02 6.062362499129619886e-02 -5.792734547940422973e-02 8.853290573671741825e-03 6.969699951384270009e-02 3.161114703882895310e-02 -7.986252247673036875e-02
-1.756333486631356244e-01 1.325315884596884319e-01 -2.947899844048052290e-03 -2.559140714099317204e-01 -1.343185606792823839e-01 -2.240356769224172429e-01 7.828082876044172023e-02 2.182434797847623842e-02 -8.893445438695979366e-02 5.465150553336772798e-02 9.794368455516036520e-02 -2.204512225083782306e-01
-1.218942369277214027e-01 5.443361986210985132e-02 -1.563157608245560326e-01 1.016994880172146232e-01 6.555015470811782763e-02 6.625901601170702815e-02 -3.496350357127423619e-02 -3.976805896909428595e-02 1.408834122244424780e-01 1.295432182228385409e-01 -4.507308680613528878e-02 -6.439281034778712286e-04
-1.935401808433353799e-01 -4.765632611387944292e-03 -7.328207874675721385e-03 6.777493834250451765e-02 1.645463040674244870e-01 -3.125184588996316598e-02 1.287515906044234444e-02 8.256213063910800010e-02 -6.918412709162519159e-02 2.563670563140204098e-02 -1.062817525154965970e-01 3.649499801675515354e-02
-2.128974819371721311e-02 -6.116878574351641840e-02 1.731536986482289930e-01 1.434431457439758542e-02 1.569208447455773536e-02 -9.377610708475397905e-03 4.698648664410162885e-03 7.313989159639865123e-02 -2.110400418849524978e-02 -9.029976432389905106e-02 6.971697589491385183e-02 5.227962794274144259e-02
4.102689558894321437e-02 -1.563852991663921416e-02 1.311097627010467392e-01 -6.690345318510226326e-03 -6.066070275607013396e-02 7.444912595539365796e-02 7.493215353328014361e-02 1.157849728413413437e-01 1.624068544043755224e-01 6.061941163825154688e-02 1.949598559750090766e-03 -2.287347304836840345e-01
-1.505253542185445645e-02 -4.048106170355762062e-02 -2.305058019749946577e-02 3.317674422690707579e-03 6.772492475483515850e-02 1.374007321316734198e-01 9.972832346908779011e-02 3.449597535426474071e-02 -4.831508222816428139e-02 -3.958472044071809082e-02 1.508749512403107819e-02 1.452365037891500434e-03
-9.416132995298416575e-02 -1.673149651139756167e-01 -8.360565265852472339e-03 -3.466669128949226297e-02 -1.322040179585814434e-01 -2.436259860240200248e-02 5.179966166077149686e-02 7.001892120181441026e-02 -1.393252387388421720e-01 2.265963370845554097e-03 -4.797553570566052278e-02 7.364083960753151081e-02
1.017234051440436271e-01 -6.711496287193705057e-02 -2.417960922359365522e-02 1.201701740140345975e-01 1.156556213440327052e-01 7.243857085717066158e-02 1.833500733259825141e-02 5.581508723445786913e-02 6.231831745484045504e-02 1.788146749109450484e-01 8.002403757599194090e-02 2.322700390189739311e-02
3.481445424632326202e-02 -7.629531032243261346e-02 7.969735457285634372e-02 6.656704194156844168e-02 -8.215713706561564300e-02 -6.451498568904322911e-03 6.331720640256095767e-02 -4.080503484372188794e-02 -9.301683695279908126e-03 -4.335352581503497046e-03 -6.656326821278750472e-02 -9.203994570538431841e-02
4.038312357666065666e-02 -1.496825218813888428e-02 -2.264570874082674073e-02 1.391479791603604799e-01 6.219611657324787546e-02 1.048985961960923474e-01 1.354791206508437762e-01 -2.552858552664612202e-02 -1.099600018341602981e-01 3.112553568554998762e-02 -5.258096727189257719e-02 -1.592369493185826976e-02
-1.782179799717875657e-02 7.193111890978994005e-02 1.779818541913067986e-01 5.902618535989687804e-02 -5.717720406575126091e-02 -5.660962818663239915e-02 -1.029698475891809850e-01 8.194174644875676372e-02 1.790672735161066564e-01 -5.743888925021309322e-02 -1.434401816322485868e-01 -6.234306910721171963e-02
4.470152709904296612e-02 -7.786982550138648630e-03 -1.478840093618277729e-02 2.025563743753398122e-02 8.105103983926879863e-02 -7.381520227151490421e-02 -2.966788788248727465e-02 -2.423934539622595377e-02 -5.182479771275895486e-02 -1.052635506616400249e-02 2.766501457264039857e-02 1.474226799069946201e-03
3.189490668668437667e-02 -7.364158991143818223e-02 1.335549431041892499e-01 -3.491768252511104342e-02 6.856361550928816162e-02 -6.622292292296430571e-02 -8.133308594912994072e-02 3.175471683636911513e-02 -7.076056521672841049e-02 -3.200486383060803519e-02 -1.455324218980068585e-01 1.434054764356633427e-02
7.448372776134402386e-03 -8.927813342484122727e-02 -3.176841153924872541e-02 -1.147310303254995001e-01 -4.613391036782869825e-02 -7.117369098837175007e-05 -3.189572281647187757e-02 1.657042263856827510e-03 3.696678903899784131e-03 2.374940118084806987e-03 -6.868874238913591501e-02 -9.303152026354412352e-02
-6.179025786806305320e-03 -7.390683897867812713e-02 -1.235463991184788599e-02 -1.531015020712338942e-02 -1.501392032329399405e-03 8.483611564625601065e-02 -1.912996318178690567e-03 8.828272565611453015e-02 1.098885927674174284e-01 -3.401275450041059412e-02 -7.983865928736143258e-02 6.772754467866925511e-03
-1.826175224452337292e-02 -1.303395734820425866e-01 1.474670184669370221e-01 8.561811814104663965e-02 5.145659367668264927e-02 -2.698448230728728303e-01 7.599299751531946034e-02 1.395674916787233155e-02 -7.934702675239213576e-02 -4.110607413038539631e-02 -1.386845833415983886e-01 7.206032115876979949e-02
2.140129032542261237e-02 -9.272999695464062553e-02 -1.636183322598168920e-03 2.480930171928392297e-02 1.002837578307820207e-02 8.519516035213528515e-02 3.316188466655041467e-02 6.389418940392774249e-02 -1.475350423252457834e-02 8.786938249785575250e-02 -3.396517982959158799e-02 -5.871880318318054709e-02
7.007943050017953479e-02 -3.157240083284965255e-03 -1.547857278334645037e-01 1.597418351987706375e-01 -7.517819168210167387e-03 8.840225654964975477e-02 -8.015670909824093582e-02 9.357212529841235638e-02 -1.908984477708175129e-02 -1.837619581001301988e-02 -1.279483729293705019e-01 -5.499430190488669573e-02
-1.463351923757089390e-01 3.213045155659587093e-02 2.003203685498908260e-02 -7.745064844447549501e-02 4.509513288763052075e-02 1.631537041379618191e-01 -8.709365845059009736e-02 1.045727452582428246e-02 4.878288527066696606e-02 4.808215316884232628e-03 7.586260359981789048e-02 9.342790728631297781e-02
1.015049382976134819e-03 2.807148325405749503e-02 4.188008983654127604e-02 4.119727834084922768e-02 1.179490837378692654e-02 -4.107321662297541698e-02 7.786745776994140333e-02 -1.434710127470334717e-01 9.164928648320461169e-02 1.038876733196798796e-01 -9.214207341079388991e-02 3.516227092110945501e-02
1.093585623564800879e-01 -2.215074651873884248e-01 2.354049735025905143e-02 -6.341750216173940025e-03 2.116147161621591624e-02 1.811479479922820102e-02 -1.150604109250506074e-01 -8.777458954143435577e-02 7.847670561699414404e-02 -6.258070748324565634e-04 -1.025315763105131422e-01 -1.874208879442811407e-02
-4.660640291029208293e-02 -3.320817174258196974e-02 -1.741236349707279696e-01 4.358240722950758317e-02 -9.448601595966515942e-02 1.167955618770761816e-01 2.712248899737878388e-02 5.154034289632914573e-02 -6.986734308544775840e-02 4.864359376562180787e-02 3.797644388542154720e-02 8.931664794984611744e-03
1.408663534614572332e-01 -5.953199518266770462e-02 2.028040167706135766e-01 -6.088263450884363881e-02 1.076723484454742141e-01 2.515211978480621502e-01 -1.890980006892676590e-01 3.416177389937152115e-02 1.364159231504333486e-04 8.788569642215950106e-02 5.005511150458797492e-02 1.551624484589093078e-01
-8.166029171923222529e-02 1.125155841811482232e-01 -6.751522019932976182e-02 1.459399935726567350e-02 -9.205452302217042443e-03 3.008805611127946325e-02 -3.012023499131173676e-02 1.265040774633184872e-01 3.905105202386947340e-03 -9.143328913373274802e-02 -3.300740082432381678e-02 -9.802084954472897738e-02
5.644425916776890650e-02 9.663860387362899207e-02 -1.399166933515528788e-01 -2.110256667971011427e-02 8.387929212232135209e-03 1.733386034788870766e-01 9.082598037660473411e-02 -3.388407278899322611e-02 3.220311080934169790e-02 4.566818716078732687e-02 8.533138591382416482e-02 -2.255626786825134789e-01
1.416041531292639988e-01 1.202095682368277407e-01 -9.384729166302960279e-02 -8.836057475891219426e-02 4.960923543634904870e-02 6.373470020974253414e-02 -3.086345937910084380e-02 3.533068885270075621e-02 6.108153092611202234e-02 9.153656404103593935e-03 -1.070366729914449394e-01 -1.730726233394239699e-01
-1.057235053374982747e-01 -1.708620079354879195e-01 -1.358448856743249278e-01 1.844642740584939364e-02 1.374846968445410100e-01 7.391130705060278139e-02 9.775201052239579358e-02 -7.979135537921032417e-03 9.899481701944318202e-02 8.882370925423489771e-02 3.324706644523023336e-02 -4.375919670679592755e-02
-6.555671041003789667e-02 5.886522609387213889e-02 -5.099085012897121294e-02 8.310508521357713729e-02 -1.127217132887070872e-01 8.214399948982915867e-02 2.952376494651882954e-02 -9.196467618976951475e-02 3.934145988992197168e-02 1.882192123136570971e-02 2.805876525586593895e-02 -8.556948433452732372e-02
-8.752085128228070943e-02 -7.498532538239965906e-02 -2.239826762084069778e-03 1.350211124387571404e-01 -9.973391696981165344e-02 -3.802746880982883770e-02 -9.672680022106081021e-02 -9.667804077019756526e-02 1.255542180653636541e-01 1.244987207950300212e-01 3.102737149934153144e-02 8.926061709079435857e-02
6.428147833049704940e-02 8.900304586013731145e-02 3.448048958054451135e-02 5.655251087042992980e-02 -1.281417615324919879e-01 -6.150031674794184666e-02 -3.321731762031526758e-02 -1.988779837360186431e-01 -1.584612928956836142e-01 -8.384792798600394781e-02 1.184548069574232337e-01 -8.386527116252091851e-02
-2.582145585906559654e-02 -3.610201504106905213e-02 7.012569406189390897e-02 -1.267559534685961942e-01 -1.625278103422038156e-01 3.242465259966084701e-02 -6.657332455069922030e-03 -1.369157088637808495e-01 -6.400047187390685288e-02 -1.160883303194499838e-01 -2.432749118879676611e-02 1.546930359601197957e-01
-7.767240624098495361e-02 1.300879849601536964e-01 4.018020324771380547e-02 -9.646624810115467241e-02 8.887658565708944636e-02 1.132269572149551540e-01 -4.202499397507675899e-02 1.849985786939270516e-01 -1.517226646871608353e-01 1.046197074747165501e-02 -1.665457042633863016e-01 -8.292579003272837479e-02
-1.340031226820853280e-02 -6.560905318659079888e-02 -7.540870495500048842e-02 -1.167703543178033876e-01 -8.210609285376843647e-02 1.544834154786166591e-01 -2.369219229411969121e-02 -1.102872022797385665e-01 -6.833730656245518009e-02 3.951082818432528898e-02 2.410685425432624110e-02 5.974820930845434891e-02
-2.851280568193981235e-02 -1.474869940132492174e-01 -8.832999504538467661e-03 -4.677132296996342961e-03 -1.052096297886450788e-01 -1.340981977849832196e-01 -1.505917556120228151e-01 1.556043209557858020e-01 -4.016116835254513601e-02 -9.172593299898364194e-02 -1.920777860635425327e-02 8.072863132727320368e-02
-3.232807497125654572e-02 -5.038083628302009870e-02 8.955914370214410059e-02 -2.759467456544154040e-02 1.091646285921923087e-01 6.489534070130996424e-02 -6.555192858653335983e-04 -6.808758881750132108e-02 6.469023753804747923e-02 -2.246712742884362027e-02 -3.773559546257732045e-02 1.751689784818517004e-01
-9.095219534352882995e-03 -1.144159716600869625e-01 4.043045772731665433e-02 7.832049289217359045e-02 5.412024380636374504e-02 -1.235015696722010781e-01 -5.439554113320436285e-02 -4.194744131997406311e-02 -9.342023940426316675e-02 -1.363058317360190119e-01 1.788905158365149128e-02 1.638991091532719657e-02
-7.978687982817224411e-02 6.970652750272751663e-02 1.675786090159256114e-01 -2.098248161028917758e-02 1.513982816781110907e-01 5.276403595451124168e-02 1.454277583928750006e-01 6.006035759108510619e-02 1.589783675739019075e-01 2.945484810191852099e-02 -3.939228064352579689e-02 9.825458787055273840e-03
8.100592587463045779e-02 7.560342336293235377e-02 -6.814114628790897410e-02 2.159871322473581878e-02 -4.267740123979670008e-02 1.470650755826047665e-02 -1.100507123618881325e-02 5.213045953867237459e-02 -7.031000109879517734e-02 -6.029247815457318416e-02 -1.234392120092815126e-01 2.188014331400025322e-03
-3.600397899497835563e-02 -3.501916887696071568e-02 -1.124834185363165068e-01 -3.744873516896063403e-02 1.457351796411771906e-02 3.340387388861400242e-02 -9.133471479134853965e-02 -1.143950506046269577e-01 -1.247851240343607754e-01 -3.664638244766529190e-02 1.609976872155579886e-01 -1.223740535171847707e-02
-1.194981329675345871e-01 1.163008518271437947e-01 1.634669193357192463e-02 -1.612619277073235602e-01 4.044882613559665219e-02 5.204046507984728259e-02 1.477353221467308519e-01 -1.257599633056718513e-01 8.643708101985882186e-02 -7.426429413030179172e-02 1.008740774315535910e-01 1.672041724266827845e-01
