-1.521270144072442321e+00 -1.060173946800569089e+00 2.099779108809593509e-01 -3.847756148139251375e-01 -5.186398798363037743e-01 -2.126377265811395523e-01 2.878193136272785835e-01 1.024499939019622552e+00 -3.253699355819135719e-01 -1.231488327320071630e+00 -4.088451295511670858e-01 4.694041930528242701e-01
1.629537327284281467e+00 1.091111563615115188e+00 9.787514757301734036e-01 9.322179529486593896e-01 1.085386555352926052e+00 -1.368117429753689940e-01 6.288601003870015749e-01 -1.278908205833054201e-01 9.469104756730322148e-01 9.549131594800162881e-03 -3.741106238902575654e-01 3.113014028780794473e-01
1.060739778320607535e-01 1.007176340017798127e-01 -2.764631159602372046e-01 6.913331950323952091e-01 1.200464398189901721e-01 6.769304061563949926e-01 -7.514343606859806846e-01 -7.567511234153114774e-01 -1.057065651991663469e+00 1.263352897753770243e+00 7.707917951457394778e-01 -1.538886324613386369e+00
-7.433221304006695229e-01 -1.324607052674465768e+00 -4.208418751357742016e-01 -1.468275541878312773e-01 8.584823989624580376e-01 1.272091026288791449e+00 -1.346381216681720450e-02 -8.569768194848007559e-01 6.128762767109566800e-01 3.839401746049727615e-01 -1.442792666325775741e+00 8.359152317784491748e-01
9.769031404853056877e-01 8.790268072692125623e-01 1.280229220970172666e-01 5.282250476092346103e-01 -1.196538808949107358e+00 9.268633243385417941e-01 5.674648822782041302e-01 3.733516572630067309e-01 4.802508585329015034e-01 6.274953158841993783e-01 -1.551192871780202320e-01 -9.421672629513923036e-01
-9.235653366154136790e-02 -5.319570944133098500e-01 1.765413968039687642e+00 7.524432535978036185e-01 1.135201470856906925e+00 1.043956322373453816e+00 -5.925864022494770067e-01 1.577235308039832473e+00 -1.075141974934185285e+00 -9.043393110059211315e-01 -1.493530949787254536e-01 -3.643767258267084364e-01
-6.219065954669368290e-01 -6.706615747199131672e-01 1.597871228702434365e-01 -1.644637032470878335e+00 -4.599988837442946510e-01 -4.468175009189371827e-01 7.773763443288026487e-01 2.284835875050262796e-02 -2.546044163429994067e-01 -5.149422198068009937e-01 2.202235847798417190e-01 5.113729254977646965e-01
-2.086555623402015225e-01 -2.803912950542243321e-01 -4.920647661636740611e-01 -3.115117316737652797e-01 2.231485067325627292e-01 5.820122750432741299e-01 -1.004346707282975482e+00 1.417182716680020216e-01 -1.940595823444329238e+00 -7.314891397408094242e-01 2.684625295182186289e+00 4.450237370116071900e-01
-6.244520252497859358e-01 4.610123549969748491e-01 -7.548719196913963869e-02 2.400035901667542104e-01 1.785133645227846289e-01 -2.671386884164614339e-01 1.156169893115587856e-02 -6.615730702927521967e-02 8.950171027088190678e-01 4.411859167326085407e-01 2.470079681446190334e-01 -1.228073037442899140e-01
-6.996072816308650522e-01 -3.503398530369458141e-01 -2.344864621120918424e-01 2.924891002794161587e-01 -5.730814857505761584e-01 2.057133388823867426e-01 -2.357854791408591777e-01 -2.959317204492088738e-02 -4.052467157660737396e-01 -4.730100855157714501e-01 -2.027152771798312880e+00 1.262394716826251706e-01
4.099523260807906855e-01 3.746717004529201978e-01 -4.506369591002849506e-01 -8.333587269270528175e-01 -1.685789594119944113e+00 6.214077100320969382e-01 -2.485939437506677341e-01 -3.283522034775645526e-01 -9.452836621133423600e-01 -3.030144855886047206e-01 6.304580631079611530e-01 1.020021075775356501e+00
3.759132455293713315e-01 7.933244939911689997e-01 3.187995122107948887e-01 4.584267289222721531e-01 -1.910047558969066583e-01 -1.844082824362252238e+00 3.751002848812686197e-01 2.992934356885139091e-01 4.428786163916413887e-01 6.474950758970376974e-01 -2.619579875956751930e-02 -7.418003432377748840e-01
-7.383098223733994825e-01 7.979422387746773482e-02 -1.865331688007632049e+00 2.283985248127066159e-01 6.828365539245401239e-01 -6.002961452475640280e-01 -1.354532677460961176e+00 6.074249234731989022e-02 1.924330398322014579e+00 4.378607738391998572e-02 -1.626221117654264914e+00 1.039439558363635663e-01
5.936430911544966493e-01 -6.623232386176364922e-03 -1.395667663363473254e+00 -1.464917146323627906e+00 -3.504928436237382261e-01 -4.727849641666970748e-01 1.151608617679184876e+00 1.875658243835866268e-01 -2.562672939107312753e-01 -2.516107584902075311e-01 -5.085599949387179519e-01 2.452478511669346162e+00
6.421788701479576311e-02 -1.315068264341225035e+00 -3.603626806773304048e-01 -1.242468354950213127e+00 4.265132851247489115e-02 6.891130836015635364e-01 4.016821436277794866e-01 -1.107751033337373292e-01 -2.844164441719020386e-01 -1.125714626777828631e+00 8.850573825350645241e-02 1.049964361868918061e+00
-4.218169390054221646e-01 -4.820532040694681664e-01 9.379894113913130049e-02 5.276913460289877067e-01 5.192858906273780661e-01 4.423929583655425435e-01 1.255890570413900509e+00 1.296012536734676424e-01 1.429998192432476410e-02 -6.240786882475177766e-01 5.789266006352049576e-01 -3.461956166793097589e-01
-1.338179693290736383e-01 -1.427851436169548559e-03 4.765191868074398762e-01 6.377362208636516705e-01 2.449896538306659266e-01 -1.523121818305233910e-01 -7.806970538877143762e-01 1.296939770191773422e-01 -1.362119729072438279e+00 -1.448805392905189615e+00 1.392537195371378544e+00 -1.003239674537881321e+00
-7.015435140068180253e-01 -1.788119230166079099e+00 1.869619649058213984e-01 1.513030199342031978e-01 -1.816699669736415168e-01 -2.817573069672699160e-01 2.007447399154001777e-01 8.819213559823677606e-01 -1.851097794233391436e-01 -8.755211537522003540e-02 -1.377342051276811530e+00 1.430570383093873743e-01
-3.563921773250158798e-01 3.158907063224171696e-01 7.893401621212642327e-01 4.498719428483256566e-01 6.765718601105924490e-01 -1.384824035203754633e+00 -4.728931352452175191e-02 1.254558343457381486e-01 1.206398011619394195e+00 -7.161060330617217140e-01 1.351639917035194260e+00 -1.264827588795821023e-01
-9.276569991518056613e-01 1.209110626708037373e+00 8.916398578466941394e-02 -9.576488004887265815e-01 -1.660078753999784551e+00 -1.108208455145687887e+00 -1.620333288042591802e+00 -3.078417735002731415e-01 1.186086306907110810e+00 -5.641050383056370361e-03 2.457021439793412032e+00 2.374306767172243982e-01
3.327040486037366462e-02 1.642190083916990506e+00 4.480159318895707843e-01 -8.450498878511855105e-01 6.229290626787407081e-01 -7.292030947358836279e-01 6.853769898089624446e-01 -6.275739449773355683e-02 2.165385464242887803e+00 6.073308296303606690e-01 1.006662238832713774e+00 6.498797005510139613e-01
-5.128131742090697998e-01 2.776506977733088632e-01 -1.024834196443984574e-01 -1.250868023714696020e-01 -1.933739747924858310e-01 2.071599181017149960e-01 1.638290233789508887e-01 -1.522258629619432257e+00 8.559263436768187461e-01 4.171919522565291361e-02 5.062221072966366364e-01 -1.204879579084448538e-01
4.977238532108662072e-01 -5.530444327353947198e-01 1.871057566437451733e-02 -1.972521310376910808e+00 -1.143331315614568161e-01 2.442012489008947573e-01 1.166241891961745658e+00 4.158863338551586630e-01 -1.014844753300501612e+00 -6.616412967406667400e-01 -7.213546957505936885e-02 7.630688069604260049e-01
-1.367508776017199557e+00 3.684067581453354112e-01 -1.558476814338861649e+00 -2.398566812871121001e-01 3.026011546061269097e-01 4.930433795089950721e-01 -8.108423645546604108e-01 -1.338485237081812995e+00 7.895405731866226295e-01 6.781356295587781524e-02 -4.514426790441247728e-01 3.170331633657796910e-02
1.097591172412100802e+00 1.070089287005116852e+00 -5.197439226087510189e-01 5.581703788366154662e-01 -9.901968411372872314e-01 8.102172514580476825e-01 3.327102493779252046e-01 -4.977255283938152863e-01 -3.300626774836498689e-01 1.619709165252217531e+00 9.472720882461081737e-02 -5.784000274196872127e-01
-6.531283900813698029e-01 -7.933494821905270541e-03 1.506813705701262718e+00 -5.248278624490604338e-01 5.062270824731505137e-01 -1.256144752240207163e+00 -1.274544259742155905e+00 1.224644036212205189e-02 -6.276931148881145228e-01 -1.397421038905422241e+00 2.726114598277132650e+00 -3.224178638196912305e-01
-3.986747453805806196e-01 -1.204089328138378961e-01 2.031048670899076869e-01 -5.915780042887955892e-01 -6.745582405587484398e-02 -5.547669249164051131e-01 1.057465134476553159e-01 5.067893723390407557e-01 -7.032355836650909520e-02 -3.367353795897204405e-01 -4.803708234190544601e-01 1.047677536980833768e+00
-9.333444466860445210e-02 -1.241481822013266401e+00 -1.206377350167474161e+00 -1.675939510757991704e-02 -8.626069635118398249e-02 4.597760130349166086e-01 -1.382876419573939586e+00 9.753993407353172759e-03 8.643686273168893486e-01 4.619885735809065030e-01 -8.067576156415769972e-01 -1.919218164989949515e-01
-7.005027623057850095e-01 2.709160830373628093e-01 -6.188584491936385823e-02 -3.267453082058322522e-01 -5.931865088230727778e-01 1.973399170601608799e-01 -4.410547216667228820e-01 -6.664917753868158240e-03 1.028027396269405036e-01 -4.435635052275029855e-01 8.225611560292596380e-02 1.096777575410261135e-01
4.825251223832356939e-01 6.725746408616671834e-01 1.516223785148395620e-01 -5.912784421052740269e-01 -8.251744582686294516e-01 -1.138458890972545989e-01 9.471244272149653698e-01 -1.492866201095025269e-01 2.971833968920017943e-01 -5.888771649303971012e-01 7.085968484434141956e-01 6.643366128801148074e-02
5.667623126201740691e-01 2.384407878954803717e-01 6.528389830407332894e-01 -4.558205698912732307e-01 -4.248990678271092336e-01 -5.401253848803602153e-01 1.446414009994515526e+00 7.152208302361520165e-01 -2.885578813106772222e-01 -2.463708649023587105e-01 -3.815497261831507503e-01 3.758089953839894304e-01
