6.246798630977386246e-02 3.988537508310115998e-01 1.864996023196334729e-01 4.607732553447221324e-01
5.564900784736175332e-01 4.800693674721694393e-01 4.212751732618121719e-02 2.355993736757261980e-01
4.280032766256082200e-01 5.230417443700576680e-02 -8.523640756149399034e-02 9.456490598734674374e-03
-4.036133218455225102e-01 -1.696898020831608123e-01 -1.441786826047670167e-01 3.533199153659952185e-01
-1.374000111472234442e-01 5.041835887992475451e-02 -3.447349684225620714e-01 -1.111410997698655673e-01
6.310477496185283586e-02 -1.494063947623021360e-01 -5.346728174326129818e-02 2.732483283725855028e-01
1.092536606676194760e-01 -2.502919896658700183e-01 3.764708497232427953e-01 -1.826852081531000482e-01
3.718996240740492926e-02 2.802278837056933480e-01 -9.920208658315576855e-02 -3.036654854288470262e-01
3.122843988982295094e-01 -1.151663918238635467e-02 3.022797801047855115e-01 2.055482206237621845e-01
4.867974165725182101e-02 1.393465540219277210e-01 1.141123003069184280e-02 3.862930846985948019e-01
-5.884332673498436639e-02 8.887465950587938868e-02 -1.034335864182561182e-01 1.209524737420833579e-01
1.409676785365878426e-01 -3.337695145600422242e-01 -1.432318206443438657e-01 -1.052936379952379847e-01
-4.469362647467526317e-01 -2.274658969644287321e-01 -8.679628363778235656e-02 3.634450371492263243e-01
4.055758706362199706e-01 4.677251422394927416e-01 2.118067468093633166e-01 1.289698940948323935e-01
2.133743566887877918e-01 -4.912010247819104669e-01 3.330391726097609029e-01 -1.215302728680463518e-01
1.946238485973697252e-01 -2.645028839757755379e-01 4.324789209120633582e-01 1.514455748203893948e-01
-6.376799649361228894e-01 -3.376594624052863813e-01 -2.973846357135025431e-01 1.204027002267360896e-01
-7.585456054829504968e-02 -1.477986093545801127e-01 -2.680943547245860925e-01 -9.089122856998224642e-02
-2.483240951118615425e-01 -3.894563316043197498e-01 3.565120464123990307e-01 -1.325080226438922482e-01
-1.244866430697710719e-01 -2.716461123400242678e-02 -8.966664589615333525e-02 7.386695376379669165e-02
6.877510625331515470e-01 -2.713323486109581739e-01 6.120765341093345642e-03 1.620327635911841535e-01
-9.502751533966181940e-02 1.687990487517856963e-01 -3.616848581177103394e-01 6.993911627937475506e-02
8.590255335008567528e-02 -1.328821782323011680e-01 -1.707233204297794738e-01 2.363584252471312985e-01
1.780617791023089425e-01 -1.930994411792595622e-01 -4.830128068715287826e-02 -1.580126048466317934e-01
1.357080466627194060e-01 2.682230952595335838e-01 3.939396579592673725e-02 3.379074484426718844e-02
-1.424824759792936990e-01 3.050960139076988598e-01 -2.026794553070563609e-01 2.504712539620301270e-01
-5.997281490917465846e-02 -3.868856725388875040e-02 1.643883229881509811e-01 1.504547210345427710e-01
-1.333396490718423699e-01 3.017340610889917007e-01 -8.827828025340048179e-02 2.380888833120468340e-01
4.053130054337757138e-02 1.538670494566408142e-01 2.570704114198972823e-01 1.877958274050454957e-01
8.485020079230802537e-02 -3.345899557671093150e-01 -3.621531816093480002e-03 -3.103692918153996838e-01
4.436054492622330814e-02 3.243049547187972781e-01 -1.511517024633300676e-01 -3.340290805533462082e-02
8.627564121784385420e-02 5.403403248011454663e-01 2.240885007824627018e-01 4.351091104520665720e-02
-1.601266853627212328e-01 8.146462026164508208e-02 4.765001261297696078e-01 -1.498686775552895145e-01
7.090655338258979165e-04 -6.775617775204586524e-01 9.016550888234174665e-02 -1.147493642027388044e-01
-2.896713149166387224e-01 -1.131349416961729137e-01 -8.724668985655187337e-02 2.135786316251001571e-01
2.609116252242751899e-01 3.268490757646797668e-02 8.345926266374709135e-02 -6.807550418460579511e-01
-8.136436287099929263e-03 -4.523554520075896423e-01 5.754470389833969690e-02 -5.767376058501795587e-05
-8.008957063728801284e-02 -3.015593043473820400e-01 1.207694931683638284e-01 -4.390422299211056423e-01
-1.430786926207166521e-01 1.786480677039016807e-01 -1.902254250593389887e-02 -3.573433391374861157e-01
