-5.515204065252883592e-02 -2.946792422368432973e+00 -2.067717804911256785e+00 -7.590982010112367062e-01 3.127060525629977716e-01 1.311567125870741535e+00 -8.804994733540645324e-01 -1.295859805100268713e-01 3.161700504157433644e-01 1.430819070869146781e-01 1.178716789595542561e-02 -2.814107862661333614e-01
8.886263514221247328e-02 3.645822302678053406e-01 5.942789597473395746e-01 2.579945466998311288e-01 7.027473995689843544e-01 9.857851115555635868e-01 -2.122705459827711305e+00 2.775723969110392431e-01 -7.176394638627781042e-02 8.027244155361633604e-01 7.937000824139085475e-01 -3.161108285309017774e-01
-8.246042538018509560e-02 3.125259747609891448e-01 5.841658928549469110e-01 9.782708482259837579e-01 -6.050623068529327186e-01 9.656650476409889272e-01 8.211432708096026989e-01 -3.690900806948925750e-01 -7.596894355801294685e-01 -9.727335490536746787e-02 1.116480021614592477e+00 7.481488537288262242e-01
-4.229335721101951107e-01 -9.481826111581900252e-01 -3.313066525529214656e-01 7.018283310190402968e-01 -3.684044384888501278e-01 -2.239710025249047054e-01 -6.379467243711721414e-02 5.993512543407669702e-01 2.434682441770220918e-01 6.217831259958803702e-01 9.359542715682676040e-01 -4.079359932059282157e-01
7.568129529205962491e-01 -1.870867912733364669e-01 -8.090014013724393660e-01 -5.319875403007953141e-01 4.082833522851628955e-02 7.576625797245548251e-03 1.102987392627639007e+00 1.154890127460987070e+00 3.297409300312312830e-01 -7.468747140014502239e-01 -9.231782766209394309e-01 8.091975528921909744e-01
-7.028981735816075549e-01 3.490276310674365612e-01 1.604825224517362203e-01 2.715128798262900212e-01 1.038905225367407814e+00 6.140669240360185910e-01 8.309457497073235999e-01 9.681774274829296756e-01 -5.792135381829129903e-01 -2.725954729060232617e-01 5.679995914238881172e-01 -4.270624171652402379e-01
-3.537512144820519899e-01 -8.455987360075408743e-01 -1.421040663571841112e+00 2.075192791482877386e+00 -1.536610240355030355e+00 1.169462075986918537e+00 1.487174888870521405e+00 1.056763573697743069e-01 -1.273132394527245914e+00 6.702897904846541466e-02 2.444408651948149824e+00 -5.961195875487719231e-01
-2.711221369108468560e-01 -1.905060155225116528e-02 6.171381695155288005e-01 6.034155168927639590e-01 3.228069219287798552e-01 -2.332641534796912539e-02 -2.615195557160594486e-01 -3.281447832250059538e-01 -1.607978594192170263e+00 1.123861748557417467e-01 -5.345271149749241113e-01 -4.278001457790107098e-01
-2.249688199131292254e-01 7.577440341783439059e-01 -1.302016642795735812e-01 1.396452786703803683e+00 -2.907005905952711466e-01 -8.037330045234618581e-01 1.427817994686046421e-01 1.121014917671456779e+00 -1.355950275865587695e+00 1.689226184485179916e+00 9.432203765096414116e-02 4.914880671852185912e-01
-3.996677964478801415e-01 -6.918273819261097080e-01 2.277551058454586830e+00 -1.326086161859508228e-01 -3.418189446874900783e-01 -8.323969379802368396e-01 1.027480845167011658e+00 -2.504249174309083337e-01 -1.096091103149900679e-02 -6.304961998406286572e-01 4.326566281886590759e-01 -7.655859597344628897e-02
-1.531658725691220913e-01 -3.960863091631728339e-01 -2.515729678513864420e-01 5.082629506199765057e-01 -2.093511980735984768e-02 6.429481179802838398e-01 -1.930037497126678991e-01 -5.648410617128767353e-01 -1.148035250844122501e+00 -3.911694593176066048e-01 -5.089926147356612640e-01 -1.624396674774768456e+00
-4.170910457103234048e-01 -1.297459494039283345e-01 4.250336733146630741e-01 7.530770119289541542e-01 1.122492865565096441e-02 1.601617644554593323e+00 -1.068820539286732041e+00 8.448271850160681273e-01 -7.209270320326621739e-02 7.346993934968654161e-01 -6.106888131719466761e-01 -1.606287922061211126e-01
6.473393283228319195e-01 -9.093626625824215992e-01 7.527204265173909059e-01 -2.201669652480537087e-01 2.771323397627950547e-01 -4.875952403026887483e-01 -1.642605425844320566e+00 -8.311862797390664470e-01 -1.366222725084308143e-01 1.733483971765936438e-01 9.307441864184475347e-03 4.038712415393751476e-01
1.304640518917711267e-01 1.581182928923804965e-01 5.580045049998872547e-02 -7.701270403380124918e-01 3.114523800816845212e-01 4.611974509289860635e-01 -1.038015450269243745e-01 3.361803916379824120e-01 -6.913228632116007466e-01 -3.558726194717797275e-01 -8.257546002755474790e-01 -3.358325113337053969e-01
6.899022561170295997e-01 1.524505060858766026e+00 -1.473459326025063632e-01 -5.153582923883818223e-01 -3.011807022367236630e-01 1.456775868462616863e+00 -1.249814784184836991e-01 -3.825138044101649148e-01 -4.396695164542549494e-01 -1.226821504693854231e-01 -7.201981920902102985e-01 1.067872050012623648e-02
4.954292162100817909e-01 4.707279578637755812e-01 -1.818641600948402104e+00 4.827640113264551891e-01 -1.764217029140132675e-01 -1.749523914975515293e+00 6.488408742778059013e-01 5.680556625209904897e-01 -7.039745891486015594e-01 -5.199355868255373103e-01 1.538965753864998787e+00 1.657699343695318905e+00
1.242250967658510064e+00 -4.082806971561057097e-01 -2.336404922582799859e+00 -2.866546088628915689e-01 -8.865819449086936865e-01 7.411903811865722114e-01 -2.420937477899677281e-01 -1.236088222599420333e-01 2.819305833403260020e-01 -2.065039377541780241e-01 -1.258759164261383234e-01 -8.450980404469740082e-01
3.871590771773670281e-01 3.833668624616715648e-01 -3.629728238954233466e-01 -4.003981595009376004e-01 1.495085037923716831e-01 -1.688950448627808687e-02 -1.767712102901594751e+00 -4.211237001694838611e-01 5.305199134508226111e-01 -8.052774769604427452e-02 -9.126856847439753784e-01 2.188593699735709441e-01
-1.329092030543356007e+00 -5.132702890033357113e-01 1.604599513350072892e-01 2.464053437984449868e+00 -6.126245771349195929e-02 -8.708154409713213528e-01 -2.567647679804418992e-01 -1.185616914666974164e+00 -1.831268810041812412e+00 9.255139634373584778e-01 1.120373972066266433e+00 -8.203779536309984133e-01
9.169283091441856604e-01 7.688613415210090452e-01 1.840027799788446217e-01 8.512342200196069131e-01 8.624166249247590121e-01 4.340934944820654118e-01 1.012189282620427289e+00 7.849245077397898340e-01 1.165406243138693565e+00 2.129985857808267546e+00 1.712793719372177753e-02 8.313863279238083992e-01
5.530977481315464406e-01 7.252938691740956623e-01 -1.461464308994546046e+00 -8.581654634183465413e-01 -4.436422539326629888e-01 7.500297200483807547e-01 -1.288673337176445832e+00 1.008598412763862973e+00 9.473167356932821193e-01 3.375067221867416589e-01 3.140860667642953463e-01 1.515502502783872885e+00
1.024688056136568992e+00 -1.885970031189159180e+00 9.881468964759089202e-01 -1.449692122991326840e-02 3.349651366136257580e-01 1.187490144125485508e-01 -1.083455291144409749e+00 4.062360627509996047e-01 -9.245713235511279215e-01 1.438787955867267598e+00 2.360914050416480781e-02 5.085442386191576514e-01
-9.227656867755229531e-01 6.898812994744150107e-01 -2.014632521977393620e-01 4.018751036545883948e-01 -4.803778906631979151e-01 -5.176457475733519109e-01 -1.321909275902586334e+00 -8.211990751489008922e-01 5.853865054708735638e-01 -5.638752870458908495e-01 6.162543998781955246e-01 -3.066215298335930317e-01
7.230106737562070895e-01 -2.609048230528759893e-01 -4.883842159787615267e-01 9.694975670987483474e-01 4.016347231657981798e-01 2.119159434403547482e-01 7.431642726791148901e-02 -1.388800026537537757e+00 -1.129769776837853845e+00 6.625888200697858943e-02 -2.073016601523063884e-01 -1.050826504997314448e+00
9.364449503242171235e-02 -4.222358446596090609e-01 -2.590410005337353549e-01 -4.218140044760913809e-02 -3.849132348668812820e-01 -2.892062702332799939e-01 -2.374916988923341798e-01 7.154806857366090567e-01 -5.090975094465128858e-01 -4.466251102745551482e-01 -2.026431159727610232e-01 3.182149900606534021e-01
4.523246193463882348e-01 2.078911600856268915e+00 -2.904084920819791082e-01 -1.121884974885707598e+00 -9.583370947817170249e-01 4.086155805819169928e-01 5.200824715062157821e-01 1.494507154171150098e+00 -4.618336829765125051e-01 -4.228122996592714039e-02 -1.307139032443184412e+00 3.404114648416079469e-01
3.920609521427323996e-01 6.292901377355237802e-01 -1.632645849356102741e-02 6.398910001411042270e-01 3.455879449868209941e-02 6.257231405584682271e-01 6.035127143353882229e-01 4.457762901414996648e-01 -6.547082401865217394e-01 1.424140314956340581e-01 8.913409347317576004e-02 2.582725006911293364e-01
8.654849349494807553e-01 -2.496986061277028934e-01 -5.926591461717853893e-01 1.305401878394269743e-01 -1.875460058491950965e+00 -2.294342459240064080e-01 -6.255637659044192833e-02 -1.770305479671453464e+00 -6.367016361613235809e-01 -2.495820134372532251e-01 -3.690775491996327040e-01 1.723067408071708717e-01
-2.980978564947271980e+00 5.709975701702665329e-01 -6.688408099538314389e-01 1.100373004421707768e-01 1.578305718911868327e+00 -2.148169960592630212e-01 5.133384432393500729e-01 -1.139680212841960305e+00 -3.887990788270593856e-01 3.714954092066133362e-01 -4.222409487952944462e-01 -1.914194256838046115e+00
5.255998562902169935e-02 7.975106788466393981e-01 8.904560416926168287e-01 -3.139049269457232505e-01 -5.248298901599950383e-01 -1.057092320292505994e+00 1.032097478501109222e+00 1.049835689348614265e+00 -1.325939780549852953e+00 2.847323496378970087e-01 4.783404018562768534e-01 1.115637152818345523e+00
-1.991019200049650717e-01 2.654959511168411557e-01 -1.085747706767397958e+00 5.165233642218353127e-01 -5.951239854895667980e-01 4.696708428883685782e-01 -2.722806067151894438e-01 -1.018014308725531253e-01 9.474008606768906729e-03 -2.950014203616411756e-01 -3.368601632275519120e-01 -7.030855013010896271e-02
