-3.240873287414625104e-02 7.191821988999930193e-01 6.173863899913152320e-01 4.927049361686918205e-01 1.095292149842794771e+00 1.391265874303977135e-01 -8.462690740652940580e-01 9.134737310301997981e-01 6.583113894779408781e-01 3.642746685442851962e-01 2.871925701101818995e-01 -5.658294312706792228e-02
1.007691631675453836e+00 -8.002693190463298079e-01 6.862553950398414537e-01 -1.546611025774996317e+00 2.310261771351987681e-01 -1.240242750558767426e+00 6.617944677883454974e-01 -1.151778795950354484e+00 1.392141215623750483e+00 -7.078663217423734055e-01 5.534093261929502461e-01 -4.399006620336308460e-02
-7.231330940079980785e-01 3.414883491763505696e-01 5.386846268984512021e-01 2.092650303430503289e+00 6.699646382500035191e-02 1.037607027457335407e-01 1.808205332185627845e-01 -8.818249158144780830e-02 -1.172520705107020333e+00 9.705965286171355233e-01 4.030409962359554066e-01 -1.053837683615886700e+00
-9.203708164334719610e-01 4.783429701964054814e-01 3.004646106917004400e-01 3.492257581972119662e-01 -3.779329933008281905e-01 2.430254360076534503e+00 2.254502231996002415e+00 -1.663478860260352965e+00 1.006134713058264851e-01 4.584592167167872434e-01 5.453523384832872356e-01 6.987518264457510953e-02
2.617243324078230016e-01 7.546465395944704224e-02 -2.577506423432330274e-01 -8.608635895025121831e-01 1.922184346889411755e-01 5.710433376627452873e-01 -7.887878745942409342e-01 1.682551654129915003e-02 7.029571800012878180e-01 4.834236597367784771e-01 9.067059745426385708e-01 7.331117353517160318e-01
1.097477881996464566e+00 -3.409781386322330299e-01 1.222863013749834415e+00 1.576762234026307108e-01 9.029662556505374527e-01 -1.232396659875497402e+00 -3.089249404913636532e-01 5.730860215229545140e-01 9.350130722548840589e-01 -1.645297570128222864e+00 5.250190605870402871e-01 7.362401284669446433e-01
6.071079054080701365e-01 2.445912508875633662e-01 -6.267995077017766148e-01 6.407814368931032956e-01 -3.529561211137023369e-01 -2.858327229757423038e-01 4.833797059916071781e-01 1.708481389183558186e+00 5.934129706595104858e-01 6.141368773061572223e-02 -2.369750749765825171e-01 5.751731336098176994e-01
3.000061018223141862e-01 5.878806351376238137e-02 -1.118852816922345061e+00 -2.806983995706951451e-01 -5.939652652969453772e-01 1.615428564548538892e-01 8.669417971051898838e-04 -5.293031108598924561e-01 7.234969942713681545e-01 1.648467156751214635e-01 1.322579318074138310e+00 -2.817082881531106087e-01
2.344477770706750452e-01 -4.616915907934900365e-01 7.852073041504542550e-01 8.127988282930707076e-01 -1.006220669473967128e-01 7.975305074408659545e-01 2.296347008884766505e-01 -2.169057764726849691e-01 -1.504002407235096039e-01 -1.313618957155831657e+00 8.738399779284117264e-01 5.435385905913758808e-01
1.225008503863611375e+00 -5.548410614727103951e-01 1.248052054569075420e+00 9.353116713056722209e-02 1.372093017914307156e+00 -3.561986333945372785e-01 -2.104505084572411366e+00 1.589345420789374241e-01 2.028447489468740150e-01 -5.546174106983871033e-01 -9.841385750257221066e-01 6.716951046521415503e-01
7.247432431494774674e-01 -2.774801088977699171e-01 3.771027924679153098e-02 2.329950154639160997e-01 -4.745712442227983940e-01 8.106366464093736623e-02 2.709063879380714246e-01 -6.093264234896506037e-01 -5.516423019209454326e-01 -8.439552793711915801e-02 -1.546381867111297492e-01 -1.046825941895957346e+00
-1.899800143003073538e+00 -1.507389137708686988e+00 1.527243274906821546e-01 8.489607864732661158e-01 -1.749317044281122335e+00 1.625490324749350846e+00 3.491504842425078303e-01 6.058526458361880307e-01 7.606312332864610670e-02 -1.091136248626836114e+00 2.363227197135441549e-01 -5.704262168769873576e-01
1.040935278879743908e+00 1.254984117756245132e-01 -1.007652009668330434e-01 -7.803114603708480868e-01 -2.514396488313267453e-01 2.944653242792618086e-01 3.337893437783693296e-01 -1.925663655213133874e+00 -3.133191386741794870e-01 1.994526305236637986e-01 3.393030756988950070e-01 -5.445917811458855784e-01
1.737734744746001203e-01 1.393902050355850519e-01 8.135686393294885299e-01 -1.596713395588807149e-01 -9.242982467473697117e-01 3.987145652806258211e-01 8.867160951561847693e-01 -2.918808985307497217e-01 3.898792076891332559e-01 -1.080138418782550236e+00 1.439607512252345234e-01 4.343615371727964081e-01
1.206277874574186032e-02 6.304513324891456438e-01 -8.497097839712425271e-01 -2.736849194492034787e-01 -8.442362154148748410e-02 8.205977124166417003e-01 -3.997539226005289992e-01 -1.419837397841214877e+00 -2.673543366333544502e-01 4.417419038155328548e-01 1.430295855328325594e+00 9.207411007878253395e-01
-3.792221827736970696e-01 3.800401082951794796e-01 1.414254579016154811e-01 -1.473487527008729703e-01 1.743935996030260949e+00 -4.933576582947372946e-02 -7.348629327875482176e-01 3.460772275153671806e-01 3.768181720703492887e-01 9.364253134009269397e-01 -7.235404251242283369e-01 -1.171423006720551385e-01
1.710080969207335100e+00 -9.815933760918332807e-01 -1.305591130374200715e+00 -1.719050607525460350e+00 1.352237575106562728e+00 8.070860743113894564e-01 6.894238415041882284e-01 -2.788970014256330621e-01 -9.057135574718582632e-03 1.387475376505271418e+00 2.911113264813672274e-01 -1.553503628158161565e+00
9.184028842832332729e-02 1.109856399667731308e+00 -1.161144244485106669e-01 -1.056757348309108169e+00 1.065150098305152726e+00 2.923497663316126371e-01 8.040202977563503106e-01 7.716471112576894775e-01 -4.009763140397809011e-01 1.034128929877102587e+00 7.352498055637579633e-01 -6.424180281494378253e-01
7.035860131254473293e-01 -6.755309442721192381e-01 7.130270865030994276e-01 7.537561282962603748e-01 7.811321229949391709e-01 -1.080580476330458728e+00 -1.286575520839245979e+00 -2.309629319958169391e-01 7.996531574096640282e-01 -7.549426305201130116e-01 5.818486873675063897e-01 1.249970535832371388e+00
1.518905835870202614e-01 -6.367568826678018379e-01 -1.865133794307049717e-02 5.541420532930758647e-01 -1.412738444364777690e+00 6.892787147086826272e-01 -4.052096430327287724e-01 -4.216576040770107503e-01 3.191060487798611511e-01 8.258496559648274837e-02 1.141636886030914289e+00 7.011895373016713284e-01
-5.698456759305094155e-02 5.140064487260731507e-02 7.011940944100528705e-01 5.631099704562710917e-01 -7.173415629590191855e-01 2.350832892306939093e-01 -6.547205048893012247e-01 6.030110232377690060e-01 6.031817604074251049e-01 -8.391388780690693938e-01 9.170809349970806545e-01 -3.085312699606395648e-01
4.016142432117716377e-01 -6.301299188517625049e-01 -4.056489494032075593e-02 -3.934679230526404448e-01 9.483276704767963361e-01 -3.296665762243476960e-01 3.501561598493715954e-02 1.017599490649776089e-01 5.367464441902001226e-01 -5.679571772176437161e-01 4.614186483917533943e-01 -2.416515813615166819e-01
4.656730326900102579e-01 4.226033329714310449e-01 7.318130266850864096e-02 -2.526270182393168875e-02 1.278492221662416162e-01 -1.135126928711379692e-02 -1.710917724652937788e-01 -1.050753800471917743e-01 3.804588377503991814e-01 1.061592229433256485e+00 6.140153234035250485e-01 -7.767705576125751021e-02
1.071825120728951752e+00 2.100077575586945411e+00 5.750473818374444157e-01 4.000320982963839200e-01 -1.368924125276799852e+00 1.810428961844821494e+00 1.347456480903091725e-01 9.470476959769236203e-02 -6.857737345867210843e-01 -1.583201631072970628e+00 -3.971904182453295240e-02 2.118898488798569013e-01
5.673204848748777396e-01 1.850027984529790948e-02 2.374491217420109102e-03 -5.882089878398820693e-01 -1.040446840979150078e+00 -4.503173668502650773e-01 -5.900164177853087222e-02 -1.376532278870794324e+00 -1.119816208072910435e-01 -2.336554919374603578e+00 1.488832759945664774e+00 1.106104303419007895e+00
6.009325336690608532e-01 -5.222179854512656177e-02 1.538399818064648761e+00 -3.097055446573920671e-03 9.737712162887641743e-01 6.558800070098247392e-01 -8.886673218910003946e-01 -9.737652697381705691e-01 -1.071951131914131494e+00 -1.335437075600338419e+00 -6.858781882961527687e-01 1.976958512554448377e-02
-3.626622734931370801e-02 3.332579306060272084e-01 9.701823774519241494e-01 1.097040680712782823e+00 -8.587373037995045255e-01 -3.817648715976374452e-01 4.064928314448239960e-02 -5.335349921488361513e-01 -4.669604165357595926e-01 1.011797255844155252e+00 1.318033838755465315e+00 -1.518983246219982874e-01
2.686822427750720776e-01 -5.624710027963595316e-01 -2.736687876318253942e-01 3.723392127610302138e-01 -9.033333702262819065e-01 1.043104235510152605e-01 1.805765627890496550e-01 -1.119171400243928610e-01 -4.298689587020423364e-01 -6.552579711456529843e-01 -4.928708299209048627e-01 2.077861976275377220e-01
-2.529931508557726333e-03 -1.312128357911161336e+00 2.372710460685440587e-02 1.358754780881855417e+00 -7.207371749265445438e-01 1.459636380413946499e+00 2.559329964778069844e-01 2.076312578481970483e+00 2.056432520766875438e+00 5.138620528520752018e-01 8.220350719170640419e-01 -7.077472174410018857e-01
3.639161788513490814e-01 -1.369988796646287865e-01 -1.483700781973522898e-01 -4.435916623192823760e-01 -3.200904176565401160e-01 4.186148540612772972e-01 4.935268073707434477e-01 -3.001894415726789611e-01 -3.289230894512945591e-01 -1.349331814361873771e-01 -2.517205957146165241e-01 -2.994161420697330489e-01
2.327763618047339611e-01 2.362121592172668760e-01 -2.512148158810948578e-02 -3.522459269341476906e-01 2.166729689320377461e-01 -2.171415489480537642e-01 5.966156775469322326e-01 -3.564493861931739560e-01 -5.012200818296185245e-01 5.123617415713375145e-01 -6.334430703932342199e-01 -6.409387431365998200e-01
