-3.621767292270809402e-01 -3.135646090715047962e-01 2.197068660462712670e-03 -6.204086023554342827e-02
1.055381417262879484e-02 1.004794567250052867e-01 -7.518648896403873350e-02 1.965832269733136239e-01
2.689943353710130269e-01 -5.985429379627221769e-02 -2.388096338737226987e-01 -2.581572579974770187e-01
-1.853228081476310796e-01 -1.653223106704465317e-01 4.123486347047473632e-01 3.792368921004687921e-01
2.594633711862698866e-01 4.147181293156381732e-01 -1.061213109101502433e-01 2.454270358971328003e-01
9.678874451739959139e-02 2.334101947965172841e-01 1.664354911052684793e-01 -4.870569630086380997e-01
7.475142316540255016e-02 3.553136640078608521e-01 -2.281387456056080398e-01 -1.130878300730758651e-01
-1.123394181694475913e-02 2.824520059477492184e-02 2.092624050921942092e-01 2.021073470471203004e-01
-4.650964602574054196e-01 -3.508699334968307104e-01 -3.289219474849849889e-01 2.155799482226526120e-01
-3.661739008956321761e-01 -1.061446674193313316e-01 1.605324762295263358e-02 -4.539372476206751661e-02
2.448937527477637321e-01 1.939465880918588847e-01 2.848647317320455660e-02 -3.659120627937049175e-01
8.608644584385782839e-02 -3.583005868515907744e-01 -2.345811381781560678e-01 -3.235944268635653209e-01
-2.618772130708256207e-01 5.197967486389635239e-01 -1.138651724725315562e-01 -6.368651666974928238e-02
-2.545038899333960103e-01 3.265356252397039194e-01 -2.207337896509877218e-01 -3.793409050216486333e-01
-4.244086828315266624e-01 6.376889828248766268e-02 -2.291952156687457332e-02 -7.519951320931350658e-02
-2.754446356289402265e-01 1.197482894564562139e-01 2.664922585839115121e-01 -1.054436851799899766e-01
-4.261116589819514133e-01 -2.031914144309699410e-01 4.992229919802151361e-01 -2.371067471203029964e-01
1.918050052065251032e-01 2.718439641200551815e-01 1.620786643231888202e-01 -1.456383403543780874e-01
4.282502998193684629e-01 -1.212519954786940302e-01 1.951689553794314913e-01 -5.642723772068323346e-02
-7.379765373706749509e-02 3.355657833867631834e-01 -3.857317567440026740e-01 -1.037605263038453435e-01
3.017143442842676326e-01 1.344141368005472015e-01 -3.377470169235272657e-01 -2.039986199059028449e-01
-1.512468573475047873e-01 -2.889900003897381484e-02 -3.083790492290536256e-02 3.304343667875003776e-02
4.870938149799859951e-01 -1.780641656623084546e-01 -2.255784067584318819e-01 5.682460576471013436e-01
-2.015693917138756119e-01 -1.412701363477235350e-01 -2.641622825744528030e-03 1.185931362854480142e-01
2.843421731240429184e-01 -1.908955440020426442e-01 -1.481021514987198584e-01 3.621457424983874351e-01
5.442839347294670983e-03 5.100103687411201570e-01 1.334336691152456789e-01 2.242817524664606765e-01
1.421948994130531607e-01 -3.740793792117275834e-02 -7.321823716314893038e-02 -4.241817216708123617e-01
2.698040651351027996e-01 2.641503992274526480e-01 9.793232065372973333e-03 -9.370852174155547276e-02
5.333187711895317484e-01 1.262550010986128457e-02 1.334064363404925957e-01 7.224169140514838383e-02
-1.216247734046783241e-01 1.234659879513020364e-01 2.372760361997279244e-01 3.071272658856749604e-01
