2.770877309219637041e-01 3.857707775580338644e-02 1.662389203813070260e-01 3.625560172234902900e-01
4.431772931980322572e-02 -4.085724804081292683e-01 -1.481432284077527917e-01 1.191699872706305785e-01
-7.079838886252352026e-01 -1.817433293975152190e-03 9.715298867486305001e-02 1.158868449618282032e-01
-3.771852587168219584e-01 -9.423280271201552039e-02 -6.764858166519972515e-01 1.524132400047434333e-01
1.864957443487137989e-01 3.345743393784550435e-01 -3.606836070427803520e-01 -3.171737618622574861e-01
1.048833576885043334e-01 1.590005206974790530e-01 -3.489953883167447590e-01 -3.496890462251250886e-01
-6.292253155079652327e-01 -5.348938000394162784e-02 -2.592873653467956396e-01 3.727199619855305762e-02
-2.464754786090082306e-01 1.066117713885370716e-01 9.337125078928990018e-02 -3.474993752656648782e-01
4.948830923414317823e-02 1.840725594326770298e-01 -4.264799385124640740e-01 -5.312927686088313450e-01
1.745517212567205267e-01 1.122722445112735307e-01 1.620984292999490539e-01 -3.866312328629880474e-02
4.060175835711243297e-01 -7.907517442943478025e-01 -2.528628722189193295e-02 1.303284850390027394e-01
3.570370367930543187e-01 1.378418425881944576e-01 -6.173230683218258047e-02 -1.555412195142774345e-01
-4.096705489279111601e-01 -1.127591564230637222e-01 -1.256027025045907963e-01 1.117367978871047912e-01
4.024552766880359345e-01 -2.509760554686188416e-01 5.995569663427145757e-02 -4.679380445152565848e-02
1.335056346494006285e-01 1.139469971827941630e-01 -3.831684633942353951e-02 3.847160361590584721e-01
-5.195009301085827813e-01 1.149648753909861126e-01 -1.629674331492489414e-01 -2.866616823029142780e-01
1.898686928947866392e-01 -2.693015916347745176e-01 2.343559239883540035e-02 -1.227602111607266622e-01
1.848032894668860948e-01 1.146265477855786391e-01 -7.044071265862913989e-02 2.511522227684345743e-01
1.650910970316081874e-02 1.971042099844800832e-01 -3.037885308810164831e-01 -1.179534923274500186e-01
9.571362392779408923e-02 7.764351881956481349e-02 -1.366363049915833294e-01 -6.742536585907964175e-02
-1.163846200150212701e-01 6.041241921697050321e-01 -1.417176986670893313e-01 -5.731041457306905451e-02
-2.025121112140485791e-01 -8.885312552733472258e-02 -2.583629581873259640e-01 -7.302904877284079055e-02
3.242907157964461384e-01 5.748387675446009482e-02 -8.073224683852181505e-02 2.805805353875252539e-01
3.156658627230474190e-02 1.034470406453106145e-01 -4.891647842234329163e-02 -8.356048193381454547e-01
3.016894576113964832e-01 -1.583872651568715983e-01 2.389517229552675509e-02 -7.018193580437247225e-02
3.526987362159786921e-01 4.363913231444599417e-02 7.269440035164657921e-02 9.818143530249349993e-02
-9.541005645441373584e-02 -5.422645183976806949e-02 -2.299926881126340694e-01 -2.268221415769308344e-02
9.491339818096417025e-02 1.943840862771691047e-01 -1.643824589459221552e-01 -2.755495614412976080e-01
-3.944897963316366246e-02 7.697093533879756366e-01 1.855537789457277764e-01 -5.606161201968864471e-01
-3.058894479912509928e-02 -3.366703252452165063e-01 4.518387688270510960e-01 -3.137222064199807897e-02
