2.949368508888573492e-01 -3.166435453633496128e-02 -4.844872192895462865e-02 -4.863757863664864844e-01
-7.895994449220401779e-02 -4.303151580932872838e-02 -2.111434733756265836e-01 -4.582168609148823575e-03
-1.570097936715714737e-01 -1.015352140073973036e-01 2.969233678819571121e-01 4.965759434770188330e-01
-4.798952875093374232e-02 3.944702698213959358e-01 2.805981089691707564e-01 -2.690527861357064898e-01
2.078395581056524388e-01 1.957714366462134925e-01 -1.912144561131816634e-01 2.585364688168875769e-01
2.793602815284806917e-02 3.582169551885947545e-01 -2.484127592272478424e-01 -2.758392860228528476e-01
-4.802622961996438344e-01 -1.723215238600366850e-01 -1.547640850086374753e-01 -3.133696646445648382e-01
-2.762836304618277450e-01 -1.842227385082590985e-01 1.755725129736354084e-01 8.623149215617323393e-02
9.288049219301010295e-02 1.300023768401952495e-01 -1.790756528439790829e-01 1.806484437098310469e-01
2.914767365993555653e-02 -5.757823262456727986e-02 -1.246036918501263052e-01 -1.754558291640484768e-01
1.446563362375324902e-01 2.028403106614653506e-01 -5.518065769262531228e-02 -2.682898011391482429e-01
-1.773719809820999485e-02 4.788665144748231461e-01 -1.431133886809549116e-01 -4.414670761455819631e-02
3.450928182154830992e-01 5.948509495554022558e-02 1.568665380937477594e-01 -5.637036281011161692e-02
-1.057526962119499925e-01 -6.747725913362569161e-02 -1.257481158846112945e-01 6.482632464067547562e-02
-2.617446807248292040e-01 -2.000627772241480862e-01 9.379992989504544465e-02 3.582980767892253726e-01
-3.135413385307068701e-01 4.488679581465664786e-02 -1.262576797634509529e-01 -4.474335819050946350e-01
-1.115477425910630233e-01 3.896951307210895776e-01 -2.980944283960275665e-01 -2.659041903953878183e-01
-4.882657753658522504e-01 1.202162352317993205e-01 1.928572254082750181e-01 1.964152465118707558e-01
-3.932258648252908162e-01 -5.576865810483858793e-02 -4.767769069506986312e-01 -7.536337621798409880e-02
-1.612896302154494602e-02 -3.869207914615232363e-02 -2.349674622837578664e-01 1.970194524769480204e-01
-3.244492263789271885e-02 -1.437542610876784699e-01 3.126659850127605500e-01 -2.052016095669742524e-01
-3.982642678685683335e-01 8.411260269672377055e-02 -2.685431166414342097e-01 -8.777891017404412799e-02
8.518864513224691515e-02 -3.086046739098730618e-01 -1.160859694921121121e-01 -4.034705983226573034e-01
3.205669806519424458e-01 -2.472125153239772277e-01 2.451824141002854895e-01 2.373396204206103532e-01
-2.266198393940182521e-01 1.580198134070453508e-01 -3.892693955622317237e-02 -6.311098881179158515e-02
4.632294605430903323e-01 -1.792237033767244414e-01 -1.475814744396238276e-01 -5.764738137446729915e-01
2.292976048571242487e-01 -2.907144925550102510e-01 3.468044571183139246e-01 -3.344438416841050699e-01
3.059227030664768976e-01 -2.765389913717742898e-01 -9.268921069970897930e-02 -1.756835092224996384e-02
9.262825608298579094e-02 -2.225716570484213286e-01 8.781579564094348089e-02 -3.021515958707514660e-01
1.739829024104752875e-01 2.073299221927092928e-01 -1.226451033490190828e-01 -2.522893589233622946e-01
