-5.561914086187625950e-01 8.005822290007371667e-01 4.427027741218071341e-03 -5.472841658638444295e-01 5.563851691505315999e-01 1.167577529515005652e-01 5.262985788472840376e-02 5.757698034993975061e-02 -8.501321031448048904e-02 1.184496638342936170e-01 4.127237793531682297e-02 3.267222302057117000e-02
3.490953382679841122e-01 -1.093607821959783122e+00 2.708779756292272745e-01 -2.810509868124641542e-01 -1.009419443381126325e+00 -1.230064959600582347e-01 9.862429915536542746e-02 7.110656712287546366e-01 -6.940077671172200091e-01 -5.162721620769121778e-01 2.220187703216081332e-01 2.278694722878372436e-01
-5.270952163997326689e-01 3.152016890940099181e-01 -5.476848893163355908e-02 -7.020158223918001594e-01 4.440701599773835828e-01 2.310888992535622966e-01 7.438839582213780943e-01 -1.070251792546021707e-01 -4.974734766777768047e-01 -2.964932706033551191e-01 -2.773052972920464487e-01 -8.406135616932519650e-01
-5.363438304301478832e-01 7.927440703587602666e-01 2.497369672946136432e-01 -2.430960364139410704e-02 4.842693752522111983e-01 9.031876992595128800e-03 -8.144965968467575701e-01 -6.252977274937909780e-01 5.637622287995112114e-01 6.117022175578197551e-02 -2.450944994603410920e-01 8.551260770754112173e-01
1.576263338843625905e-01 1.108864598689640879e-01 1.288955961914951820e-01 -1.612867435742406097e-01 3.206526390655767278e-01 -8.340555165016891870e-01 6.143875064321073776e-01 1.505973792209633344e-01 -3.351250632903804427e-01 -5.368565325499975727e-02 9.955958743365336261e-01 -2.423777235353820336e-01
-2.730047108508316667e-01 7.010402287204461347e-01 -4.087085283724988805e-01 -1.479089895945893962e-01 -9.989470163749195608e-01 -2.349762575591465008e-01 -6.439004290214623838e-01 8.054374618821737997e-01 -7.172897184397402856e-03 1.018871430435406289e-01 3.849575144933304882e-01 1.009196762447281515e+00
3.024655829803682416e-01 -5.664220972042776081e-01 7.148314250288062555e-01 4.563161244029084740e-01 7.325624043582551481e-01 7.262909403899454885e-02 2.301938109070764127e-01 -5.454749067252655514e-01 2.109563580231313407e-01 -2.269893682403540669e-01 3.554732082662805798e-02 -5.467964223485198838e-01
-8.202590023187661394e-01 1.149039541385793006e+00 -2.508806071672230464e-01 -8.880118700153895039e-01 4.423075554032636358e-02 7.588688834206033240e-01 -2.500483650252474099e-01 6.721650784839230397e-01 -1.712747444034280753e-01 -2.497936916614791336e-01 -5.007192645901030748e-01 3.683163113502447295e-01
1.920314330106753786e-01 -6.437897779884009519e-02 4.380428005309546791e-01 -4.783563901711177513e-01 1.886261735485987301e-01 -7.124745517894478519e-01 5.525670669302841231e-01 -9.302653867761113970e-02 2.133193790474965656e-01 -4.655144575225235171e-01 1.030413438602143517e+00 -8.180173232089495150e-02
2.458652665853728048e-01 -5.436060435697021020e-01 8.355108434786227001e-01 -1.173830649753776351e-01 8.078860838023788071e-01 2.702537348517342064e-01 4.918658183299919745e-02 1.277344700386735976e+00 -9.092442145426038458e-01 1.443013630310731599e-01 -2.294769477443664996e-01 -5.286288645818151138e-02
-1.341769499142462796e-01 -1.006913954482894780e-01 -7.084409572038687930e-01 6.187660669386380041e-01 9.024855768631542263e-01 2.171265470820131493e-01 -1.886125796513626052e-01 -1.725346177511728474e+00 1.358690507586487906e+00 -2.973185181953336143e-01 5.127997524619226644e-02 -1.235850480532828671e-01
4.029538529805189451e-01 -8.266707844228163848e-01 -1.330099679836293236e-01 5.013163084107836731e-01 2.648770156622608923e-02 -2.060158990177101412e-01 -1.689537349795409288e-02 8.640145008635922996e-02 1.991466296483359114e-02 2.347485657707408246e-01 -3.708677612027911491e-02 -1.049955956222250741e-01
6.454521761821461201e-01 4.415961031247936930e-01 2.523417477726798697e-01 1.307018653823496801e-01 -1.928783566836541619e+00 -6.828866950448244655e-01 5.953896623948972538e-02 1.144323771125020824e-02 -1.197240420655395710e+00 5.191238855318865836e-02 1.310064641835841925e-01 5.448952443675558754e-01
-6.519745753271169453e-02 1.175479996752702844e-01 -3.562144919059143655e-01 5.495428917909578326e-01 7.673517212792051456e-01 1.425941820901265589e-01 -1.430483238798690437e-01 -1.320659543145854320e+00 9.502342157437235759e-01 -5.688314914891051677e-01 -4.244322803923424037e-02 -1.025334594544237421e-01
-1.310279353034154992e-01 -2.884884853834327953e-02 -1.228759458589725323e-01 -5.240078005403672190e-01 -5.146356759686404603e-01 5.039436219566916231e-01 1.298086903403330473e-02 -3.421790569412264116e-02 8.391675483464047791e-02 -8.705882766909581183e-02 -3.847148216677628296e-01 -1.866182879490664581e-01
-5.991433768380471925e-02 -2.524068571929791727e-01 -1.182634720364243774e+00 2.481086154787018605e-01 9.700521723352696635e-02 1.816118853551779988e-01 3.091209711992577436e-01 8.187263799497280781e-01 -1.073598410701683159e+00 7.959802584999410291e-01 -6.301775921386940649e-01 -2.000348280890087427e-01
1.422942076036437742e+00 -3.611787107959405496e-01 -6.156314568986671898e-02 1.029826211756255105e+00 -4.021429596722428390e-01 -6.418959760161304651e-01 -1.263417641691896159e-02 1.159755303899987350e-01 -7.773993174982436472e-01 5.115481910015776817e-02 3.908775815958271393e-01 4.632661601437599308e-01
-6.336209696950247938e-01 -1.632593611571983239e+00 2.681935224522796202e-01 -4.568427705057810928e-01 -1.077302263877489175e+00 4.043172927617036394e-01 8.615693639878468923e-02 1.310716061300969404e-01 -4.914576881017568288e-02 -2.274883769883666862e-01 -4.284091301426118728e-03 -2.106457330903136471e-01
-3.534821400235917399e-01 -3.792261141166323735e-01 -3.842307299210397098e-02 5.822569365676862896e-01 7.595109234987368341e-01 4.376769255926081792e-01 -9.339976109650542646e-02 1.292258994366473623e-01 -7.077812503231987185e-01 1.145015525867884715e-01 -4.923781799488801680e-01 -1.841754131493474334e-01
-8.455905349580540298e-01 -8.926871721214160726e-02 -8.038337083367762259e-02 -1.533647446289508054e-01 8.427109178556648761e-01 6.099263469060153264e-01 -2.055829150425786123e-01 -7.165393992498252096e-02 1.215310518799101791e+00 2.351684042707085087e-01 -5.523261238268317719e-01 -5.140615820625566990e-01
-6.004496525728397760e-02 -1.758666025599928406e-01 -4.824797906802983927e-01 -3.199590963395583243e-01 -2.611094009159450891e-01 -2.079157266112942326e-01 -4.755469313049483226e-02 6.895356507484843300e-01 6.941115236468944349e-01 1.059846698441996443e-01 -5.140818617143428498e-02 1.374240502701230549e-01
6.923157755753949205e-01 -5.178222891015740181e-01 -6.446922630709087665e-01 8.863986978573485942e-01 -7.026372671454199637e-01 2.407409000250308739e-01 -4.226596923939277550e-01 2.949468742114644271e-01 -5.188018921531222238e-01 6.113526107004317867e-01 -3.164652668431718330e-01 1.571312125896035250e-01
-1.105209481239831232e-01 1.162670198935290111e+00 3.485608273296772475e-01 2.589400307839339610e-01 7.422193023825545133e-01 -2.190721838327684690e-01 4.748579096234999825e-02 -7.122197074582732601e-02 -3.285232403051192573e-01 2.082441558786560509e-01 1.581540450280682630e-01 2.226570596294202842e-01
-6.586351180458309418e-02 -1.150736315969042300e-01 5.421287148184980031e-01 3.775184395732989612e-02 1.390926282512336520e+00 2.084965370211604996e-01 3.064960248456706227e-01 -1.119951055414737606e+00 2.123227821467387755e-01 -1.587965382560531935e-01 -3.463630710599719387e-01 -5.942091384410899124e-01
3.990129392789059648e-01 -2.216013252988761895e-02 8.662616668658082997e-01 1.356358749957460412e-02 1.286655707519961112e-01 -4.544835704789750297e-01 -1.136874779309528100e-01 -4.875239684433614884e-01 3.667915707287184857e-01 -8.751559811570714942e-01 2.686463816507110303e-01 -4.605002521719105402e-01
-6.515924829421347875e-01 4.197146044315568925e-01 6.201436460839891973e-01 -3.143081429655663617e-01 5.126192306933891052e-02 3.987302087068079204e-01 -3.435879738524224014e-01 1.077549043244297122e+00 -2.180944682847512084e-01 -1.084002278804308134e-01 -4.300116724901171736e-03 4.979481173642135161e-01
-8.811246493803860380e-01 -1.555443403266289215e-01 -1.805870098021720715e-01 -5.196197459513042238e-01 4.818848233474999909e-01 1.197990998515365391e+00 -6.637553100445381382e-01 -5.365558501399672053e-01 4.544893248181247625e-01 9.241776281640648461e-02 -5.939961517265034407e-01 -3.363328138107392062e-01
4.224934363812374999e-02 1.321425505889556040e-01 1.426147402204021919e+00 1.925031090183930704e-01 4.006441906027732314e-01 -3.361219152989681769e-01 7.536579225882887589e-02 -8.740183872487154726e-02 7.985158563238203833e-02 -5.117973520786237573e-01 4.473515111752009443e-01 9.844715241978176101e-02
-2.871155204809781036e-01 -2.652018479451292987e-01 1.934158627358534537e-03 -9.134583749620384108e-02 8.052402917766529056e-01 7.205216439575573562e-01 -5.835987740220088815e-01 -4.952385671572978598e-02 3.169604247582916146e-01 3.466600040894430856e-01 -3.426935897798769615e-01 2.128762788665487446e-02
1.794292756316744897e-01 -1.654295954688256576e-01 -3.229870570245514383e-01 -4.509144699441720028e-01 4.413698871186235162e-01 -3.991492257451575432e-01 7.483065063514644510e-01 1.837614464911502821e-01 -3.239693443172034781e-01 1.392060348278134803e-02 3.831022988901616189e-01 -4.356831082688941148e-01
-2.187437456458630469e-01 3.104169503679821696e-01 5.383619215730902630e-01 2.792897300252682458e-01 1.447777695370159601e-01 -6.989075693567579906e-02 -6.938986569732656928e-01 -5.455634415628074496e-01 8.089023888948562724e-02 -6.462512319533608718e-01 -1.172975193120172621e-01 -2.353861313658629772e-01
