-2.914830297767012079e-01 1.827014099407084924e-01 -1.527082074656768707e-01 -8.454423021347763634e-02
-3.619471502154971154e-01 -3.710101316405086669e-01 7.203766870665126443e-02 -1.157165031484003459e-01
-7.126831257823047772e-02 -1.070399096081772750e-01 -2.454526393682472107e-01 1.612081396360576790e-01
-2.765281996742809945e-01 2.930151062027879783e-01 3.569313786365900243e-01 2.146642710673317689e-01
4.089611576839640161e-01 -3.252074517629862660e-01 -1.207790340249064315e-01 5.965879894295927910e-02
-5.052069349532101183e-02 2.116117022285137969e-02 -4.672505145018762684e-01 -6.825836946128924776e-01
-5.159392162363247297e-02 1.496649022428936382e-01 -2.066754210716976459e-01 1.760814288472782596e-01
-1.417166118440435774e-01 -2.691289856810067938e-01 2.918725257171255749e-01 -2.336910761733863584e-01
1.332420228017725528e-01 1.354261947418699541e-01 4.236153140069008338e-01 3.457596068333196326e-01
-1.107041528203485808e-01 -1.479495629562716241e-01 4.068558741758179220e-01 -2.903443626679348410e-01
-4.158643907101125525e-02 -3.242899090402228124e-01 1.739962752391571443e-01 -2.725620028621982271e-01
-1.955413543474954496e-01 -8.900019849764680829e-03 -2.175857633750363784e-01 -8.622833577445934705e-02
6.298188046047002997e-01 4.819941854547216131e-01 8.945279692042328382e-03 -3.630299710668098423e-01
1.819503616553473091e-01 4.476536932086456200e-01 -4.648383209182561232e-02 5.210129588807625028e-02
-3.479452905776786453e-01 -1.070133832994895617e-01 2.050743258723424778e-01 -6.993815616521448231e-02
-4.742767795481487858e-01 1.726534530265133940e-02 -3.095017327242809979e-01 -3.057858947375343556e-02
1.081836977924430926e-01 5.537671438352496228e-02 1.336532393762038806e-01 -2.946399852932733987e-01
2.840065062451000918e-02 1.414987287900953961e-01 8.282116278858248082e-02 -1.169519294916906427e-01
5.565349501971574020e-02 1.615793942716824971e-01 -2.935289790436447221e-01 1.723317862286879165e-01
-7.938833659987173941e-02 -2.515489706645147872e-02 -3.971872564388853610e-01 -6.079492752356491225e-01
3.770244987347742271e-01 -4.443244082277107432e-01 -4.779593956858045611e-02 -1.410506068914349764e-01
-3.307236032233054623e-01 -1.225126456455098017e-01 -5.334758982713007081e-01 4.079513552357775241e-01
4.189680594726237217e-01 -1.165693105315055017e-01 -3.328543692292360578e-01 2.608253741548194893e-01
-3.015642185259648222e-01 4.236285834624786140e-01 7.131796569574134770e-01 2.922485249707279520e-01
-7.575388954214467598e-03 1.217486913660788123e-01 -1.640716292081138006e-01 -1.541846111653492370e-02
-7.654925833425945368e-03 -3.627552254081405081e-02 3.725625981288698818e-01 -8.877692270392310847e-02
-1.572782134070341842e-01 3.908917168642832562e-01 -4.250702532227659813e-01 -2.630876055034312433e-01
-1.352212909991760692e-01 3.062506392887567094e-03 4.318981214667627078e-01 2.686703733510246161e-01
3.257869009576296326e-01 -7.748093324980188934e-02 1.778159070503451678e-01 -1.087535714016018076e-02
3.335293013465019940e-01 -2.588818091511856379e-01 -1.117248274736749730e-01 6.541941379294030114e-03
-1.092219078614337230e-01 -4.022961039521229937e-02 1.721369199389146121e-01 3.842416083325067011e-01
4.830384746684629471e-02 -3.715204591787399369e-01 -5.021504053201668316e-02 2.900984599584779389e-01
2.622464294335186130e-01 -8.425304601452379000e-03 1.598973197083119191e-01 7.441825923681953669e-02
7.476843354218748461e-01 -4.145673067003037282e-01 -2.766084478678487169e-01 2.609867606413959068e-02
-2.906438679046134954e-01 5.798343406587891380e-01 2.649357002569379671e-01 1.392452234571375097e-02
4.597497373310069357e-01 2.445434399600807940e-01 4.102325738045183856e-01 -2.895458792973493733e-01
-1.844215762852068063e-01 1.603565939200914670e-01 -1.892797736459191082e-02 6.980575922036510450e-01
9.721201065237192185e-02 -1.059445500711550386e-01 2.070177820452766826e-01 4.261786335588951813e-02
1.796890422738784687e-01 3.733778338540024166e-01 -4.331648159110495500e-01 1.900638106356475066e-01
