-1.693131627746674583e+00 -4.527003299741891307e-01 -2.260646632958101865e+00 -1.471046570947666332e+00
-1.541639174680980329e+00 -4.735442996965246176e-01 -1.390137551893162238e+00 -1.037437648162541359e+00
-1.776062488465800726e+00 -2.017516047082676955e+00 -2.031507016185303716e+00 -2.387894869520451824e+00
3.453203268957154570e-01 1.780840889304044772e-01 1.760592836269659067e-01 3.049942929273445902e-01
-9.184075818498771415e-01 -2.951625910510097928e+00 -5.403624465473079175e-01 3.413207360650829213e-03
-1.174832233115181035e+00 -1.798429162810702531e+00 -1.182159906599610455e+00 -1.224586237913863451e+00
1.002590456537511443e+00 9.278153043301199387e-01 -9.671921220412443843e-01 1.387407034603248268e-01
-2.155436823969822502e+00 -7.589050111268746956e-01 5.836500368331249966e-01 -7.614663266730931079e-02
-1.764917187696900092e+00 -2.475694702872031971e+00 -2.296209025864146103e+00 -1.786560784967236304e-01
9.617039676029552897e-01 1.625771095831879398e+00 -2.158183892834678874e-01 -6.663148223251034175e-01
1.756504040429583524e+00 1.421982125295592203e+00 1.932605357548747183e+00 3.148981782708950572e+00
-8.396181100251250834e-03 -5.355032755822872748e-01 -3.140533491594094118e-01 1.061676124491303996e+00
-2.447412105218700618e-01 -1.917476774420349361e+00 -3.844056154757111710e-01 1.298966363022560633e-02
-2.375140598232879263e+00 -1.600123195171973878e+00 -1.507382033536478705e+00 -1.159372412889383863e+00
-6.726876611044111387e-01 -1.454753180010021296e+00 -1.900474024001029827e+00 -1.318773868279877082e+00
-7.860850604187856749e-01 -2.017228108321038160e+00 1.744641216129875494e-01 -9.154060420508495222e-01
-2.168080677015336577e-01 -1.253499956976115159e-01 7.216805736752678335e-01 1.127810184034192309e+00
2.373834028742134006e+00 1.507404464855009563e+00 1.271246647920829975e+00 1.789362832387986435e+00
1.707873733728578980e+00 1.294441255542507330e+00 2.102597746144200475e+00 1.617519492943502391e+00
5.755302601356133696e-01 1.423660266230428739e+00 9.876078809893064081e-01 1.441852864809311852e+00
-9.840873395557856451e-01 4.596892232702398662e-01 5.921312961314680878e-01 -3.482928037463579179e-02
1.408460035746613048e+00 1.008185993078138054e+00 1.809848636593758497e+00 5.990999643468943869e-01
-1.413150925921467627e+00 -1.730785029784479345e+00 -1.107873262577490525e+00 -9.473842593282616464e-01
1.013217477605081296e+00 2.338104833154416085e+00 1.389724294801864657e+00 -4.515189267382879734e-01
7.683812065320491103e-01 6.729189553131325052e-01 2.724532119688262144e-01 2.419074179943777825e+00
-1.926047684449841091e+00 -2.330476604696988918e+00 -1.614790884139565286e+00 -3.265112711055567107e+00
1.204659688244302584e+00 1.046159826833453543e+00 7.141211165941305783e-01 -4.687694977997543533e-01
-2.424627146770200525e+00 -1.097892711546708089e+00 -2.220318145520420394e+00 -1.532294985266270615e+00
2.113519753296354331e+00 1.121075678296954869e+00 2.210025784253652592e+00 2.206831697369974421e+00
7.212416849798376495e-01 1.296057071273715611e+00 1.351537228971562143e-01 8.592937180132215191e-01
