8.398925825159088421e-02 -2.998761452515640025e-02 -5.394262239546548932e-02 -2.590522592958541606e-02 -1.039214254347720634e-01 -2.713805595153304800e-02 -8.432942069754825742e-02 -2.107672591648597840e-02 7.813549282737357327e-02 1.359599188735098330e-01 -7.015059977722057361e-02 -8.475539946047166984e-02
8.305564170011628389e-02 1.208997910372095058e-01 3.386400874611292244e-02 4.304261972329934127e-02 -9.304796866918868883e-03 9.847017223568428623e-02 -1.199444291140336627e-01 -4.405586018465965092e-02 -7.866959609258222796e-02 -2.134507945402044360e-01 -9.459354757924727519e-02 -1.215335205851923728e-01
-1.083376604460291326e-01 -3.712535521928824606e-02 -4.368780954467308547e-02 -2.716662282165509951e-02 -2.728470922474795363e-02 4.082425914807469303e-02 4.890841327703147542e-03 1.153015224513227743e-02 2.064347371646897411e-01 1.439308721161889626e-01 -1.279722623709776685e-01 -1.454189019055855125e-01
-1.302533689446556432e-02 -2.577794251722837285e-02 -1.071058557860225108e-01 -1.129445045015311025e-02 -6.308157154423529867e-02 6.409202882704800874e-02 -4.680560106875673865e-02 -7.068925812628079619e-03 7.941065427662503950e-02 4.352436224271397786e-02 -3.675701278519035928e-03 -1.117523536269850182e-02
-6.937346916864872703e-02 4.260082870157733126e-02 2.712742977510008702e-01 -1.292042288735687494e-01 -2.124565665295733569e-02 1.318463564668783394e-01 -2.054193807728163512e-01 -4.328788761873781504e-02 -6.784842725444018008e-02 1.481766821164234582e-01 1.838739098961481716e-02 4.763293261243096988e-02
-7.918021683208179007e-02 -8.386215333900400026e-02 7.394028498709623309e-02 -1.267026403880643949e-02 -9.419526977086395414e-02 -1.404050475004981757e-01 -3.391267475603643167e-02 -4.561802534224766725e-02 -2.608430657336945069e-02 5.348675447165142371e-02 2.162010402625548500e-02 2.546751648204845925e-02
2.963266823452761697e-03 1.599406006217076182e-01 -3.119425774739253976e-02 -4.205590448643287127e-02 1.395715209152136871e-01 -3.249254482954987144e-02 4.845647158541131760e-02 3.750110066540286030e-02 7.698633266365899688e-03 1.580571996822930925e-01 3.677301832833616835e-02 1.047931534330020786e-01
1.475733251256773973e-02 1.150823378136866526e-01 -3.157293707563546548e-02 4.822888601781449847e-02 8.523908287587241006e-02 1.100579312374833918e-01 -1.197309525609956543e-01 5.005848626607673629e-02 2.392216060738118488e-01 -6.957810371564067398e-02 -4.063729458637999059e-02 -1.786513552364957236e-01
-6.007670125628181146e-02 1.282092632827198653e-01 1.196723680238717114e-01 -1.967779621469385731e-01 6.670152960253440677e-02 -1.677157768269357287e-03 9.582358318908784645e-02 9.784521355621440819e-02 8.451780665813952986e-02 -7.715294046843328146e-02 6.647255089223527702e-02 -6.820678293055071340e-02
-1.152158174612590430e-01 -1.126792516031170366e-01 -5.081452083090121780e-02 9.285907380694725932e-02 6.092461654001469357e-02 9.350893536920795723e-02 -7.024221621320425601e-02 3.933575774354557825e-02 -1.066884482068807677e-02 6.632454552793601299e-02 6.831699056656141689e-03 -8.076738661660741447e-02
5.015947964214373389e-02 3.397617012147957638e-02 1.407173123480611465e-01 -4.307919447940067315e-02 5.093050851811144197e-02 2.021638122749161784e-02 -5.929364601275592672e-02 8.800982319722238214e-04 6.636937997182307258e-02 -1.417347873267856828e-01 7.127627101484188335e-03 -6.452131663705307218e-02
1.430693365109344528e-01 -8.649312327829299443e-03 -6.915017506764500888e-02 -7.558648058946698667e-02 -4.638492700474844410e-02 -3.227116329597163463e-02 -7.599944681052372975e-02 -9.406973678135477357e-02 2.226772023852327531e-02 1.479587729343754265e-01 2.005225492792866993e-02 -4.851967086493728931e-02
1.607911776159839379e-01 -5.578856632385423980e-02 -3.504433735571199377e-03 -4.861731826815687829e-02 8.544081240425834001e-02 2.719914680924127165e-02 -1.403423671512984972e-01 -4.592673650894499304e-02 -1.433462703641786608e-02 1.140981376355669763e-01 3.017051559959173929e-02 5.781123874186250983e-02
1.447725890396554249e-01 1.104243060913463609e-01 -2.629179841968175019e-03 -1.064153996008429109e-01 -1.836380816250719750e-02 9.270744828277846517e-02 -8.624971469193998264e-02 -8.244588063229334185e-02 1.161441179266857688e-03 -5.558385729646468654e-02 -7.684317598811848948e-02 -5.709212491970785952e-02
-3.732741260064288691e-02 1.450159845318992665e-03 -7.232878625655821125e-02 -3.745433468167284202e-02 8.877169589652555981e-02 8.738952161386126516e-02 8.387171207352675517e-02 5.285919234815509085e-03 2.914307853809360374e-02 1.853984871317917657e-02 -6.511472446380156716e-03 1.901296767911071078e-02
4.648130618690205634e-02 -7.666478438167770304e-02 8.497715075093509318e-02 9.656594624012260208e-02 1.886735713910645540e-01 -3.078487153569587579e-03 -3.201038581003517319e-02 -7.743588508354842803e-02 3.858238300858513742e-02 1.122213642119944746e-02 -9.001192979635960767e-02 4.112987578733320188e-02
5.521098336425131481e-02 -2.506511371637821367e-02 -3.789181567827076130e-02 3.436668888383778708e-02 5.754146225898391226e-02 1.032642995170959255e-01 7.298284564930800078e-02 -6.886851712995795127e-02 2.845083760962783398e-02 -2.464103599388786647e-02 1.353842025834633422e-01 -7.371173440538014016e-03
8.064491306512897029e-02 -4.870198990358338281e-02 7.372952858988500446e-02 -1.639067134618517607e-01 -1.756925444318629265e-02 -8.403628374116212107e-02 -1.260079517189939269e-01 1.271058572586217933e-02 -4.787237358866705539e-02 2.366142561625188961e-02 -4.811969570526961754e-02 -3.399779958291661297e-02
-1.003051289614114439e-01 1.031697774917668745e-02 1.485475400710549107e-02 1.100656414475456729e-01 -2.771336309594938166e-02 -4.191706257408044090e-02 3.183065169599179865e-03 -4.967265829871335935e-03 6.302648750969755409e-02 3.476679885640032719e-02 2.169458623824298965e-02 -1.254650835569392359e-02
4.061697071899729450e-02 -4.059278732718774908e-03 9.019148405443051797e-02 6.550381467281443659e-02 8.480298854418057142e-02 -5.574244923021494380e-02 3.394360928207774009e-03 -6.131105245026886169e-02 3.216501826548043980e-02 -5.800548702876551915e-02 -9.149293223567574185e-02 5.427885657743717479e-02
-8.851211618657463254e-02 9.427717435781464428e-02 -1.868186183733209355e-02 -1.038253909764546151e-01 -1.586311334076295487e-01 4.999584722497622119e-02 -3.110929444383569997e-02 -1.155151177837796111e-01 -3.087447444187620127e-02 1.368374153741096222e-02 1.413305407096855648e-01 -2.380979378566921989e-02
-1.026033767683984937e-02 -1.284875629898162182e-02 -2.990847630070409685e-02 -2.813955084869820822e-02 4.780960076127503677e-02 8.363996392076840369e-02 1.381627803905081109e-01 -2.165214955682765591e-02 -1.066662209685277501e-01 9.688020159265677000e-02 -2.393111503511071228e-02 1.207307663644282885e-03
-2.303242844735302608e-01 5.881062113345683628e-02 -3.969039254003893513e-02 2.666538074323996158e-02 1.312870641770170488e-01 -1.266122146145406691e-01 6.640340176396619665e-02 3.611571739344490717e-02 -5.033120608122144263e-02 -4.389445575733869932e-03 3.492199016939220163e-02 8.851097425145333653e-02
-9.889494714018666477e-02 -1.423724285551303259e-01 -1.364404546469977220e-01 3.923405470579712818e-03 -1.427402150314462381e-01 5.182567852923220669e-02 4.237943796304355359e-02 -9.633873321025179792e-02 -4.532434083998738983e-02 -6.062123144148834353e-02 4.031120192704867877e-02 -9.766018234855773639e-02
4.909483769341197595e-02 -1.005944241420687058e-01 -8.401833507809300383e-02 6.439499705112508576e-02 -1.963630315522740810e-02 -2.513174949341174386e-02 -6.780103598038146780e-03 -6.179003030719293355e-02 9.319102954038545328e-02 -4.704905176440508235e-02 -1.740558715054313366e-01 -6.607932311309050455e-02
-9.591067374553854941e-02 8.300444680691154709e-02 1.648647775351214095e-02 7.026666695850672384e-02 1.301361468128932330e-01 -6.845403061099375464e-02 -1.201894990698227916e-01 4.623585018749686026e-02 1.056540771535424868e-02 -2.435189332052802719e-02 1.502941200667511296e-03 1.108578160619873160e-01
6.008257032416118582e-02 3.753534768274545408e-02 -1.658473709317069000e-01 -4.706133941587906794e-02 -8.650268048796910803e-02 -1.669945190292979054e-02 7.814783174312781022e-02 -6.917891015104979391e-02 1.042824101419718985e-01 -1.908816656964039838e-03 5.087345524095340799e-02 -3.207549086867267363e-02
-4.274549816859982143e-02 6.727334855323040264e-02 -2.578776317250445604e-03 -4.494299062971360975e-03 -9.851178127309287436e-02 -5.064069756183320337e-02 1.291906896643248981e-01 2.407054485431319238e-02 1.020365346243149590e-02 -4.230995827959971312e-02 1.397256263890687134e-01 -2.760960870312321319e-02
6.677556625351627542e-03 5.746895437547217683e-02 1.343645444018272683e-01 9.237423194111461788e-02 -4.132104528040072416e-02 -1.291519732097253237e-01 3.202379913575839100e-03 3.002961579441901924e-02 -1.025513671265185361e-01 -3.127889025151138480e-02 -4.866673745735575207e-02 1.446419320441174813e-02
1.603755946673124377e-01 1.971267560382380934e-02 -1.291196380591208281e-01 8.710572008802824895e-02 -6.957874469872425693e-02 6.879959707662455792e-02 -4.032379449274074712e-02 6.373184310536063324e-02 -8.652773386845298564e-02 4.162221559237090640e-02 3.414877845691878522e-02 8.935647388753514830e-02
2.699571714254152960e-02 -6.813244440705906214e-03 8.308227960852675176e-02 -8.652710239476942011e-02 -7.745465171364178392e-02 -3.056990568684989432e-02 -9.106207997334100912e-02 -6.725071366085774716e-02 1.566580229466183471e-01 9.845816266117113011e-03 1.069678593263339306e-01 -3.065059431780649615e-02
