-8.493623267265548726e-01 -4.646861604462959039e-01 1.289642689201945525e-01 -1.409740452130304966e+00
-2.699068840484506251e-02 1.032771019260517509e+00 -7.738135205535449923e-02 -7.093064034858447275e-01
-1.468393219047946230e-01 -4.591124793842335516e-02 -1.186141435233742381e-01 -7.825259370519656310e-02
2.937659214141951636e-01 2.950673905523629736e-01 -1.864731713338972988e-02 -5.198787118922493233e-01
-5.216262738211482342e-01 5.137614424470243746e-01 1.850674667037211230e-01 2.378237106926688483e-03
1.449133060774958903e-01 1.091643342406934059e+00 3.998664297827806968e-01 1.804264580137938001e+00
5.201384752442805848e-01 -3.276814466887807420e-01 5.299006209566581305e-01 6.452787069980018275e-01
-1.469589237760537292e+00 -1.521053036401840863e+00 -4.655923682399495944e-01 3.039359618145411335e-01
-5.874984896599881878e-01 -6.573545056083279770e-01 -7.946220110210376886e-01 -1.028094401160245946e-01
-6.456501259767600809e-01 -6.591804905122333746e-01 -6.308206538172419497e-01 1.088886572239033068e+00
-4.485141165494944127e-01 1.180635546553711501e+00 -5.407221829568747973e-01 3.455153811378660622e-01
7.452633183132144623e-01 -1.999031703605320398e-01 1.952728377670182730e-02 9.332534487872238271e-01
8.708384315554656627e-03 2.356057454483058422e-02 4.018338318710931167e-01 -6.700836628058600697e-01
8.649163295290840381e-01 8.766227112190609905e-01 2.153031618184952922e-01 -1.286743202680322495e+00
7.879652200675325568e-01 4.452255604274904521e-01 3.840507953799741081e-01 9.000524394909511505e-01
-3.504657139535461430e-01 1.563733686196681349e-01 9.885936684977067457e-02 -9.446790093764129148e-01
-8.239575993581793600e-01 8.315821399876360820e-01 -1.274026388965734946e-01 -2.677351261792083048e-01
-1.422888346321464104e+00 -5.010717088645575412e-01 -9.202475853841225462e-01 -9.792732420685461570e-01
1.074765299211281722e+00 1.228717047837421639e+00 4.402099377343399733e-01 -5.576562554177832975e-01
-2.020462889370386039e-01 -1.363606954795344217e+00 2.543292403346563146e-01 -1.744114036152978331e-01
1.237475289341963602e+00 5.731747851421090667e-01 1.972083706808331616e-01 8.530769501338975047e-01
-7.289437560461303756e-01 -6.158022480808046650e-02 -5.058846384613858715e-01 4.281796056220852909e-01
-4.367444383184320156e-01 -1.269151190141215135e+00 -3.215581574601262815e-01 -8.895244942835237589e-01
-7.215024768417728218e-01 7.284910743937794697e-01 -9.863729303861100695e-01 7.289071859290603417e-01
-6.083819059234126803e-01 1.991323697198959242e-01 -3.194913441409054644e-01 -3.202550927891981841e-02
-4.877704606840911616e-02 8.248301727185998466e-02 8.854260279831511760e-01 1.003919408548633978e-03
3.556505471889566117e-01 1.103298354808393889e+00 -7.470258458760574705e-01 1.096006979340524268e+00
7.986922270749706454e-02 2.263069680163091457e-01 1.858328415344107365e-01 -8.878801464261193432e-01
-8.114261583223616459e-01 -4.726687266621806272e-01 -5.245595565341525379e-01 2.231243027451582095e-01
1.187643475292126771e+00 -7.291136248959296032e-03 5.575545931096244079e-01 8.630683308878225324e-01
