2.509706770973667012e-01 -4.887772085410916484e-02 3.756860016929396973e-01 3.033243540319835452e-01 4.124550823257262522e-01 -3.819455809910510952e-02 1.742681854449587009e-01 5.884422272766088452e-02 1.263620543270185526e-01 -1.884195411969818712e-01 9.141348235953664081e-02 3.878324169593942994e-01
-3.807928591908885108e-02 -2.267981516677642917e-01 3.083993910444047248e-01 2.790225959800793909e-01 4.663286617201665152e-01 -1.335111981162563355e-01 1.106631622422976080e-01 1.163290837441411651e-01 -2.982445142414744121e-02 -3.254519524475268932e-01 6.588713308347363129e-02 4.093640330943071337e-01
2.080603302279780409e-01 -5.460455508544111158e-02 4.307045447757861245e-01 2.831517123437040651e-01 4.654862169820341844e-01 -2.935345096225692729e-01 3.036994167753950813e-01 3.720410327493137853e-02 9.518947074738322300e-02 -2.237204545595094796e-01 -5.422204776633684359e-03 3.680455307318241109e-01
1.848136068023616407e-01 -7.642811705339852546e-02 4.889214835315787155e-01 2.146291796254323481e-01 2.890487329897215574e-01 -1.764810171053222687e-01 2.763106912071712773e-01 1.461661322673094843e-01 2.225568086869795237e-01 -9.031290761174697035e-02 3.100409264538884213e-01 1.963703423884120003e-01
9.539189670908203300e-02 -1.754533928529874443e-01 1.677454990622750941e-01 4.070911755871255977e-01 4.554615683655558467e-01 -1.295360656547749345e-01 1.747855413855500251e-01 1.060577955830800667e-01 -3.298002636721100722e-02 -4.674629075755068475e-02 6.737687860676433438e-02 4.025621828506075195e-01
1.337349537728107496e-01 -4.683662998925663262e-02 3.659976785040717218e-01 1.752872809809782606e-01 2.603886511476360410e-01 -1.824307702189737479e-01 2.003160799507564538e-01 1.357264188408700833e-01 1.616604584287099911e-01 -3.374469962738279039e-01 2.798389676847867075e-02 3.916117453748424460e-01
1.188407285863006119e-01 -4.844450026170874640e-02 3.849560824845011386e-01 2.852846127202578463e-01 3.256273297793246257e-01 -2.560222581824943000e-01 2.160342232544049668e-01 4.532268355618387229e-02 9.013126224268890041e-02 -1.500636726493581319e-01 2.817802362414006390e-01 3.475997847815408548e-01
1.710261241649279618e-01 -6.320973825402259605e-02 3.070592009088802254e-01 4.082238513357205889e-01 5.353967930281973153e-01 -2.665502133983564392e-01 1.698723196074800046e-01 -3.445943187642418887e-02 -5.585376110757978713e-02 -1.636437682141645700e-01 9.340656627080640151e-02 2.640186191455666243e-01
1.000347480339627698e-01 -1.442319426808982841e-01 2.776590842159396000e-01 2.792173892900060572e-01 2.938828494913774403e-01 -3.597153126763846017e-03 9.623924062780764288e-02 9.967883747954578433e-02 -4.934423266980469264e-02 -2.735028052512109703e-02 -1.305231226978227077e-01 3.956751323374715357e-01
2.798395292844697013e-01 -1.891369650390284374e-01 3.514871867908084813e-01 1.715686015041434087e-01 4.379078104678615357e-01 -8.545557670738087100e-03 1.379270263594130075e-01 6.205954258970484277e-02 1.139673080652974652e-01 -1.116376071132890863e-01 2.284436599338093843e-01 4.031243830363449021e-01
1.990021932343613020e-01 -1.305964164815078266e-01 3.623920110264436945e-01 2.801044219291898285e-01 4.756343850365515324e-01 -4.090524297560962225e-02 9.028159097196944427e-02 1.083736935426072301e-01 6.061432694261387893e-02 -1.109666459149590972e-01 5.006122812074576683e-02 3.763316299363764772e-01
3.721509808682818554e-02 -6.897919571965618890e-02 2.603022297013495856e-01 4.396473655495852784e-01 2.454217045012112297e-01 -1.711407115312783556e-01 3.138269315107312107e-01 3.740953341680904737e-02 1.173746866166022335e-01 -3.170715612535633943e-01 -1.160526838635616009e-01 3.550418373712360687e-01
7.161181469239939756e-02 -1.642163594759549761e-01 2.552976141487074968e-01 3.902898221834530945e-01 2.734481710328914295e-01 -1.357224405777472387e-01 2.245398580994481530e-01 -4.279486917464112722e-02 7.493663938522997225e-02 -1.670111369884908215e-01 1.293532061811434805e-02 5.393612767981575962e-01
9.617957884330695373e-02 -1.904166001826511079e-01 2.385664283637267680e-01 2.881804508590309899e-01 4.377047766233420623e-01 -3.166685101629788252e-02 2.511902114936856445e-01 -7.947313096514656283e-02 8.291290905717606241e-02 3.289865138855332504e-03 -1.340480833559008211e-01 3.496151445753501452e-01
2.375959044334883252e-01 -2.235938201427452032e-01 5.423986700349465728e-01 2.883234665003916453e-01 3.650034915020123893e-01 1.396547313866293612e-02 4.722798244801280215e-02 5.518671127241023960e-02 1.975071979889234802e-02 -1.957973564852356907e-01 2.415732992985290123e-02 3.785207893239449506e-01
-2.228241280534942054e-02 -6.758018490948258794e-02 3.550308433591176094e-01 3.590315482803999592e-01 3.466798423063980339e-01 -7.331733501687924537e-02 2.210866196283136076e-01 2.139594608349872085e-01 4.406935175161665746e-02 -2.075907648057951638e-01 2.824540625127584109e-02 3.946413729175800578e-01
6.017218433216878215e-02 -1.073578982424283762e-01 2.017331818318749970e-01 9.104135607678326414e-02 3.517472696463158632e-01 -1.361717730069834653e-01 3.330341103232580813e-01 1.347539504396509102e-01 3.639942344082316636e-03 -1.117058049810037562e-01 1.701212196497422779e-01 3.943667364478068427e-01
-3.073292234449585651e-03 -1.476752243793657549e-01 3.205177057740659086e-01 2.159440782415583404e-01 4.849183747286778257e-01 -2.886226134803748233e-01 2.295819631581270115e-01 4.751690528614107428e-02 1.393363456587880800e-01 -1.090880275817935480e-01 -3.309881217973564133e-02 3.639179675580314077e-01
1.644121172371993400e-01 -1.420115780880291667e-01 3.572726423850903221e-01 3.043897442974065060e-01 4.213425928977269086e-01 -2.398272695102958152e-01 7.291970286943980084e-02 -1.403383518893142334e-01 1.073308265975349424e-01 -6.405763341954345824e-02 1.992814569416451881e-02 1.596107935561876245e-01
8.672400319358776477e-02 -1.827747888840951518e-01 3.501883609760214622e-01 2.329711186855323579e-01 3.662286827281183710e-01 -1.152540009780703700e-01 2.159650599660284387e-01 2.336428989610365645e-02 2.472883272100799001e-01 -2.918254897193663100e-02 1.978166145662661191e-01 3.674271887455753394e-01
1.296445283874846921e-01 -1.352838644563639781e-01 4.965343016386885022e-01 3.064196697383732015e-01 3.809514929130543015e-01 -9.605195667091655232e-02 2.249998455501898698e-01 1.817408420786256473e-01 1.811723104082523655e-02 -1.781642047171434207e-01 1.962978673844185951e-01 4.604433289789389150e-01
9.292031794384626731e-02 -1.511951467562591689e-01 3.999648005571510012e-01 1.902736803256770137e-01 4.664023355590396491e-01 -2.107549369867255940e-01 1.513469712727475436e-01 8.028118975751905029e-02 -1.020639640575845691e-01 -2.039425852638242775e-01 8.762522852803836249e-02 3.929593684769834283e-01
8.603018464513760566e-02 -1.501489484360918891e-01 4.814004007058072521e-01 3.225021062850420561e-01 3.408096555096875591e-01 -5.298630397759650917e-02 1.605165535977532976e-01 4.986264731029058789e-02 7.383855425738565514e-02 4.682840917589155272e-02 1.800346395039030545e-02 4.616767224759643629e-01
-8.185985231904739645e-02 -1.755411869999300434e-01 2.945028906393076795e-01 2.037941391309634198e-01 4.202616250476172155e-01 -1.716298450692393396e-01 2.707008934233278707e-01 -4.249277303030970371e-02 1.463022455197560412e-01 2.000957484307380740e-02 1.618519764355174917e-01 2.937095966367571642e-01
-7.693337004416282709e-02 -1.052632905321765899e-01 4.124246438673461190e-01 3.634447295209529694e-01 3.052145490606453793e-01 -1.759811168659426994e-01 1.059763160544464344e-01 1.253254688768801473e-01 6.790331990183286204e-02 -1.409181614138912131e-01 5.721699333445163377e-02 2.592760843717157315e-01
-3.811383105293729423e-02 -1.158112957280298116e-01 2.551154908416357059e-01 1.923797021538905250e-01 4.008417280453627773e-01 -5.558538063598827267e-02 2.233098304789724042e-01 1.187031963207075963e-01 9.723211747846881303e-02 -1.709978270167294145e-01 4.173404680869118727e-02 2.572006451265707039e-01
-2.814617339355730830e-02 -7.841073344114368737e-02 2.760463918092589952e-01 2.199466971174864061e-01 5.632405963414806038e-01 1.336674147827995700e-02 2.342697912887340972e-01 1.823378159756193148e-02 3.240535315208516870e-02 -1.267814290909010100e-01 1.676517203388274979e-01 3.528595461761030450e-01
-5.259413261372711257e-02 -1.607833901696981149e-01 3.158012269579276721e-01 3.225268166945430837e-01 2.845652605095440602e-01 -1.903541490981340290e-01 1.644672238079233906e-01 -2.905390248032778747e-02 1.663525348002976301e-01 -1.096128937778880624e-01 -3.426539811684516795e-02 4.587601224597200877e-01
3.249712678523443699e-01 7.684608515967476100e-03 3.163140673964712768e-01 2.903829211996394877e-01 5.534855925072770244e-01 -1.084030852352448754e-01 9.226681093110927767e-02 2.725583748968580730e-02 1.335109580576245014e-01 4.530264697902845750e-02 1.794215802030529050e-01 3.103633134249746961e-01
1.977891200405668126e-01 -1.832585406004504369e-01 3.239227753075684668e-01 2.549130364748378175e-01 3.263101291695725825e-01 -1.139260372680598182e-01 1.134201853333312582e-01 -2.526760866406305497e-02 3.144182849127385732e-03 -1.179380708456513466e-01 -2.596083102292032901e-02 4.237738856603168180e-01
1.521778246491966580e-01 -7.123040366603017315e-02 5.016441919026298768e-01 1.415182242932729595e-01 5.215187545832904448e-01 -6.666870245242796644e-02 1.435301032271268373e-01 1.915963139278948624e-01 6.104156170574969592e-02 -1.213029362713172327e-01 1.833377352464675980e-01 3.555904467581464390e-01
1.190447892326322726e-01 -7.205733521807816677e-02 3.937752846520568561e-01 1.634960869064689681e-01 4.418221044468584324e-01 -1.509600602644892153e-01 1.051469528828477829e-01 -4.225351305992754852e-02 1.434001732670285023e-01 -1.586022833175773916e-01 7.751423954587097209e-02 3.196178338688161480e-01
2.144806735017368848e-01 -1.446402324640932990e-01 3.182120864517212766e-01 2.669732905908267506e-01 4.460294187947447808e-01 -3.218274636033488512e-01 3.918930519399907442e-01 8.795301459771320829e-02 -1.262104226681489139e-01 -1.576236529327816605e-01 1.441927628701495656e-01 3.953952757952218233e-01
1.911148213530030615e-01 2.716248858421480353e-02 2.653287273204996133e-01 4.504819337404560864e-01 2.857022035031724361e-01 -2.318183370198783066e-01 1.018872538032644381e-01 1.484994208369198876e-01 6.756213511167753760e-02 1.334592235452077558e-01 1.965556696185668251e-01 3.272262493236802738e-01
5.341072465970936323e-02 -1.016282100758020279e-02 3.385139305133831877e-01 3.473921029609174926e-01 3.550440768700163785e-01 3.342594181542780235e-02 2.079741473949998920e-02 1.822444074520484236e-01 -2.744003435277679592e-02 -6.772136344608739589e-02 1.103087185907523082e-01 3.187085457145985012e-01
-3.100101144837094647e-01 -4.545079037439788555e-02 4.438886335785969806e-01 2.754765360121169682e-01 5.534085339215937260e-01 -1.755528590166609004e-01 1.303819656705518804e-01 -1.709819956928447862e-02 -9.544372385945808224e-02 -9.064120299786700141e-02 -2.753417420750312733e-02 2.864707910385543288e-01
1.345717669981468245e-01 -1.421272612853892170e-01 1.730614712109059261e-01 2.794928921489630014e-01 4.162558660794051235e-01 -1.601118331677793827e-01 2.082978646988202787e-01 7.546862053362951572e-02 6.813027872607434199e-02 -3.465199274904421506e-02 2.125582177518094140e-01 3.440150235028796022e-01
1.329396056269629423e-01 -2.677952063611547043e-02 4.133502212812711907e-01 3.501782403649910114e-01 4.234969636898074929e-01 -3.081088067879688697e-01 1.575477688779101104e-01 2.986904611564002512e-02 -3.215011527151599713e-02 -1.795323425085752211e-01 1.192456885453173632e-01 4.870783784913318426e-01
5.070584210713469098e-02 -4.049358066875670681e-01 2.608739007936416998e-01 1.940692284102581155e-01 3.320888361273647282e-01 -1.530559518382246242e-01 1.297167440711004260e-01 1.360573470998320544e-01 -9.824150230181714905e-02 -2.994562835309779736e-01 1.046469928871252286e-01 2.694788150607869692e-01
9.483163029342510375e-02 -9.348928529988368569e-03 4.008105800984950728e-01 2.700362611769067112e-01 4.011471390230916256e-01 -1.277778194653923505e-01 2.268301587525167751e-01 6.660314080151558125e-02 -1.963636099076868785e-02 -8.477096595111267840e-02 -6.706443375126905360e-02 3.037329033908381382e-01
1.234255237217511819e-01 -1.662983491234725220e-01 3.201474066257175566e-01 3.467333759726782816e-01 3.428464849317068852e-01 -2.232505789626235693e-01 5.263649423748215789e-02 -3.788056466079334130e-03 5.938166373972846718e-02 -1.760605339714696183e-01 -1.044257068011393008e-01 3.790050149949276692e-01
-4.273689300064277899e-03 -6.606393440000318806e-02 1.228625915927752527e-01 4.280500576885430952e-01 6.084324454534044690e-01 -2.163519803760580174e-01 5.883224860569492148e-02 -1.312527517097793195e-01 -6.427416202579909477e-02 -1.330031256310850174e-01 -1.750170853395256743e-01 4.400900671067320413e-01
2.106734929552454005e-01 1.872524158567023464e-02 4.736608125607811859e-01 2.666254353331397597e-01 5.038382810193084982e-01 -1.018172437120326707e-01 6.694757149262092755e-02 4.672743502540334902e-03 -7.646693888878135226e-02 -1.666078731051840733e-01 8.072195285148600630e-02 3.638076893905946019e-01
1.174365559663694686e-01 -8.446625546635239817e-03 3.217597803178490756e-01 3.042252211628320158e-01 4.379629194381088331e-01 4.413357731165672843e-02 1.640180664406711286e-01 -3.935671026723316229e-02 2.254672197522770982e-02 -1.843112913735770186e-01 1.869610896136338768e-02 4.243541198285197824e-01
6.476383859387220554e-02 -4.669244332212222487e-03 2.640396153887485386e-01 3.059665668618066769e-01 5.140143828744987431e-01 -7.352258431742532407e-02 1.685396147793932209e-01 9.182815495569676689e-02 -7.830332289558124270e-02 -2.127332514120052476e-01 1.350099745009325780e-01 3.986508847376976084e-01
1.469269818802317329e-01 -8.453376647055133031e-02 2.709699172306442860e-01 2.038521769319971144e-01 2.088392412535380604e-01 -2.613893454202597666e-01 2.526027460215707898e-01 2.957071504649936081e-02 9.973958824799235637e-03 -9.857200585818952365e-02 -5.394897615334821178e-02 3.053578916100764262e-01
1.848053335025833799e-01 -1.489032099117278962e-01 2.837064400057692781e-01 1.743922623974268060e-01 3.189683376035904461e-01 -1.185327903235217639e-01 1.697234206819825397e-01 1.257398922493963844e-01 9.365007452949154765e-02 3.194427405165210787e-02 1.633666555464852455e-01 2.315135411314708791e-01
1.460876959537449338e-01 -6.890565597736067471e-02 3.228859869211631595e-01 2.505299266109058953e-01 2.351905134708457135e-01 -3.728402733322662699e-01 6.578372253067946152e-02 1.945596097508439926e-01 6.342415005033507150e-03 -1.680807245548707474e-01 1.187453984919240868e-01 4.271337023382526521e-01
-1.194821455362556767e-01 -1.123221949092505501e-01 4.406457803477155100e-01 6.221216475398792800e-02 3.223791579807452345e-01 -1.254376286290413978e-01 1.639996527714229213e-01 -1.065698277921824366e-01 3.545020968139944023e-02 -1.525031411458499797e-01 1.944446914444878105e-01 3.483205415199343014e-01
1.823620660892162904e-01 8.325334164526539127e-02 3.055011544500589316e-01 2.607549144457658175e-01 4.535839429028468706e-01 -1.599863016223808665e-01 -2.353184088785201244e-02 -1.582228760669786641e-02 -2.124706902537377429e-01 -1.473339619409507473e-01 7.848382704653175668e-02 3.900928695232006582e-01
-7.765614257997248415e-02 -1.792564971873966129e-01 3.599737903857489485e-01 1.647092312772398259e-01 2.831435583519872901e-01 -2.000402431252923940e-01 2.843264952643340115e-01 -3.764844097276461715e-02 1.068315274268220455e-01 -1.502321498220545448e-01 -1.573063903467538382e-01 4.023080299444986574e-01
2.651839323605947873e-02 -4.548181742031321556e-02 2.694236374624249808e-01 1.040184152656469241e-01 4.239432115449802696e-01 -1.319205436969408396e-01 2.432536858684713477e-01 -5.338950156631657590e-02 2.544309354360836661e-02 -1.211351985578803664e-01 -1.519110870934538837e-01 4.640216884438507217e-01
2.360925234668509454e-01 -6.185181217106398496e-03 3.582793666440741709e-01 2.757946226106298138e-01 2.349492968123824410e-01 -1.059344174174864234e-01 1.725355455464153143e-01 3.590664605758348699e-02 1.495632236020791594e-01 -3.503804315962153471e-01 1.037752625440187260e-01 4.311125544027516465e-01
2.854441711346172306e-01 1.059678308053084994e-01 3.682851009161650646e-01 2.355149361643718853e-01 2.645767304882893911e-01 -1.591446552410344384e-01 2.950499976880771036e-01 8.252237175062013264e-02 4.228708139961236817e-02 -7.067397638366458568e-02 1.042347037505227947e-01 4.606615756356724489e-01
1.695266081323350549e-01 -2.629651155740000967e-01 3.297547856879548545e-01 2.985208019661969026e-01 4.728230379506258574e-01 -3.690419252275870532e-01 1.553563343401692110e-01 5.127542295127122257e-02 -4.812832233569665913e-02 -2.002897482695967235e-02 1.401237051236884634e-01 4.513082812386138842e-01
-1.936909200951849024e-03 -3.218764914500192587e-02 3.987325475502980221e-01 1.727704251106636224e-01 4.109176534390062141e-01 -1.691308526502212084e-01 1.315502718073689736e-01 -1.147427762416193542e-01 1.468695158202139861e-01 -1.749114036695330332e-01 2.526961152085429457e-02 3.751130150010602016e-01
2.845174915625969247e-01 -2.031624548641582928e-01 3.373885804780905606e-01 3.026661573126815385e-01 3.974480380222732423e-01 -2.469742180939754894e-01 2.774981613904667355e-01 8.040821855079452463e-02 1.365992278644036773e-01 1.829783091435639719e-02 1.102396746698192792e-02 4.020504803966612473e-01
1.789272911358845142e-01 -2.162451200825078468e-01 1.698650825799344344e-01 1.729386331048309577e-01 4.871297640526563999e-01 -2.003145919747059689e-01 2.618962676089363062e-01 1.124671698140100595e-01 1.684813364395077728e-01 -1.325392234956605797e-01 8.584200156544014026e-02 3.815096650585383387e-01
5.619043373790155727e-02 -1.185630700985088881e-01 3.709245686888629212e-01 3.045088199093066716e-01 4.269896844376335210e-01 -1.489373031384945145e-01 1.400759361819884918e-01 -2.876957401643797860e-02 5.078230648156383670e-02 -2.196040317720460433e-01 3.211991882508654500e-02 3.130962491759994304e-01
9.728485011519184822e-02 1.194698018861774930e-02 3.511930557791890228e-01 1.232139577973214717e-01 4.794746826632805270e-01 3.573895068155780869e-02 1.364584968175284185e-01 -1.273633683363313007e-01 1.089534185319056409e-01 -1.055865085959795807e-01 4.625723907659396589e-02 4.881551547316204109e-01
1.732483678324239773e-01 -1.092275581166813475e-02 3.808122706706638105e-01 3.536084205304879102e-01 2.960343221375092426e-01 -7.387531274587645636e-02 2.394116376287747650e-01 -1.622354445199914730e-01 7.613700281458980756e-02 -1.869552997371231318e-01 -1.102987357529513698e-02 4.243945270001028280e-01
-1.958477998484894206e-02 -3.016963663118825759e-02 4.438856251928560148e-01 2.580008438314471131e-01 3.028078271821350587e-01 -1.728122236103713516e-01 2.062240353114221381e-01 2.201905988082004939e-01 9.839086324672464967e-02 -1.610585938468212797e-01 -3.157841113217734613e-02 5.911776648399289513e-01
-1.905022939387067127e-01 -7.919165389905735708e-02 6.858152444994443098e-01 4.863823613354710806e-01 5.681600895081881930e-01 1.887094257443726053e-01 -6.575943442022250118e-02 -2.389953478671214271e-01 -1.082603096765877709e-01 -3.252587736837749821e-01 -3.437392621235639267e-01 5.513281989860465693e-01
1.907675220563129909e-02 -1.370147506390880232e-01 4.167892194331300759e-01 2.750181752366460675e-01 3.817892826740760803e-01 -1.810771572182668376e-01 3.956063506927385426e-02 1.499426631471131519e-02 1.173573866847074237e-01 -1.481561942362636664e-01 1.945816724714076462e-01 5.103942140792794291e-01
7.048202420278014413e-02 3.219058740596195123e-02 4.224553029809997584e-01 2.408788346190190721e-01 4.516824331043086671e-01 -1.340384633604010944e-01 1.992221361140856239e-01 3.726317956457126518e-02 1.445104542378155832e-01 -1.942426678123004014e-01 1.778603093224811194e-01 4.596108762489677924e-01
1.228117462175703639e-01 -1.041158634919749498e-01 3.077435116438095863e-01 2.623424110195191061e-01 4.432908502540253703e-01 -1.764360572509039993e-01 1.961642888007078533e-01 -3.044046876673968047e-02 5.764361933625344186e-02 -2.546574123576449411e-01 1.163657463572995432e-01 4.771609141040138446e-01
2.900546778906473028e-02 -9.511986897386862094e-02 3.204475847076826978e-01 3.273185254945691902e-01 3.293794389479393070e-01 -1.391340506128729837e-01 2.021237012240119091e-01 -2.878989834041034354e-02 4.113729050065955545e-02 -8.231193062064122434e-02 7.000864410493035095e-02 3.692176181683508585e-01
8.464917389052738217e-02 -6.859438700651168674e-02 4.124698139865419222e-01 2.232716219566857341e-01 3.937682696785697045e-01 -5.901166798875410319e-02 2.383690486220739757e-01 5.839360944596321684e-02 4.146828042882142601e-02 -1.733455923473991300e-01 -8.612880355367762836e-03 4.366668254831909124e-01
2.296358415603932390e-01 -1.665684960300686454e-02 3.198136393058393367e-01 1.581768149494773568e-01 4.869126791546538602e-01 -4.158302433690843486e-02 2.035584323014969499e-01 1.113845245258640593e-01 1.271359386122071326e-02 -8.512526287830939065e-02 1.545444165672042180e-01 3.427801949793161107e-01
9.874664304662687797e-02 -2.178469257232319434e-01 3.523415073402713094e-01 4.421028162274510676e-01 2.337457509864673544e-01 -1.658721289180258851e-01 2.626711934305800411e-01 -5.206553180658838459e-02 1.233413292508408615e-01 -2.628136793783947267e-01 1.665945894000956662e-01 4.290451486902782108e-01
2.722924601478883821e-01 8.177701431910762431e-02 5.440743945399411086e-01 4.458499644884135193e-01 4.132147097126929181e-01 -9.162163532130714050e-02 6.308243127512175308e-02 1.347094350211212321e-01 -1.871876510334032906e-01 -1.204110636233477055e-01 6.973454693481845323e-02 2.180231981225039251e-01
1.114725814169211932e-01 -6.251778611920483231e-02 3.342103228232292111e-01 2.174201900519918407e-01 4.616521989568631579e-01 -1.237159518630541327e-01 8.613687143253234701e-02 -1.660355658305328122e-02 7.316977739660789071e-02 -1.336150899923104207e-01 1.440298648007003746e-01 3.261578167977459142e-01
1.343443616178412459e-01 -8.578975452951281833e-02 3.415604426723210518e-01 1.531579133723564579e-01 4.041635712616044041e-01 -1.258768821533324256e-01 2.607928738568495164e-01 5.649271872144071699e-02 8.356537379113711597e-03 3.245936003111084267e-02 -3.821785938616136663e-02 3.927999345525289288e-01
2.833375598203234369e-01 -1.164124205733850503e-01 4.149672869381124674e-01 2.474815825041984663e-01 4.616834085537042665e-01 -9.288766776752711840e-02 2.293997151757250497e-01 -1.000649798125984313e-01 -8.071990121040968635e-02 -1.688325861120715532e-01 1.585806195319322820e-01 3.392096787481280185e-01
2.145574799329710153e-02 -1.498936205300209212e-01 1.984191023745909277e-01 1.521988509176975257e-01 5.280380391163199683e-01 -1.157555844046117138e-01 1.873647169781588739e-01 8.764791333226493175e-02 2.014584860740719630e-01 -2.443582443336649590e-01 -1.086820477508060670e-02 3.085810168982435764e-01
7.535422860682945700e-02 -1.199349836422750198e-01 3.344915722872136010e-01 2.872685750529374582e-01 4.071705393941098539e-01 -2.181565785352925779e-01 2.180670718465611557e-01 2.732203905983730530e-01 -1.457993583103981694e-01 -1.484760755651563235e-01 8.172384761155859767e-02 4.704136140699165525e-01
4.619965844361452467e-02 -4.147211954776974796e-02 4.787034269773815520e-01 4.119200914701395821e-02 4.185742473536581132e-01 -1.852946119950358850e-01 1.634962195847324273e-01 -6.102696245360866162e-02 5.441883578056335574e-02 -5.002607657744120861e-02 1.726247606109837240e-01 3.627769980269444083e-01
3.354371830762915008e-01 1.806638613968354276e-02 3.332699367681025704e-01 1.254359535685151683e-01 5.154278581560172157e-01 -1.779773851737992407e-01 2.560398495607710267e-01 4.255218319930594711e-02 -2.234824422692072848e-02 -7.831004576884563473e-02 -5.878841850903319260e-03 2.357508615129207952e-01
1.648862301240109907e-01 -1.804841709028178962e-02 3.534754698107849258e-01 3.094424298379617744e-01 3.285370982001875051e-01 -1.580520747265495296e-01 4.456913110572976316e-02 6.374708641623583194e-02 5.837444233756312190e-02 -1.080617474208596246e-01 -4.799657971067460699e-02 2.670321198114965489e-01
-1.122199865265473689e-01 -1.476954656975833502e-01 3.740843160964723579e-01 3.505294807762966425e-01 3.955712841930503210e-01 2.655459943408314608e-02 8.424372514114636390e-02 1.449506109017112063e-02 1.429484804538582454e-01 -2.040107499088971987e-01 1.270561336015305354e-01 2.215642346823224473e-01
1.119331314628305568e-01 -4.584981806585003428e-02 4.552074017527564243e-01 2.933341743436271853e-01 3.251320076400725512e-01 -2.825360544683788722e-01 1.303121912910455982e-01 2.652311228207956950e-01 1.037765404306269373e-01 -8.022984637108947215e-02 1.533261233123124068e-01 2.279246937015902974e-01
6.088358565839312175e-02 -2.698853778411468007e-01 3.988698463987810916e-01 1.185594912321484284e-01 2.648927371982491841e-01 -7.350746761285560649e-02 1.104467428714001886e-01 5.258687946881839687e-02 1.409464945884464533e-02 -1.303149197313244190e-01 1.870909125573586296e-01 2.518073629801061974e-01
1.322386384105740387e-01 -1.003382051442771872e-01 2.733047820049064880e-01 3.755078539720625441e-01 2.719916232698627034e-01 -1.777392799224825071e-01 2.089680178054593718e-01 2.223472553706587820e-02 1.479794396820613700e-01 9.686006274857895948e-02 1.170908682363328707e-01 4.820468357568505890e-01
-6.845365292263121126e-02 -6.728769217701190408e-01 -2.146447045072060189e-01 4.734635330513055074e-01 2.578336703108177752e-01 3.330501116220801472e-01 -1.935224276396874665e-01 -8.858175609998683586e-02 -1.085821111523217926e-02 2.709307932359042992e-01 1.876601959012881016e-01 2.759971562120566713e-01
6.360204236260387500e-02 -1.540960252993918700e-01 2.479248499663968541e-01 1.754019068737807940e-01 5.058942126224021951e-01 4.115380806493181692e-02 2.539498871052125462e-01 -7.742486963334312133e-02 -6.440728176338091082e-02 -2.019428503851173617e-01 2.135617211464194976e-01 3.108887134388103046e-01
4.064139262955082654e-01 1.163075194552223857e-01 4.635354001598014362e-01 3.496956779556591177e-02 2.961618125277678537e-01 -4.808869770603318439e-01 8.019546293519104196e-01 1.169621430908375156e-02 1.538125933586876604e-01 -6.554095283720828835e-02 -5.698050645633345474e-04 3.386540401252580157e-01
1.661896934613837362e-01 -1.428840284800419469e-01 2.983576259746750226e-01 1.609682611473416125e-01 5.549735847974743841e-01 -2.882078513537359998e-01 -3.124421042089607983e-02 2.984806229714384238e-02 7.783534491059383720e-02 -1.275542720015534204e-01 5.587684514384710921e-03 1.269872181390921395e-01
4.057478313157601435e-01 6.366972033611024984e-02 4.391618292582750716e-01 -6.602721138033096349e-02 3.615225617316388806e-01 -7.900139142736400943e-01 7.278315685295466686e-01 1.192040408664438722e-01 1.567898537526349612e-01 1.717132851195127263e-02 8.959858521243579954e-02 3.960987252941100545e-01
1.128620873332354807e-01 -5.865584832556191425e-02 2.514535524397101818e-01 2.546475985936915154e-01 4.316769966819629101e-01 -4.834774384266556785e-02 3.092266072099899010e-01 5.350703981964000794e-02 8.534266874875968967e-02 -7.694793116410326810e-03 1.930628593002969573e-01 3.591108246859142650e-01
1.716059154540390264e-01 -1.029738073322465086e-01 2.482889188967115079e-01 4.232287737904543157e-01 3.554436678375294534e-01 -1.540218648395869638e-01 1.817431321642116182e-01 -6.556208533160472196e-02 8.306757199573329420e-02 -1.738549373037571455e-01 8.815038213863354843e-02 3.690034631021646971e-01
1.466304037834008089e-01 -2.362622209104817683e-01 3.238195132938760934e-01 2.289344711060983528e-01 2.897488361553018921e-01 -2.655198670136021399e-01 1.807096039624963568e-01 9.893509520928039924e-02 -7.637544023069579857e-02 -3.340489989799446668e-01 4.181846684041195389e-02 2.998044444326579128e-01
2.463415880384875467e-01 -1.542555819276891782e-01 2.780044027585766298e-01 2.094145459888968330e-01 3.969856571289109848e-01 -2.246358695697972530e-01 2.687248016139633378e-01 1.070958563630129423e-01 1.839445738293212645e-02 -1.672250654940606596e-01 1.403903874907916627e-01 3.107174527130872610e-01
1.306790792115702371e-01 -7.077477729510300852e-02 1.961089378050542842e-02 -2.145768042390872876e-01 1.494981655356719952e-01 -3.805174002336949579e-01 3.210842650840072671e-02 3.197007442130723326e-02 2.743670493502605168e-01 -1.542986485407480679e-01 3.736039859886214898e-01 2.402876275009043772e-01
-2.536656491042187933e-01 1.533569456724949709e-01 -3.644456959909287974e-01 -3.519131542563452286e-01 -2.748689341554879650e-01 1.663033266233344132e-01 -2.842066998740058192e-01 -2.380803279952504181e-01 1.739221396752423229e-03 1.782363760357942029e-01 -1.807170109300586802e-01 -2.742284202066938570e-01
