1.657845216361087504e+00 1.133362762979357230e+00 2.354778115050627729e+00 2.463252209916637625e+00
6.534205042348802950e-01 -8.801387319323636937e-01 -5.034510005153427503e-01 -4.331939352281693328e-03
-2.912814171363616200e+00 -2.010627074050418184e+00 -3.953198228191689978e-01 -1.491958783960846358e+00
1.336134806764667449e+00 2.391165922860018167e+00 -3.813481953494435861e-01 2.678002336834105712e+00
1.012835949586280204e+00 3.432792218330491973e+00 6.281915112220972652e-01 2.616403066546802436e-01
-1.774690843957994479e+00 -3.093954077594925689e+00 -2.047455988901730972e+00 -3.094201811163325377e+00
-2.289798921355576056e+00 -2.254479227631668081e+00 -1.663478635650024406e+00 -1.204529732221941707e+00
1.882472842836111215e-01 1.055690809016159637e+00 2.371104507181731602e+00 2.724831530216922371e+00
1.612295583937745636e-01 -1.317927786528508560e-01 -1.723116794080260750e+00 -2.495269260974499304e+00
3.950967858850613634e-01 1.278979055267924991e+00 1.430637870791476196e+00 1.780023570129775301e+00
1.951669724255723715e+00 8.188684582627275832e-01 8.380592705571673351e-01 1.658208679163811095e+00
2.072096641431757202e+00 2.204762980168109454e+00 2.049786245332657852e+00 9.918440671204071801e-01
-2.287371949741718424e+00 -2.136655973867831460e+00 -2.414125531313568107e+00 -1.839157005900915465e+00
2.017366636798526347e+00 9.117695952260636005e-01 3.787252060016871313e-01 7.540588145138604759e-01
2.142906437486639781e+00 3.009853581851273496e+00 9.078768768168216097e-01 2.211825480954824119e+00
-2.092683866451999997e+00 -1.525400277331954380e+00 -1.281714678339338720e+00 -1.880779441151742004e+00
1.729461135910085767e+00 3.174631787129165605e+00 1.413021875345422451e+00 -1.722676318568836518e+00
1.516700940305780732e-01 9.733283926468275782e-01 6.445927679332489335e-01 5.971946296889955041e-01
-4.346642068674971826e-01 3.295893655081102991e-01 1.024473335548843345e+00 -1.349608814832718440e-01
6.400561135636732013e-01 -1.135449946055382270e-01 -1.561554360943860242e+00 -9.437606296403041606e-01
-6.167792629012152084e-01 7.700632332930642532e-01 -5.093713597848186225e-01 -3.692829100785761653e-01
-1.435638926647214930e+00 -8.962524029633881506e-01 -7.256284546561615478e-01 -2.431687834415706018e+00
-2.057749927299563630e-01 -1.421900968466774051e+00 -6.996764890664114445e-01 -4.661280711428347767e-01
-1.550279269956027495e+00 -2.171414909905890589e+00 -1.987304730171750355e+00 -2.449021257987713085e+00
1.263700604225570290e+00 -5.798633526534656690e-01 -8.939264454830661011e-01 -8.606295591957692503e-02
1.219716755256824658e+00 1.087558893718581776e-01 1.626033713246908263e+00 1.378881912363439044e+00
9.549895034408460992e-01 -1.323105735241307590e+00 -2.311935984928889798e-01 1.554841263296150355e+00
6.182584719824810726e-01 -2.931238507353473910e+00 -5.180910420929508708e-01 4.069649372596741976e-01
6.002920259873063547e-01 1.396507781885282684e+00 1.512481559420417287e+00 4.738341121809852008e-01
-1.770321922204567633e+00 -7.863187008115806176e-01 -5.579668193013909150e-01 -7.906093255228605621e-01
