-8.092379018455601869e-02 7.067992948749564353e-02 -1.423794284660257758e-01 2.189607768132041388e-01
-1.175811083245089789e-01 5.937601860536946205e-03 3.209436172957744193e-01 -1.712269159365161220e-01
1.081220120711877536e-01 2.577708386020204911e-01 1.573407171420881379e-01 -4.212757381347588259e-01
-2.706778533314622703e-01 -5.409763647036707618e-02 2.275377607447474082e-01 1.458086559391310599e-01
2.928770663998324641e-01 -3.393586333593497789e-02 2.772178783501351162e-01 -1.610574039729694151e-01
2.003995722131140522e-01 -1.129521427491945729e-01 -2.147537831365196187e-02 9.580934620920066036e-02
1.977633560820473979e-01 -3.480659484405628779e-01 2.908565683564824922e-01 1.476903680044412415e-01
-1.973846330601705945e-01 1.514070469055087305e-02 1.185311867329277152e-01 2.057329497401856611e-01
-2.914643441823874248e-01 -1.297908602722244557e-02 3.758533411687782211e-01 1.755596783890373824e-01
1.685256600197329313e-01 -1.191614792169903014e-01 -8.129998714256456149e-02 -1.181468252273343636e-02
3.182464057822867454e-01 1.352177131907630336e-01 -8.107700189919286871e-02 -7.492709742726633149e-02
2.391872469333732321e-01 -3.027308449420300640e-01 1.894764293402007305e-01 -2.313757792778050049e-01
-2.372205125691365379e-01 -7.960456031399686105e-02 -1.961441755325347980e-01 -7.059066331679979267e-02
5.019595169824576653e-01 -1.130248804859498336e-02 1.363086706663079739e-01 5.121103371565846052e-01
1.038985327223629004e-02 -1.340966036840576525e-01 4.802602971235999524e-02 -5.655545607223753934e-02
3.219864686296459166e-01 -5.201353270265338669e-01 -1.463465691100640786e-01 3.766501058911760763e-02
-9.708539196268754778e-02 2.926503636372493333e-01 -1.778232747208235431e-01 -2.869444724550961889e-01
-1.455110689917716860e-01 3.117442156576179235e-02 6.305025326820211384e-02 1.099505614872245268e-01
1.315109049031485677e-01 -3.836494205840067506e-01 1.257394219646475464e-01 3.280962009825627579e-01
3.266529010266711608e-01 3.662535025021838031e-01 -3.061494903879100407e-02 -7.877955975035591529e-02
2.090375975369656303e-01 -1.164222126227049264e-01 1.997930208172697675e-01 1.891374491858487106e-02
-1.900011112189356199e-01 1.973034866464557224e-01 -1.205680582584124499e-01 -1.916046334460012046e-01
2.171467801317555069e-01 3.457135842299717265e-01 6.718367996222249054e-03 1.169876158155052498e-01
-1.461072589480499617e-01 -1.188909787703899650e-02 1.066921601396367270e-01 -1.195176885912835746e-01
1.182929193466583130e-02 -3.194725975538416640e-01 -7.280102416228291518e-02 1.734498388058741958e-01
-1.566476743299523855e-01 5.267547223224919861e-01 2.017887635510615951e-01 -5.198627739759700273e-01
8.661019535736641517e-03 7.567356252788917104e-01 1.100964948684807349e-01 2.788720842417470591e-02
2.970929105959898009e-01 -3.456498546340973088e-01 -4.383009343939517355e-01 -7.171171061848280459e-02
-3.361047559617260094e-01 4.281438140415577132e-01 -1.637027482709751125e-01 4.013759564414234871e-02
-3.582736286416443594e-02 1.885653317013801511e-01 1.943838015210208325e-01 6.204070775029773416e-02
