3.202705560734171036e-02 -7.583114486150634992e-01 -5.505602792265664736e-01 -5.707645829015668519e-03 -4.430552350027592845e-01 -1.054736437803956983e+00 -9.062416245781709234e-01 8.837032176326206634e-02 -8.587182709829839222e-01 9.070964408367745979e-02 5.643815092855153370e-01 -4.301949980580572763e-01
-1.810907785084378552e-01 -5.243906379987899324e-01 5.164492857979342544e-01 1.065875708875765326e+00 -3.002376397615711401e-01 9.662131396747174195e-02 8.965871718170734805e-01 -8.895203353372851396e-01 -6.320179729142156866e-01 -2.039539082276226878e-01 7.409711193630151224e-03 -1.226491745136757544e-01
-4.013783327667610479e-01 3.732010635753358896e-01 6.762404604428162713e-01 -4.281989117998805661e-01 -2.609563875365967234e-01 6.403998522290750561e-02 -8.560930445645538456e-02 -1.429314843685238201e-01 4.070693869233081297e-01 -2.755083958198270011e-01 -5.908666573602177063e-01 2.991028506226164896e-01
-7.105415586802168830e-03 5.370931140460485365e-01 -1.786496786127410863e-01 -2.961970728549853660e-01 -3.605330182637950936e-02 -2.878761196245109288e-01 4.025896353452468879e-01 -7.199359865546020032e-01 4.485520563911089831e-02 -3.043384071727019136e-02 1.035689591858357961e+00 -9.617318554027037836e-01
5.827339983795301603e-02 -1.843202139239181192e-01 -6.277495165218732742e-01 2.186403342400699557e-01 2.448201076855247016e-01 -6.037411391798703786e-01 2.796144287160810538e-01 -1.538584685298671206e-01 7.113252456208530861e-01 -2.390063977145587548e-01 5.444830774022140982e-03 -2.512878973802351590e-01
-3.291462676811584553e-01 4.018806076882048828e-01 7.494547088446018579e-01 -7.651764219321477434e-01 -3.966635889974323703e-01 -1.010060603723839934e-01 -9.741130454821936846e-01 2.104394744759060729e-02 3.029571343017962159e-01 -4.229285856221413620e-01 -4.853092119608109489e-01 2.609899885913001261e-01
-1.001495507095004678e+00 -1.350263587257904296e+00 5.295246580253789581e-01 -8.127334679804606998e-02 3.546582307055695660e-01 -6.638558593086729687e-02 -1.745091926838198138e-01 2.797517848284689079e-01 -7.386226794457415035e-02 -9.245501258782115039e-01 -1.032035110339851736e+00 8.686747589284348203e-01
-9.818993439987383498e-02 -4.081301532993297232e-01 8.097181870717746754e-01 4.456087678345934666e-01 1.287328045143870225e+00 5.154208325047116013e-01 1.079490549501488150e+00 5.595930714127634875e-01 3.241177524645135755e-01 -5.335975926264879821e-02 -3.565421391112423288e-01 -8.999834658258816511e-02
-1.382617776543589583e-01 6.673560335619578288e-01 -2.581353802561786037e-01 -8.102677868784065041e-01 -3.050720308192926833e-01 8.778210724394047704e-02 -9.126803062336923400e-01 -6.467958983442281262e-01 -3.372071762594796573e-01 -1.395592122253996037e-01 -7.992964100366600766e-01 8.689618378763155349e-01
5.340946870806246444e-02 -2.008782987996188041e+00 1.248439757225898450e-01 1.057285801097376909e+00 -1.907143100616552067e-01 -9.675513601161794819e-01 1.171338672059551334e+00 2.024874472640314504e-01 -4.211917000276267642e-03 5.198896383330120496e-02 3.521631105306943232e-01 -5.008240762170901306e-01
-2.785195555946475277e-01 5.986612685633729142e-02 5.304554837870459894e-01 2.422924170714231829e-01 1.070542875295501205e-02 -9.697789816361509496e-01 5.472735737954992352e-01 -2.836188750247321533e-01 -8.191330296707183267e-01 -1.025620932001944513e-01 -2.900089706329050943e-01 4.505690340569691865e-01
2.573130299858013559e-01 8.120736632192804283e-01 4.601080840509871872e-01 5.502058189086324047e-01 1.754639679018042075e+00 1.680287408239207192e+00 1.561578600348358048e+00 8.785139346283395989e-01 -2.557055738944873369e-01 2.501693030641164994e-01 -7.224807723878305943e-01 2.043105630384509375e-01
1.053566405330912392e+00 1.434028880236965231e-01 -2.946601551705351763e-01 3.305903475046539364e-01 -1.753845577880204232e-01 1.794082258585693035e-01 1.738434768546431031e-01 1.703261439235964625e-01 -3.033680870357803872e-01 9.759947257602770154e-01 5.385637540036611881e-01 -2.983476662521242773e-01
-4.015987515149210992e-03 9.595926764889997074e-01 1.524538545098303721e-01 -1.118204805869390972e+00 3.629495276034959694e-01 -1.967674640487557802e-01 -7.757078710639062624e-01 -9.418468137867809509e-02 8.693679314926610058e-01 -1.763097757371706251e-02 4.558400978016962507e-02 3.490768277719701884e-01
4.341371817915474218e-01 -3.799810583911062412e-01 -6.855578968744844293e-01 -2.819150771663886390e-02 -1.182489868540471945e-01 2.260250555830509989e-01 -6.336387148703881422e-01 2.299355578041709924e-01 5.293819498396393763e-01 5.638572291422835336e-01 -5.285546364369695521e-02 -8.729220184164494800e-02
-4.366762215137448000e-01 -4.948197051188594764e-01 1.996785634050598501e-01 5.264217210446727746e-01 8.482130761091108417e-02 -4.615539126187950814e-01 3.279414533517546748e-01 -1.560507194999367631e-01 -5.739924962577278578e-01 -2.987722808773110583e-01 -6.975223094119521461e-01 2.005961478693251698e-01
6.459322149715251982e-01 7.534120542924016561e-02 -4.644178962985465731e-01 -1.473173329847952684e-01 7.473727656907747097e-01 7.123257581503787961e-01 -3.311565091015798989e-01 9.560510951496367094e-01 6.321393540052250293e-01 5.900536974877128582e-01 2.878966831376371660e-01 -8.725710814824175210e-02
3.151534768371905826e-01 -9.261561492802183881e-02 -2.815548346497634968e-01 -2.623840788450654826e-01 1.793575178986627772e-01 1.240525543684037668e+00 -2.078043024763516211e-01 3.234088596001292171e-01 3.311921468152470016e-01 2.984912505851276543e-01 1.302150012161924220e-01 -4.100100502451731743e-01
-2.908372120676155914e-01 -6.082607217440355596e-01 3.596075179927246679e-01 -2.185948322460921217e-02 -9.011197594112692055e-01 5.178311599745941685e-01 2.143273290293281896e-01 -7.773323642913098075e-01 1.303027078038114239e-01 -3.084693516143433567e-01 -7.274099876697355249e-01 5.777590800668043203e-01
-1.407148581660402631e-01 -7.463553974411061276e-01 -1.868400322788074663e-01 -4.075365737098744952e-03 8.348377617443453191e-02 9.744308350164977706e-02 4.060919769916346289e-02 -1.872043274937698620e-01 5.631914595997326023e-01 -3.578390534744724794e-01 -5.139076828997372060e-01 6.806589534579475798e-01
-4.985337762983875209e-01 4.763973203333474737e-01 6.361406157467885958e-01 -6.613279516703318706e-01 -3.710693402138174890e-01 3.667115412671629882e-01 -1.876192814552702370e-01 -6.109601389930655602e-01 6.913616193327678516e-01 -2.943035030634087446e-01 -8.720679036456953359e-02 1.078541844075230627e-01
2.965752589736230307e-02 9.644946227767431379e-01 -9.019828640424221167e-02 -3.058047324065858996e-01 5.674468987677574461e-01 2.505263544116511643e-01 1.400126898161107025e-01 3.226535273048975472e-01 -4.633394392532827477e-01 4.427283063063893256e-03 2.556488626365669425e-01 -1.326003577004291889e-01
-4.964748274768996383e-01 1.057877016772157397e+00 8.210428433382004343e-01 1.349951948228540199e-01 2.998840092570883020e-01 9.113081529078831400e-01 3.967986611700587973e-01 4.494694533405368397e-01 1.348947639831406642e+00 -3.045149165141642356e-01 1.483557846894644483e-01 -2.508259776601553040e-02
1.656522855116624449e-01 4.721422220897845273e-02 1.815751713793375688e-01 -1.570677300303656154e-01 -2.098549150089222548e-02 -1.008926149102968406e+00 -1.743776653380822106e+00 8.779135917949407730e-01 -1.969840169384604045e-01 3.668914437140694540e-01 7.918183958701781044e-01 -1.259354823507626842e+00
3.181888232050414378e-01 7.876566527223209935e-01 -1.776907402422817084e-01 8.912843084641094982e-02 9.535556493317447480e-01 5.654395188937884065e-01 6.011947384658866689e-01 1.072864928247498018e+00 -2.490942357077956942e-02 4.496855446738593498e-01 8.217279202566739327e-02 -2.282457060690156470e-01
2.454751109497398109e-01 -2.355531295026771776e-01 -8.585207379908412761e-01 -1.150475109628640719e-01 -3.564433378591556900e-02 -1.092380175095318373e+00 -1.040825435116290221e+00 -4.055629320641135904e-01 -1.277046197249141812e+00 4.151494191599214290e-01 -3.351993004892557804e-01 2.737302011393970974e-02
6.331489239929483093e-01 -6.980058846087824898e-02 -2.423294443825440569e-01 5.048224711626613237e-01 5.636273296878435701e-01 3.245580060231947339e-01 1.290975073901814152e-01 2.168496625784320508e-01 -4.013370925055831928e-01 4.338365995474944836e-01 5.313210620043855581e-01 -5.369335344084255057e-01
3.823757887995421489e-01 -6.349314544772529656e-01 -5.860234431863177162e-01 2.399673721201766308e-01 -7.237224381391954564e-02 -2.323046706548706486e-01 3.385080614605315841e-01 -3.499720786602035227e-01 -2.363385164666603200e-01 6.064170581770784718e-01 3.767202628575785917e-01 -3.981363193669114620e-01
-4.399521212543817117e-01 -8.743257175672981829e-02 2.134680449410086278e-01 -5.698724027525650104e-01 1.617031382099472225e-01 6.065377553144470774e-02 -6.495840670566841446e-01 8.230280877656064309e-01 -1.054463841309349718e-02 -3.770525326687326761e-01 -6.430231011095030036e-01 9.645916593773847802e-01
-2.668011247478406234e-01 6.678015883227406135e-01 3.835962611690886259e-01 -5.676874052563875006e-01 -2.699927600051302834e-01 7.366602240748564012e-02 -3.085216722644757437e-01 -1.841009967591464569e-01 -1.275151554932888176e-01 -3.610145694170995845e-01 -5.619515442758390295e-02 1.340344889763170344e-01
-2.268993305225438240e-01 2.563089686459557592e-01 2.012340748524523160e-01 -1.637810389992291338e-01 -2.707773579532876118e-01 1.282622568277896336e-01 -8.055799407522395983e-02 -2.476634627953162027e-01 -1.320675477282745591e-01 -2.209884902861354861e-01 1.387892811103740298e-01 -1.202216362866500438e-01
