4.037680139148261405e-02 -1.149091267642245173e-01 -1.905388910362829785e-02 -6.382751104518009921e-02 1.892428052565394980e-01 8.940523830175724218e-02 6.021172165622000472e-02 -2.802824379691070539e-02 -6.673066497088830928e-02 3.814936393013600158e-02 1.426532534741477547e-03 -1.262657251883620435e-01
-5.458870326513376448e-02 3.748177375688063057e-02 -2.898679968039410970e-02 -6.044058233448133810e-02 -1.265068198312935543e-01 1.884276944174791135e-01 -9.801572114806725300e-02 -2.001202018806098881e-02 1.597536541313255842e-01 -6.549243217040223719e-02 -7.450911222295228398e-02 -1.111293178696963202e-01
8.923224292217481202e-02 -1.933646390825442124e-02 -8.369970094640963310e-02 -6.010985864077160457e-02 -2.601123344021673972e-02 5.265305650242917135e-02 7.113810607655421392e-02 1.146071579363192039e-01 -5.209265557940443575e-02 -4.022457874157381319e-02 -1.413208220927377468e-01 2.226912784191051667e-03
-4.330179334984080725e-02 -1.138657088226956715e-01 -2.494709724455511923e-01 1.505212136838122439e-01 -3.198191512370234749e-03 1.562049101256119408e-03 3.069122124105602700e-02 -4.876797520388689855e-02 1.703889083665129367e-01 -2.042116735334743860e-01 8.027119986407711683e-02 7.760668132744087677e-02
3.356863589190762012e-03 3.065181782307920683e-02 1.876279973239473597e-01 1.202400203358738873e-01 -4.568469170725897310e-03 3.794607558910269296e-02 1.390783584118706652e-02 8.254046027590472567e-02 -1.351986866462015768e-01 1.246628771191164442e-01 3.612695284477474011e-02 -5.919205829542129038e-02
-3.599503185821362194e-02 6.929668851359990778e-02 8.786976038926731791e-02 -3.603924530986410413e-02 -1.159808425449891829e-02 -1.316278821666430066e-01 3.002317211576427738e-02 -1.881020737074568308e-02 1.103314971485808982e-01 -6.728773384428833604e-02 -1.224591220207883469e-01 6.819329910808180628e-02
1.137091215729296376e-02 -4.038533140519182107e-02 -5.023463453088542092e-03 8.331552859746961526e-02 1.475296360914446492e-01 2.918685062765699612e-02 6.324882337354931217e-02 -9.012090718126665456e-02 2.409392745336530819e-02 7.250342734776407672e-02 2.309510226586235226e-02 -1.043458983023011488e-02
2.300169360622664194e-02 -8.889007398476911348e-02 1.238695366717488255e-01 1.398618693008791825e-01 4.276010345650863020e-02 2.803729650806375054e-02 7.572563672062385121e-02 -5.219345624384161275e-02 -9.198897385447338260e-03 2.457109193985490547e-02 -6.049614222791324658e-02 2.267549140678084413e-02
-5.313437618432009790e-02 -5.874172109908666790e-03 8.278718860657070799e-02 -1.024194277450378165e-01 -2.719334388450629983e-02 -5.406580601874556163e-02 -7.282407972260208917e-02 -8.069320327197143650e-02 -6.106356117226913183e-02 8.913527845973856500e-02 2.052404634143794315e-01 1.227869148816632811e-01
-3.997372474913310492e-02 -1.502588013267683875e-01 -8.157379554127179577e-02 1.513238765030852084e-01 7.334456355419084750e-02 -4.481555597992208095e-02 1.752028841096504169e-02 1.100806110178172009e-01 4.750206577818492232e-02 -1.865430306172660702e-02 -3.878585345312932087e-02 3.777116387338416703e-02
-1.706402886825404697e-01 1.493151245654735122e-02 -2.305606283275314639e-02 -3.525338813744305702e-03 -2.776108063002678816e-02 -1.786231947902608072e-02 -5.343154492502053161e-03 -9.170805316068447732e-02 9.812286443343942732e-02 1.083876189493529069e-01 -4.577861765861940269e-02 6.335995576675526597e-02
1.557425539598347453e-01 -4.967974752682262005e-03 6.634608667952263117e-02 -1.895051857817429096e-03 2.374612117734740957e-02 -6.166777627133369216e-02 -5.952493176392022189e-03 7.082216243515042364e-02 -6.180031445914539734e-02 -6.394482475587673354e-02 -6.986384498754663608e-02 -8.243106053216736617e-02
9.634438638976179636e-02 1.065372094355072907e-01 -1.346419006527830309e-01 -6.877332157597236539e-02 -1.769025470847417625e-01 -7.895188264678962287e-02 -7.824962341316445136e-02 4.088553953428990945e-02 2.773587108861096454e-03 -5.787965420020719370e-02 -2.584800026081299391e-03 -1.494997096339382298e-02
-7.998373827995286511e-02 -6.778098503576324152e-02 2.177665960858206351e-02 -4.891602323085625197e-03 -7.826829234329246709e-02 5.204002864530103689e-02 -7.540606458007269308e-02 -1.369866602503937991e-01 4.080406465415187256e-02 -7.275549528816133149e-02 3.262408176233817098e-02 9.550397096320853429e-02
-2.471240570601390685e-02 9.916720050507579765e-02 -1.344628594110836971e-03 -5.374924248052299902e-02 -1.167169922372652269e-01 4.027380316024088691e-02 1.076785427166128961e-01 -2.985069620701794046e-02 1.022883343826143793e-01 3.808338907571144627e-02 3.607989881608775207e-02 -8.799108485840678728e-02
3.835586248562378175e-02 1.036787886535559845e-02 -1.947176769592302153e-02 -6.992125661507438139e-02 5.790400117702568933e-02 -1.719047064052621476e-02 -7.359363102210368657e-02 -3.462319557761356359e-02 -2.297162691577833704e-02 -2.200671190783985709e-02 -3.180176204946618974e-03 -6.282669878678690846e-03
-8.947497408125379414e-02 -1.868479983985314730e-02 -1.399306938959119298e-02 -8.729200447912813243e-02 2.338357867099666310e-02 -1.905812136598665774e-01 9.390396647093875171e-02 -7.254239076830165667e-02 -3.232131629513122772e-02 1.020721285711922652e-02 5.869712927364321986e-02 2.901092032885139310e-02
-1.065013309441586176e-01 9.656562935342535847e-02 5.281090941390768206e-02 1.268035313947940557e-01 7.859325240474801435e-04 7.899434206382918017e-03 -2.980881154251982523e-02 1.101096845304873340e-02 -1.920293517013102191e-01 -5.023446407260805796e-03 6.685212436967316596e-02 -1.168373845721351889e-01
9.182854743721553803e-02 -2.257507693727287337e-02 -1.030929796944234783e-02 1.571777035821489421e-02 3.115762777752700829e-02 -4.711945533073528397e-02 -1.027723122008347284e-01 -2.050002632390104246e-03 -6.504016445620869336e-02 7.906951418339913662e-02 -5.609273754261477618e-02 -2.210148513058881048e-01
-1.029530321605378988e-02 6.808197052299514752e-03 6.247422203020681908e-02 -4.803059985680867283e-02 -6.794195515285490761e-02 -3.013291200381271878e-02 9.572686112394418467e-02 6.307115412161946877e-02 8.569282459433592847e-02 -1.593700592831800641e-02 9.349319131657363863e-03 -2.289874671776309101e-01
-5.455375931025625846e-02 -2.902237358501225800e-02 1.116691837398148257e-01 1.771061328926345352e-02 -1.043900508841486274e-01 -2.239499295467206955e-02 -1.349925485476213480e-02 1.525996451613833571e-01 5.107978315556092885e-02 3.368442931168662974e-02 5.283952714503989401e-02 -5.100334579572183419e-02
-1.258194806268052302e-01 -7.411370406766920604e-02 6.166304505125572155e-02 -6.210722953438592084e-03 -1.937991177570457524e-01 -2.454435699457301751e-02 2.774443824897211003e-02 7.376529759005992504e-02 -8.479907127185715154e-02 2.055350634144542110e-01 9.987928488175507047e-02 5.802031731044841878e-02
1.034790998258034028e-01 -3.928760779087728250e-02 -4.382937328805092125e-02 -1.798781168381474033e-02 2.999417416938466446e-02 1.672639310588778377e-02 2.917888275652850277e-02 1.444299602881585765e-01 3.121762721535873211e-02 -7.548971124350687539e-03 1.074479708671164657e-01 1.508553337721928733e-01
-3.021113624063462288e-01 2.420007488563794829e-01 7.772808371568167007e-02 6.508348444637500341e-02 -5.803265735251975782e-02 3.657394022930893218e-02 3.858106121852019482e-02 -8.115722876012695930e-02 1.613473876521325651e-02 2.070043353631094152e-01 5.497866862256114290e-03 -9.698400260116737948e-02
-2.024532534583039362e-02 -5.049153542681318954e-03 7.827484566306494584e-02 -6.865357285042567037e-02 -3.753018237491637793e-02 -7.369509146898599317e-02 6.796907708754322194e-03 -7.390728807496675483e-04 1.884298663247397851e-02 2.943175767019418423e-02 2.015906462490878737e-01 -4.897213251022800723e-03
6.602006002167008780e-02 -1.341255569232165379e-01 -8.246131249272366931e-03 -1.060461507464649164e-02 8.125197440807079008e-02 5.224881906928750819e-02 -1.164449214336174265e-01 -7.549536313075325134e-02 4.655322272881921852e-02 -3.470352572926944240e-02 4.916926937684949761e-02 3.922441777170450339e-02
-4.016267971216622157e-02 -9.374805027211215169e-02 -5.238716487583904013e-02 2.193395805682389968e-02 2.061428560774291319e-01 -4.342246422275126277e-02 -5.294781424518175961e-02 -5.335416764801485107e-03 -1.294898880307445710e-01 -5.176067200573292691e-03 2.521353688142712740e-02 -8.284539589431075268e-02
-1.557805273059457984e-01 8.303649834729552592e-02 1.604685750580665815e-01 -1.015200534878261118e-01 -4.677024311912866827e-02 1.076412987212661300e-02 -5.454640905765563430e-02 2.353624683507790638e-02 2.154595978547800550e-02 8.218040025243483759e-02 -3.722581612163437803e-02 1.180838285752579681e-01
1.159701701648734318e-01 7.690358426980503648e-02 -6.440171046181294989e-02 -2.681882055898547959e-02 9.710053327386783395e-02 -4.454516787797092869e-02 -8.589007522969543951e-02 -2.933382603274302478e-03 1.740891663939674386e-02 -6.995270470706063670e-02 1.500696536281873441e-03 -7.841736279047262226e-02
4.860752634059707644e-02 -6.266448137229577164e-02 -1.629286179413756350e-02 8.316984749647182706e-02 1.000359070064963524e-01 7.236769468072098976e-03 1.241947079071019366e-01 -5.643104925029497794e-03 2.327854386674307191e-02 -7.952795685525917979e-02 1.387947429778002006e-01 1.122105131711626513e-01
2.141931641509972964e-02 -9.866683527647203411e-02 -3.781591740369731613e-02 -1.020443079315933727e-01 -7.147282934101423235e-02 2.182006597248880089e-02 -2.037579041446341555e-01 2.019080550835825882e-01 -6.222091902083635995e-02 -7.054207076349225392e-02 2.496012827970097991e-01 -9.296094927265080576e-02
