8.424465553159267428e-02 -6.231865881755047770e-02 -8.292783894819658053e-02 7.483187018887318964e-02 -1.090679500764377419e-01 -2.503365892869114165e-02 6.780430304719713142e-02 1.091086540913267650e-01 6.313704977707203236e-02 -7.349069108952402396e-02 2.672308188188122005e-02 2.876894562118594359e-02
-2.106227245272664084e-02 -7.504370735582335805e-02 -9.024669867577930771e-02 -1.855732595200451293e-02 7.988358691070088224e-02 7.169769829777752901e-02 1.862734219122919380e-02 8.709163144188475369e-02 -7.206936876003772197e-02 6.256812435435574193e-02 2.532608093145959083e-02 9.487796730599712403e-03
5.421440174714206237e-03 3.748742168324609245e-03 2.054143929038436123e-01 7.100029106640910748e-02 -4.335497298345517003e-02 -7.899822901967323840e-02 1.105509108295067988e-01 5.211742076327103429e-02 -1.984782249607206991e-02 7.901122985190207199e-03 4.310259967347416371e-02 8.698649705301175761e-02
-2.250672979748449820e-02 -1.797601827276589653e-02 4.680697079689816187e-02 2.677627314685290805e-02 2.874814904636590132e-02 4.451857234629375687e-02 -7.378864976888277472e-02 1.009702123973608145e-01 -4.408569853392479976e-02 -9.120217465640503840e-02 -1.667961703153418296e-01 -8.440834888193560204e-02
-8.105762450457642404e-03 1.001626989309800132e-03 1.450442346641426638e-03 1.764640837311768490e-02 1.546010657193891691e-01 3.935621322123417087e-02 6.893427462852203327e-03 6.742474315289009867e-02 -1.525342879057023024e-02 -4.552516645906490994e-03 -3.089915734511163373e-02 7.037461122393560975e-02
6.913741196260027311e-02 1.817836782885606101e-02 -1.087018244275924847e-02 6.306845291761156713e-02 1.493382744015288657e-02 8.971237064871939726e-02 3.429606550102061446e-02 1.130148366570048538e-02 3.954386425910184910e-02 1.333822221189887303e-01 -5.867538710849718592e-02 6.473417347182106041e-02
-4.768926521629401893e-02 -7.314264837688004561e-02 6.769314737756010336e-02 1.373203862149337540e-01 1.308767044209556592e-02 -8.049308691363143975e-02 4.502256383514417759e-02 -3.806268909074757290e-02 -1.915736716378277082e-01 -1.089675157344637164e-02 -8.919825704904330368e-03 4.629499806872758999e-02
6.055597401798305107e-02 -2.235418339982599839e-02 -6.614224685425668104e-02 2.776379244362600987e-02 -4.914892521322690444e-02 1.961468457850734648e-02 3.079327916427659212e-02 -9.473249724376497927e-02 -3.725217363276513149e-02 2.455537813468406175e-02 -8.996555182941981532e-02 9.319464395768807530e-02
-1.200722027180665813e-01 -4.663679351256037886e-02 -6.209706928063059295e-02 -2.348472458011461109e-02 1.006209285894598404e-01 5.899590133406958092e-02 -3.642395882073805151e-03 7.684115414416375911e-02 1.204998067438290688e-01 -8.363649272058279460e-02 -7.437465001935945896e-02 1.010935140598133303e-01
3.247118804238467715e-02 1.543796628153511208e-02 -8.617849749921464853e-02 2.731644081676723630e-03 9.158639625887478319e-02 1.313262942033775194e-01 5.259437096453623700e-02 1.166320424651637599e-01 8.636798649588045551e-02 -5.125310376060690509e-02 -4.863358625483394163e-03 -1.198500287360867722e-01
2.717591321976275259e-02 -8.735078463779136215e-02 6.112808991623247881e-03 -5.945750701904307933e-02 4.370710779136673108e-02 -4.050935835050512024e-02 -8.558550470017106671e-02 -7.884826922407413285e-02 3.279010886729059882e-02 -4.384681601196084577e-02 -5.960813750962954544e-02 2.521266271094752334e-02
4.999097677055656247e-02 2.223407638694814906e-02 -5.091863514114765288e-02 7.886929288539734628e-02 3.556683208424007373e-03 7.154231218948534088e-02 -9.994894492481878889e-02 -5.714436422491078749e-02 -1.811044730898089122e-02 9.313825336061012927e-02 -3.012484124695791188e-02 -9.857955394787263487e-03
-1.210863573640398871e-01 -2.617696255720433629e-02 -6.202006383086817315e-02 -4.585625375782692581e-02 1.030235369071043350e-01 2.874475015079066068e-02 3.622433450054771131e-02 -7.596906363058225642e-02 1.865304487689553037e-01 8.837318543513206226e-02 -3.242392973653530908e-02 7.623295404408123033e-02
5.521262084983506041e-02 2.110159043953634128e-02 8.748258170860287453e-02 -8.114594384798323734e-02 6.526352948881347649e-02 9.196455240170411938e-02 -4.409362047051575140e-02 3.489659744446794998e-02 -5.808959974898528916e-02 -2.687397340437424134e-02 3.341376264382152350e-02 1.251129105683860265e-01
1.795241444173497902e-01 3.161213673477523967e-02 2.855609098024804171e-02 3.722713736554870284e-02 5.693736514459065215e-03 -3.973602558133249377e-03 -1.735738118706365435e-02 -3.492135703630492444e-02 1.351264055984925383e-01 1.220661466800360972e-01 1.299213863114491163e-01 -7.183174782733098285e-02
4.239643383233722418e-02 -4.843870547872267118e-02 3.973383829049997873e-02 -6.598846101240367357e-02 4.974990045187165089e-02 4.079886646754479762e-02 6.277008112459558919e-02 2.042393704795921264e-02 1.208432137502625375e-01 6.155347708907688703e-02 -1.451790354383062157e-02 1.287318680123316628e-01
1.084082820108240586e-01 2.225444345985803235e-02 1.610402153252656898e-01 7.988137659472943630e-02 1.578306560204746911e-01 7.353621235820964608e-02 1.511699214981062078e-01 5.681633539442241393e-02 -7.590918757792033955e-02 4.729750812145727679e-02 -3.574954691771994181e-02 -2.718229570650317756e-02
1.199822537692667446e-01 -5.493494605837746098e-02 6.618079200933646433e-02 -1.998152720210403382e-02 3.333783046661258076e-02 9.056517139360226176e-02 -9.375343856452846014e-02 -1.031109885032882416e-02 -4.022789410966974566e-02 6.005546049244825726e-03 7.748388892912021209e-02 -1.715677866832436907e-02
-3.919682368915480830e-02 3.729864074283682773e-02 2.665675147146476243e-02 -5.942674047847006091e-02 -1.525583988855359063e-01 -4.453380159698467483e-02 1.103252030350349022e-01 5.307479642684061194e-02 -1.009267976384889132e-01 -1.582062678983698623e-01 8.960205501220197544e-02 -2.260300272080039731e-03
-3.751887946826715226e-02 1.615640247925226591e-01 4.933312040957418820e-02 -4.632743407146719394e-02 9.780925153345987333e-02 1.446527447040016519e-02 -4.271041181711753010e-02 7.839078523019144028e-04 2.582734720100832160e-02 2.304064004171375857e-02 4.089594389337880553e-02 2.053648398197475966e-02
1.669418443303281596e-01 2.276178780399133045e-02 -7.736364568321152380e-02 8.826687702995146545e-02 -9.144140031254736900e-03 -8.097928827281705710e-02 8.749626804627416710e-02 -1.167596962175330849e-01 2.930153917319202120e-02 4.905950460014170400e-02 -1.079887496242890599e-01 1.579105064868319697e-01
-6.675571056573131878e-02 -8.981893518345586414e-02 -6.937263831271592296e-02 -3.171450099634273018e-02 -1.200917458857842651e-01 1.737340937933374019e-01 -8.468541624696175607e-02 -7.709687237456588904e-02 -1.345894419995416202e-01 -6.973557657603204896e-02 -5.914483096628361802e-02 1.006610635556377809e-01
1.848829299057012099e-01 -1.779512263026190866e-01 9.406751426628973123e-02 4.483894027359687506e-02 3.335757643407682993e-02 1.099148921732468615e-01 4.788988784475620153e-02 3.974446684636508131e-02 1.325790581416092795e-01 3.552196200125114223e-02 -1.145641926136846678e-01 -1.015144686569565274e-01
-2.817153525513835938e-02 2.825698789855792502e-03 1.123321240656131349e-02 -1.054705248694502162e-01 6.939347701741452323e-02 8.201942135764817010e-02 7.820893534387564350e-02 6.224838716052544935e-02 6.385350803233179329e-02 -1.787501954292968764e-01 6.576139974757481965e-02 -5.016396248354721560e-02
-1.647530284842514681e-02 9.269310131982434753e-02 -1.657401780945019498e-01 -6.126320494993263421e-02 -1.780479026180968039e-01 -8.436216784554352588e-02 1.457129482378464180e-01 -6.072892732954905670e-02 -1.877873657688606812e-01 -6.021865328723537136e-02 -8.223043410157339361e-02 1.962715747018182327e-02
3.428796445638448986e-02 -1.113739160727249683e-01 1.782544069077923038e-02 -1.972122177711936597e-02 -1.688196083857289864e-01 1.637606889507819963e-01 8.196942499214862621e-02 -2.579883633016398503e-02 6.547255685457442197e-04 -4.444205187674002758e-03 -4.910207306849025122e-02 1.115951024618118577e-02
1.418929118101643350e-01 1.291073041992007731e-01 2.008005957065928659e-01 2.423938167594408624e-02 -9.296045006409431322e-02 1.002531606717126933e-01 2.257644474172915833e-02 -7.414854554800803799e-02 7.159574590027709129e-02 5.958081496484923800e-02 -7.071538114618480808e-02 2.290452285690941850e-02
1.763648814500863278e-03 1.307086767543872985e-01 -2.062334867511994574e-02 9.498256492321591193e-02 -1.054898863112043450e-01 5.660060226421813334e-02 2.164942125592616163e-03 9.396525804718891539e-03 -3.994374803262298879e-02 -5.746439974009988350e-02 1.921921197949880145e-02 2.876381201053911096e-02
1.473592944448743891e-01 -7.653483863186032188e-02 -2.526527333776043896e-02 8.414711660307566676e-02 -1.218559240595305793e-01 -4.866931416086448664e-02 -8.453703102394094504e-02 1.471127474683979752e-01 -4.310537219314219959e-02 -6.425289846846765629e-02 -2.934475671169163580e-02 -7.550601155850192314e-02
9.810151960210794497e-02 3.367666910117134149e-02 1.923360179339250742e-01 -5.513557713679444194e-02 3.790909427744261484e-02 2.456698112880643242e-02 -6.105990045285908385e-02 2.548816188680178701e-02 -6.970977198614226877e-02 -3.532774257819540353e-02 8.357385295129129976e-02 8.486489601865482291e-02
-1.065982165763377371e-01 8.026767803475547136e-03 9.863722674328363749e-02 -8.833786885710422088e-02 -1.147078509407777058e-02 -1.452040884532880896e-02 9.758409267055562220e-02 2.348653788225979477e-02 -1.071623534301141684e-01 -7.589930223516813679e-02 -2.428992894684046944e-02 -5.896580437184884005e-02
-5.901545573283732346e-03 -4.389926271413348291e-02 8.298639633796546511e-02 1.266853485174178895e-01 7.165239206699342001e-02 1.266667234277456533e-01 7.328984132818722186e-02 -9.609163572551145116e-02 -2.444063507488502054e-02 -1.382672194539709132e-01 4.200318110518298786e-02 6.651957444466256864e-02
1.002921956011427335e-01 -5.359582133052015473e-03 7.981085707705221077e-02 -1.315698171692269713e-01 1.758308075674909357e-04 2.908857282524474996e-04 -1.048172180208439552e-01 3.067212259426038701e-02 1.626736823315425018e-02 -3.531403906912314317e-02 1.037432800506213892e-01 -9.482047205937590290e-03
-1.655800166663579445e-02 1.243772915260222579e-02 2.397258523140589209e-03 -1.027175350686370670e-01 4.578313637725864998e-02 4.659551852250854798e-04 -1.761804033357909985e-02 2.274818921872638969e-02 -1.735735330666890106e-03 1.097553172968613461e-02 -1.238109436750931859e-02 9.060479455847449126e-02
-4.492817129201984172e-02 -7.814832074052778521e-02 -5.939897362322629770e-02 -1.160752511959728533e-01 -2.385451193687813942e-02 9.860141020393665967e-02 -8.016734606186569356e-02 8.194139709888756395e-02 -8.989146762685444256e-03 1.127024584372728934e-02 -1.727234456255681283e-01 5.125654572732805947e-02
1.627406402241956263e-01 -1.123593466953042019e-01 -8.877088255465093170e-02 1.179415356540609583e-01 1.959698092763933475e-01 5.005872309332905223e-02 -8.469234242034456850e-02 -1.608992825573506702e-01 5.080681023485465742e-02 -1.186999435229268204e-03 -7.045309511123211410e-02 -2.714826594180310207e-02
7.031457424873159556e-02 1.510890250454233752e-01 8.625159193809181501e-02 4.237380165340175198e-02 1.926798921517800314e-02 -1.840159003433067819e-01 -1.009626210787592099e-01 6.722179725422824936e-02 -2.035197676700104680e-02 -6.000963542418421594e-03 6.390851799457973603e-02 -9.347028144530816762e-02
5.896048333394665608e-02 1.326011867341794215e-01 8.850475810308817970e-02 -1.602018633937306591e-01 -9.362359755119864513e-02 -1.276600338081865238e-01 -1.895606713363311435e-01 2.364368113808640662e-02 1.254004624470306424e-02 -1.917724077503225877e-01 -2.496117173926841633e-03 -9.669112173878231797e-03
5.739459027794231033e-02 1.542279548919556383e-02 8.176198370348441991e-02 3.158007854345023374e-02 -1.521370296737931949e-01 -2.333574743787067418e-02 6.858463855416707666e-02 -2.207788524031822908e-02 -5.127760403402051650e-03 8.117956025662473318e-02 -2.169425545200540789e-02 8.381870485665385284e-02
8.055411465592814124e-02 2.525206767974634559e-02 -5.132196731119735567e-02 -9.102523414150884284e-02 1.147429539194611686e-02 1.369159907941240248e-02 -1.795851523472356175e-03 8.620528732946215744e-02 -4.317108067386624115e-02 2.101646628784649765e-02 4.337247016182832482e-02 -3.495642638645234807e-02
-6.430167373590259250e-02 1.078974610779012827e-01 -4.917345364844078609e-02 4.518460176709718223e-02 7.655207403310129721e-02 -7.570276672231433801e-02 4.576522113103942413e-02 1.401497348335055682e-01 -3.515388391022654380e-02 -2.304634519688850136e-02 1.424740643832832221e-01 3.190267021643949930e-02
-1.144140705701305605e-01 9.257667205107461550e-02 6.254299010484704047e-02 -2.150573274246774316e-02 -5.358736044606144527e-03 -8.336917839021974405e-03 -3.908561407861872727e-02 -1.452359207864011362e-02 -8.566670228345325822e-02 -8.509612349639734952e-02 -3.493103027558218387e-02 -1.964048992915704353e-02
9.692970517495910765e-02 -8.060131587269572795e-02 -4.174811714360640580e-02 6.301845883396785253e-02 6.232501929410778213e-02 -1.117573451013433583e-01 2.054261687093200672e-01 1.426769663952382472e-01 7.185989162523664930e-03 2.403455933789271082e-02 -5.535548565170861357e-02 1.704776016068202185e-02
-7.862661194874537296e-02 6.764651664431081679e-02 -2.008775655624531198e-01 -9.390585867527453945e-02 1.056399706383288895e-01 2.011954144444993986e-02 -3.507533538274643092e-02 1.278339555891083168e-01 -5.411753328223355142e-02 -5.516842740996746874e-02 -2.585622102740772060e-02 -9.947818305496845034e-04
-4.014572524328002129e-02 -1.906933491432252076e-02 -7.480723307154520108e-02 8.856874139057065165e-02 6.465825629859793533e-02 1.857946662925855086e-02 2.420402484537057669e-02 5.451905688094563218e-02 -1.189543100746330989e-01 2.645223676188400777e-02 -2.537603339415325787e-02 4.913736369203600823e-02
2.848777834923076763e-02 2.156310259228418902e-01 7.467621818307021431e-02 1.088968001745189151e-01 1.455753799629805056e-01 -2.363944953076574373e-02 1.346378013352960146e-01 -8.579203992855588198e-03 1.115732140638215630e-01 -1.016335144219611270e-01 6.792796628510380796e-02 1.503445735182639027e-02
-6.473722473618329087e-02 -7.644444788477308683e-02 -1.903525610519785083e-02 -1.882588913758672933e-01 1.532195317559914005e-01 5.293078398298856069e-02 1.855015861601196428e-02 4.961992149649754880e-02 7.101068143583293135e-02 1.946089083910735804e-02 -5.364232191492208229e-02 5.262375677598125218e-02
-1.154318556791409378e-01 -1.466064088338287288e-02 7.642475315896490873e-02 1.874465081853272930e-02 -7.331253792675730685e-02 -7.089921096647747167e-02 4.286183770112279336e-03 4.307565033154792805e-02 7.979157824976258057e-03 -1.287692665217219368e-01 4.172625779219006625e-02 3.594562118437675396e-02
1.494189006314571300e-01 5.788935419018837597e-02 -1.058904956315906004e-01 1.097034788306718578e-01 1.088913293967892493e-01 -3.870673196543694683e-02 -4.059922535904018220e-02 -4.221057988924257348e-02 1.109973024298839539e-02 -1.975546966172654975e-02 -7.010813966096766936e-02 2.614388182194550547e-02
-5.779026795185741167e-02 5.508297200341235461e-03 -4.692747602432370546e-02 2.384801896482444672e-01 -1.076580005235544535e-01 -4.565592514964326651e-03 -5.054064379348902070e-02 3.094472930364033231e-02 -6.627753276166596652e-02 -1.860210256391736650e-01 6.468524781239749777e-02 7.230886566393762704e-02
-4.505190555956137266e-02 -4.572633920684825160e-02 -1.206211770764283875e-01 -1.705110283535968968e-02 -8.459177109773369230e-02 1.824743017466799733e-02 5.569099992634208435e-02 -1.108835423739747555e-01 6.913033797536230485e-02 2.527048933078901785e-02 -1.361943984413738207e-01 -8.347126520684630679e-02
7.944058189573055540e-02 -8.112492454013742194e-02 4.831365457593062712e-02 -5.492998070770541835e-02 1.640895051068322619e-01 -1.430308966266618520e-01 -7.366259802827143655e-02 2.129823995582142554e-02 2.289056875647269354e-02 -1.096485476788984226e-01 -2.421352082267999584e-02 4.463539319717350906e-02
-1.422655464039127016e-01 -2.772059617605120152e-02 8.209928730171653366e-02 1.529891081794438334e-01 1.292969165184969516e-01 5.779256513858929689e-02 7.158953089271151426e-02 8.569783817199244647e-02 -1.417495282169524973e-01 -1.058006873434254591e-01 -1.058534447585654514e-01 -1.185495739328168985e-01
-9.386563504736197827e-02 -3.213556574643353092e-02 -6.249154531737623197e-02 4.625480042478175881e-03 1.794451860805797161e-02 -7.872870194372408315e-02 6.460199255671764118e-02 5.123968390607758910e-02 -8.898526037520972098e-02 -8.533251305586114777e-02 7.597954726914896151e-02 -6.471377948193563759e-04
1.097808893063084157e-01 2.724784456123106879e-02 1.235701541339441906e-01 2.474363039988528717e-02 2.080095386493673315e-01 -1.746904436111330200e-02 7.980293242723544844e-02 -1.281476378253900983e-01 -1.421973730387142698e-01 -2.765531994969645802e-02 9.126084653998597918e-02 -2.739127201157928737e-02
7.143053527770112932e-02 -3.215717489838994247e-02 4.913899556496287291e-02 2.206005238442774324e-02 1.866097035882415822e-01 -5.159608285487102264e-02 -1.703754144478121513e-02 4.125729248047035891e-02 -8.216460152696583585e-02 1.731234247728638265e-01 3.808091188322833970e-02 -1.375264676493005989e-01
-7.148831766547549850e-03 7.243223391717060200e-02 1.197487458810146121e-01 -8.248484657479415727e-02 1.562934198403599373e-01 -5.532154986743689773e-02 9.054519225959262174e-02 -1.523368732012021082e-02 1.555100503448912375e-01 -1.133185666841378392e-02 -6.008708565048982014e-02 3.686830679360877938e-02
-6.046032462863133033e-02 -1.213878144341014875e-01 8.368319142594282667e-02 -8.520721166038178196e-02 2.568481532597970476e-02 9.466460068541980577e-03 2.388064027397635292e-01 2.546598695127643211e-02 3.928527237522912163e-02 1.097031178740696944e-01 6.269856225916327352e-02 -5.087352177640265538e-02
-7.730277730440208994e-03 2.117430765435198217e-02 1.068665718819714339e-01 -1.086925822129205521e-01 4.156723864123199053e-02 5.129995471937785073e-02 -3.445697568940815636e-02 -1.319653381254965764e-02 -7.956195933296567047e-02 1.914585456111761452e-02 -8.031123430931313978e-02 -1.734310749489499648e-02
-5.939351935716870312e-02 -8.670777849386886171e-02 -1.331003765731799127e-01 -3.304476811443642081e-02 -8.878906541566816690e-02 7.211300794621927635e-02 -1.166346268779354725e-02 -2.599137870336812664e-02 -4.064708435922465696e-02 -6.079921126735621240e-02 -3.195304766729759917e-03 -1.478364226117644814e-02
7.572243059319544445e-02 1.791055608557919898e-01 -2.242038137737177930e-02 1.554371815247595004e-02 1.129131620322389173e-02 6.625861170685155843e-02 2.023740219795031048e-01 -1.384957392606607496e-01 7.628595621565627261e-02 -5.127864134922918704e-02 9.338472639943669329e-02 5.728609630117232482e-02
3.048890196465801894e-02 4.015215506098175624e-02 -5.852554299626427231e-03 -1.952778770153542828e-02 -8.595211466563595915e-02 -5.478804534759668110e-02 -4.789382716634175974e-02 -1.201542477836816530e-02 -9.979213735619088532e-02 -4.618330758947823689e-02 2.813697548057404046e-02 5.477115216902900957e-02
-1.194815871493908471e-01 2.204793068370325751e-02 -1.205719253899554394e-01 -8.057890435573775156e-02 -9.117204125160927042e-02 -8.005352626623690737e-02 -4.997274242919370196e-02 2.328570907410676752e-02 9.084750947290975640e-03 -5.063239780702152859e-02 9.523280444802262323e-02 5.405922886621152001e-02
8.881083823869043159e-02 -7.890836147041037363e-02 -5.875586411152712574e-02 1.704939041430792168e-01 -1.113577213904723001e-01 -1.431392454905882250e-04 -1.511462895083863223e-01 -1.309375414881088773e-01 -4.950615196879038643e-02 3.509439023341833636e-02 -6.801998059526916107e-02 -2.333298223504591713e-03
9.560186939527653971e-02 -6.418053441455726094e-02 -3.401269228166574343e-02 -7.359926424873167172e-02 -7.784239236145934493e-02 -1.360442469396804244e-01 6.697476394577409065e-02 -8.732861586668003162e-02 9.080444313275577717e-02 -7.696337540766631791e-02 1.114498649382051898e-01 -2.762848726876604780e-02
-8.070685720138737196e-02 4.707435305885881993e-03 1.036275135255965291e-01 1.188250137702726167e-01 -1.392445114055699054e-02 -1.398512691537101560e-01 1.196901960806753991e-02 7.852696783896936927e-02 9.592344758090470824e-02 2.614750676205748747e-02 4.090473051379476394e-02 -1.534458983688888889e-01
-1.649229073294583847e-01 4.632386497838124340e-02 1.085039938199837406e-01 5.153943242387137857e-02 -7.907756160562140479e-02 -1.047304248766681156e-01 -1.339466401348161084e-01 -2.714101081390787873e-02 -1.476414655188994403e-02 1.864298936849426852e-02 4.661640854410609158e-02 1.045389514971810374e-01
-9.806494327845157941e-03 -7.383683747130459496e-02 -3.254018623150634060e-02 8.482174782135482038e-02 -2.834080995738691433e-02 -3.926297333232015019e-02 1.343587344338989520e-01 -2.055417597678434183e-02 1.992234926743473855e-01 1.766696706841817954e-02 -3.982275359533758718e-02 1.941534662557723237e-02
-2.125311167100020493e-02 -1.003678411088823391e-03 9.258000335277571935e-02 -1.425824028046737135e-01 -1.283411007042471186e-01 4.744787422352779796e-03 -3.071234125642454543e-02 5.650644645620068324e-02 6.365202720508039876e-03 -2.390268690773079963e-02 2.384235298251041746e-02 1.118229723849779034e-01
-9.190569892471973923e-02 2.675583169812197765e-02 -8.518248289582233679e-02 -4.157232964680074305e-02 -3.470446138930931290e-02 1.532671192449294728e-02 1.136012290878357922e-01 1.703394457923254057e-01 3.379287413572845677e-02 2.054496572871390703e-02 -4.288619612686814242e-02 4.219912046758768007e-03
-5.288334329208189272e-02 -3.086423017424669984e-02 -1.116607182754013675e-02 3.115479220690195168e-04 -9.446684582247202866e-02 4.151094193026396567e-02 -5.738532942115801005e-02 9.711754930893063548e-03 1.819046296024475623e-02 -9.951216455971070504e-03 2.024957268172700442e-01 1.219009285338318316e-01
9.625236763872295834e-03 -2.720710170641733178e-02 4.799622276821295663e-02 1.312095085778812176e-01 1.894765762997423220e-02 4.765419859242068026e-03 -8.460749952064884616e-02 3.131250121781184448e-02 5.598262880726600707e-03 -6.621632011417818986e-02 -2.486619718186896047e-02 3.289674352014702874e-02
1.157640238605655431e-02 1.124575730855599254e-01 6.871627897256028794e-02 2.121044796578948344e-01 1.073057531667470921e-01 1.596715750591130578e-01 3.521772774161203295e-02 1.534624558701347397e-01 1.344325134006001989e-03 -1.154671433306170558e-01 -3.593593710131498531e-02 8.781490328468491424e-03
-1.765949331822268542e-01 5.533808586942971092e-02 -5.215094039697928952e-02 -3.728376788867325542e-02 7.491361981884527010e-02 5.191226752410355028e-02 -1.861021693971526281e-02 -9.256122310214792703e-02 -1.359126235237469449e-01 -3.112479465998546982e-02 3.877185129535951069e-02 3.020178926536580544e-02
-3.042754987297074248e-02 -9.452115217784824719e-02 3.409825606207099458e-02 -1.047923928109561476e-01 -3.120721430215713313e-02 -3.238287487753596650e-02 6.677346910767622580e-03 1.464594049837090184e-01 3.046656849456029492e-02 7.997838104982778196e-02 -1.728786850119266028e-01 -7.292703550680057489e-02
-9.299752636640665204e-03 1.018315748888213024e-01 1.944714695718751662e-01 -6.601371406853667745e-02 -6.325218985645757359e-03 -5.740566286899635023e-02 -1.702063080040652487e-01 1.294392975058091255e-01 -4.763263913362907054e-02 7.614669518335948940e-03 -2.314207549043844139e-02 1.281060229522877347e-01
1.445742933300082633e-01 -1.038909763249030831e-02 1.225773349079798957e-01 -9.306146909785423249e-02 1.386134493848936167e-01 -9.414403015889352688e-02 -1.461442872146613038e-02 -1.799132932904935755e-02 6.866960796666743416e-02 -9.399161935195239626e-02 -8.616708586108577303e-03 -3.054465834781018921e-02
-1.190878625544548597e-01 -2.692307012519067413e-02 1.084314196345794318e-01 4.549860952595542046e-02 -5.579491124616202391e-02 -2.719483422844267556e-02 -3.649430056087522162e-02 9.418186106394385582e-02 -1.347460605176107051e-01 -3.892302920339506256e-03 -2.242398460693828185e-03 -3.881415151954981102e-02
-3.176376052066062251e-03 1.108584329940763835e-01 5.945449759179038951e-02 -2.079769490937061552e-02 1.479256100921138607e-02 1.056573845594081240e-01 3.859013772446941160e-02 -7.958893634521503613e-02 -7.031405458116835039e-02 1.529563870482240351e-01 -5.680628569225549401e-02 -1.054210712680409556e-01
8.280735759273129271e-02 1.257827184829612421e-01 -2.520039253646833358e-02 1.467813423869163691e-01 -4.102484785487364727e-02 -4.462021130482436010e-02 1.545240958415574628e-01 4.424627711906709004e-02 2.095547355260134748e-01 -1.050087633743003734e-01 3.117649129934001520e-02 -7.672724866061796101e-02
3.302922652984693896e-02 -9.642812390212095880e-03 6.743983291636493349e-02 -2.802682382419790022e-02 7.561327316729639370e-02 7.655568487873246064e-02 -3.298159714114027447e-02 -4.331227084734720623e-02 3.012190413336149689e-03 1.407537565182042857e-02 -3.802873432374614948e-02 -1.640804981335215740e-02
-3.282438112453620049e-02 -1.234615768196138386e-01 -3.027687546883239128e-02 -8.322795983119860713e-03 2.496202315538046529e-02 2.625543872836134246e-02 -3.862427349057041132e-02 -5.626386204044166173e-02 1.148641907634671000e-01 -2.127144577220527882e-02 4.527789925012643685e-02 3.025914437584772271e-02
2.306456249876318379e-02 -3.122605865927364013e-02 1.064424367356989892e-02 5.659692495927509670e-02 1.137680875928730184e-01 -8.528531030071115349e-02 2.138315190356955900e-02 1.793908823847555761e-02 -1.065016604241127429e-01 1.778911420210091757e-02 5.925224051493833272e-02 -1.369338943115258264e-02
6.724299472787687026e-02 -1.444442723653613370e-01 -1.458938266645195582e-02 7.875664323592566907e-02 6.367846585112216240e-02 4.640643849836432328e-02 -1.160671453068044673e-01 -1.114878775811392782e-02 6.263019782332276963e-02 1.130028543073534342e-01 1.605418154657969054e-01 4.332931194952686221e-02
1.323515116773790468e-01 1.604151801824650614e-01 -6.986039658946800734e-02 4.418195229567697946e-02 -9.694654275684419509e-02 -9.271702721053226570e-02 -4.122195973895165927e-02 1.448336413428469860e-01 -2.838684675349339992e-03 5.482184663839956285e-02 -4.176653287951373472e-02 1.266362262875119216e-01
-5.828753382184977128e-02 6.837923053562504350e-02 -2.175308471601226923e-02 -2.626350548822896647e-01 4.853768249013156073e-03 -1.174719428408635691e-01 -1.463528779708959393e-01 2.703131947641703586e-02 -2.326918552169681201e-02 -1.201612460593541321e-01 -5.266604558447146589e-02 -1.143697616952083079e-01
4.077327467505465625e-02 1.169961770694638581e-01 1.443991021637232482e-02 -8.086167625991680374e-03 2.183930218289544256e-01 -5.173556986844485978e-02 -1.809867776822902952e-02 -1.061809720716140049e-01 6.892616127671612192e-02 1.406508852880435367e-01 -2.295257172138039786e-02 -7.555443118746978104e-02
-2.025245857808600780e-01 -1.001334966496831430e-02 -8.677090224334217672e-02 -7.295240243838431449e-02 8.526926214811032800e-02 -1.792345053752029127e-01 1.544415324324017458e-01 1.067900036102869682e-01 -1.854021520440067017e-01 1.680541282455592575e-02 -1.311367574986424256e-01 9.541779145253892480e-02
1.038572325619376707e-02 1.802935167211219825e-01 7.375027660380814587e-02 2.208594674857085327e-02 1.009323038984741017e-01 -1.052792530480908539e-01 1.139842253037753605e-01 -3.209563284377373038e-02 -2.490417033365756316e-02 3.587259823436757776e-03 -4.478706455872942527e-03 -7.056536941867347368e-02
1.335075769109373700e-01 -3.585661757385930071e-02 7.518103889940495888e-02 3.379287814057539696e-02 -4.698881074834022203e-02 1.047666987102039426e-01 6.539724868404800384e-02 5.261060846236870897e-02 -1.589264202112547486e-01 -1.104252302540142672e-01 -4.455462850671553475e-03 -7.486072276401126158e-02
9.868733905010175500e-02 1.268296255437780240e-01 3.821588352844255965e-02 -2.462555018228553688e-02 -2.506907023839659646e-02 5.791691660019431323e-03 -7.377255435483947611e-03 -3.706204854305760604e-02 -6.797115984003915257e-02 -9.539541992129542403e-02 -1.913493374305943713e-03 1.593721095414955130e-02
-3.365578002627471477e-02 -9.385614978631877381e-03 -7.955542269877712014e-02 -1.111495772452797057e-02 5.914535553481231611e-02 7.917593245201702545e-02 -1.808917375687233570e-02 2.495549893214713683e-02 3.871859081442824424e-02 3.824391350753621188e-02 -1.669017484542392737e-01 -1.167066734359793467e-01
8.913677528287888840e-02 -5.283694953944520489e-02 -1.270411451232930367e-01 -6.035441403632557655e-02 3.548535263948780164e-03 9.422664724093511579e-02 2.555054981484485011e-02 -1.115800428072756811e-01 5.216718600152644991e-02 -4.934445341010013086e-02 1.004290449425559728e-01 1.183618398359275459e-01
8.001074824563349230e-02 -7.048569715970783023e-02 4.769219917087004490e-02 3.706226787622649704e-02 5.204963227480290111e-02 -3.695034629035826024e-02 -4.482998530959427658e-03 4.776342614812590509e-02 3.223242465507845933e-02 5.248600713443081489e-02 4.814466271766859595e-02 8.455134321378939000e-02
