-5.330704863377084823e-01 -3.608765534327968982e-01 -4.229784585340965464e-01 2.634683238663167448e-01 1.092370726796394020e+00 -5.323399398473923627e-01 1.463430609667281557e+00 -3.817957252746046470e-01 6.264399347662460427e-01 -6.629115835754846309e-01 -4.805734198848006233e-01 -6.529336093924911211e-01
1.241068053777022728e-01 2.277956270757235391e-01 1.344690171347401320e+00 5.258505647340673272e-01 2.833502144659491573e-01 -5.158617883074768651e-01 3.526849856711463116e-01 8.164891400172326064e-01 7.322058380043070525e-01 7.679377475227225913e-01 6.061363700024547524e-02 -2.173493132715211273e-01
-1.767724877520553628e+00 1.271215020189064182e+00 1.272437485643858945e+00 9.633160184220149747e-01 -1.200738314655499295e+00 -4.346559720149127393e-01 1.042693163341593954e-01 3.797491748980045823e-01 2.821354618770880243e-02 3.469661918402377476e-01 -2.065446926727534382e+00 -3.797606475125098746e-01
1.387800023316471121e-01 8.008127426738971266e-01 -2.212301217625695093e-01 3.701498326508996239e-01 -6.940782800675951991e-01 5.265690148671013926e-01 1.725827466118670106e-01 -1.408666134873097553e+00 -4.573824526077970715e-02 5.290161613119584993e-01 4.902937491242667645e-01 2.213357906016093501e-01
1.932540851841274998e+00 -1.224579679175431535e+00 4.899187165224852536e-01 -3.526399986166020573e-01 7.768377885201932509e-01 2.242954591063449910e-01 2.480065047470785683e-02 8.516626527095831900e-01 7.568774056419672602e-01 1.209218010391228670e-01 4.736951366175520817e-02 -1.102997678738065312e+00
-1.791466844780205792e+00 -3.185240380046670122e-02 2.608531987548568520e-01 3.004814906135336305e-01 -8.198011897040554663e-01 1.128701311725557321e+00 -4.252309491055294988e-01 -3.943973263232806725e-01 -1.404725749410850266e+00 -7.253195546043424979e-01 4.424313287984039667e-01 5.347492130723731085e-01
-5.099167152068193043e-02 3.045224923381285032e-01 -7.266299427721136794e-01 -1.598436596613378224e+00 -5.540851040867834643e-01 -2.477371864179184868e+00 2.552821225104355829e+00 -1.223804215336899738e-02 4.505686109611887757e-01 -1.056976041748504791e+00 -8.472212448536908802e-01 1.725285100688830064e-01
-3.204657040475172858e-01 3.315931444724564293e-03 8.962762141217754663e-02 1.450554013214915727e+00 7.690038776831735756e-01 4.805784900463366260e-01 8.495816020278244007e-01 -4.708274675530782494e-01 1.549314962101646931e-01 9.604483132242639387e-01 1.886311385678220709e-01 -4.605114655351795760e-01
5.012487691630944653e-01 1.391815270236580693e+00 2.058592844633487795e-01 4.356919065126336754e-01 1.500232220665340455e+00 1.283068823959269800e+00 1.068972714558467763e+00 -1.044791219283427219e+00 1.525678989049278345e+00 -5.072182137380536471e-01 2.842120557127711389e-01 4.784463317550337602e-01
-2.480725239177941632e-01 3.775261986974753903e-01 1.624323411158729247e+00 1.083881713092781141e+00 2.678804585224145551e+00 3.566662010892056589e-01 4.769515585883767061e-02 -3.692049060506702451e-01 4.641438975498454189e-01 -3.427515110481322291e-01 -2.008242147913757436e-01 -5.253218354672273271e-01
-1.553641710488942396e+00 2.597818301675024477e-01 -1.510941049706784889e-01 9.493682752504999101e-02 -1.752747095507459774e-01 5.038212264656428685e-01 -1.851204177667941098e-01 -2.928437636096922203e-01 -1.837140880354579897e+00 7.604426125677948844e-01 4.944776702650822697e-01 2.070586150937277381e+00
-3.599579049142387355e-01 3.925809382739087749e-01 3.396744229509727764e-01 1.118444500186531049e-01 4.424070963214026442e-04 3.956115567347792128e-01 -6.503895489003260755e-01 1.115953462895203252e+00 -7.947720469348794614e-01 4.788199905794319755e-01 1.006237145817275025e-01 5.457875077721624502e-01
2.024974592756439429e-01 5.954066137113993573e-01 3.368437168667129944e-01 1.578845203378848872e-01 8.633384511741873935e-01 -8.402799213930353117e-01 7.344547473402099347e-02 -4.932711723763083533e-01 1.930944123484976405e-01 -5.946866290794758925e-01 -1.370623868953146085e-01 -7.565707917591896203e-02
5.082308605788545819e-01 7.947135254212872590e-02 -8.466612232572871821e-02 -2.028063434567172862e+00 -7.881939766576230300e-01 -1.033052513157915797e+00 2.101471725521368850e+00 4.499306266162896861e-01 -2.070917582309083627e-01 -1.033916756025975880e+00 -1.359887020797718504e+00 2.659076234545284745e+00
-1.084661778467119544e-02 5.754540649004287189e-01 -5.421347954284307935e-01 -2.782965851644083610e-01 -1.149723550808744665e+00 -8.842841195235646712e-01 1.223650613936475340e+00 6.294408464335655984e-02 1.338509830879316409e+00 9.401306306179917360e-01 -7.478457631347514845e-01 1.511905882195319246e-02
-1.130174838466118103e+00 2.368789596574799816e+00 -7.443801953060125154e-01 -3.200189174550072124e-01 -1.706528641832939439e-02 -1.116289797049306198e+00 9.700542333629708081e-01 -6.315836521387634406e-01 2.463530793970352545e-02 -2.184494431120955316e+00 4.717076353678640449e-02 -5.241899781367630462e-01
3.416238233677867386e-01 -7.928162469306146987e-01 3.668846969903976074e-01 -1.115469997909982247e+00 -5.521892940011845913e-02 -1.586001454401906985e+00 4.324040538348643548e-01 7.684569178382133492e-01 -3.369898445890858185e-01 -7.198922308998714215e-01 -4.510874460475619574e-01 -1.083003486423357753e+00
-1.096719763746080378e+00 1.011304129027954524e-01 -9.872677058259758665e-02 3.818270602164799965e-01 -2.267223770220357260e+00 1.330729078455555214e+00 1.018217599303392840e+00 -2.329006106328777026e-01 -1.731392283290026923e-01 1.319175096012346282e+00 8.187323902985405022e-01 3.354400153178688226e-01
-5.880680945241930635e-01 -1.446824184994021545e+00 2.036362386048512718e+00 2.417363034411234429e-02 2.611214854962944087e-02 1.610702359966079411e-01 -4.031954021179758041e-02 2.778510913150413278e-02 -2.010608408136924652e+00 -2.969271754914608596e-01 1.701911427967728319e-01 1.496279699635481575e-01
4.317293420213080823e-01 -5.741449458305747378e-01 1.710089602324614821e-01 -5.370401202082393244e-01 -1.302245041683311629e-02 6.678414371383564752e-02 -5.913664923762330938e-02 -6.221247678825617689e-01 3.971540732728408574e-01 -5.897693288724170646e-01 -6.972296868222832567e-02 -4.851072773439852881e-01
5.900025786272223849e-01 -2.652290350322492607e-01 -1.941458101418684690e+00 2.658100287079624979e-01 2.777371235755444534e+00 -8.228078302816126122e-02 1.439561986992549114e+00 5.028185515971732994e-02 -5.452579507216348542e-01 -1.281113297343455137e+00 1.638299664585926019e+00 9.578398838946947658e-01
6.835562795243370626e-01 -9.234186356160334341e-01 -1.293234496526865507e-01 4.889722952593719141e-01 8.022114731224334883e-02 5.928904330474558115e-01 -1.980826242043760121e+00 -3.707629789199303194e-01 2.512467247002228912e-02 6.649360715629513974e-02 6.453928739387363445e-01 1.678725980108484728e-01
-2.595771211332983386e-01 1.820861719216170793e-01 3.080960706558935058e-01 -8.804917942729359459e-02 -3.909551329022550314e-01 4.430506801647835641e-02 1.163031187584362275e-01 -1.011529988540549763e+00 -1.393290321652195518e-01 -2.632525006528110278e-01 7.856710731162224182e-01 1.087024697922120836e-01
-8.357066152127993197e-01 2.598249053167116518e-01 -1.621181629151217940e-01 -4.060903843162389504e-01 -9.322869115468137569e-01 -4.956836126430187450e-01 -4.755545473947234703e-01 2.692272951323004260e-01 9.936219423536007955e-02 7.854462579343928219e-01 -3.529990840952753617e-01 2.300064220861084141e-01
1.483981624290689194e-01 3.279690793778475832e-01 -3.930786264584262141e-02 -1.535411371727718466e-01 6.859567199669446280e-01 1.270953955212867081e-01 6.254879844193351746e-01 1.070506591751040348e+00 -1.546391555575468528e-02 -4.819635815087524588e-01 -4.945237064773754659e-02 7.453036742513415858e-01
-1.140728158442968487e+00 -8.179545199155927593e-01 4.684049181886467683e-01 8.426160145643274424e-01 -2.562397952153764535e+00 8.687294738853094112e-01 -1.421634414601533836e+00 -6.181936043668618819e-01 -1.618515697974700851e+00 1.692685014432823376e+00 -1.350965383905917416e-01 1.055242334300352386e-01
-1.440857176662810435e+00 7.880180711062014787e-01 5.944058170576171918e-01 1.735705457437367316e-01 -7.472194163740939477e-01 6.948675351920072796e-01 6.781658553006023604e-01 -1.463766590297412407e+00 -2.488375171481439774e-01 4.236360689247367639e-01 6.162288468505889433e-02 -3.574030905825736348e-01
1.003197698458703213e+00 -1.805976367407226446e+00 7.271658410800693750e-02 2.916450534743277312e-01 4.503039675835535660e-01 8.087196898528198341e-02 -1.028504757076136977e+00 1.589948738128128758e+00 1.543972286472431732e-01 6.044427513551846598e-01 -5.330398321762850472e-02 -1.196535222604303561e-01
-3.622230600003789602e-01 1.092465632093485128e+00 2.324702157228293875e-01 -4.821180837931173802e-01 -7.180258475421383846e-01 -2.884181296520792470e-01 1.688200159227826402e+00 5.012752391564938570e-01 -1.206146073739986294e-03 -3.035662887332769566e-01 -9.509985679256361957e-01 4.861709778512455782e-01
-7.910262149215828709e-01 -1.654914400939300756e-01 -6.045556242347384091e-01 3.743221910655756823e-01 1.083692738580280590e+00 -7.484479916547620570e-01 1.064357342754450375e+00 -2.862252708290756731e-01 -2.305029453051211097e-01 -5.110532461936636572e-01 9.223417116739870414e-01 -6.222519029961500747e-01
-6.069082975188806739e-02 1.462500468995838188e-01 4.546173502746004846e-01 4.210173952296912270e-01 -2.646748826260040266e-01 -4.385944711140654095e-01 -2.407383013655214898e-01 -4.743850689816299371e-02 2.678463224451368418e-01 7.495462451016068339e-01 -6.923563319270127636e-02 -1.190470735863623730e+00
