9.371600799872382981e-02 -1.207075664985813590e-01 -3.323422638441947234e-03 7.698902981877467355e-02 -1.760197305440590887e-01 -2.346297913118382608e-02 6.594436146569502590e-03 -1.366800177789662812e-02 5.007647549198053494e-02 6.209088041232214278e-02 3.141279708090200656e-02 1.099147526363196126e-01
3.631763647638592413e-02 2.413159466417388599e-01 3.136041704396798357e-02 -6.642194686257930913e-02 7.254343671295576321e-03 3.400486595180071681e-02 7.880193397841560657e-03 2.192138851324468285e-02 -3.499612888497835583e-02 -2.939312512617854936e-02 -3.987864233635208221e-03 -1.798126318450741015e-02
-8.766454810323300040e-02 -1.042748974621918456e-01 1.459176844979825360e-01 -7.577670175843150002e-02 6.656785385971795456e-03 3.517961723154107434e-02 -1.133564498940038863e-02 -9.650142028018983409e-02 -1.096875796361008321e-01 -2.615149378630513000e-02 2.450443768946180233e-03 -4.734026111769358558e-02
-1.089645170547835253e-02 -1.699237818984707382e-01 6.174869122367535740e-02 -1.600652994793350936e-01 1.706007438607933246e-01 3.105734800110710597e-02 2.838934175169660623e-02 7.642546882737064062e-02 -1.546532834660501732e-01 1.360436280424795474e-01 -2.344944499227684664e-01 -5.017344487765641042e-02
4.723084983199824297e-03 5.220626297851099773e-02 2.209965790981157502e-02 -1.543096581497911401e-01 -4.556166829005144081e-02 -1.066624889520809416e-01 8.445296070936880728e-02 -8.898154199624164207e-02 -3.924812542748595118e-02 1.617605916226545412e-02 -5.900205964819878884e-03 -7.471636869510366041e-02
-8.191947373908467500e-02 -4.272727975746946211e-02 -1.368998133448054433e-01 -2.810353329984539850e-02 -6.685575435941859546e-02 2.490728343107288106e-02 1.479364161082795739e-02 -8.406733885980345600e-02 -1.527980780155918650e-02 -1.402493996535083762e-02 6.621466860020228107e-03 7.451809855691041151e-02
-2.859300410404074302e-02 2.622875341479213307e-01 -1.013507872058547893e-02 -2.536436522523620798e-02 8.102983717111753026e-02 -5.449656604379100183e-02 7.942239649862867235e-02 -6.818431890031431686e-02 9.054600455043654295e-02 3.629297188489171572e-02 -7.104606857573958489e-02 1.072444431606119492e-01
5.010027085197222424e-02 6.487551226672748361e-02 1.056969014076648561e-01 -1.229047089597464781e-01 -5.041083265993472496e-04 -1.331140682634421868e-01 4.078708725233189808e-02 -2.883130670820912081e-02 5.643258170376004579e-02 -1.058692998263095764e-01 4.724436372226899217e-02 4.275467397560781674e-02
-9.618675149962483545e-03 -9.136210523315714538e-02 6.704182802350872050e-02 -1.234388349842847898e-02 7.121952152350188858e-02 1.310878826676642461e-01 8.363937645567200152e-02 2.633945461972345692e-01 -4.874397401266870183e-02 1.282107019074541499e-01 -4.554482594460568246e-02 -2.771433668475966131e-02
8.164863270360277203e-02 -7.947629719782631219e-02 1.198459327282986042e-01 -3.766530524250062770e-03 -6.055616411023281853e-02 4.518588136874771705e-02 -3.157835110392197969e-02 3.904315283574830153e-02 2.050087309645581835e-02 -1.102895878499518811e-01 2.121765022912781157e-02 -2.284804463374366656e-02
8.961541922895641804e-03 -2.752977712107088776e-02 3.928727992315073775e-03 8.699779958509565314e-02 -6.408177394943866123e-02 7.821754146088387427e-02 7.095715476845780578e-02 1.411491393131008576e-01 3.074650366891536549e-02 6.252509680053190688e-02 9.133244759253468514e-02 2.805667564848946319e-02
5.689959084381158300e-02 -1.043796649102103624e-02 -5.437506290851006063e-02 4.336702961301400899e-02 -1.428235656903441841e-01 1.006041110496411761e-01 3.640974078058131520e-03 -6.817299599015348710e-02 -8.299261704108705506e-02 3.174836148124562940e-02 3.963547560392432362e-02 -1.232191694042126945e-01
-8.483722212198077650e-02 1.544270398915573439e-01 -8.016281497625137031e-02 2.404972276976344997e-02 -4.977900558437207967e-02 7.457806675184210088e-02 -1.546085697336090636e-01 -1.268422059327547757e-01 -2.162451269727032888e-01 3.724411353202905506e-02 -8.728488614788332267e-02 1.369158689975584764e-01
1.236507036137213800e-01 9.764151224411567187e-02 -1.742415133394887017e-01 -1.111209448262170940e-01 -5.641285390787243587e-02 6.721029303827537327e-02 3.149151415506575014e-02 -1.079244989069324534e-01 -4.455376442108510693e-02 7.623209243877579477e-02 7.732718446381944832e-02 2.868201367162962617e-02
4.855309270881014161e-02 1.877027485749435398e-01 -1.227598867264286311e-02 1.610796642978188087e-01 -4.435178622761380696e-02 -7.902223434160163262e-02 -3.164853735039128285e-02 1.262207417114170060e-01 6.163446573390319455e-02 -8.835348219877221798e-02 3.849019218035829026e-02 9.450293772866333319e-02
1.159259837810030502e-01 -5.611053336989063611e-02 -2.127973294440981336e-02 -6.058440403431147869e-02 8.344512503179786489e-02 2.540805655774729110e-02 -5.902597840445670402e-02 5.754113115104057125e-02 -2.658888902960278300e-02 5.885349861912057140e-02 1.046955174969934066e-01 9.810699230668204138e-03
4.071869755982496231e-02 3.122885319950068420e-02 -9.540833407679721878e-02 9.131100642117445654e-03 3.037799332389671050e-02 -3.931760667359006367e-02 -6.636093796208135387e-02 8.211334704676692686e-02 3.959668721969963195e-02 -8.850574435478249236e-02 2.634881949629762701e-02 7.629672961991542518e-03
-1.606226113179690940e-01 -5.125567570074527485e-02 -1.101945390391033397e-01 4.372831615311779246e-02 -7.431548564110607158e-02 -4.397670119433899627e-02 8.291448240555665539e-03 1.355119448063005216e-01 2.612439634274301564e-02 -5.672173228995737448e-02 9.209016567113037510e-03 -1.584376302036069259e-02
-1.986874869037475178e-01 8.919296014009055196e-02 -2.085500393793379096e-03 -1.275750193056498713e-02 -3.127033790239477917e-02 2.823382831255131023e-02 2.524982061267908723e-02 5.985369041601213552e-02 -6.048626144841015573e-02 2.970804428393797672e-02 8.173935583884987463e-03 -9.659250489939300022e-02
9.983927582044690996e-02 -1.079336915707310302e-01 1.020135556891759998e-01 -1.176971763930324266e-01 4.141136069868354280e-03 -7.170904017807289144e-02 -1.288531041448761488e-02 -1.950004964847196903e-02 -1.119099751826425904e-02 3.210215965279119860e-03 5.816316432852746028e-03 5.228963924028991184e-02
1.067306768115097448e-01 -1.376196426645363846e-01 -7.182351674622786120e-02 1.670723307295381849e-02 1.334963382481090532e-01 -5.783894919899840257e-04 -1.494437696051390506e-03 1.191532159815297948e-01 -2.799025960617528702e-02 -6.285852305362772674e-02 -6.874663985883551487e-02 6.427504025252984282e-03
-4.151880906179290787e-02 4.632379648524928561e-02 -1.788022176762891699e-02 -3.743942787497110680e-02 1.664644614279047474e-01 -4.236936017782615138e-02 -1.330014201649294958e-01 9.424106852366750942e-02 4.726593100418239983e-03 9.156344463744964246e-02 -1.221118425237951166e-01 6.983515037983886731e-02
-4.310252813205173866e-02 7.795060948265394862e-02 -7.986181299692671209e-02 -6.643925648257065220e-02 -2.469019019993954137e-02 -1.524774199998564679e-02 9.424932146496006746e-02 6.018650618127903418e-02 3.121589911637349252e-02 -2.802563898225287134e-02 7.650587057140388267e-03 1.928482188638549477e-01
1.087978907402241679e-01 1.566372168711109847e-01 8.833649315342397002e-03 -4.100505529609169142e-02 9.528242186903121413e-02 -6.040093426605115667e-03 -4.671420112747606823e-02 -1.283171912290005379e-01 1.418437980971635759e-01 -4.971968672616417645e-02 4.467665865826475624e-02 1.209826102189474617e-01
-8.583296860135393447e-02 -5.206210791537113376e-04 9.098769231698372595e-02 -4.506415759020254708e-02 5.713353069955737218e-02 -2.947364965684969723e-02 -3.259571048486983695e-03 7.687482635052313509e-03 6.439658114050837365e-03 6.689460779845866206e-03 -5.064419905052095633e-02 -5.212743437829746307e-02
-3.074834610773337362e-02 4.435931270135485757e-03 -5.369724480991464044e-02 1.105657329646501791e-01 -1.744931484168226465e-01 7.458616555313629659e-02 7.302473450674876188e-02 1.350262500860476556e-01 1.965358921815989202e-02 -1.892168974333333781e-02 2.495968819621316795e-02 6.122353985696910028e-03
6.470593010939450218e-02 2.182782558049197602e-02 -2.738028926287562614e-02 -9.004399270359737806e-03 4.852058740689566690e-02 -2.637821699652044896e-02 -3.993181672739756771e-02 -1.027790969555195666e-01 -1.523999128144761794e-01 7.951076987835729859e-02 4.733100017660660935e-02 2.792979907065009162e-02
-9.852426012170568959e-02 -2.501651412085493034e-02 -4.076197959557914530e-02 -9.425912351878364126e-02 7.792111443581456465e-02 -2.219823493195582226e-02 -3.708810436072804140e-02 1.049893044551143129e-01 1.310174825346278604e-01 1.952613236749731890e-02 -1.053154794593007537e-01 -1.613747562001099228e-02
5.533038308399574473e-02 1.616397220445872640e-02 -6.538088400825933788e-02 4.975132480349148123e-02 -1.724189138569163227e-01 -5.754388465743721925e-02 -1.221243575067514492e-01 -4.451989713915655011e-02 -5.483274071407641392e-02 2.519702788076737601e-02 -4.999715651612235412e-02 4.124203049397202198e-02
-1.031938215107917334e-01 1.272203409780699734e-01 1.689654083488202896e-01 -8.000472926087306980e-02 -1.705837136133406262e-01 -1.579754672471354524e-02 1.141885343001974862e-01 -4.283131783404326570e-02 -4.301268891218291979e-02 1.257609894925087457e-01 6.422255076753266567e-02 -1.565156585162405349e-03
-3.541579012123924342e-02 2.774273146462724951e-02 5.954349435410266622e-02 8.653476223671903445e-02 8.856477417252169027e-02 4.214705506503158006e-02 -1.206673397394406599e-01 -6.122916590947813376e-02 4.381290052932186596e-02 4.542522934024113140e-02 -3.855082984432404297e-02 6.027170622331826100e-02
