1.136054493948728678e-02 -2.949948416180644267e-02 4.539135855087108457e-02 8.372857590692825425e-02 3.140076275408468925e-02 6.407230861531398869e-02 1.665669326332900324e-01 -1.628020136536553752e-02 4.701475200202253485e-02 -1.205370567299183582e-04 -1.784793395203180810e-01 -5.296418196013944618e-02
-7.274226791720987684e-02 -1.097109350997896304e-01 -5.078090007063599393e-02 -6.646645378791046777e-02 -1.549009684383360896e-02 -6.238706905993608720e-02 -7.615992682947751551e-03 -1.009146816688569342e-01 -4.182756689569586822e-02 -4.781176463453011560e-02 3.110000365143523668e-02 -1.388451108824841906e-01
9.720483066927933236e-02 -2.166573818009597668e-02 4.046475379419223889e-02 2.093990654844139071e-02 5.672613877039871938e-02 -1.131536745007589162e-01 7.413770549269292631e-02 -6.930909668903871557e-02 2.988714176302793846e-02 -9.127548563829256112e-02 -1.168510374850160599e-01 2.270813727832365556e-02
-9.539760631736450558e-02 -4.282354253899242624e-02 4.109147113817851471e-03 1.969412374368134100e-01 4.577484331086578012e-02 -2.023360284484631288e-01 3.191044115699753075e-02 7.129130641092935872e-02 -6.344431397561689501e-02 -1.400551000686629625e-02 2.639345512478967828e-02 4.119537614098370965e-02
-6.584809259905367862e-02 -1.146917130410901320e-01 -1.197411468133064011e-01 5.532285463162594369e-02 3.097177136377814860e-02 -1.611594756165690423e-01 1.114794858564445573e-01 7.282314039237407222e-02 -4.775253316785963570e-02 6.432426495391817267e-02 8.866670751458101407e-02 1.361406493644358728e-01
2.978152259454175041e-02 -5.577430091683943658e-02 2.016159476228976746e-02 3.478730514552946101e-02 9.029071439752643646e-02 -2.520685254512797235e-02 -3.370210723846639965e-03 -2.912134352782496521e-02 6.046308744851176115e-02 -4.121615893245324409e-03 1.251732666234621205e-01 -4.215146840421700458e-03
-2.566268686185884662e-01 7.100559453215396499e-02 -1.203742078222199557e-01 -8.828389362337307755e-02 7.420703280318625972e-02 -6.335879830900531529e-02 -5.422394374178552551e-02 -1.825728972953565565e-01 -6.838257337944902980e-02 -1.082513887708650042e-02 5.590653336302405310e-03 -5.232630408981791409e-03
5.210333980158080719e-02 2.710483166263318033e-02 5.608238436055922038e-03 3.047367626422509135e-02 -1.759845584121385031e-01 1.391188258942730738e-01 4.686537542974048703e-02 2.132749410276371660e-02 2.598335800628707309e-02 1.501325694256684107e-01 -1.648593280743344547e-01 8.066862883132226714e-02
1.159529846772194978e-01 -6.337869919128495677e-02 -5.549787938919565830e-03 6.863144376996585527e-02 2.172748069607428612e-01 7.681313007489215527e-02 4.013046580771407329e-02 -1.472515212277746566e-01 2.059133677761361414e-02 1.547208759770307175e-02 -5.773405094920435604e-02 6.696851517434311563e-02
5.186610992536534043e-02 8.934104455673191891e-02 -2.038491024202138957e-01 -6.426317672057893504e-02 -2.073393918614042097e-01 -1.063460409656871719e-01 -6.378031577378383277e-02 -3.496523672377911673e-04 -5.359950483503103484e-03 -1.963806080219321695e-02 4.427259536108702626e-02 1.210565463602264052e-01
-5.819162461576912054e-02 1.199612438546020232e-01 3.398754306575479250e-02 -5.631908400459185310e-02 1.272861647052243583e-01 -5.736770899047620442e-02 1.546865093274300551e-01 5.975695760293512487e-02 8.781604683639146480e-02 -4.393550258876031955e-02 2.344447428222996496e-02 -3.765558647645827345e-02
4.967456402536327836e-02 1.141521728211413178e-01 5.514658317817196925e-02 -5.602130912023805392e-02 -2.420210668088918632e-02 1.069495842179875311e-01 1.538881180930563343e-02 -4.884213854693016804e-02 1.174397152678771650e-01 -1.484886571416290379e-01 -6.971898441711739391e-02 9.303638019930114689e-02
2.860409737902753699e-02 -4.045851542367639997e-02 1.062678180292659508e-01 1.588570211268100496e-01 1.831591899606823670e-01 -1.678833554854247956e-01 -1.020001060117895902e-01 -1.128496887008939159e-01 -5.005249380062474357e-02 1.904507783894200668e-01 -4.680338333488655994e-02 8.099372693404303936e-02
-9.776636419548569157e-02 3.333769647854184504e-02 -3.977108367661518623e-02 -8.997994272711040686e-02 -9.716592981003791679e-03 -2.171546442658905257e-02 7.150000666446250375e-02 -8.144312038840918755e-02 -2.690005858089496160e-02 -6.870856847833244074e-02 -1.653021454543863664e-02 2.946190765223888688e-02
6.249128397343061553e-02 1.392949139469192021e-01 -2.220902149828509961e-02 3.666321569003729713e-02 1.352601034332631125e-01 -1.008697961199504778e-01 -4.079619819101232975e-02 1.962874342237754931e-03 -2.090394975640642167e-02 1.469588923673903307e-02 -9.478230115686185273e-03 -5.637378448762239008e-02
4.401393903050072193e-02 2.952868399102123037e-02 -1.078361285982057521e-01 -3.780414342625145613e-02 -6.935720218081754818e-02 1.704490442118097027e-01 3.358408331289191445e-02 1.423579930054139908e-01 -1.375059085292116290e-01 -3.064561700378422640e-02 1.002839640522110304e-01 4.365270708102169522e-02
-6.928867950785221053e-02 6.054265250493051642e-02 1.130208250518308435e-02 1.798893040118146325e-02 -1.557756544603721566e-02 -7.598752668776692643e-02 -9.574677662973410733e-03 -2.736575193483585522e-02 1.281772945604156555e-01 3.086382296489041145e-03 1.907930763425404463e-01 3.804263540026584650e-02
-1.073774633531764250e-01 -9.607499798582461170e-02 -1.140632291418479521e-01 9.979821101999458710e-02 1.451208973014357292e-02 -9.868628610122855832e-03 5.023952621204928054e-02 -1.486439329739888404e-01 4.173243986391322186e-02 -7.975103959581487933e-02 -1.913564516609984542e-02 -4.901439987989549690e-02
1.095968831209799127e-01 -1.010674812953475665e-01 -1.944475445323095783e-02 1.662189717026579250e-01 4.585831094741524977e-02 4.633032617715505952e-02 2.860491817973947332e-02 -4.987277751091510197e-02 1.509129002543439513e-01 5.174679156634983367e-03 7.489704009405641350e-02 9.804363783825643941e-02
-5.529143773200512896e-02 5.068104796180474339e-03 4.723413229512326422e-02 9.194481094891285289e-02 1.297904728350946293e-02 -6.252761868058595573e-02 -2.097564285152028196e-01 -5.709081749581433780e-03 -5.211540652828697100e-03 7.678572380530408747e-02 -9.920246410177681329e-02 4.874888632035840469e-02
-2.518700298721558359e-02 -6.977708014259662028e-02 8.422545342000763158e-02 -2.977017769464635876e-03 -9.342122768032749824e-03 6.701475237695957675e-03 1.512210915374448406e-01 -5.386369653914065830e-02 -1.395863679952080161e-01 -1.010517228260154471e-01 2.494643276028309445e-02 -3.121893878169094624e-02
1.090949331251580695e-01 -3.840201128888652560e-02 5.932487670041348971e-03 -3.306323278458831588e-02 1.180778212327027316e-01 5.979009147606904190e-02 3.841227123225755130e-02 1.505158885551238085e-02 3.174080342642773139e-02 3.446899278819930135e-02 1.461201967220200799e-02 7.249324541239519915e-02
-5.177130653088924360e-03 -4.246289165430429391e-02 2.051895930595113923e-02 4.577109600913859683e-02 1.614830568021604629e-01 4.898891923515452662e-02 1.950016410835717778e-02 1.111098868880901896e-01 -9.984542152454195518e-02 1.469378690625482153e-01 -1.785660675906037068e-02 -5.946977565184142361e-02
-8.945495089132034228e-02 1.472786999654938402e-02 4.575197844645565587e-02 5.131231470975882586e-02 1.417222551255118423e-01 3.787470704766816854e-02 -8.872117981749828852e-02 -1.837135834750876773e-01 -2.241950418819920743e-01 -1.202453805949834226e-01 1.354053912718072156e-03 -6.356779279475767430e-02
-4.078125385023593369e-02 1.783215203495736312e-01 6.910111659216421065e-02 -6.452963729650249003e-02 1.150313325878609544e-01 6.799213936148054693e-02 5.312830237233976544e-02 3.114579049164806906e-02 -6.397058851340227219e-03 -1.542882128731469342e-02 8.905178657226055228e-02 3.855670344480743167e-02
-1.478005626279235429e-01 -2.691006488333681085e-02 -1.580510381792806507e-01 8.229059412917608118e-02 1.588931625607112319e-02 -2.580018677635889657e-01 1.131900615674652083e-01 -7.024749713551638186e-02 -2.491429837848723600e-02 7.904833241976873259e-02 -8.609156514303028737e-03 1.051217867172031667e-01
-7.032819887046844187e-02 -1.178510874783909312e-01 2.109660658543238351e-02 6.750012346597675239e-02 -1.108615532035639797e-02 -6.130235498750163936e-02 9.078863311027733640e-02 -1.254007215560401789e-01 -1.197668930518911989e-01 -5.746889338064422627e-03 5.304385794562140044e-03 -8.398618814381654529e-02
-1.500451028536178844e-02 2.496272069305983249e-02 9.005611561535080412e-02 -1.386505958449623342e-02 -1.568900586699267102e-02 -1.397571755985467234e-01 -1.091299580108843516e-02 7.370131332327385654e-02 3.061471868781305561e-02 -5.848366234932389496e-02 1.297800272392560794e-01 -1.390929624154670363e-01
-1.324678712726609364e-01 -1.664148444883715994e-02 -3.728678781927525360e-02 -1.185331632137456848e-01 -4.077739673920138114e-02 -8.852477320393151161e-02 -4.195600817289407009e-02 1.123628118309707991e-02 -3.131159792649906154e-02 8.258941252285247059e-02 5.218754290666059725e-03 -1.115373751686605103e-01
5.165678115037874128e-03 -5.519752146617495914e-02 -1.817973891341690684e-01 -4.364174496332758751e-02 5.143014224174553145e-02 1.221440283296112150e-01 -3.746167313080549233e-03 1.188613837999776407e-01 1.166242568990725204e-01 1.813748049170621768e-01 -1.865280607952779501e-01 -1.113662218407996812e-01
-7.679088995227777159e-02 3.664033924230446215e-02 -3.006970759087469400e-02 -8.211070175175509515e-04 1.245174611341866439e-01 -1.710735065854035175e-01 2.432559130815981074e-02 7.352279042263663855e-02 -1.106112919796403138e-01 1.720045667423900429e-02 -1.207012452013076359e-01 1.179783263303557476e-02
5.327692567863998724e-02 4.407696843319820756e-02 -1.128215432620780084e-01 1.320868055405020614e-01 2.549376589554847722e-02 -2.067250643841102992e-02 7.182944253195937268e-02 -2.953730124759706283e-02 5.085652716458894523e-02 -1.490838364012786743e-01 -9.823137797083560108e-02 -1.474370372944542873e-01
5.949046292865876190e-02 1.576807135581304864e-01 -5.834608373961474442e-02 -7.681400085927478361e-02 -4.806186200266986813e-02 -9.176489164656417841e-02 -7.915499066952493001e-02 -1.727738074413343733e-02 1.486422825921800183e-03 1.876245777937564016e-02 -1.060745322699624266e-01 1.080878609592799471e-05
8.420008177544004158e-02 -1.747473357737552857e-02 9.666618111923375167e-03 8.149154185001869499e-02 1.410950740452003929e-02 3.823978282335210865e-02 -8.128336007411510536e-03 2.570277047844662932e-01 3.492985731704393443e-02 -2.547264001238467787e-02 -1.367492361911058496e-01 -3.765324518956978533e-02
-2.293960166701137712e-02 3.744336713545050321e-02 -2.934105156894910651e-02 -8.046720486520286819e-02 -9.190960520563155878e-02 -1.571171822361308867e-01 1.133611734413604057e-02 -9.880514824562529330e-02 3.906521892286942549e-02 -9.870922827229479390e-02 1.004473524804536527e-01 6.755662832860349909e-02
-2.714845070543104102e-02 -1.617397852325590940e-02 8.682441844293133093e-02 2.547438454096354055e-02 9.674758157046079582e-03 -2.071827834144952373e-03 -2.426955581155561953e-02 -7.714344618030159750e-02 -7.094656606172633495e-02 -1.374565172065054519e-01 1.154854191690531801e-01 -7.107478307770064008e-02
9.371547579087503854e-02 -1.770232286463730709e-01 -5.108961749044198947e-02 1.237842305794008800e-02 4.978642014937168653e-02 7.432083906027270315e-02 2.364144949768522824e-02 -9.999401128938910366e-02 1.267514364259104132e-01 -2.539124601543838247e-02 -1.096088675024725623e-03 -5.210306176255822402e-02
3.064498647545170137e-02 1.277810570740909625e-02 4.093753609136804167e-02 -5.790800129861323892e-02 -1.237447614734421691e-01 -7.112899845510780965e-03 2.397308303941415170e-02 -1.478403841670701199e-02 -4.632552216992660669e-03 2.504116980204967348e-03 -1.063342169238041951e-01 -1.014603864937664163e-01
-2.905829239867182764e-02 -1.177842410817804275e-01 -9.872122586244737319e-03 4.627944215623108065e-02 -6.178439451652204678e-02 6.260541734436522732e-02 1.284819345806126507e-02 -1.849028722703923988e-01 -1.352067092957585093e-01 -1.057103271937412901e-02 5.099538354526274991e-02 6.851047168981801161e-02
-8.794321584666124625e-02 1.056566513999541435e-01 -1.490943966892083541e-02 1.455187161810510450e-02 -5.959849994843128412e-02 -1.727956462145943950e-01 7.202563828592339207e-03 -9.347335791738763111e-02 8.463799125063614648e-02 -2.364126110356859142e-02 -7.248122185825618680e-02 6.455119560168333381e-02
-2.636956045062561690e-02 1.816537052481001502e-02 1.950372485347183493e-01 7.674487340490552222e-03 9.956313566154477435e-02 1.624754123883414419e-02 2.746963323829475223e-02 1.212842081674954109e-01 9.996084395669745798e-03 -8.704902169715507745e-03 -3.396770483555277415e-02 2.710258506545057053e-02
-7.307210838333071112e-02 -1.602006368216571663e-01 1.869350505688046823e-02 -3.834872092188377352e-02 5.837136500576788935e-03 -1.197497962060465049e-01 -1.021019909394895592e-01 -6.357687651169713350e-02 -1.146182366257177399e-01 -1.551412193368752364e-02 -1.064484610549295690e-01 1.392178988635802139e-01
5.697289492389590732e-02 -4.215654424891047969e-02 3.166568675609422040e-02 -2.142316866891129379e-02 -3.114132856929014564e-02 -1.233253027059690587e-01 -7.223030233154099922e-02 -4.380683907528672844e-02 4.137310939403172384e-03 -3.330221912758198066e-02 4.350233784970857637e-02 4.805890708310578754e-03
-1.485951902494472565e-01 7.646911462100161247e-03 -7.089587327625478108e-02 -1.402647725293389436e-01 -7.733664868260638203e-02 -1.005699710142054781e-01 1.522368808580182135e-02 1.014679727550299310e-01 4.477808025076486682e-03 -8.139291120463192086e-02 -4.536498264434390970e-03 -5.586805531069457403e-02
-1.814798506463863662e-02 -5.297627896245701851e-02 6.596226572269379973e-02 1.803913926775168458e-02 4.674244307028894291e-02 1.706916146425987990e-02 3.070319380941311654e-02 -8.528502771058128762e-02 -3.145841856433666955e-02 1.010034871037817673e-02 -3.315595836979017691e-02 -7.255800147839978897e-02
-1.885270605902084895e-01 -1.324111953467300984e-01 -1.300968476503614746e-01 6.160848019350829291e-02 -7.919595580566678172e-02 -1.262741993956383035e-01 -2.501667381048137961e-02 -1.265356658397252254e-01 1.112732511701634008e-01 -7.004564354830873640e-02 -2.879751074146592524e-02 1.363427110371300509e-02
2.841627220374802823e-02 -7.015235833184058079e-02 5.158925012296674412e-02 -3.259888564346941769e-02 2.091307015812862019e-02 1.969000385041810852e-02 3.674604765666186074e-02 -2.360536759694438491e-02 6.188067987330388847e-02 -3.952637290387210969e-03 2.295379493943911497e-01 -1.369722243263793438e-01
9.068985895291649391e-02 -5.607718178669051159e-03 3.992418002838370866e-02 -6.677623837020668640e-02 -8.430130172011417178e-02 -5.160789775457061412e-02 -8.074833359373197184e-02 2.190515078773629630e-03 7.222150451375225488e-02 -1.221908169682113694e-02 -4.484810991317209755e-02 -1.092913072530196511e-01
1.561797189508294659e-01 1.362777134412193787e-02 5.904739459160181919e-02 -3.731147311227579061e-02 3.794161991645397108e-02 -1.132416957804890656e-01 1.779680333649523438e-02 -1.236243393343760127e-01 1.067958751936398110e-01 -7.738814693565186642e-02 -5.798989961459719705e-02 3.843629076093437597e-02
-1.063093004949258041e-02 -1.492397758522091278e-01 1.086467536809832685e-02 1.588112191358677094e-01 2.847598640508266360e-02 -1.645668833732299163e-01 2.327074191044500862e-01 1.547328130868491913e-01 -1.525423018663008001e-01 -6.218369827110289960e-02 -2.101269474598763121e-01 -1.348155622988026492e-01
-1.388403219948397271e-01 -1.260684582720627001e-01 -7.755307465460391236e-02 -1.880777819581152532e-01 3.244493722354539235e-03 -4.986235238512887191e-02 2.526358918872551734e-02 -5.760928520051657870e-02 9.982962371513659505e-02 1.109767813210621873e-01 -6.004794648635516235e-02 1.092427947763737091e-02
-1.151075716909183838e-01 -1.087310320321734913e-01 -1.854891451296153057e-02 -1.386433775356669673e-01 -5.245415203833866252e-02 -1.205280110544943439e-01 -1.025145574572957768e-01 2.296773845946342985e-01 -6.271636324493487513e-02 -4.321414807127179313e-03 -1.104811478510426409e-01 1.607605247810795501e-01
9.451033173966287559e-02 9.617970824150462450e-02 -8.358021349421505819e-02 8.607174538020778698e-02 -8.253716542653742605e-02 2.274320081651205749e-02 8.683776299460049461e-03 2.912613614376641930e-02 1.440275823252851889e-02 -9.025142682853952436e-02 4.437005065012076394e-03 9.147762637946667275e-02
1.350829780306131087e-02 3.560387289745139960e-02 9.429577315757216999e-03 6.546255733885265014e-03 -4.348753450856058383e-02 6.372684735684572277e-02 -4.754292336216263079e-04 -1.239832860810331921e-01 -1.149841896146445303e-02 1.319754066288740535e-01 4.195013888501155502e-03 -4.692095876351682487e-02
4.278241951743860100e-02 -5.555820240216101380e-02 8.575762139686700369e-03 5.003387444785032528e-02 3.309140874710807950e-02 9.669373140505234387e-03 -4.257468338086933118e-02 5.019779813275137420e-02 -1.393586830129906473e-01 1.543050345060541229e-01 1.138941466958271337e-01 7.854669639898341493e-02
-8.553069671530029450e-02 -2.147746963483557481e-01 -1.360546315785970614e-02 -2.014477751543129053e-02 -1.637360921880397224e-02 1.267485074255279287e-01 -2.558053831433495379e-02 -3.218521562889848676e-03 7.390827144678435712e-02 1.922528917972024173e-02 2.681074653627775126e-02 1.163169515403316735e-02
-1.346829972552867141e-02 1.905333334370253734e-02 1.581717288994709814e-01 -2.928044946999967119e-02 -1.039128770346084002e-01 -2.180089274316193097e-03 1.262408947341620846e-01 -3.229835682892357590e-02 -2.837838281564056264e-02 1.273120981196382007e-01 -6.337187788079635953e-02 -1.081955319107511387e-01
-9.031201933202563648e-02 5.740298673173288568e-02 -8.752450680633797747e-03 -1.082486678391767210e-01 -8.459264839915721368e-02 -3.887388216301043697e-02 8.437684945682809301e-02 9.006813004195212552e-03 -8.740362379572944040e-03 4.054763669694115558e-02 -5.298398969007462461e-02 -7.707063664758510846e-02
1.016064464262593642e-01 4.951938336702831067e-02 4.579794183078138986e-02 -1.137861553038132523e-01 -7.253263670000358043e-02 2.496605281216453948e-02 -5.069713281021211854e-02 1.091165760651879729e-01 -5.035092605482639067e-02 -1.127985826914803952e-01 -9.618158244868808826e-02 1.579888848923507449e-01
5.885330818119445702e-03 3.364348064718976350e-02 -4.077157809420873386e-02 3.446302331536218316e-02 -7.983146751987819922e-02 -1.688003843280022342e-01 2.453141988033041149e-02 -2.666004009721010398e-02 -7.366277000097343208e-02 -2.583939456904984708e-02 3.488513065323826240e-02 2.553795765513959190e-02
3.376063943663509120e-02 2.195655618358269279e-02 -4.972375131928857828e-03 6.543186488127942894e-03 7.560481099900524804e-02 -1.780522359015045131e-02 5.823691240470933728e-03 -3.064155046855179809e-02 -1.696343399777842931e-02 3.120988869975772212e-02 1.273213347189445632e-03 -1.701745511509083694e-02
-5.434898532208396610e-02 -3.577631563567112982e-02 -4.644885646907787741e-02 -3.070352933796493405e-02 1.298395515865312100e-01 1.203798695096717497e-01 6.656906125012408693e-02 -9.087314130522912425e-02 -1.117641896462094053e-01 -2.758843601688134792e-02 -8.181795607144996818e-02 5.812917472160090276e-02
1.393523269938571063e-01 -1.104512149424816403e-01 1.928706236936716112e-01 -7.219751922106457109e-02 -9.298472046821927572e-02 -2.570242977154644781e-01 5.904064922490407513e-02 4.312338676184820224e-02 -6.938388168328815664e-02 -1.405462583043032010e-01 1.248406078243064904e-01 -1.385779983652343783e-01
1.234950996549170760e-01 6.710455629707590131e-02 -6.373828587562312131e-02 3.680699659127784854e-03 7.772804986204957800e-02 -8.002926654562375619e-02 -6.783815127752292062e-02 7.028037665470553141e-02 -6.599167381488527107e-02 -1.532902431825265144e-01 -5.204503678860549626e-02 2.519221804238167342e-02
-1.182995196015117628e-01 -4.752648793951505524e-02 -2.672782837771275379e-03 1.435357794105719953e-01 -7.952262774962444436e-02 -1.317101593669371129e-01 4.569555709634812862e-02 -4.211040633314731135e-02 -5.237687147137564531e-02 1.527512130541664181e-01 7.415207165608979356e-02 5.116069732708639767e-02
-1.031587661734540209e-02 -7.730943628835232340e-02 5.641315619139832677e-02 1.319858190158507694e-01 -1.567821847839986644e-03 8.942374047473417020e-02 1.581565373709523659e-01 1.506530404984133542e-01 1.666733725313681025e-01 -1.067601709929746727e-02 2.918041303297968722e-02 -8.510972314463858060e-03
6.758812383894456655e-02 -5.540401567974695407e-02 -6.083751359776449347e-02 1.086593104724129233e-01 -5.325715498782782747e-02 6.838031430785751486e-02 -1.422458017364319934e-02 8.915598930765229746e-02 -1.639003449183011885e-01 -4.774884621352713798e-02 -6.885476922787535370e-02 9.483256878288447156e-02
-1.446388067871836117e-02 -9.713763407016462459e-02 -1.977221061293058229e-03 7.728167467931321144e-02 3.968991356901913764e-02 1.245112417287612058e-02 1.399971878226920034e-02 4.846342899099493479e-02 3.250914082404048749e-02 2.586335592903534278e-02 -8.993237617319059518e-02 9.079815674838374873e-02
-8.289685352348362402e-02 -1.989406602299356730e-02 6.866118747541556655e-02 1.275798995534255242e-01 4.742471954056719924e-02 -5.516454713960852740e-02 1.563192151175059053e-01 -4.991992068365438268e-02 1.581864470789966504e-01 9.533433015898458429e-02 4.710611087466391733e-03 -1.226996965992715044e-01
1.940489666004619959e-02 -9.947020814392740218e-02 -1.555584263457314431e-01 1.103227075672340469e-02 -7.001869201776102225e-02 -5.918647615720958044e-02 4.474022818745584246e-02 8.520213937820993177e-02 -7.772158852753069391e-02 -3.159731743145058336e-02 -6.790489711253126781e-02 -1.381024291509200252e-01
-3.062750699055608386e-02 9.076590429308831198e-02 4.660916553274042223e-02 -7.567430653683168695e-02 -1.635507680773492512e-01 3.663585283840516127e-02 -2.539147636002453412e-02 -7.591957259786767664e-02 1.087874035479240858e-02 2.151139074057601894e-02 -3.755429696468361861e-02 1.808948353315909321e-02
3.759699174464647270e-02 -8.944952527345104154e-02 -1.670325674933349214e-01 4.700796657570167209e-02 -1.554187848264930276e-02 -6.626671620019600195e-02 7.910318839643028233e-02 3.507708077179873957e-02 -4.030852953437803060e-02 -4.518953314534351895e-02 -1.571394932965292784e-02 3.274414833822399812e-02
2.716920198616004298e-02 -2.164059393423559963e-01 6.198021731682689522e-02 -3.296765325398174490e-02 1.354342395507726615e-01 -4.775977852121133030e-03 -4.954789182353861593e-02 -1.271470634042116410e-01 -8.668638420791330290e-02 -1.635400306988277555e-02 -1.103632692715626924e-02 2.032455335415569650e-02
-1.146650681281955325e-01 1.246299727976332566e-01 2.165368210272876001e-02 -5.419746369530018676e-02 4.302143268748479660e-02 1.752350167178906310e-03 -8.859976362990966414e-02 2.178263128097232271e-01 3.838810644114865750e-02 6.827071930814838062e-03 5.510921662770764534e-02 3.812128382058611181e-02
5.877716088162112523e-02 -7.812017994348807726e-02 -1.828410281062558748e-02 8.653959248576642560e-02 8.813607105052774504e-02 -8.977186165815895236e-02 6.244324192818517111e-04 1.256461268614947613e-01 5.678826376384545765e-02 -6.440197031083706725e-02 3.766399739164816990e-02 -2.876408199974958904e-02
-2.193032030072582586e-02 -1.388595611870805345e-02 6.837581648898218012e-02 -8.988629558315394674e-02 -2.827010509442798303e-03 -1.014247969538694394e-01 1.146803039608749325e-01 -2.942960057530009943e-02 1.377899403122455069e-01 1.150871301888474300e-02 -8.329101087013575377e-02 -3.849259277560970055e-02
1.732541275322148529e-03 -9.508589657201560463e-02 -1.478885029321168332e-01 5.028678249190671884e-02 6.621660490856227758e-03 6.042506523923781708e-02 1.588658194275032742e-01 -1.571608114668011924e-01 -2.140620692693259719e-02 -1.279487859981648656e-01 1.309917025526587953e-01 1.403063731173279649e-01
1.529644450070025488e-02 -1.136146151397008364e-01 2.340560862977226000e-02 4.894359273124674475e-02 5.936886956753262973e-02 -2.228337886313084409e-02 7.882488463901314579e-02 -1.063521737034946596e-01 -6.444899587732752511e-02 -6.324200427617747422e-02 3.434987329126770045e-02 -1.378237082416955417e-01
-3.630684672825958831e-02 -2.440171255553611612e-02 -2.017421847974223137e-01 8.311021392472342506e-02 1.761369429019677552e-02 7.906533654741015188e-03 1.274740745463469847e-02 -6.562015965331693956e-02 -2.631393412980165825e-01 -2.783615049718584852e-02 1.065321238983742841e-01 -1.162313284376693540e-01
1.297219149846654263e-01 3.065820213451884990e-02 -5.128877890870577744e-02 -1.666435391798183705e-04 -9.618811918506546543e-02 6.396934214539276575e-02 -1.174903712775536152e-01 2.052801885381896896e-02 1.935416485660714642e-02 -4.028158722233576849e-02 -6.570344398074629000e-02 -5.675757037585282133e-02
1.569038477424893052e-02 5.033285634918241436e-02 3.872681880536347349e-02 -4.140742854141342931e-03 -4.747576498499283398e-02 -1.980133836507841638e-01 -2.912157474478068234e-03 -7.222807411162289470e-02 2.338606863626735421e-02 1.003801863244998399e-01 5.648011990865053206e-02 -2.673031131462642526e-02
5.129082021564001365e-02 1.690284362955507824e-01 -1.533413493229298930e-01 1.290878964648923266e-01 5.274691793578959592e-02 -1.772417145280638373e-01 2.097192548980749693e-01 -4.582718999403025822e-02 1.160846883921734241e-01 -1.391281335155825361e-01 6.477094477753990442e-02 1.043440011243423372e-02
-6.171253207848740457e-02 -1.125185859329715377e-01 -3.432089841652866818e-02 -2.919567515520847534e-02 -1.605977183196521246e-02 -5.232369084157802164e-02 -9.487706880101935691e-02 -1.350054895108642947e-02 -9.705501540526853543e-02 -1.395437851003513974e-01 6.086126239583013880e-02 -1.077540631253002118e-01
-7.237388414329115616e-01 8.196116795807448230e-02 -6.370640966887962664e-01 5.755673659136655296e-01 3.716861927068930149e-01 1.259142219831592413e-01 1.456292902050642102e-01 -1.836120642916968249e-01 1.417954987949250345e-01 -2.375398055999360658e-01 1.477634068695239944e-01 -3.187664975818666480e-01
1.703112111390960581e-01 1.613461412957296337e-01 2.118410799386678256e-01 -8.625473147047257871e-02 1.927295006809010697e-02 -1.611465730256543549e-01 -2.277701074436652151e-01 1.094312924265966741e-01 6.673423073232275437e-04 3.482204925006283924e-02 -1.413058361186640410e-01 1.166345703154799268e-01
1.279105025830002962e-01 1.052568745575484244e-01 -4.310534906547886652e-02 -2.157398070254386013e-01 -1.163478237969187840e-01 -2.941640616322295509e-02 7.711946525579359280e-02 9.431278272702335597e-02 1.614633674213946657e-01 2.564240211305691686e-01 -4.379714416227790258e-02 1.006009899422885684e-01
1.345721922265541159e-01 2.836989269018946325e-01 3.349168174839469159e-01 -3.374738306500497109e-01 -1.590759007384993651e-01 -2.998182186588986275e-01 -1.778372102867620264e-01 1.782115545897442199e-01 2.084766577615466132e-01 2.784942192610839751e-01 -1.491494631885981192e-01 9.093380118581782801e-02
1.398976799424201667e-01 6.994851307856267408e-02 2.328977183402806406e-01 -2.396818648971192345e-01 -1.506954822677757100e-02 -1.936067129299557099e-01 -1.234287810364028716e-02 -2.176390800160075967e-02 5.377923263345183065e-03 7.583563548101872331e-02 -6.091693626782803545e-02 2.106976787317235145e-01
8.731898343708087429e-02 -5.373035798818437403e-02 4.487507953644675335e-02 1.157518760126560187e-01 -1.054166343438873304e-01 -1.922995411195810300e-02 2.614951019286473194e-02 -7.759480541517645158e-02 1.935416965234841580e-02 -8.645677768629840554e-02 8.614768942678173447e-02 7.234489783886748071e-02
-5.465790901289503852e-03 -6.889094976886545041e-02 -4.953423183261528723e-02 -7.571736955488733711e-02 -5.873213046129357323e-02 1.236072279859866951e-01 3.902874976320986483e-02 5.564631592567662738e-02 -1.314694230805629402e-02 2.218078768483043930e-02 3.264978528518530133e-03 7.105561956134763546e-02
-4.543571536452557097e-02 -6.601000374343751753e-02 1.046628701462335234e-02 1.288565709056027110e-02 -5.202396079960912995e-02 -6.717054961659035817e-02 1.317102829327430613e-01 6.210710223999946905e-02 1.178965857386953808e-01 -1.562011064896262451e-02 -4.792911444948353555e-02 -1.161645067407681281e-01
-4.007225024595447577e-02 1.211940240652243650e-01 6.979146801201215056e-03 6.954882447514770805e-02 1.141186375195119701e-01 2.657705410096999118e-03 1.423292546132188564e-02 -4.664744343159666490e-02 -9.464790271013162615e-02 1.041069359647653764e-01 4.565113605256498203e-02 9.347668281049348674e-03
7.185513130546795912e-02 -1.353726632579687339e-01 9.931990150558660246e-02 -4.117169255031439407e-02 -6.822661280122409473e-03 4.088518992459735935e-02 -2.632342076302539996e-02 7.706087359461370745e-02 7.174691570564822873e-02 1.144837552170651779e-01 -5.418872954723705920e-02 -1.157294982408908074e-01
-7.413872362499453195e-02 9.198967768597643424e-02 5.651314830810135262e-03 7.369397638216544644e-02 -2.461633553320725920e-02 1.154413283421965447e-01 6.559021857417955681e-02 -2.510108609239937727e-01 2.515449810041795603e-02 4.474896841859056507e-02 -3.540978997496659064e-02 8.334096772080368254e-02
