8.278317329179247785e-01 4.101174171982474581e-01 -3.496917439019933682e-01 5.076281375520604877e-01 7.483147960821058264e-01 -7.735639223147641741e-02 3.424925216155582652e-01 3.329245036112207790e-02 5.055856772439473734e-02 -5.292895546318975297e-01 -1.116424146166787035e-01 9.000137194003554608e-01
-9.734822931624859121e-01 1.289002643830013728e+00 8.030532336812522543e-01 3.679873537368165692e-01 1.632782902291865179e+00 1.534029364175166998e+00 4.831383949021904600e-01 -6.135816222716548030e-01 9.511405047089088738e-02 2.785345208369290337e-01 -9.936090554806258079e-02 5.355170208663316833e-01
3.741996249128320962e-01 1.261987748338544713e-01 3.903918551228959810e-01 -2.929941598483279050e-02 -6.814412224533413776e-01 8.667044561858405771e-01 4.955066242381815367e-01 -2.064407612320857260e-02 1.071526481178643353e+00 -7.354197641558372078e-01 -2.460268442774081465e-01 1.320078597859709824e+00
-5.459363018506129261e-01 7.908077434362280611e-01 6.417841746908458100e-01 -8.354863242526331391e-01 1.521337186645665751e+00 -1.687048079574906101e+00 -1.502475216374214328e+00 -2.404764366406671183e-01 6.119548514945578194e-03 -3.116866414056354215e-02 1.490495522887676783e-01 -8.304089698742883607e-01
2.129463294923271965e-01 -7.185912116897211765e-01 -9.414554181142079647e-01 6.764106049169695822e-01 -1.196563962229161948e+00 -5.654458268336501336e-02 -8.824329201616869511e-01 -1.736204944036691400e-01 -3.313733451787226336e-01 1.291293281815423466e+00 -3.316129927665887323e-01 -1.026874732151166203e+00
-2.786119278033266644e-01 4.395568760411744935e-01 2.362792227959662761e-01 2.698166717889399213e-01 -1.198622882661577016e+00 4.759465076174801412e-01 1.434875033155869062e+00 7.004361044778647516e-01 4.777306726930397734e-02 1.273492395557198842e+00 1.052476683914824462e-01 8.523256525911224735e-01
9.430014622140210634e-02 -2.375860233717405068e-01 7.741123376538178169e-01 -6.912491148109831465e-03 -2.879251849885058889e-02 3.755470241888344551e-01 -3.619195826542404570e-01 -1.074830720986449828e+00 3.196358272114889210e-01 5.975121584376799078e-01 -2.049206409595763834e+00 3.865354494640099725e-01
2.992625654370203447e-01 -4.373763757502268507e-02 4.680525239529404607e-02 -4.333334969484689547e-01 2.130107569224039266e-01 2.289740080273946765e-01 -7.853955908134542252e-01 9.443266809185915100e-01 1.513833321560659195e-01 4.445596670410232876e-01 1.520887968167007775e+00 7.344460451934752276e-01
3.840808453353392604e-01 -4.292668988967510701e-01 9.594430032505222306e-01 -5.613533364315705931e-01 -1.277641200407405586e+00 4.840355304958017246e-01 1.360252043186285231e+00 1.422654884581812107e-01 2.679198234123551965e-03 3.137459831967734925e-01 -8.528646543858460216e-01 -4.289886087719089747e-01
-3.096365848125526843e-01 1.670046454893590049e+00 1.259073093036859048e-01 -1.307124707241285488e+00 1.537112356844141936e-01 5.603022188085129418e-01 -5.718040371237981256e-01 2.059945736671992544e-01 -6.669994970046198846e-02 3.826390826784600296e-01 -4.651756703970874596e-01 2.022395904974443326e-01
6.160536125639270999e-01 -1.137812883357920413e+00 -2.054956833663456883e-01 1.075515959998987192e+00 4.416910175454566434e-01 -1.535100681743973627e+00 -7.205823915792751722e-01 1.769393366367606052e-02 6.748597308702658504e-02 1.101150971060036454e+00 3.163147281358041213e-02 -3.628563017893106368e-02
-1.031430144799263315e+00 -8.447568517317287640e-01 1.824868662557091126e+00 5.823006633474054478e-02 -9.565658901646676426e-01 4.359885720794607344e-01 1.897088257678824608e+00 -2.260363191921910819e-01 1.247152806205916453e-01 -3.672925564935560772e-01 1.413554571709276231e-01 1.087784408932997549e+00
-9.165657705677798806e-01 -3.172435649816529590e-02 2.616821452250402968e-01 3.852987438817049859e-01 7.588550914994254271e-01 2.136542093052974933e-01 1.482022334221575033e+00 4.690154245701359526e-01 4.943353186278051647e-01 1.884452192869437326e+00 9.906202450532664017e-01 1.098731092218651506e+00
-8.953568285797255388e-01 3.012327184807354064e-01 -5.003947522135896442e-01 -4.646213080297699194e-01 2.387253782590854911e-01 -5.485982282832876367e-01 1.340743845791517452e-01 1.267174829066158415e+00 -7.418283228046743671e-01 -8.109737809106695172e-01 6.385066081729100507e-01 -1.208168623410712295e+00
-9.544170901618745416e-04 -3.268860912053399015e-01 -4.939946465357431676e-02 3.281611370801101324e-01 8.947575206148317140e-01 -4.781508554674192002e-01 1.550658480915992066e-01 3.168258301851558656e-01 -4.909453076402911509e-01 2.996740006143275847e-01 5.086987088825891679e-01 -7.306203927600121162e-01
1.949241144830214933e+00 -1.001469982638075740e+00 4.990403748312467469e-01 1.400822001487495028e-01 -9.940873884280545525e-01 -1.262178137929307997e+00 -1.610055250322625531e+00 -5.559063476023484718e-01 -8.498506838219792581e-01 -3.204501583153485100e-01 -3.544242810371114327e-01 -4.951151581967536686e-01
-8.163814398141649997e-01 1.049646182952678419e+00 6.943952921087227503e-01 -1.757578299423766310e+00 -8.539166329308360837e-01 -1.239924119269784297e+00 4.779552382708734393e-01 -1.101205538989869170e+00 -8.433013204150836828e-02 5.566077602469492874e-02 5.917860827590823991e-01 -5.300191132100248725e-02
4.925597559592252983e-01 -3.912746663652773571e-01 1.761170278181211746e+00 -4.198400429663359107e-02 -4.527288023055180965e-01 5.660775695582233036e-01 -1.953200579374800294e-01 -4.949358797096397589e-01 7.025606408605000741e-01 -4.112003027468770777e-01 2.615491270098390664e-01 2.087358158724374468e-01
-1.145194305902036636e+00 -2.195749008699056648e-01 1.072590300253134954e+00 -2.371638909459943823e-01 3.869040954096078511e-01 7.127560381215267693e-01 -2.666864499177082903e-01 7.152293905566938781e-01 8.900576815959665433e-01 -2.322633229739810568e-01 -4.037122798680477520e-01 6.912574688466185391e-01
-1.724406924166118626e+00 -1.138364055191575464e+00 1.011332236271387908e+00 1.136391392508948162e+00 1.340620132646984930e-01 -3.758355792572706244e-01 2.618440814788894344e-01 -1.064688851133573477e+00 4.142024000834517716e-01 1.162399170429607498e+00 -7.571824264525783832e-02 -5.994329443971080362e-01
-5.473933902311765021e-01 -9.191129157879576739e-02 -4.353376916855269396e-01 3.311504276341717956e-01 -3.454596865165573960e-02 -4.911064115450122225e-01 -7.514543628570280465e-01 4.148713672731139668e-01 -9.236522220207392664e-01 1.782756821697078387e+00 2.179599233392716773e+00 4.802879851005632528e-01
-6.799143328792084384e-01 -1.060171657889858315e-01 9.661287738155238669e-01 -2.494395986557269018e-01 -6.436114761780216131e-01 3.810478427187152795e-01 5.793933646580724517e-01 1.487293409401889699e-01 1.231118990662849022e+00 5.100169032348789849e-02 6.488780529615947312e-01 6.634506489432105969e-01
-6.138375554331707562e-01 6.031773451797096675e-01 7.722121746529714281e-01 -7.453108683274786150e-01 2.411283976918670857e-01 -5.112690128384151933e-01 -5.111627529142394044e-01 2.907045123339313530e-01 -3.054808921989292658e-01 4.039317319139631990e-01 4.987262084159287401e-01 -5.422191223166747953e-01
6.096404934325364566e-01 -5.642471463723075509e-01 -2.337663532641797159e-01 1.103607767469689360e+00 6.090880359557184764e-01 4.579605150522926826e-01 -3.323930547732962815e-01 -6.250244147707196829e-01 4.007500437799171866e-01 5.145328542665618121e-01 -5.141396620360101366e-01 3.580290149781931719e-01
-1.171686048782800471e+00 4.592627928165296525e-01 -7.586708075371085824e-01 4.321664749907532244e-01 2.600546044644060029e+00 -1.101217374303361529e+00 8.467262559802425370e-01 4.020543766804645092e-01 6.942495726544022361e-01 -1.507354001818330902e+00 1.024040935951991832e-01 -1.944808691181904581e-01
-1.700553192390159493e-02 -6.881762693355945870e-02 6.802132405190757236e-01 -4.688359186570040804e-01 -4.609869142910377748e-01 -1.228978168806844629e+00 -8.292827043163362166e-01 1.416693364101452302e-01 2.863512145362257302e-02 2.972094998151622036e-01 -3.210972425723712109e-01 -1.264114585442195904e-01
-8.213062918237743482e-01 3.324132979100577479e-02 -3.138795373906109742e-01 1.209368577720855376e+00 -3.528596073309983039e-01 1.290307433719579455e+00 1.096892571717142939e-01 6.269794802280576063e-01 -8.255865089128209267e-01 2.357803543152032777e-01 2.517410434943219588e+00 -7.972070734238670964e-01
1.231826562847882167e+00 -1.238310191304437258e-01 -1.395024955380196774e+00 3.009512559998098746e-01 -5.537841626956948593e-01 -1.129621295805994553e-02 -4.016198215875693700e-01 -4.617784108130836701e-02 -6.509468816082164544e-01 -6.607689952180929582e-01 1.139917838537690825e-01 -4.575150485177005844e-01
9.333590466470400582e-01 2.740398615914938288e-02 -1.278235891815940217e+00 1.234469892440429872e-01 1.087131566073423761e-01 -4.422004986014129065e-03 -8.024233843452175385e-01 1.967050098950590045e-03 -5.602352177384885001e-01 6.171421022699792314e-01 8.894492174125286921e-01 3.904671308681187947e-01
7.957354488363576062e-01 -8.927542363402358738e-01 -3.935762983276849813e-01 1.232367103378504636e+00 -1.214313491825125269e+00 1.104339822777453239e+00 -1.727346019035725933e-01 -5.527055701141452525e-03 3.869739968715522060e-01 -7.184053032743480394e-01 -7.571356794156069991e-01 4.809342197721713230e-01
-5.483809131383032831e-01 -1.732168656515682414e-01 -6.719155461521452155e-01 7.262818062716765166e-02 -5.404883252730968701e-01 -8.293461547253312693e-02 6.128613243984227799e-01 -6.365099448041329488e-02 8.076883389013318759e-02 2.448190440879247365e-01 -7.141235947311316279e-01 4.169316409171008875e-02
