7.738375963685582837e-02 4.730776273336321364e-02 -1.153380323740554048e-01 1.059106508557255966e-01 -1.635023324007117973e-01 -8.185930679512749830e-02 -1.552152218606164535e-01 7.035837309554240915e-02 1.016536945674624826e-01 6.747459246752660067e-02 6.115061720876337897e-02 2.483794532608065830e-03
1.683452482011815465e-01 5.767427944156378744e-02 -7.827096548014964017e-02 1.355384959816030924e-02 2.227232307695015123e-02 2.079406851285011890e-02 5.570657167815112193e-02 -2.498878159151306233e-02 -2.794663984637209275e-02 7.768734644700944769e-02 -5.992483828015877229e-02 -4.902458157508427471e-03
-1.514774898917528936e-02 1.015063113476416534e-02 8.424475659053462517e-02 -1.402584682310968056e-01 -3.360552415922687941e-02 -3.805642709108927099e-03 -3.332223950712660115e-02 -7.187762049828619326e-02 1.232881651724443972e-01 2.167852566532511849e-02 7.097590849527238288e-02 -6.091510400077993631e-02
3.753774465504623736e-02 6.889917003803792961e-02 -1.897363550585164788e-02 7.859143263923923373e-02 8.869178472858477158e-02 -6.447841220439590182e-02 1.846196853864219001e-01 9.080781995077810698e-02 -1.827703199861924477e-01 -1.164626079644948131e-01 -2.160336306575341356e-02 -7.952870024345010114e-02
7.134439485403250292e-02 4.537726857477409476e-02 -6.038609977241900587e-03 -3.343125252294271155e-02 -8.444036052506845302e-02 -1.786235859477532939e-01 7.142354447443177712e-02 -3.664475160033615897e-02 1.059797728021228957e-01 -4.358098308898236684e-02 5.864087945323690626e-02 -1.260827920796294896e-02
5.906980752260389267e-02 1.159909850737620308e-03 5.968242694577401142e-02 -1.809471644783915145e-01 3.904090443242727582e-02 1.463839730242385076e-02 -1.193253776842903569e-01 -2.798864059780676802e-02 -9.415258625407177395e-02 -7.294462616980791798e-03 3.406571333753979219e-02 6.081518432696931403e-02
-1.987001388816636224e-02 -1.179973234655460473e-01 7.519125059981227044e-02 -9.161411978200303952e-02 -2.834793719500618148e-02 -2.682330482355645487e-02 -1.870684745488197798e-02 9.212787631378963060e-02 1.955060770387523628e-01 8.002466487561740727e-02 1.270212305907791328e-01 -8.120151172701496264e-03
-2.139051962844012653e-02 9.764634943793700644e-03 -7.373476845434728810e-02 -7.303800390614872962e-02 -4.338848957743950130e-02 -1.958128690277747275e-01 3.398088999511536101e-03 1.459246259499877019e-01 1.701190541955059643e-01 1.196740929927799513e-01 8.321540691270165602e-02 -1.124906740370291702e-01
-5.831758733944580886e-02 -8.711847274464958046e-02 9.146265421368576787e-02 -1.706898080912433169e-01 -5.119647548566902406e-02 -1.783649203418204501e-02 1.205109644547616883e-02 8.475505121267948305e-02 -2.104120704005401406e-03 6.149484155429810195e-02 2.643991610040815135e-02 -1.491674002181264114e-01
1.290787394631874030e-01 5.461227518073073078e-02 -1.084798143978759344e-01 2.258008766293646136e-02 -9.175102904370938117e-02 -5.894481367745766504e-02 1.890222247340019729e-02 9.219569211799738540e-02 1.444101769161061644e-01 4.730513131358601853e-02 1.666276161724632512e-02 -1.212786523398190208e-01
-6.860492842142329115e-03 2.481297399508477011e-03 2.032947875517375491e-01 -1.983318919502750910e-01 -8.667601010669882767e-04 -9.522154433651731920e-02 1.429790563707337425e-01 -1.657162209071191133e-02 1.224386764259952076e-01 9.649796073539998464e-02 7.655182983216740622e-02 -1.141912196264411594e-01
2.721638573785905083e-02 -4.953077088464871020e-03 2.843538685098152830e-02 -1.330120103869048831e-01 -9.829403939686054414e-02 -8.056560015007363518e-02 2.141160582159485487e-02 9.379842729033074922e-02 9.349167053459214727e-02 1.019774777563677015e-01 -7.068527701461368995e-02 -6.094154610025273415e-03
4.985825817529024317e-02 -9.304066281773144820e-02 -7.070066456294998858e-02 -2.962589274694526348e-02 -1.652634335194587967e-01 -1.263366753193620184e-01 1.983209059698768598e-03 8.626015070961204345e-02 9.969069318719592232e-02 2.994112897473567847e-02 -2.754336523871752426e-03 -1.594186226790727523e-01
7.982835904985478848e-02 6.468445069834320715e-02 1.152838143964421969e-01 7.298211229249102969e-03 -3.756137344884649676e-02 -1.821299853125083468e-01 -1.740752015775699213e-01 -6.227706919618091613e-02 1.983577559050870576e-01 -4.066096966860062445e-02 1.156017081287282755e-01 -1.034007226997289974e-01
7.672398673993956197e-02 5.655461460295451576e-02 -1.311408084019450027e-01 4.119700732493956213e-02 -3.776536785771314464e-02 -5.376358407965690228e-02 -8.576092254118014568e-02 -2.518897462815785498e-02 8.502011409774115624e-02 2.166617935553026997e-03 3.565611829461681065e-02 4.495469510477872327e-02
-1.316664514384255635e-01 3.989533083410604780e-02 -1.296014448335490454e-01 2.150600119776546054e-02 2.734345407085449903e-02 -5.656280169525169238e-02 1.309417686917726566e-02 1.525895279930027104e-01 -1.352068144877391354e-02 -1.505775824592636182e-02 8.130370309949624171e-04 -9.377833477134495110e-02
-6.705690980190083528e-02 1.561428821546311137e-02 -3.839395576926725451e-02 -7.341970946510936735e-02 -1.426697452197052962e-01 -2.697407394087671384e-01 -4.526538397040707346e-02 3.920507693188866882e-02 1.535068950872576499e-01 -5.484668464686838496e-02 3.591522983287340903e-02 -2.359716972240394894e-01
2.431467335113430758e-02 1.249365816537046092e-01 1.737923602751745566e-01 6.917935605214939332e-02 9.566598977127008588e-03 -1.823574758538684115e-01 -5.586749195899207848e-02 3.806498720225347850e-03 1.705227675849342595e-01 -5.362915843903166835e-02 -3.224946039464058473e-02 -2.134958534484080860e-03
1.756524459611492339e-01 -7.288043200678324951e-02 -6.683140939313308992e-02 1.326982955316550680e-03 -2.409602461129369683e-02 -5.367981994619561853e-02 2.363179650989660069e-02 -5.154144509744960911e-02 7.636798055317478573e-02 -4.254147767121459200e-02 -2.152889705313352706e-02 -3.359731266380926867e-02
-7.379520025341855527e-02 -1.727199094901578358e-03 -6.567105295024180944e-02 -3.744715893343075058e-02 -1.074846094125739004e-01 2.164114739933471476e-01 1.314746474345903360e-01 1.119136346491137191e-01 1.104730502436251927e-01 1.278251960067091908e-01 -5.446756293443228564e-03 -1.235808017526780767e-01
-1.563452831455884595e-01 -3.795151249680434741e-02 7.559279808845023596e-02 -6.416072167195091547e-02 -1.422521374050969845e-01 -1.470617000890283438e-02 -1.117069895948818448e-01 6.267868628070269454e-02 8.545134793506398152e-02 1.181127364514612532e-01 -2.447171557791646621e-02 -8.242969236963054724e-02
9.592806019187284650e-02 7.140642886518890065e-02 9.718210619298570108e-02 1.855052374391855108e-02 -1.360607819230220950e-01 7.040609354881001425e-02 -1.398604091630462343e-01 -2.923867979690847243e-03 1.740922546846096763e-01 1.017367995955866800e-01 -5.091406468123248902e-02 -1.597937637588426329e-01
-1.070994987240906221e-01 2.001537263586905882e-02 -7.769404657983160732e-03 -2.308794929099453885e-01 4.500229058419871753e-02 -3.068351929879907861e-02 -1.953712258926640633e-01 2.591278402787711710e-01 1.576562237226000474e-01 -1.833648378695013070e-02 -5.583332671334702985e-03 1.005495064564944363e-02
2.306661552544289964e-02 4.103420812799540157e-02 1.722288859694079410e-02 -1.077415378097546783e-01 -1.008432848785449365e-01 -1.505723892959827115e-01 4.605602747293126992e-04 -2.101422132467692383e-02 1.145036980873233301e-01 -5.183568459651434479e-02 -7.467638138215418331e-02 -7.579340110335983094e-02
-1.718578219878142202e-02 6.515650556776221569e-02 -8.311080064269321666e-02 -7.842809820172522151e-02 -4.425757961315406053e-02 -4.364421525513382388e-02 3.499310578842513425e-02 1.380418150541731781e-02 5.767234407163072257e-02 -2.282188963830313749e-02 -1.617554315099658524e-01 -2.490521077117973867e-02
5.783723076888591663e-02 -6.189798426272387008e-03 -1.444667032309258567e-02 2.211584568964023584e-02 -8.889305345816790258e-03 -3.459725107170012054e-02 -5.087060392229505318e-02 1.542243826602127388e-01 -3.039271591209872711e-02 2.937019438440616192e-02 -4.618811514702619164e-02 -2.378010240374685627e-02
-5.948197679530320414e-02 9.199655923199621943e-03 5.799817614631758156e-02 3.181691602139628122e-02 8.970347165642753029e-02 2.161996411700594853e-02 3.653779682247566135e-02 7.883947677444150259e-02 1.385903335391370506e-01 1.323486328282362685e-02 4.255676508489063953e-02 1.077716065220692132e-01
9.788466948266637269e-02 -3.593462230434898291e-02 1.809614179062723760e-01 3.401885286299504568e-02 -8.890444364221161688e-02 -3.212172935995882047e-03 -5.262230279235253355e-02 2.048121497680072400e-01 7.691785559080327461e-02 1.952527382153454172e-01 7.564454123658301450e-03 -9.036306639818464381e-02
5.028810281227265311e-03 -1.149542826387479483e-01 -1.235642265796700612e-01 -9.928496140146883531e-02 -1.191132810531091712e-01 7.953849635115449457e-02 -7.535479277522391661e-02 2.075553074283292554e-01 5.539245105469837310e-02 -8.016213112375577057e-03 -1.682929274862214261e-02 -5.145710483627412984e-02
-1.542604780986140123e-01 9.229936726637284761e-02 -5.326590489981689047e-02 -1.642166721843629495e-01 7.863575527430197165e-02 -1.137038535355825303e-01 -3.558503104479136120e-02 -7.769596079345655881e-02 1.683711209447111001e-01 -2.435317417923772709e-02 -8.116889187511211468e-02 8.458166936321923068e-02
-1.256092333465935462e-01 -1.071670361412788847e-01 -3.677510214253038034e-02 -8.367592839669216187e-02 -6.084795112220606206e-02 -1.654518350890230027e-01 -3.977472316956259107e-02 -1.572637009651282891e-02 3.653422430578640717e-02 1.742457971225101765e-02 -1.476905367710907302e-01 -1.039624535575745801e-01
4.987763731158049996e-02 -1.049511233436951491e-01 1.162141064222617926e-01 2.000904728046721398e-02 -1.010103837183760900e-01 -8.537080719500940440e-02 -1.487065067245967216e-02 3.241819699862772547e-02 3.894071192828827549e-02 -8.258002056321278594e-02 -2.802922902376836847e-02 -8.027080932698338334e-02
-4.023138069855648757e-02 -1.174456340771974985e-02 -2.059012920225718191e-01 1.340567832262656509e-02 -1.464371956457012069e-01 -1.378433685159911049e-01 -6.637620462181847980e-02 2.308352654522254077e-02 1.141359707947662283e-01 1.306217702695043059e-01 5.107812747120601266e-02 -2.408643540128916141e-02
1.292134923211788744e-01 3.499036430725321195e-02 9.255940323966410643e-02 -1.538851475706613237e-01 3.305542460498347990e-02 -2.148023861513922439e-01 7.595104795767160244e-02 8.162690410293457766e-02 1.368349687607016973e-01 -2.569992298932786967e-02 1.121537876552172741e-01 -1.829222295717662927e-01
-5.039705893910273460e-02 -6.411162684733993228e-03 -8.372174186581923805e-02 -2.006702816575369613e-02 -2.584240283131734178e-02 -1.073009821380938172e-01 -2.464210253694175401e-02 2.943881309252974893e-02 -2.842689611217352058e-02 2.829583550431669092e-02 3.916619430914582839e-02 -6.204898802999361113e-02
1.643408912377648246e-01 -7.836513991962031078e-02 5.341562775673551478e-02 -1.329986207514689267e-01 -7.185049380981910205e-02 -1.376287922004428288e-01 -3.397864236710731317e-02 -3.853334811040179386e-02 8.029277367067563786e-02 -5.863637945229914494e-02 -1.328895523618790486e-01 -1.826443614181122096e-02
-3.508014916237310599e-02 1.167380780763951909e-02 1.225559821258343993e-02 3.386409026314188969e-02 -1.753489912641262582e-01 -1.338563389962608707e-01 5.444130753079198110e-02 6.818342694282139571e-02 1.507281095288244555e-01 -5.453902569393036248e-02 -1.299903311974166115e-02 -2.869071676099537935e-02
1.332775692503072873e-02 4.674991252895736166e-02 1.302460313156633964e-01 5.410983470637020093e-02 -5.355708373031255187e-02 -1.061589908746395222e-01 -3.516639732548025934e-04 1.090319644241719010e-01 -4.743429918855299535e-03 1.996644250900290463e-01 1.936454819198437094e-01 -9.437898551117979151e-02
4.707524565060895727e-02 -8.495135748978656365e-02 5.477394952696956754e-02 -1.229142063838322974e-01 -1.797400910911402250e-01 -1.025714266815357448e-02 8.112178154615543035e-02 3.735093312159123990e-02 7.777797360760438372e-02 1.635150923169809423e-01 -6.779718406605075853e-02 3.769751320017802193e-02
-2.336015083993458682e-02 -4.678257885433761282e-02 -1.028179253306935326e-01 -7.733412298303865562e-02 1.397156717928453411e-02 1.240659779960189418e-01 8.566905368563301759e-02 4.633900417994199841e-04 7.230005362573360683e-02 3.058614972490709960e-02 3.189032515284618424e-02 -4.298258352690009776e-02
-4.124392141039102955e-02 -3.549416428341372470e-02 9.002949278905905683e-02 -2.178928121278579655e-02 -8.731321705163047966e-03 -1.894658234254200102e-01 1.209280372293143890e-01 1.759591332741462233e-01 1.050732996428189459e-01 1.641454698354150865e-01 7.343271213482415946e-03 -7.909749184804307220e-02
-1.335649444780353245e-01 -2.220300166811025322e-01 -7.252943983771614062e-03 -1.508479955153654573e-01 -1.329676203955493761e-02 4.151090941351865543e-02 9.537430672923384936e-03 1.236142476851300950e-02 -4.088723646216842894e-02 -6.606403976116356769e-02 7.123012193617839216e-02 -3.688961033807743733e-02
1.123641769339175506e-01 9.971879862884266976e-03 4.862537792576762663e-02 3.021740901862963666e-02 -6.191554082381388324e-02 -1.130607572031452207e-01 -3.581819498521323503e-02 9.732934795231382163e-02 1.329253396203443904e-01 4.944146509140112666e-02 -5.357875803369723661e-02 -6.514901993778754452e-02
3.956139282150050729e-03 -5.621561171250235439e-02 1.186475728537184915e-01 -7.438418652188455438e-02 -1.311771016195676098e-01 -1.192041546866926399e-01 -3.534446504255753935e-02 2.970011090154277000e-01 8.661674600464663865e-02 1.841838731233776671e-01 -5.671021898185062832e-02 -1.351009564991714762e-01
-6.384625046871918175e-02 -2.476984720373740585e-04 -5.828719855818630113e-02 -9.961529661157439430e-02 -5.632865508057184611e-02 -3.593394690905545724e-02 -3.298689736523750891e-03 -1.666387922417466444e-02 7.418539232355880753e-02 -9.652942487925789128e-02 -1.441262926105297063e-02 -3.780716597243879290e-02
-1.310938273618555538e-03 -8.413357101722819531e-02 -1.041605085872694680e-01 5.768509698080553222e-02 -1.496089267256492661e-01 -5.570243460380513295e-02 1.128456411501221890e-01 2.025930767920309378e-02 1.670573995908723741e-01 -1.960956905843513204e-02 1.812725638387967589e-02 -3.820693010749844770e-02
1.249306637500817094e-02 8.913767343469396198e-02 9.359738371288334191e-02 -3.212666933539951725e-02 -6.830961893871696777e-02 -2.176622733681434288e-02 -5.346548971151700996e-02 1.178380202685148925e-01 3.192834945460935187e-02 3.819398460264875061e-02 1.939039850885287616e-02 -3.582684034861791794e-02
9.153149722005828048e-02 1.426028554453509858e-02 -5.602949191123537953e-02 -9.910200917306899449e-02 -7.755758582113192467e-02 -9.903397275313484405e-02 -1.264984561579345079e-01 -2.112246919783595384e-02 5.575438692614203412e-02 -1.166754543765325704e-02 -1.568128910461645195e-02 -1.352697811133824271e-02
8.725133884842691673e-03 -1.007236585629643494e-01 3.894915562838834056e-02 -1.176923999434143220e-01 -8.034533305171134843e-02 -1.352477931422670920e-01 2.651354434964279388e-02 1.596836828001066688e-01 4.258322307709740823e-02 1.536987386249672426e-02 -7.674701762432822524e-03 -8.499308654182446965e-02
-1.964208664251435379e-02 3.023708572440106379e-01 2.994327362523399594e-01 1.232508412393094610e-01 1.581354612691418804e-01 -7.666787482212183980e-02 2.901941099097264942e-01 7.835440482592073708e-02 2.097806395075795527e-01 -5.894919980775877380e-04 2.447663130858584446e-01 -5.908535999852634196e-02
-4.927394267065608735e-02 3.521179335855651599e-03 1.038915419207990173e-02 9.744944994375073777e-03 8.099888214003800324e-02 -3.521839837850396920e-02 -8.715905607504662034e-02 1.216136727517448946e-01 1.882012589228994337e-01 4.542303013721437320e-03 -7.490881287883802142e-02 -6.581353946175243046e-03
3.573248313224014483e-02 -3.280481729094513084e-03 -1.935154665145468605e-02 3.956899271275087643e-02 -1.022604812324852397e-01 -5.306669124064334470e-02 6.585431964414462103e-02 7.983400659234365926e-02 9.782658366749968915e-02 -3.503227005288798990e-02 -2.215055192145387597e-01 -1.739302506722138417e-02
1.049839523619314069e-01 6.643841867285516997e-03 2.126853689129939995e-02 -4.669697204714593625e-02 8.075854235936402725e-02 -1.107549688954155148e-01 1.411349698159338473e-01 8.456566095969622610e-02 8.194190518140392898e-02 -3.982065560079189881e-02 -1.752619364509544822e-02 -5.737045141630570631e-03
-2.052693560802269779e-01 9.401589061896174770e-02 6.681404211252287006e-02 2.479216239536862366e-03 2.537166397316053834e-06 -1.046341113173086396e-01 -1.130543438535064338e-01 -7.522057897375558633e-02 1.970089397514411533e-02 -1.622588144247780473e-01 1.287576785203721763e-01 8.368961386402615915e-03
-3.844338176466524648e-02 2.737889800138303478e-02 3.539743891656829677e-02 -9.442748025795658084e-02 -1.582654650659682388e-02 -2.244212676526926575e-01 2.209522883856817888e-01 1.177740843885534058e-02 1.725820660045807031e-02 7.389401266980449856e-02 4.768793929973508955e-02 -1.735398847780831866e-01
9.031837886700185003e-02 -7.880399796956320119e-03 -3.742865415063612988e-03 -2.336694977164022885e-02 -2.491478125842929575e-02 -8.079942030847417356e-02 4.347594609635783286e-02 7.996836546151228631e-02 -5.129767683534195571e-02 3.977351244846602518e-02 1.034632429493208550e-01 -1.447875599441336703e-01
4.566646899184578778e-02 -4.197809963083664470e-02 -4.853689759972866502e-02 -1.486947106106221300e-02 -8.226595373759773566e-02 -7.853723537866165449e-02 4.291406946421582463e-02 -1.160586704039571759e-01 -3.041745426019185072e-02 -2.510504438894805429e-02 -1.769637329126874659e-01 -4.044242204517500133e-02
8.241514641515447492e-02 -2.932645532359777138e-02 5.846455220003377029e-02 -8.620072302961250812e-04 -2.501786426673556496e-02 -3.260952296544951667e-01 1.882104078325371466e-01 9.138206965796494274e-02 1.030845893299853488e-01 5.461383475828064660e-02 -6.693437023008534312e-03 -8.404869820247246048e-02
-6.476438574638336207e-03 -1.986320824774617452e-02 8.417510318718979256e-02 7.294008077573024829e-02 -5.109380352209647036e-02 -1.428733160417785530e-01 3.979018918932827192e-02 6.224136406124253229e-02 -4.929986499586260645e-02 2.606626346018823259e-01 6.985593779934240466e-02 -5.222931107007002666e-02
-6.162796484630514438e-02 9.422254864076255731e-02 -6.430694546824256008e-02 7.502459534717502432e-03 -1.557577243939606559e-01 -9.579198658839046393e-03 -7.900738158310696702e-02 -9.442406542448902873e-02 7.227078549048684963e-02 -4.609731765470811982e-02 -2.611597073314974801e-02 -4.295191672772279146e-02
-2.718308736136902312e-02 1.183036197147608187e-01 -2.948239420737127497e-02 -8.059248550444669812e-02 -2.685374728315868820e-02 -7.418336297415983882e-02 2.256848200958376516e-02 3.497237341472488742e-02 3.896794828888224677e-02 -1.656456374418451699e-02 -6.128701067094476790e-02 2.007354974077204743e-02
3.285265315032116773e-02 7.987528738457770616e-02 -2.303638040566934053e-02 -1.197204358563561943e-01 -9.030595729196486121e-02 -3.054439118671451944e-02 7.348515001533104107e-02 -6.538589197439553802e-02 1.168033511484850573e-02 -3.887499343492055448e-02 -4.532185639056861975e-02 -9.753070810699017434e-03
4.292487144236098451e-02 4.305388227727827144e-01 1.698531638183497366e-02 2.957475699107648404e-01 -7.793594701397021929e-02 -8.824837376976198133e-02 1.217663661807944220e-01 -2.082647951066645964e-01 1.330563960304024795e-01 4.238249164634597110e-02 2.812897049229306015e-02 -1.506803676674923764e-01
9.032976105768474040e-02 5.387644095299180119e-02 -1.833341285158207601e-02 -9.735673018333076967e-02 -2.550831347940791388e-02 -1.337430076905624099e-01 -2.231950382572869124e-02 2.716088728466389129e-02 1.555137327252848201e-01 1.272179758750030809e-01 -1.374832544996522077e-01 -6.004962273603676320e-02
1.502152418768121500e-01 1.360977761909478445e-01 1.559450731832339454e-01 -9.232590563409381890e-02 -2.115974156117633731e-02 -5.835769978930591823e-02 -4.860946998356862475e-02 -2.901915536351703639e-03 -1.434153500180667395e-01 4.290509496293173908e-02 7.603418755291097009e-02 -1.102527072878360936e-01
2.853173271565839428e-02 1.151088173130787734e-01 -1.742205967469910577e-02 3.402222177896743055e-02 -3.526468975905383552e-02 7.493927873256737981e-02 -1.842565459966448178e-03 1.085757403832780243e-01 6.487551137957788677e-03 3.543662609331754698e-02 7.891748223506289683e-02 -1.105297265067254897e-01
1.213711778341186459e-01 2.974670624096712943e-02 1.823770755092939122e-02 5.564384573171331921e-03 1.361431847254442919e-02 -2.371955386414728237e-02 4.740182894232160965e-02 5.635288439827347562e-02 2.213353942792024853e-01 2.230908806185825932e-01 -5.451236841519298965e-02 -1.239782587302800110e-01
3.354369600958519160e-02 1.117348197909908553e-01 -1.525521918277623901e-02 -3.951492784600290492e-02 3.007337655264165355e-02 -1.692885966496714967e-01 -3.126053542642859284e-02 2.742064231670416491e-02 -9.158171630978456657e-02 -8.450738438878388492e-02 -9.793583775672357050e-02 7.027502149735595505e-02
-9.738495290851596764e-02 -8.217467166934554201e-02 -7.928229902664279960e-02 -1.258511823337405688e-01 2.385319548292843400e-02 -1.139793736337299870e-02 7.366153935596781756e-03 9.094861690503597274e-02 3.346975566389005091e-02 -1.960698327838011901e-02 -1.532494051671869362e-01 -1.768147867462672163e-01
6.422408354225243865e-02 -9.946494086024564030e-02 -2.229628682218856572e-02 -7.786331393997894925e-05 -3.589675242826437240e-02 -1.074243167292695950e-01 -7.722128299814934142e-03 1.131235435288360791e-01 7.983304126227425135e-02 -1.328703075013541735e-01 -6.796842661536670049e-03 -3.289194185744315820e-03
-1.763482306652036924e-01 1.572298369829178977e-01 -4.189558186092977310e-02 5.733100804771499442e-02 -4.629790494219244990e-02 -1.783346614236598349e-01 -1.150099607864573104e-01 1.381470757798669829e-03 1.040357988155519997e-01 -3.580715529415788578e-02 -1.357179835051625094e-01 -3.161455507733713227e-02
1.287567125622385289e-02 -2.812519251861583455e-02 -4.446382131953398320e-02 -4.262116369359725959e-02 -3.823372820630274727e-02 -8.590579379304229268e-02 3.483623763218363784e-02 8.242370938158935512e-02 -1.871659619199225050e-02 2.534399302630100381e-01 1.762453865235280234e-02 -8.131756298421125018e-02
7.021504377078043035e-02 8.933898648303799372e-02 -7.519038054300587054e-03 3.153985744906911276e-02 1.558195029872618508e-02 -1.505140559200360273e-01 7.032814921742219783e-02 9.216422899974729965e-02 -6.677888828074870706e-03 6.886684662641456844e-02 -2.845203382744766404e-02 3.291492599347885933e-02
-1.415925900716163699e-01 -4.854918590181481891e-02 7.385331950332027495e-02 8.149336824728040107e-02 -1.637215843455700759e-01 -2.320032089741295156e-01 -3.347392856002425615e-02 6.196946935271559036e-04 4.304760283757021883e-02 1.050536094930187569e-01 1.170957877103792968e-02 -3.027634862290767490e-02
1.671753881801645580e-01 -2.846759214265011731e-02 1.163309333012092217e-01 -3.697103821006337415e-02 -1.569127131664067309e-01 -2.151636343697982401e-01 -3.714115769196717903e-02 -2.183923815489932641e-02 3.264678378180512208e-01 -4.096059718593249299e-02 -1.105193413630160826e-01 4.943853182156637133e-02
-8.197245765475373591e-02 -1.067037272094761499e-02 4.479419643093481007e-02 4.238622741852782899e-02 -1.262831673368119134e-01 1.111834494418591918e-02 -1.477091088423770626e-01 1.341142670553480409e-01 2.391451853662609206e-01 -1.331852558599088965e-01 -1.474920861000682537e-01 -8.936431739861261381e-02
-1.197296648737129626e-01 -2.391669666066182157e-02 2.066069064551662171e-02 3.663248311384179751e-02 -8.872584178318174142e-02 -2.624166282918276652e-02 -2.019961507096120629e-02 -2.409020818611427861e-02 -1.232888786419458413e-02 1.622322083709450136e-01 8.876916398882728210e-02 -8.504874765926845326e-02
-4.374634696405023393e-02 -7.078970355955513730e-03 -2.604459306520846146e-02 2.065147508509029561e-01 -1.976980321615632030e-01 1.175740010948743558e-01 -3.822296129229681844e-02 -2.258819078165122396e-02 1.386179479735069608e-01 1.345620461469252682e-01 6.768722837590773755e-02 -1.092622593778632689e-01
-8.166929745808886032e-02 4.528163971754716605e-02 1.661073628842581196e-01 8.427682532435573637e-02 4.217435597378640932e-02 -1.439792124001934015e-01 6.851482948984788379e-02 -3.415013075068557219e-04 1.216353482179476919e-01 1.698322141304591526e-01 -1.218479741991432552e-01 -2.170262077234441297e-02
-9.839620726780452797e-02 1.225569733251612586e-01 1.128847027782500789e-01 -4.034519439640495836e-02 -1.656435313649101682e-02 4.467828991423092137e-03 7.258545421093454131e-02 5.034141298378053131e-02 8.591156752546588726e-02 5.587964875220197136e-02 -3.687623804152317768e-04 -8.184198945000151215e-02
-5.384181543001295700e-02 -5.899133595208571473e-02 -1.198245266622467720e-02 -9.106680063077685072e-02 -1.566962153078014508e-01 -2.887716963166863660e-01 6.341108511379855983e-02 1.783084628792114268e-02 2.288673922336485200e-01 6.296393035159349172e-02 2.348085246343115454e-02 -2.069632344671402113e-01
8.922986645370330205e-02 -6.723961457312559176e-02 -5.756943619430363382e-03 2.179061749622062949e-01 -5.869987883241256643e-02 -1.571404735382587181e-01 2.804349349323622537e-02 -9.048444920901796418e-02 2.125077957295079811e-01 -1.677983565891373041e-01 7.100993079298911770e-02 -8.834545227616927288e-02
-1.752245807755435647e-01 6.940313411089109319e-02 8.788221570445153841e-02 -1.401359381532856288e-02 -1.177639502696528895e-01 -3.509766325741846965e-02 -2.423648441994578906e-02 -2.669814736764705709e-02 1.995247954947214526e-03 4.618709297184628824e-03 1.753740045559998850e-01 -1.312328956492307408e-01
-5.261817266002465077e-02 -2.658347358368213231e-01 -2.121512515228349549e-01 1.291829247529991676e-01 -4.151877710247912912e-02 -3.312891199475779397e-02 -1.280900085819709211e-01 -1.772330239377217509e-01 -4.564076520035368484e-02 -5.714284288490774077e-01 7.525989959314596800e-02 6.470247761696620858e-02
1.089729860970353320e-01 -2.168398595951594732e-01 4.841162839228282944e-02 -1.397295683280399270e-01 -8.997430803006387090e-02 2.097015708508323181e-02 1.478754930902720643e-01 2.874492059991288762e-01 3.229210016551523760e-02 1.607288435393035286e-01 -2.288985252009221871e-01 1.882158269821215257e-01
1.607383616763258527e-01 -1.950685839818430967e-01 -1.234042139097928648e-01 -2.936984934516394252e-02 -1.158133632316818429e-01 -2.263401737226691454e-02 -2.822352947110288168e-01 8.422930533876721304e-02 -7.529060659372412319e-03 1.295116744558716115e-01 1.588204494751723206e-01 -8.442989407995407647e-02
1.488066456497177115e-01 1.112266000496487175e-02 -2.832475705473588845e-01 -2.750828182692919843e-01 -7.907275883208170209e-02 -1.601408767455115290e-01 6.070446317494210958e-02 1.727024562268782704e-01 -7.778017739690804011e-02 3.189837889968406559e-01 -3.794226277481786980e-01 1.611256646123565908e-02
3.007887097371867990e-01 -1.482929923548440831e-01 -6.469890270703326784e-02 -3.586305419484459578e-01 -3.995174082389180148e-02 8.657660608561572324e-02 -2.924306693378461164e-01 1.733500374098810581e-01 2.131777892900418858e-02 1.978026921884523393e-01 3.069497345277125491e-02 -1.200275599022558870e-01
1.086785304939466706e-01 6.586629058153332938e-02 -1.726304706155348812e-02 -5.950971585707210548e-02 -4.241022603760775944e-02 -1.296512720486369397e-01 2.364083552096222368e-02 4.268255715953857277e-02 1.410415414357159558e-01 -1.347993211827614168e-01 5.124192688345152041e-02 -5.777280506882482430e-02
7.187776223210935733e-02 1.507571572821801154e-01 9.381786736038625479e-03 -2.775174567025600614e-01 4.268863024865243716e-02 -6.479804419703398544e-02 -7.036696215988189063e-02 9.518293194211774333e-02 3.035782379815277210e-02 8.196883881515984460e-02 4.463212883508344692e-02 -2.403276575383399630e-02
-8.750716987906484445e-03 3.307996783803842517e-02 -1.010984545775811816e-01 2.275153515163094720e-02 -1.032762625650538724e-01 -2.123061190061967252e-01 -4.517359098185697724e-02 5.206488171117917840e-02 1.071589476738327162e-01 -3.656003930264285773e-02 7.616652259063957930e-02 -6.316676799136633491e-02
1.119522268932374859e-01 9.387257182136650446e-02 9.155475200198780888e-03 -8.199189949049900950e-02 1.083850344605788441e-01 -6.682761646478105333e-02 9.065938031257855800e-02 9.515223403588632389e-02 1.579071602440673960e-01 1.104900686762804174e-01 4.943125412218563747e-02 -2.546205045366556341e-01
9.686148649924254672e-02 -2.778325973679743321e-01 -2.178750095313428392e-01 -3.515160092613717757e-01 8.825903703679180423e-02 -5.098231177176208023e-02 -4.052521374299592610e-02 4.969051018557461563e-01 -1.226509510208085435e-01 4.853005484409356196e-02 2.834460398837235218e-01 -1.344892043845771767e-01
-1.038698519677719034e-01 -6.739125588680405787e-02 -1.945268309841165222e-02 -7.913630479103890558e-02 1.030033628028362847e-01 2.279485956679506986e-02 -9.764655758336393543e-02 4.346407358252353526e-02 -9.630182276860882462e-02 -1.025096063510056998e-01 9.703717144208324694e-03 1.247947423401601502e-01
