-5.008660095757912212e-02 -1.948503278559628529e-02 4.177535797487838543e-02 3.775394130103095457e-03 -7.231393464605367916e-02 -1.739390591297849398e-01 3.935455915997245618e-02 4.818234272376123450e-02 5.443592616647648097e-02 -3.776082469604333247e-02 -3.786429919475944872e-02 3.103146543961658732e-02
1.213757167025363293e-01 8.641638092713362085e-02 -5.176472429657119623e-02 -2.428907299818765242e-02 7.582832611867369732e-02 7.764753203961487216e-02 5.760819962930809057e-02 5.773886836383332333e-02 6.017880938477662700e-02 3.280649759433544588e-02 -7.872284155921596693e-02 -2.917567112403954971e-02
1.588545366752223964e-02 2.389575669186412912e-02 2.715146833616416226e-03 9.955126174559436603e-02 -4.463378198934303542e-02 4.154721180570413765e-03 5.765570660716474310e-02 4.022456917131961296e-02 -6.286205385489290753e-02 3.217771657254779594e-02 1.073926777426835871e-01 -7.272591380958026708e-02
7.567640394163951956e-02 1.453662514633966354e-02 -8.522047999063699086e-02 -9.629680062631595927e-02 -3.637265000432744755e-02 -8.126087710054918922e-02 -5.587922992864843841e-02 -1.105164143475875355e-01 -8.650305830470904345e-03 6.317755114054554588e-02 -9.479611773594101565e-02 7.916358008924789802e-03
-4.429719658768681290e-02 4.501975304105532150e-02 1.034098459596826808e-01 -1.871705089319183335e-01 5.505009204823078234e-02 -6.293583321171279839e-03 7.263001326379826816e-02 -1.098561899875007547e-01 -4.559752710137518483e-03 -8.738564083523286952e-02 -1.401539151721319099e-01 1.180968550236539960e-02
-3.363739390603186913e-02 1.365077885830875415e-01 -9.085994818699973108e-02 -6.247443104328749552e-02 1.598436493004479902e-02 4.155043953915846244e-03 6.019095466839638475e-02 9.043941460829010848e-02 1.585494146477420263e-02 -8.595449828870112968e-03 3.725387643217441258e-02 -9.808497421602607735e-02
-4.178904644435455645e-02 5.755484265687367540e-02 -1.875112612971426007e-01 -2.586875319083999786e-02 1.287757873836189873e-03 1.067950562316358348e-01 -3.762462743598889159e-02 -5.866439330801862667e-02 5.051041453335722992e-02 1.120017659655602460e-01 5.928500283829335471e-02 8.128899837151323804e-02
2.157321430515847169e-03 -3.681593297261963327e-02 5.641302940409718275e-02 3.531833326797037542e-02 4.425054142773449800e-02 7.807054869069253965e-04 -2.575219605521893163e-03 -2.731458771697918911e-02 -3.263265495411222378e-02 -4.231149215463965441e-02 -2.077336185639803642e-02 8.003384184887415986e-02
-6.815663591741384641e-02 7.871201213025444399e-02 -1.417022317276341904e-02 -2.718659673737637908e-02 -5.094946952117263700e-02 2.226078761703002146e-02 -1.793346052288557202e-01 -7.279305435532294928e-03 7.065015579276004432e-02 7.008070390290681642e-03 -6.240704354858983907e-03 -3.400180100494114288e-02
1.802803542709868409e-02 -1.256442298999919938e-01 -7.178986998798303487e-02 -6.391540236723423918e-02 -8.192969986231704582e-02 1.102450138270314600e-02 1.440333921734323341e-01 -8.479254740838812476e-02 -2.808602855246800437e-02 -1.229815277778721974e-02 3.324293326253610625e-02 4.888077566360621296e-02
5.654107653945112527e-02 -7.813452007871712901e-02 -9.938909474426955992e-02 -2.512999243741898762e-03 -9.586291485312782579e-02 3.973819250473632075e-02 -6.907152174633258979e-02 -7.632748229282149133e-02 4.965099651805171543e-02 -2.544902765821048865e-02 1.045427178817589717e-02 1.257167890876376981e-01
-4.441271383368958214e-02 -7.114752676247720897e-02 8.216952778004080193e-02 1.835955830531499355e-02 -8.315583975958287799e-02 -7.579863732290571809e-02 -2.286364192188694924e-02 -2.916162138083353006e-02 -5.499628861780223033e-02 -1.746780739534017635e-01 -9.030411624242837276e-02 1.273628787981768984e-01
1.010229517301351604e-01 4.918597656680771812e-02 -2.196175841799850870e-02 -1.128709415309997605e-01 -7.483725913642155780e-02 -3.599139125808465539e-02 7.957474722862950545e-02 -8.249446994047282544e-02 -1.936998960295854000e-01 1.160378167075122313e-01 2.442933549141455551e-01 -2.865995103441899144e-02
-1.090309987517809748e-01 5.560585038662792419e-03 -1.857530766653079507e-02 -9.378037626081049682e-02 1.759083714737071438e-02 4.998070146373757155e-02 5.527407039829382307e-02 1.314009985648423307e-02 -1.066644422292802874e-01 -9.392281446484718188e-02 -4.232254567014390179e-02 1.020277546853570402e-02
1.056636607178740653e-02 -3.085962649150365833e-02 -4.319062194886803124e-02 -9.828788938943952558e-02 -1.509866710690133378e-03 -1.078083298901092724e-01 6.914219809382027293e-02 1.090547285732281491e-01 -1.092000525004931943e-01 2.124539756093766496e-01 8.857916707605786866e-02 1.041656168047465914e-01
-8.386103784059835420e-02 -8.768696512763526907e-02 1.245198741106985502e-01 3.857187558051525939e-02 -1.432202911006362142e-02 6.142699433502438883e-02 4.114658781897342910e-02 -4.509589050821567746e-02 -6.412161665163471080e-02 1.039416600361004195e-01 1.123360256390753542e-01 5.641769366142874303e-03
2.761451641862433873e-02 -8.001717598716648339e-02 9.948776132395287242e-02 1.932260735041607669e-02 -6.131446732568433117e-02 9.815237196631056149e-03 8.748853650989013575e-03 3.839658120193858992e-02 7.288516152741292276e-02 -2.116463507650747158e-02 1.824089437552709261e-02 1.851969958881676537e-01
2.185810999315718206e-02 -2.634161228986577064e-02 3.180312597824958704e-02 -2.978331283423591574e-02 1.257496991934856957e-02 7.359208642638724249e-03 4.571461867374052718e-02 -3.981674204389640259e-02 1.854065648312485867e-02 6.926365159449537900e-02 1.763059713858030481e-02 6.903162039954438556e-02
9.562150830076669022e-03 3.782872258425816828e-03 1.077767195297551529e-02 1.169570160170585599e-01 1.046130815097638111e-01 5.747820671292275946e-02 -5.561941883011976839e-02 1.383880676859638656e-02 5.366569471322661655e-02 7.674294542853231371e-02 -1.293455225945896667e-02 -8.938844091013536941e-02
-5.233524802487702493e-02 -3.149459443893187684e-04 -6.490437550599778560e-02 -2.429951330607022300e-02 1.154257262420970154e-01 -8.777821057395390758e-02 6.668007179844409604e-02 -2.111277340831566041e-03 7.444475245437474908e-02 6.261911414267765097e-02 -4.198368469463665403e-02 1.691831099153134066e-01
1.376656390489593845e-02 9.930873758309671784e-02 2.892407161407560892e-02 -2.314462515492654582e-02 9.735601525523820965e-02 -6.563466776974946626e-02 4.016770680021565336e-03 -2.117536300081674927e-01 -4.077097982457461578e-02 -7.301139789314019246e-02 8.075871802761272478e-02 -1.093966200885515550e-02
1.296183937690661703e-01 7.074805134161786524e-02 -5.351275524441435200e-02 2.842121291050857257e-02 -9.756922365028137395e-03 1.303981497308416837e-01 -1.205678858439592979e-02 -6.683812430312721653e-02 -5.277823501301218134e-02 -3.918540588851647521e-02 5.035801302915830086e-02 -1.255114700581187459e-01
7.882691528196547615e-02 2.377315310694634934e-02 -1.269608625371771229e-02 -4.544228433376720777e-02 -8.527727319672485928e-02 -6.344551684128646452e-02 -9.296349662650232881e-02 1.617165924754642714e-01 -3.190129174679529056e-02 2.717642818405834396e-02 -9.546827496426109338e-02 -1.796294291323971559e-01
9.493700163033656769e-03 -1.325731642560147860e-01 5.805318961837739600e-02 -4.397123684239421376e-02 -1.178457486415735583e-01 7.301188408166414678e-02 -4.317001248870556279e-02 4.389424731532824697e-02 8.062360621912134651e-02 4.331827538063354882e-02 8.255586583848897875e-02 -8.131323348091412662e-02
-1.215352630483556573e-01 -1.280988121148624315e-01 -4.537318310679192002e-02 1.225987110713282480e-01 -4.757129716251794552e-03 -1.150108886349802129e-01 4.043230205267196731e-02 -2.043110313858160706e-02 -1.145188615803980070e-01 -6.161085118833350971e-02 -2.272930290823680158e-02 2.670847153324207995e-02
-5.411279153210619280e-02 8.819097653381223825e-03 -6.686640745456703949e-02 7.415821562613171547e-02 -6.697886268610189764e-02 -2.015831836542685690e-02 -3.136264953949290807e-02 1.064322550867134731e-01 -1.706519068745836545e-02 -1.507011114894882264e-01 6.623711808446654248e-03 -1.366565364171074166e-02
6.490569014419523587e-03 1.934960865144388364e-01 -8.251257306717948992e-02 -4.178655458149271862e-02 -3.689666002170319259e-02 7.168057173111842817e-03 1.310200331223336234e-01 -8.286617752268167492e-02 1.664543491525727337e-01 2.995481046520686100e-02 -1.389226121225476118e-01 2.625606547555949313e-02
2.486448480429876220e-02 3.650863901570709433e-03 -4.216942873426932081e-02 -7.468894810311013654e-02 2.560188316821691845e-02 3.383624877618580246e-03 -5.021564339335846811e-02 1.346732293187987706e-01 1.131923458682527472e-01 -1.064173944254621779e-01 5.984756002480735165e-02 5.369458096756089815e-02
1.235693665881650721e-02 -2.488924168678470494e-02 6.700713463943590298e-02 9.391666841354409656e-02 -3.678449557279164089e-02 -7.633265724708437894e-02 -1.779387079279554779e-02 4.390063127409994659e-02 7.244946421225251232e-02 7.934426731360879476e-03 4.529884946009452712e-02 -6.642266108865617011e-03
5.346895702825522900e-02 -4.079188404210017105e-02 1.344985281144589484e-01 4.110424718115014003e-02 4.167036376814728382e-02 9.463272535040401223e-02 1.194662072116557394e-01 3.130423673530059736e-02 -7.783594121959433454e-02 4.325722927259519068e-02 -7.153307494520785847e-02 3.436441153015589584e-02
1.820794332730834436e-02 -5.079285884068469870e-02 -6.446631188457094264e-02 9.038143641986870480e-02 -7.978533504445059488e-02 -1.099351464899981923e-01 9.612953657316289369e-02 1.757099961849777903e-01 6.267818283437527616e-02 7.131598623457585662e-02 -9.785144177829958878e-02 5.693669381762556103e-02
-2.130221957342435385e-02 5.890181660754527371e-02 -1.333715334910949915e-02 4.376265672851190752e-02 2.544662653336958458e-02 5.464829364825516539e-02 -1.616139769874054832e-01 -1.243898208614762496e-02 1.308501278330281847e-01 -7.889467110227302293e-02 -7.108428984223232050e-02 -5.355318779763611203e-02
2.552390097492910313e-03 -3.582506778284277188e-02 -1.625268809008924634e-02 -4.011853901481035600e-02 -1.493578330847058350e-02 1.004537538813202319e-01 7.967537867108234750e-02 8.236349234479033166e-02 3.548744849281379541e-03 -6.551233419550323012e-02 1.809896122272360297e-01 3.139560741831932955e-02
-1.699847212515488981e-01 -2.653803324016002635e-02 -1.198187704271074377e-01 -7.105078649362331356e-02 -4.098189019391038079e-02 5.666048413907401327e-02 -8.794375537741429272e-02 -7.246358108375388143e-03 -5.580664299658522759e-02 -5.399631165880751371e-02 3.067292477124941574e-02 9.470986711440939829e-03
7.480483307969452988e-02 2.920508405681149916e-02 -5.875493435789883034e-02 -7.182874406191638861e-02 2.843655014072666090e-02 9.255035797439271905e-02 1.374381827064462443e-02 -1.465889018845573794e-02 3.798972931532411390e-02 -8.335448808306952784e-02 -1.167631451787050079e-01 -4.211112608648082123e-02
-7.901935649045860321e-02 6.802336745077947056e-02 -5.214369439041795923e-03 1.240640236509169131e-01 -5.575336088546048452e-02 -1.334706733957422183e-02 2.822967702865560730e-02 8.857803017511289845e-02 9.068398549737576725e-03 -5.775719320508383714e-02 1.103839518954960464e-02 -9.970667591058919588e-02
-1.772161866026565613e-02 -1.362867429119698215e-01 3.635888949911282586e-02 -4.979586713494499328e-02 -1.036088138439824613e-01 1.288341104239707491e-01 1.989260901453611396e-02 2.625204521711992523e-03 -1.075030352592620982e-02 2.257510797810856618e-01 -1.836493286811050896e-01 -8.445550417258235187e-02
1.089809595948827703e-02 -8.892826245933060317e-04 1.908336762847015478e-02 -4.269463236797469064e-05 2.223134361847267995e-02 3.221466714705790296e-02 -9.136467550965851614e-02 9.020014503778782389e-03 7.943102835406223861e-02 -1.869567956987052970e-01 -1.513088702570177246e-01 1.724089184753723747e-01
8.740741425567610454e-03 -1.568892837881123437e-01 1.110407265770094742e-01 7.423768171538396021e-02 -3.760643118820086034e-02 -5.195616289370476315e-02 -1.616951480018274934e-01 8.165170413081580683e-04 2.116039846740102037e-01 4.234208037397177438e-02 -9.780340468798159881e-02 -4.688034887584816707e-02
-5.762774516015091442e-02 7.582982667589516224e-02 -8.065489592214167280e-02 9.068189973501411538e-02 -1.150059038746724105e-01 4.204008112395274388e-02 -4.459767236184665473e-02 8.173217829596088335e-02 -4.718528925545804886e-02 1.028505937454999575e-01 -9.668489662513593541e-02 -2.853612241272359545e-02
7.825892159926059466e-02 -3.634457112479753949e-02 6.673230060684751108e-03 1.364859409584888161e-01 -1.462805968408956714e-01 -5.837478318564051768e-04 -1.276293328679490441e-02 1.014746800005386120e-03 7.000399424550461658e-02 -9.083558430084705954e-03 3.379033760244208595e-02 -2.082459682535485468e-02
4.709569525607260054e-02 -5.388109293147397283e-02 -1.000335527765265908e-01 4.664537052586191501e-02 -5.218831425839984967e-02 -4.011299510140371727e-02 1.001013788269674021e-01 -1.991931611917428235e-01 1.416876870044312675e-01 -5.815484303352134315e-02 6.370223868687308055e-02 1.104187930351555880e-01
3.741752107296641983e-02 1.012817468291000826e-02 4.344303707961356953e-02 -5.173735006393388042e-03 -1.607795457762319774e-02 1.952091745594509292e-02 1.753515705550493008e-03 -1.097824422546173212e-01 -5.233696832143298200e-02 -7.065519009251677862e-02 -4.873628045549084631e-02 2.058301441477774357e-02
-2.252951703999594157e-01 -9.057612098468190154e-02 -3.970200119540842620e-02 2.057997590744174363e-02 -4.456785164356022455e-02 4.677009187487059239e-02 3.549822972516079173e-03 1.412665551687883880e-01 2.929324015389364946e-02 -7.175711548175496557e-02 5.109453795333757098e-02 1.709845096888495120e-01
1.697482109573167017e-02 2.792731804735153200e-02 5.231384118136108048e-03 -5.292486248401125082e-02 1.223002309581104896e-01 1.976889102664139419e-02 -5.928352304072886936e-02 -2.715919898880691380e-02 -1.910416928204036399e-02 5.538098181409838172e-02 -6.040579094979470903e-02 -1.007817834200897822e-01
1.244001848323822018e-01 6.542374009601456541e-02 -3.985697293836580613e-02 -3.214644125726877355e-02 1.002004382229856536e-02 -1.309069490292381621e-01 -7.785312677769529177e-02 5.393121616349309810e-02 2.456568988640581847e-02 -2.673211503839958286e-02 1.501559490428720084e-02 -1.162882384021503290e-02
1.359950299038390625e-02 -8.279718126503379794e-02 -8.794863085290384463e-02 3.853448686778944421e-02 -5.924961147022923119e-02 1.161083467331926605e-01 -1.334135551495124750e-01 -6.668080520800075128e-02 6.153384330978357158e-02 2.536913150947393836e-02 1.814065343943901260e-02 -1.025140475173162424e-01
-3.471003571898326895e-02 -1.285106081430866798e-01 -6.450073520781407499e-02 8.353364279161532013e-02 2.500656538250977529e-02 3.788978793607145068e-02 -7.195386801536561745e-03 -2.199222594767301364e-02 1.239959721503050144e-01 -2.165842563599142470e-02 -1.771918739865966860e-02 3.984430505514151288e-02
1.150496117411642545e-02 6.669911128669865283e-03 -1.311839925793243378e-01 4.785852864242724769e-02 1.627243463049388161e-02 7.927240951986913586e-02 5.125739263003462054e-02 -6.971750941613025221e-02 7.110076201678178220e-02 -9.262424779621426796e-02 1.833316490520701253e-02 1.108473282923812253e-01
-1.830032849136824791e-01 -2.136627405557207926e-02 -8.624716296411219507e-02 2.753200217459566071e-02 -2.605719454550097305e-02 -1.536060982664131935e-01 7.543647702509992392e-02 1.828086200407557510e-02 5.782957468024134406e-02 -1.846787635921130766e-02 -4.747783491929971622e-02 -8.582373118794124622e-02
1.187386006343189304e-01 -1.461224227614990323e-01 -3.022921759277667764e-02 1.897145132200453166e-01 -8.125841362549754421e-02 3.027986164959606610e-03 1.051519726142419314e-01 5.326993450161193744e-02 1.611841838592595680e-02 -6.153837686658526762e-02 -9.856181791618504051e-02 -1.107021825033166207e-01
8.111740653930553380e-02 1.253771510285809146e-02 -2.066672346068001709e-01 -5.158091952150775650e-02 -9.032814897400955100e-04 1.930702969664531421e-02 3.740270850086176158e-02 -8.261352284219920187e-04 1.705124408881967535e-01 -9.465848535234551442e-02 6.102468774079095049e-02 3.468215160211016168e-02
-9.657165278525133012e-02 6.398611998516297306e-02 -7.107647582121989771e-02 3.174453021978064504e-02 5.204627996827314307e-02 -9.426907430046239933e-02 -4.746712666592496632e-03 -1.732141239851307524e-01 -3.166330781256983945e-02 4.322049507645714383e-02 1.579857763969754192e-01 -1.757620390755131878e-01
3.434654591214358899e-02 -1.263903873208323814e-01 -1.116615377707133872e-01 1.358701218824675538e-01 -1.276247947353711387e-01 -8.476156178168883781e-02 5.502683972480258701e-02 -4.199046136244524718e-02 1.227188395630524620e-01 7.897774502908236349e-02 -3.344770826044392124e-03 5.347890503650686023e-02
4.988168795018468882e-02 4.053760016273080802e-02 9.489494980977113137e-03 4.234780955843048256e-02 -3.676900023564535352e-02 -1.616188671372857932e-01 -2.070856584799489197e-01 -6.609322846392345907e-02 1.992658190391852907e-02 -7.818215570193851049e-02 1.209413436858787494e-01 -1.843244822306162184e-02
4.612841513424113110e-02 2.566252507476843303e-02 -8.070618072996518788e-02 2.536090946320673778e-02 3.456981579270146376e-02 -7.364739757037114254e-02 -5.973378198466491873e-02 -2.717391701177115926e-02 1.320187059277323945e-02 -2.387676404403889230e-02 1.258492841642468996e-01 1.296138335471656508e-02
5.203457929575507068e-02 -1.695895011339116354e-01 2.064178790386405060e-01 1.154289391463835523e-01 -7.051617179404613169e-03 8.587913184674256326e-04 -8.390065241794786299e-02 -1.107129236114461901e-01 3.845804706722102256e-02 -2.040829372781915452e-01 -3.712907838421059675e-02 -8.791545162611759390e-02
-7.069776090072925345e-02 3.762658014166480464e-02 1.973964130854227034e-02 -9.196095750368815658e-02 -4.089871085781306148e-02 7.161062705569976039e-02 7.519064918109510942e-02 -2.337472230357975217e-02 -8.163418246329070399e-03 -1.387873945395609321e-01 -1.203017490941088591e-01 1.740857922555527904e-01
1.050316884187500743e-02 1.799738400260511226e-02 4.177760009231504951e-02 -1.092849381082768301e-01 -4.160235794901795403e-02 9.592575684098643418e-02 7.329454558780243434e-02 -2.115874189736031974e-02 8.724378209267837081e-02 -1.889084482728315556e-02 3.166400619843282721e-02 -1.825259773427381493e-01
-6.050266739799536192e-03 -9.594456986872687554e-02 -5.972962203446684909e-03 4.292021099356325281e-02 -1.599018710458730563e-01 -1.005684863316634592e-01 7.489554706693127284e-02 -4.071535913645818461e-02 2.947544492649316686e-02 2.085640149205768012e-01 1.866549319504521090e-02 9.706206910085640738e-02
-1.487941517060580310e-01 -1.779778179459798881e-01 8.023313258778319579e-02 7.217209631772188161e-02 3.506764223171529972e-05 3.700016174560560867e-02 1.423891590488407174e-02 6.690724031730389820e-02 -2.094458076449828149e-02 -4.132723400486749965e-02 4.173593139168207955e-02 -7.030965424265984975e-02
-1.186035263802496242e-01 -8.203062870207089574e-02 -3.378979665344533645e-02 -1.021693312928097230e-02 -6.289806510453579969e-02 -8.400224815111657917e-02 -5.569837244620150229e-02 8.348861738339942440e-02 8.665740847121053414e-02 3.380049746752657180e-02 3.916803672748092602e-02 5.757294565177424606e-02
-1.807097954460357148e-01 3.628184086816382131e-02 7.715813017101802451e-02 -6.628220595248382474e-02 3.057982182093313406e-03 1.513584225138620565e-01 -4.796954259166657727e-03 1.005105616142656644e-01 4.223536807510704094e-02 -2.199245582229732848e-02 -5.701475397000656253e-02 -4.532335174670568123e-03
7.580699006916107215e-03 -1.785814093405481418e-01 4.470999544838441531e-02 7.601999684267463087e-02 -2.652368510133733259e-02 -2.333169843109007824e-02 3.907832010303841086e-02 -8.821019886997782944e-02 -4.600290159850273577e-03 9.222710953970765513e-02 -7.606703686455876245e-02 -6.202916878319953819e-04
-1.625640538571699878e-01 1.527013476326110064e-01 5.827154065445351583e-02 -1.674660168942719296e-01 1.282138068533043157e-02 -9.302559590930201128e-02 5.633486343304928284e-02 -7.346515902948005938e-02 1.953476353568594018e-02 -1.357492374886292152e-01 1.765771675748710468e-02 2.139830236565143651e-01
9.232371460875746227e-02 7.673930155688346577e-02 -6.254811583158008392e-02 1.004518583003274068e-01 -5.959092379247622751e-02 1.383506776962462742e-02 1.379248592522012637e-02 3.555423117641020453e-02 1.438125295794124604e-02 -1.463219986034039466e-01 -1.005696582718238787e-02 8.540795305812132199e-02
-5.391558908060653868e-03 9.941673441880440054e-03 -4.214510608403494035e-02 -2.971277326083292345e-03 5.303112980907753737e-02 1.773474987244567577e-02 3.486946488539330313e-02 -1.441446788055413854e-02 7.887991101662290144e-03 -8.766285755259295431e-02 -8.984370619365024402e-02 1.651623624788981642e-02
-1.393334576592256124e-01 6.983856673096280887e-02 6.706840469091242263e-02 3.288572561495654856e-02 1.011226908808240676e-01 1.698777204166813937e-02 9.786815876545995607e-02 5.494141136836627748e-02 7.564668340587416863e-03 2.024910878405193973e-02 -6.019685134404060417e-02 -4.565662072890659499e-03
5.158202511074939933e-02 -2.967142202901617426e-02 -1.206615778091529589e-01 -2.883942143809911651e-02 9.075284113713497081e-02 3.410254799315095425e-02 -5.072934875564506091e-02 -2.743466354963705958e-02 4.781863383731469602e-02 -5.723622844450674402e-02 6.410919970569391169e-02 -1.235665258234452946e-02
1.894491658054537481e-02 -6.656066931227893821e-03 -4.190256392264719854e-02 -9.336809112220914586e-02 -7.156004421708518637e-02 2.358758981149825656e-02 8.706388333923675837e-02 -1.326647225817674525e-02 1.511232710888528175e-01 -1.362996652662681885e-01 -1.369718589721467816e-01 -1.754021241869791192e-01
-3.023002142146163224e-02 5.245288808769615896e-02 2.733416933381112995e-02 9.979588175408123096e-03 -5.335981498191140482e-02 -1.063506258272070570e-01 4.360409341734917260e-02 -9.313906131394458776e-02 3.755926297907510869e-02 -1.004587879220485980e-01 -1.540920877495951524e-01 3.211079526784139243e-02
5.618214681877913008e-02 -2.971595750068579261e-02 1.971772271487314335e-02 2.278660937782308465e-02 -4.504513783411624728e-02 -2.862087985473938528e-02 4.357252262300504581e-02 -6.784902268682174720e-02 -9.978037156560207177e-02 7.385188067780751320e-02 7.048462817214711830e-03 -1.153673023957479393e-01
-7.197829989080956059e-02 2.133851277557026471e-02 8.397245484301610330e-02 -7.358828671171863123e-02 -7.736139758013928919e-03 9.851037411756503881e-03 1.056931929703850970e-01 2.972553501067038556e-02 -1.244129746168181755e-01 -1.486127991408293936e-02 9.912416626653414164e-02 -6.901533679763718898e-02
8.138566073156458525e-02 -1.150103681348536161e-01 -7.457401617574307973e-02 -2.244441605765915698e-02 7.154257740875542837e-02 -7.599083161521028029e-02 -4.354475515968612293e-02 -1.262784379359418452e-01 -1.617150704878212997e-01 -4.943675541403558249e-02 -1.928680390962954003e-02 5.783957438854518858e-03
-1.401241914939553856e-01 1.684131546542368130e-01 3.848305058830896880e-02 -8.532768055568101806e-02 -7.973801017486817355e-02 -5.068053397393698645e-02 -3.744013172616831447e-02 -2.245566114315553780e-02 2.301455827614232730e-01 1.153828934019246050e-01 1.080856737342494531e-02 -2.257617575408431970e-02
5.169285310981201059e-02 6.761498247401767810e-03 1.454496963676359111e-01 -1.314882654614037139e-01 -1.342128148403630705e-01 3.987089017645597394e-02 -1.142399690893873901e-02 -3.294969794873003205e-02 1.192376764069962986e-01 7.096865084378784286e-03 -1.399276555042126557e-01 -1.137251125868134760e-01
-1.075860776671490326e-01 5.309398645768294289e-02 -6.348979280515246182e-02 9.177178300033272951e-02 7.830503975762935498e-02 5.426319879809150815e-02 -6.778590105471657412e-02 -3.893835655978027110e-02 8.631255602747164857e-02 9.014307969546532517e-02 -4.527215660649117762e-02 -5.906464719753745651e-02
-7.888869702628023561e-02 -2.314192194373551614e-01 4.420588357482506392e-02 8.792013337480059088e-02 -1.277656291040982217e-02 5.429989541169596631e-03 -1.070615441411519597e-01 -1.156904065373052549e-02 9.709247865239420405e-02 -9.951710622119344651e-02 6.370724824603143932e-02 -8.832074202950038200e-02
3.763975053348409677e-02 -5.052167991335682756e-02 5.696406137857196184e-02 -6.413118605363696267e-02 -5.243037675459106400e-02 -1.783508482835255704e-01 8.005438807256149217e-03 -2.895860906588965458e-02 1.905172348500143720e-01 2.959998733436193519e-02 -4.402781960662772304e-02 6.400017324312748390e-02
1.030978134110748373e-01 -9.669836597309000581e-02 -4.683736620279835283e-02 1.497759622870893925e-01 -1.600078340205218774e-02 5.970970054134673230e-03 -2.978666759813993620e-02 -1.318802704317107756e-02 -3.410920210581697143e-02 3.547195358995408609e-02 -6.156639478084567629e-02 3.401879504981393521e-02
-5.149560438769332227e-02 3.582335703048632625e-03 9.730429486914465853e-02 1.322927848789453020e-01 -4.996028404661820299e-02 -7.072845085876539040e-02 8.796862825817887421e-02 4.817322474241741113e-03 -1.034519735312307842e-01 6.653631656772475422e-02 -4.479045784397161015e-03 1.196053380467449606e-01
-1.438339359775364645e-01 -2.887341982731223000e-02 -6.327226390126139410e-02 -1.630225445897283687e-01 4.372386566307415179e-02 -2.453723337791118841e-01 2.940441295920058831e-02 1.133939618329302401e-01 6.508344788353859212e-02 1.026086416355437986e-01 -3.714803561533694572e-03 -9.726067433849645838e-02
-6.145012276248599387e-02 5.881661584298622514e-02 3.957824320246054739e-02 -4.394736891106494799e-03 1.382435787892436485e-01 1.049320591004609393e-01 3.063945362060408253e-02 9.743909221011327892e-02 4.966951292924424305e-02 -2.920081535120082686e-02 2.011360223937976865e-01 8.451738119102616964e-02
1.760350118074803169e-02 -1.322379029482349255e-01 1.133254482587664203e-01 -1.690121716686805720e-02 4.229960627054019096e-02 1.382589341387547022e-01 -7.526760315864836071e-02 6.169693329206155791e-02 3.248295444380754071e-02 4.597776548332773751e-03 -1.376546854412676879e-01 6.020669829271554918e-02
5.807324667550992081e-02 9.191875498069934647e-03 4.704471582716270028e-02 -3.847930256255224779e-02 -3.327476631503546722e-02 1.336057587142129854e-01 2.059100544626704665e-02 -1.367601044858845691e-02 5.916566104007937865e-02 1.547764601103562287e-01 3.434620934887672172e-02 5.409192502921073009e-04
-1.236743957427469259e-01 -1.605324822093100456e-01 3.520056725842171663e-02 1.743747836121782302e-01 2.498523808632280296e-02 2.622491182548830624e-02 -6.495363209069314470e-02 -5.089196044639009153e-02 -1.107605920638997654e-01 -6.533892014901565570e-02 -3.559776471728097469e-02 -7.701738015819263594e-02
-1.235798462889775746e-02 -7.029859491114252845e-02 -6.041554700555854668e-02 5.457600221720119646e-03 -7.389890789069485100e-02 -9.769259942705631194e-03 3.247757586296597110e-02 1.305207192268906594e-02 -2.465202877029316897e-02 9.321697016378152623e-02 3.083046617129171774e-02 -8.429862243400899902e-02
-2.524234492077125774e-02 9.329489012583552787e-02 4.179205436687026542e-02 1.261421115510155330e-02 9.034078911262996558e-02 -1.293967885080879732e-01 -4.742901306938083344e-02 5.121239512698481239e-02 -1.051546072133010545e-01 -7.748653001977920396e-02 2.174555466901087822e-02 -5.892950377633877912e-02
5.174589753651916146e-02 9.141110730883611479e-02 -9.500762233258465417e-02 -9.070813315326756165e-02 -2.229730468305424554e-02 -5.079997809313333522e-03 -8.870970621389914768e-02 2.305220147327559366e-02 -1.113338156618495778e-01 2.534181068726780277e-03 -1.092159937637209206e-02 -4.307226202916950020e-02
2.477239926887016969e-02 -6.630870945803253591e-02 4.476774443830995598e-02 5.698245058932435714e-02 6.779088589941403842e-02 1.519905400185269685e-02 5.359421689681101442e-02 2.546917972637301186e-02 -5.475159672208204653e-02 1.798758016817085525e-02 7.577647061116414562e-02 1.359578738453790236e-01
-1.490786015491107896e-01 -8.875762989367559641e-02 -2.651459273880730702e-03 -9.260067474348487870e-02 -4.301670681899517901e-02 -5.035014693085385074e-02 -7.011550656610758547e-02 1.907277988475367114e-02 -6.541990550148332750e-02 -1.673382065627517911e-03 -1.419761874234710432e-02 1.040169603803158815e-01
-2.365206342612573565e-01 4.841679045594725339e-02 9.928502932805041703e-02 5.487278167613522661e-02 3.375314802161170219e-02 -6.767909730082014019e-02 -1.613094788533003462e-02 -2.041952044632029672e-02 3.340392685425350866e-02 8.735089879026809723e-02 -1.905965147170664981e-02 8.130453312667541843e-02
5.983439058454992354e-02 2.180011413777240004e-02 9.642771492148866086e-02 3.970440129082129788e-02 3.633343138468850958e-02 -4.642553106824771902e-02 -1.446137828922563484e-01 6.245014734301368095e-03 -7.475867699094065899e-02 -4.241826104052846130e-02 7.581575995117767475e-02 1.099541624911970633e-01
-6.297520708125696476e-02 1.257678174634070389e-01 6.057193721334953179e-02 2.100056473708175608e-02 -8.315685262586712534e-02 4.784551716666324284e-02 2.987697002929538131e-02 -1.075946292872846134e-02 3.237592705919123404e-02 3.883062046249463606e-02 1.185842414732016376e-01 1.454535911240646684e-01
