1.286446087487196632e-01 -4.902649054004473012e-02 3.708271621162288756e-02 -5.109523164342259088e-02 -1.486679272058542833e-01 -6.129172370662480662e-02 -1.497034467479822946e-02 -4.861043400572412701e-03 -4.905219074640575216e-02 -1.172711190661438266e-02 6.531164339663067531e-02 1.460948008209928817e-01
1.398409549052777034e-01 -1.564258083131294108e-01 -7.470289673416671827e-02 2.172151130724250812e-02 -3.765599153305763253e-02 -1.120138830711260754e-02 1.954914596179187503e-01 1.011442478917026627e-01 8.124201161224879619e-02 -2.752882900646593661e-02 1.209836154525548574e-01 1.817291255637784944e-02
-2.811784032351537926e-02 -8.450268765512095048e-02 -9.569773134306544526e-02 2.836425138426732634e-02 -1.544516100311681128e-01 -1.222903057514988373e-01 4.942659953658559702e-02 -3.712456115287804392e-02 1.336509109534827489e-01 -5.903609433229798503e-02 -5.552687065695480900e-02 -9.519657577794576886e-02
-6.784639114321713849e-03 -1.634528426245169253e-01 -8.859053714067174901e-02 -8.913568107227867743e-02 -1.050664942234993959e-01 -3.390279134882884238e-02 8.959860161634657094e-02 1.779321641165794998e-01 7.047505166299956880e-02 4.877234299628394054e-02 7.049233494894019403e-02 -8.258358345586655491e-02
5.646303683108596511e-02 4.118466082030158154e-03 2.404321985652984467e-02 -9.273372873018165263e-02 -3.117108233441696213e-02 -1.996597049857235517e-01 8.143152558321486989e-02 3.806112413610454603e-02 -8.596804309882839779e-02 9.894552796827638108e-02 -4.741380985955787747e-02 -2.812374271434934722e-02
5.768077175859630951e-02 -1.082047152229336229e-01 -2.063946294121603992e-02 -5.574431727603752079e-02 -1.508390201796583063e-01 -1.382129698676253828e-02 2.069646704945883250e-02 -1.151129878592726113e-01 -1.796624952697384314e-02 5.235339548235692919e-02 5.573012756750773261e-02 6.732839294272843778e-02
-7.794035938216033188e-02 -1.803277756185888703e-01 -1.308825182513048135e-01 1.408798675440493288e-02 -9.909626498268345185e-02 6.032417039531212666e-02 -6.600534432884564047e-03 -2.023382473611045132e-02 3.340452202686933214e-02 1.489445577622151851e-01 2.047032300838613483e-01 -1.276350355258939195e-01
-9.569132710353471516e-02 -1.576463617875345502e-01 -6.672605856594011897e-02 1.180762585108397211e-01 -1.974436341791554750e-01 -4.279549791150817628e-02 4.705095313490485764e-02 1.829768326515287258e-01 3.235528151835404681e-02 -3.692138699508635408e-02 4.697872371168313604e-02 -4.446748624804030409e-02
9.245574555011008833e-02 1.045987063572954012e-01 3.968960417275410948e-03 1.593637028463698591e-02 -4.375678577703902977e-02 -5.931444947524090738e-02 1.513722131652127656e-01 5.787192185259621563e-02 -3.123862190682086953e-02 -5.961382421940439498e-03 7.404328841367832648e-02 4.509972485477038023e-02
-9.032819495571310642e-02 -2.598159207229417192e-02 -8.205732470302340431e-02 -2.165514833630999281e-01 -7.288077899107703317e-02 -5.275796147617010934e-02 -1.960671964161424599e-02 -1.541451454953049749e-01 5.536511566526793743e-02 1.013148007533044501e-02 -4.781431279111757887e-02 -9.640652236303712264e-02
-8.723591652351121717e-02 -1.561995953732071563e-01 4.747304443898810178e-02 -1.489119670427621611e-01 -6.166694860718632126e-02 9.689757103961256501e-02 1.822002443575362896e-01 -5.030907998871304854e-02 -5.430669305725657758e-02 -1.007430596972444387e-01 1.518532890939855162e-01 3.811734502151789116e-03
-2.309469278223931776e-01 -8.186674212013900220e-02 -9.334489697967525423e-03 -9.485392370494219461e-02 -4.627510608340888038e-02 1.245718692662013162e-02 7.174506705589327182e-02 4.065641472388251132e-02 7.428760913250978537e-02 7.640250795369714354e-02 6.696014207145623010e-02 -6.284077100290288986e-02
-1.289858343222550496e-01 -3.894080251030817424e-02 -6.390733409122364983e-02 -1.337798630568780463e-02 -2.396642714867748547e-02 -1.524542677582727760e-04 -1.050647659532494803e-02 -3.646050354244268626e-02 -1.596810987782276703e-02 3.427788547752845527e-02 9.968102101431518258e-02 1.237171104363820606e-01
1.120298255499401346e-01 5.091687243756942011e-02 -7.452429297719848078e-02 -1.252378635090557572e-02 -9.222364573699162738e-02 6.865669560569477581e-02 8.946841533851314365e-02 -1.522612132562321807e-01 -1.438378699598324428e-01 -4.274110975499511439e-02 1.455608091335433563e-01 -4.645761225810748213e-02
6.199606602183239251e-02 -8.428783838778677873e-02 -1.646651173032012000e-02 -1.565540125637340241e-01 -7.615854962919232918e-02 1.577976329260832034e-01 -1.375843294032598647e-02 -6.136155564497336456e-02 -5.671903627501521071e-03 -4.539296392838585575e-02 3.924238131136347646e-02 2.862486164444050588e-02
8.469392487288586457e-02 -8.844590618108494340e-02 -1.107532744311383877e-01 -4.283714906967028141e-02 -6.254785187749267727e-02 -7.310441866186830062e-02 -1.503466680305480356e-02 -2.383701848717692875e-02 7.547039725799002674e-02 2.528824700464903791e-02 2.060887501987052894e-01 -2.370786366018069313e-03
8.580022420537155095e-03 1.668942893068252678e-02 3.036878062464650613e-02 -3.809297346756056885e-02 2.003935946744207774e-02 -1.105420633824667903e-01 1.779897724300097961e-01 -3.587589670350754129e-02 -2.065146814866158920e-02 4.748845597090445986e-02 8.333784571156828413e-02 -5.287652188387789026e-02
8.624949404914440676e-02 9.385376777359380474e-02 -8.931554038951222685e-02 -2.330066006118610145e-01 -1.128381131746569732e-01 -8.578289009024043024e-03 1.159813344602026314e-01 -4.413367838935962351e-02 3.890249101278159954e-02 -2.151106930872092454e-02 3.109074704013773532e-02 1.927309080887051052e-01
-3.160134470178768001e-02 -1.873660839522149901e-01 -9.711730265903030512e-03 -1.131443666328988407e-01 -1.528735035592184988e-01 1.282564337800333465e-01 -1.187265274214153836e-02 9.246259963816071820e-03 -6.693221189218619138e-02 1.754618193455307479e-02 2.255324044154200791e-01 3.118126132103998110e-02
-1.698188882071195449e-01 3.388317596763292666e-02 -6.164982373509250019e-02 -1.557425674737354139e-02 -4.118695396584832330e-02 -9.067191005099765888e-02 1.519011998460133572e-01 1.323795539515901405e-02 1.777634083163096568e-01 3.065957257165930969e-02 2.344973513869418047e-02 2.058856481002164507e-01
2.625722490454685670e-02 -9.450844027610136311e-02 2.672928654387063396e-02 -1.397874736796252959e-01 -1.460602664897529268e-01 -4.174314463138951992e-02 2.468340442096683685e-01 2.207072725459963483e-02 -8.129708246654730741e-03 2.036681259185040005e-02 9.699794636338728016e-02 6.071038912191440394e-03
-4.403158516916886450e-02 1.321585856981652950e-02 -2.116372342785267230e-02 -6.824294058616289793e-02 -7.621376927054931971e-02 5.129558623624255742e-02 7.148525958234815125e-02 -8.677627658139318301e-02 -1.070795970210904708e-03 -1.291813582885136258e-01 6.785650007373988934e-02 1.021099719395296146e-01
1.340200565823806977e-01 -1.863604064257201043e-01 6.545944507156295500e-02 -5.855189070034220837e-03 -2.235954104080742078e-01 -1.827952759207336630e-01 2.615516068154410956e-01 8.478185254317967268e-02 1.122920480712826657e-01 6.615014882769282289e-02 -2.155050232412630135e-02 1.644086498992703149e-01
7.104637322721428505e-02 -1.558496107750336757e-01 -1.724373495291275926e-01 4.798097927029524624e-03 -4.254885974687499031e-03 -1.210910512078295226e-01 1.560086023012328127e-01 -2.229410265899854290e-02 -1.009943200324098234e-01 -1.124792997112271792e-01 9.858292087882887522e-02 2.546348164469425593e-02
1.369062169760925651e-01 -8.911510602208869147e-02 9.317762819418196757e-03 -1.774693516508116797e-01 -3.847692702272698800e-02 -8.111102047500871881e-02 -3.922111139925257839e-02 -9.400582495165417385e-02 1.729168135701141668e-02 5.305816760694356815e-02 -3.948961362753645662e-03 -1.431243699455929941e-01
1.130112663931440581e-01 -1.295460177118607503e-01 1.591810497201168184e-02 -9.691573035830303162e-02 -3.114474896691450945e-01 -1.014810938719924588e-01 1.114564727789269932e-01 -2.035886717091543174e-01 1.784019171328219411e-01 2.403898885360346016e-01 2.573761034875699481e-03 -1.913405327656121820e-03
-5.338186334916609349e-02 -1.199410407194101691e-01 3.531243581595339479e-03 -2.865458784120107627e-02 8.799534309743073379e-02 -8.680320493481498423e-02 9.151717965398002697e-02 -9.151632697860005716e-02 1.193963768090421790e-01 8.654994101042197407e-02 7.961695056968785822e-02 -1.156462758335272678e-01
3.175922769359602882e-02 -1.806409805927415221e-02 -5.679190838426713406e-02 1.018450831053707428e-01 -3.397477968443588653e-02 -1.943748358960414313e-01 2.278138887415157021e-01 -8.614533252278201714e-02 1.923179674400044559e-01 -1.117102238101782066e-02 7.418745292312359241e-02 1.061023118737360743e-02
-4.068969479250233306e-02 -9.325965912723527262e-02 1.451828261973158590e-02 -1.322761320326307777e-01 -1.093517891904466632e-01 3.583261397709112950e-02 6.357085764829409347e-02 -1.324108583843083553e-01 -1.104543276039691851e-01 -4.220813977089175190e-02 2.609412201585011026e-02 -6.106584825416617839e-03
-1.702480761329057679e-01 -1.906710311260965685e-01 -1.182724200309794582e-01 -1.958301630361478085e-01 -7.302626636416151285e-02 -1.961136472742704695e-01 7.966674870230097683e-02 3.147571233328833040e-02 7.740412248760394909e-02 8.794792048302847720e-02 1.395634056107899479e-01 5.758617564855286058e-02
7.996508522695740251e-02 -1.825276824133429954e-01 7.792209255176762994e-02 2.017394365249431006e-03 -1.492063733706195661e-01 -1.866736147145804936e-01 -6.515374480276318880e-02 -2.106151558525553788e-02 -9.957175202256642044e-02 9.472132357987148032e-03 9.916538059098829738e-02 6.091936622894547626e-02
-1.292302731421526574e-01 -6.573731232956943338e-02 -1.648065797120073367e-02 -8.028562866595570849e-03 -1.139580955613892221e-01 -6.822901983922076419e-02 1.225376417311003635e-01 -6.732464925777424669e-02 1.074914910980556831e-01 7.598320643068061375e-02 1.096597426608709042e-01 9.137143133282299434e-02
1.839319819264087497e-02 7.883599805899749180e-02 -7.949194082561508723e-02 -8.297808107731358129e-02 -1.524945242285296321e-01 -4.356158560665543411e-02 9.634052145379583265e-02 1.612842080081242913e-01 -4.786991907498396037e-02 4.070212001759677262e-02 5.925847934651611720e-02 1.133398190188371901e-01
-2.209474008743522178e-01 -1.956348967059224134e-02 -1.188947979090339280e-01 -5.179066371107437367e-02 -1.667144758964718421e-01 -4.862841876775923777e-02 4.548749168794730124e-02 4.522904969754680538e-02 7.773539764870938951e-02 5.563527224068626209e-02 1.228864785449617671e-02 1.723211797706597770e-01
-2.419842489491368098e-02 -1.643685724546650739e-01 -2.998321376063810551e-01 7.729192873397242036e-02 -1.169311431770621856e-01 -2.505168495142387139e-02 -1.419080475359695837e-01 4.485111376241306125e-02 -6.090346799945031697e-02 -2.625351770534370965e-01 7.948284181088191222e-03 1.085820473123436103e-01
2.721891190011517803e-01 -2.098087663861748497e-01 1.777907910864958141e-01 9.541646361288255371e-03 -3.867352212456914157e-02 -9.632593321418629617e-02 3.928357023756778865e-01 4.171269064864764620e-02 -1.247016119291137898e-01 -1.235205853803314838e-02 -4.827959970866791545e-02 9.429871396024788743e-02
-1.064251049351078587e-01 -1.344256377126333835e-01 -8.714381237738372254e-02 7.672915823694376192e-02 4.392529279114901902e-02 -3.602335011820147204e-02 -1.061619206676805843e-01 2.565036988516767799e-02 1.847675115657258782e-02 -3.852881880254230978e-02 8.667728398946862589e-02 2.314686913975734159e-02
-3.788967042910510504e-03 -9.491277613378623634e-02 -7.600521745362649045e-03 -2.344874687380470862e-02 -2.582022937691971776e-02 5.072971029884978944e-02 2.108831098915570634e-01 -1.376434253885574222e-01 9.506504107365759335e-03 -1.909010935294117722e-02 1.011709395640789239e-01 4.869898018971156178e-02
2.052761924365830576e-02 -6.622119791868050220e-02 1.285306515699880525e-01 -9.553492720616840739e-02 -1.678286780849633508e-01 -9.529350481313091092e-02 1.033228247273174256e-02 -4.607548867648361690e-02 -1.051855988703921246e-01 -7.003574884416938207e-02 7.084632813226923731e-02 6.576183730386897519e-02
5.804998946914214503e-02 -6.166438241062000697e-02 1.711353143818882816e-01 -1.684831082928132662e-01 -1.692261113947376161e-01 3.168882128449913849e-02 5.650682515051465293e-02 -3.968103292183947084e-02 -2.370469791881192612e-02 -7.283084663873995446e-02 4.280210860915271281e-02 -9.093152668392789906e-02
-1.913245481080697030e-01 -1.494663751215056235e-01 -1.134414482538840044e-02 1.319131460916887488e-01 -1.892944547898424423e-01 3.306208178320897695e-02 -2.895945148954685508e-02 -7.853727118667667983e-02 2.725861905842482114e-01 1.031489101111815465e-01 -2.479053364415417793e-02 -1.480620978085640249e-01
7.964352439409254358e-02 -3.606657550931738898e-01 2.383903163726240892e-01 5.262104378177260428e-02 -1.521858208801992463e-01 -1.573206770421267109e-01 1.050163252460980107e-01 -1.898530922805637677e-01 5.964186114587462229e-02 -1.869661797061103210e-03 2.322329262607497891e-01 4.051354441380156796e-02
8.719182456611694609e-02 1.867649876984868169e-04 -8.343240457037867652e-02 2.759265120563066803e-02 4.363782129344630917e-02 1.108541650468521621e-02 1.169772324573323391e-01 -1.351397877039996753e-01 -4.356714629056722410e-02 5.825167377333082680e-02 -1.299248448401838125e-02 -8.052119655506704415e-03
-1.220335734436987091e-01 6.840427582263158834e-02 3.063994042733451245e-02 -9.504577071495251550e-02 6.401684015488368074e-02 -1.056685405652662973e-01 1.795815740880005174e-01 -5.215517789575559171e-02 -3.540436531736396164e-02 -6.215236481034888856e-03 4.498224235807931487e-02 1.755813106459146733e-01
1.203652769751390600e-01 -7.697295630857070581e-02 -1.276491088301832666e-01 1.679363164277599459e-03 -5.891914828757286587e-03 6.165814907022383606e-02 8.522543919541276936e-02 -2.527781976986187007e-01 -1.579533983726602933e-03 3.471902933873797364e-02 1.135096971539806404e-01 -3.372713173012873832e-03
-1.014847658740841568e-01 -3.098106790450066636e-02 -5.095899066970317748e-02 -6.130720259975479952e-02 -2.069090104360179205e-01 -1.577373503053183246e-01 -9.858404100845898077e-02 -1.368473828538136761e-01 -3.987859609386561199e-02 -6.435232798055423586e-02 5.163408442700662820e-02 -2.287133168773122435e-02
3.769621051354151570e-02 -2.201909637222593807e-01 -7.535054112598948972e-02 -9.645521417503322148e-02 -6.836535846831345853e-02 -7.343942143904992094e-03 1.784889633838460665e-01 5.059694923373245223e-02 1.461183083540068817e-01 -6.627054313796859608e-02 4.628929459449863948e-03 2.436504287014648953e-02
-4.236145708823723516e-02 2.904057398300273832e-02 7.798931400692760141e-02 -8.272745978135354061e-02 -4.785235842439360815e-02 1.762587893625739907e-02 2.431484911931016193e-02 9.703242326256375158e-03 1.641404132056982490e-02 -1.963900003629615726e-02 1.157607510893886998e-01 -1.349973824543007975e-02
1.129961900933207780e-01 -1.065959565384449192e-01 1.505056771606522875e-02 -1.710135552416722909e-02 -2.330944042611836353e-01 6.300797638266802947e-02 2.968625540963283349e-01 1.473023686969117049e-02 8.174102099703506666e-03 7.828925701475622501e-02 2.376915428847932998e-01 1.313012964410376331e-03
2.412870985661959011e-01 -4.107337059725720829e-01 -4.207854541881074495e-02 -2.041657068576634426e-01 -2.047753178874144597e-01 -1.354737899304143123e-01 2.972736472409210143e-02 -2.454613913575230122e-01 3.732074862467673060e-01 -3.212329544762901889e-01 7.433302809689583401e-02 3.511336554381241926e-01
-1.465303093975588999e-01 7.455212012009285183e-02 1.956086162891180757e-01 -6.084050937720926651e-03 -9.765343140968077429e-02 7.797907791102802466e-02 1.079039944847382110e-01 1.315900788480927341e-01 -1.089935071913955694e-01 1.620542161586858154e-01 2.854674387298463678e-01 -1.562610071207604437e-02
6.152861573861175687e-02 -8.821293783715919434e-02 7.419934965618352196e-02 -8.413367140212882692e-03 -1.566480662402773560e-01 2.812986340376055425e-02 1.097400116850250941e-02 -1.497650043682245691e-01 2.495114782066073372e-02 9.726583306668903917e-02 6.910225674228101522e-02 -1.520630915615417134e-01
-1.020240957175880397e-01 4.971872046243582671e-02 -5.490143885264948953e-02 3.321137134018727760e-02 -2.532589378215902021e-01 -2.901743400031559297e-02 7.245982372401081617e-02 -1.965488098062261393e-02 2.383136295108750913e-02 -1.167538431195287024e-01 3.913104521912379868e-02 1.416299237585153248e-01
-5.680792244020003295e-02 -1.380307585025453143e-01 -3.294895184198600585e-02 -2.046946006976795886e-03 -1.210799865805792241e-02 -1.467636478787697762e-01 1.264704093404299401e-01 -8.240087101682645743e-02 4.398672727974099576e-03 -4.406185490343208361e-02 1.576043954366069047e-02 6.743861567772940768e-02
-7.868473057885423672e-02 -1.879825027379129487e-01 -1.174790760886465155e-03 -1.287217142367676481e-01 -1.238574851170942959e-01 -2.791024700419747831e-02 1.739643641824908382e-01 -1.324131540346850933e-01 2.959481230137512436e-02 -1.156931794530039886e-01 5.878651837018730036e-02 1.035629294870549916e-02
-1.865962675497284673e-01 2.665372047843049194e-02 2.059124898790914981e-02 -1.078278445373496153e-01 -2.384874090173927097e-01 3.822455785970882772e-03 6.209337316353580327e-02 -6.986943170918251400e-02 5.269829223592138040e-02 -5.132514820640083492e-02 -1.148596262509107672e-02 6.493622902209368088e-03
-1.285502990071795970e-01 -2.531487101372171256e-01 -1.412599548006730765e-02 -2.313242794547205050e-01 -1.541033269021397645e-01 2.563444236147264729e-03 1.483813126466133614e-01 6.508227657381217279e-02 1.338449743637677436e-01 -4.354501466524510894e-02 3.064071710193069786e-02 -7.219723986381863280e-03
-8.020588881917274648e-02 -1.443880833329187485e-01 2.399877397768520292e-03 -5.521252137740025739e-02 -2.339534523626506102e-01 -7.556628971485561397e-02 -6.047493653324404611e-02 -6.810411216820216884e-02 -6.336106196577516447e-02 2.541834567608794448e-02 1.019076293647361992e-01 6.864411775142301164e-02
3.690731100930063485e-02 -1.228926619518605490e-01 -1.925338889913615348e-01 1.005927558183381809e-01 -1.207938402962374647e-01 -1.041386057616460054e-01 1.147174005958992021e-01 -1.292028668311173967e-01 -8.785852071937062455e-03 8.350774267246467708e-02 1.392823915515714328e-01 -4.182961179071342621e-03
6.589718750229098254e-02 -2.360707161210949187e-02 -2.784904208527246849e-01 -1.415645433748339288e-01 -1.301946883398580057e-01 -9.432128632312887506e-02 1.019132134387988470e-01 -1.268529986987492475e-01 -6.794855476515897219e-02 -6.850859870307535182e-02 3.991443268821516163e-03 9.080416487956663452e-02
-3.923577676348188187e-02 -8.751404376078003589e-02 1.235658474371568449e-01 -1.222035302308609357e-03 -1.924014006928139453e-01 -4.286121894716447833e-02 1.988044959712645388e-01 1.197157244329718900e-01 6.216275032866198751e-03 8.443925253426819155e-02 1.736797242234293936e-01 5.430607866396496702e-02
8.025452786590882293e-02 -4.078168127193102649e-02 4.649385898832510133e-02 -5.892254995222366738e-03 3.573686908306026450e-02 -9.940035954213564950e-02 1.972287057567802607e-02 -3.351606567444977841e-02 -9.900961920573003727e-02 2.619025676817334641e-02 1.035653107667776768e-01 1.516379662840541542e-01
3.355566502732363482e-02 1.143099445089219568e-01 1.149107562026289997e-01 -2.146204223550676193e-01 -4.491371429626929701e-01 -1.799575606024135799e-01 4.500892613856184443e-01 1.845684320445591109e-01 -2.901520062384996268e-02 1.235339111019475578e-01 1.795469298475816655e-01 4.353034223962345267e-02
1.120026502573823607e-01 -1.662287700202306692e-02 -3.858664588954935359e-02 -2.486740043750292894e-01 -1.537275158184965018e-01 -8.198012934056026282e-03 1.847920915932498853e-01 -1.192375701391471948e-01 5.321964945965782477e-03 6.839107519247764229e-03 1.760099811353395827e-01 2.659126035962723969e-02
-7.800947038989229643e-02 -1.333261469844281288e-01 -1.499772052578963177e-01 3.582660764654844315e-02 -5.914926791427702751e-02 -1.270735319653867323e-01 5.676972475974172150e-02 -9.355927515249062160e-03 9.435279236193376551e-02 -7.797868153659506807e-02 2.157222169588133565e-01 9.602746235513850981e-02
-2.003460829397690213e-01 -2.724264302589194178e-02 2.079088423766819582e-03 -8.057708133881560930e-02 -1.244192753657706041e-01 -1.473204491993329035e-01 1.511057009489483738e-01 -1.035591049047187157e-01 8.211452541426081386e-02 1.425433570918825943e-01 9.616081251594883750e-02 -6.239694573338194078e-02
9.554956347227659685e-02 -8.567563320376586633e-02 1.164195127277135866e-01 2.545115601388966975e-02 -4.842240240904054777e-02 -1.935667047616174974e-01 -9.799658192070818952e-02 7.228070638169438455e-02 1.159585671694364634e-01 1.486922006274623564e-01 6.824529766631863559e-02 2.191307669488101462e-01
-1.625611477161773011e-01 5.495176162816337723e-02 5.712136071946034670e-03 -6.059583218213638461e-02 1.246000653702209054e-01 1.706583995643420155e-03 9.700370099298021020e-02 1.334324322231295878e-01 7.062918919387269068e-02 -2.893357486789112365e-02 1.066850222097822237e-01 2.048564127057525830e-01
-1.790455296077793079e-01 -6.161205506425824346e-02 -5.977853894981287330e-02 -1.462417062291943570e-01 -2.165817137791906377e-01 -3.920102268463458717e-02 2.583626887281497697e-01 2.746307479633735768e-02 -1.047598660437345647e-01 6.352234351989066719e-02 1.327126836148654343e-01 1.686518680113474888e-01
-7.939433765261684484e-02 -1.115228663250865393e-01 7.993978678951196848e-02 8.461885463108301253e-02 4.329080762656830478e-02 -1.754018686120134285e-01 8.424827735319072308e-02 1.605077052837055110e-02 1.463331765272229967e-01 8.827405699794894922e-02 6.101190636163112552e-02 2.777719083989660040e-02
-1.224479114799992968e-01 2.040326052696441253e-02 -2.061742145239506968e-02 -7.669532552774221967e-02 -4.316339809130196464e-02 -7.406438217239545707e-02 8.486361544579677785e-02 3.131117427758933758e-02 3.540563996137045810e-02 1.592201510817362053e-01 6.174177097303639589e-02 1.220408081920849874e-01
-9.169030615003080642e-02 -2.401022060787678658e-01 -1.430559190245309642e-01 -1.317947809130199342e-02 -9.091960795881082191e-02 -6.254219766786656143e-02 1.298009055359947705e-01 4.630841977474441096e-02 -3.330820645103013677e-02 3.223384514527086186e-02 1.966011282028982954e-01 -2.165546435809089776e-05
2.250438333635685489e-02 8.972428144992969368e-02 -7.890149103908011829e-02 -1.362326144002589667e-01 -2.538430214025296228e-01 -1.412868938955002228e-02 9.230505249431493475e-02 -1.365128511090109853e-01 1.101939104601040581e-01 1.083091098891432735e-01 7.667215055935150403e-02 1.273551265234508165e-02
-4.397204566029807443e-02 1.823878001607033839e-01 3.704655088378581984e-02 -9.915597665008206441e-04 -1.087746889169076414e-01 -5.337301232471185208e-02 2.597928374177794208e-01 2.086008988934866162e-03 -7.064611849197610823e-03 -4.129100569138936631e-03 4.344170636261001500e-02 -4.376496429268835614e-02
3.280027168632110995e-02 -1.818222385874218236e-02 -1.092013387299254346e-01 -5.123658480857722769e-02 -1.102416878311940074e-01 -9.520469501868235318e-02 1.416434505082805329e-01 3.233545974919618555e-03 9.428578854424599087e-02 -1.163679038980616059e-02 -2.024994019362702513e-02 -1.269907750006584179e-01
-8.031683536308369120e-02 3.341835867899347473e-02 6.705112801865537042e-02 -8.447947103747935338e-02 -1.427047839098339044e-01 -8.381404597261866984e-02 3.453643393785671423e-02 -6.436538703412507390e-02 -3.822792619692799709e-02 -1.083563283186328302e-01 1.027459575326668088e-02 1.766063651069967391e-02
1.265380576846625998e-02 6.107416220720528893e-02 -5.007256589210891395e-02 -3.318923642784690070e-02 -3.816303315585958117e-02 -1.289460228105661181e-02 2.348079742015816151e-01 1.205312534324132732e-02 -2.868534412305226433e-02 1.047359480060615911e-01 1.986853034165936005e-01 -1.149543972718470586e-01
-5.091861777479709389e-02 -7.052262081657097864e-03 6.641529526450767884e-02 -7.263025158313834995e-02 -2.517789846955665461e-02 -1.079883339222246635e-01 1.316027387244000750e-02 1.967888016172855345e-02 1.279415132705598035e-01 9.412210876747931221e-02 -3.607957564764829178e-02 3.027970939770432621e-02
1.048889936768564318e-01 -7.890503968262224666e-02 3.738534519936925760e-02 -2.937518369867053031e-02 -1.551579658624723523e-01 -6.471196378310924147e-02 8.792563100633916939e-02 -1.325954673230457515e-01 -2.653472560783826789e-02 -3.826700349267523477e-02 3.137804495034558078e-02 8.125389125223886344e-02
1.306549532128863378e-01 -3.968800483069046675e-02 -4.047698915869067660e-02 -1.182637898259166764e-01 -2.240908474375223614e-01 6.667850772816786599e-03 3.666214934758863508e-01 -3.824750014794282837e-02 8.661592466541487290e-02 -5.328366856488498532e-02 -3.337466929064423354e-02 -6.325930966982791503e-02
-1.070299300658929670e-01 -5.828933242186882385e-02 3.850503342230758574e-02 -8.606713922184247578e-02 -1.214881184055205676e-01 -6.141177557100997719e-02 9.955302791318039468e-02 2.183981810488439326e-02 -1.203223920334389324e-01 -4.148292949007554437e-02 2.645882899655982445e-01 5.138255433811581702e-02
-7.352851205740752738e-02 -3.917131382306674597e-02 -1.088450230243637462e-01 -1.324474237391860543e-01 -1.434534821109260394e-01 2.881360728600642143e-02 -5.740603393691252887e-02 9.831212544976479506e-02 8.118424946502241987e-03 -1.439334560723175629e-02 3.028045369601192749e-02 1.582869282649399245e-01
-7.605178132879635011e-02 -6.238437663356188184e-02 -1.690664588945806068e-01 7.071661400849037042e-03 -1.417041373970060747e-01 -1.243836781028158540e-02 1.825792642746082786e-02 7.075746913492077239e-02 -7.891744640774810138e-02 -3.399943297862503822e-02 1.530136277851175224e-02 6.439793172840999058e-02
-1.453433261930281217e+00 2.892313424389232335e-01 -3.114811184365647717e-02 -2.826407349185696694e-01 -3.530796400160936543e-01 -2.346804154559535283e-01 1.067580002655905913e+00 6.370037429793558026e-01 -5.668163456534541789e-02 5.979874023800737515e-01 2.250490668054618004e-01 -3.775186610773170748e-01
2.137378546396240808e-01 -5.809817649645750495e-03 -9.475860906049726794e-04 -2.874239403109798974e-02 -6.828925205585462122e-02 -4.222963513662938984e-02 -4.060595248001974689e-01 -3.545599400589732886e-01 -1.410635944625297511e-01 -2.044743604468230447e-01 -2.770869709058689789e-01 5.027111567121943930e-02
2.293990403170160786e-01 -2.379552651590942092e-01 -6.930990258390937186e-02 1.744234147647789612e-01 2.363982987239884870e-02 1.312127662560985120e-01 -5.031490786867369724e-01 5.945839822580237938e-02 -5.242509039609465245e-03 -8.739450703226386841e-02 1.044679412661800449e-01 1.674483813104671037e-01
3.444634856830993130e-01 -1.106569423138351604e-01 -7.716477543852592880e-02 -1.174628149088557116e-01 -3.994790394667319805e-02 -1.060953835829985675e-01 -4.435847870386684377e-01 -2.243339481587485473e-01 9.985818296083480428e-02 -2.185337126306016176e-01 1.307508491963285391e-01 9.605925417008642775e-02
3.212103941107778415e-01 -1.159043269392849573e-01 -5.893071468121031942e-02 -2.451270538735443594e-03 2.449063050756587756e-02 -6.866355502085601248e-02 -3.548846187422569631e-01 -2.975034433031535919e-01 -2.613414254186930546e-02 5.412775831197096273e-03 4.571813242905651414e-02 2.125878915904996502e-01
1.133831221008146407e-02 -1.194590969852598605e-01 -1.408865309056439932e-02 -6.237087686328975089e-02 -2.343856711105904433e-02 -2.493977414853364161e-01 -2.179016255787898440e-02 -4.794163450722763176e-02 -7.106368158934549262e-02 -1.753031066873093902e-02 1.456403994245475952e-01 1.222174667634209986e-03
-1.311283889365584543e-02 1.561985911912988634e-01 1.504432142454323884e-01 -1.345158655615147913e-01 -1.835401410974148162e-01 -8.084547556638911614e-02 4.794238356384250554e-02 7.293772090509438588e-02 2.810559484223423277e-01 1.761082945817566969e-01 5.869586843498097312e-02 -8.713274754214656026e-02
-9.123005575105916018e-03 -3.310302394882862903e-02 -5.756301700763166718e-02 -2.947537789323467772e-01 -1.853548672209016923e-01 2.536393348811420353e-02 7.363595309659520805e-02 -2.365040406151706562e-02 1.799028144265611973e-01 7.014539789900059441e-02 8.119866182768027685e-02 5.764667674936565372e-02
-8.880422711389478196e-02 7.857040513681345928e-02 -1.353926176462936226e-01 -1.217917071810499796e-01 -1.539420156745156254e-01 1.548121043951834579e-02 1.095203850157264042e-01 4.587864518490128440e-02 5.358302134118318738e-02 7.386643607854230520e-02 1.287653616406969348e-01 -5.422255591152023123e-03
-7.627868194784460931e-02 -2.751179303771058571e-01 -1.476274792553151083e-01 -2.952248608048028133e-01 -8.603361213478591396e-02 6.721076975940835918e-02 2.739429510508916699e-01 -3.662549924712937138e-02 3.198024822438176318e-01 8.523082221320055218e-02 5.922397392180371867e-01 1.041365189156887860e-01
-5.802947063217134965e-02 2.237057160608005302e-01 3.982345918843209487e-02 1.683302068366879789e-01 2.685046492991512990e-01 5.981698440302369441e-02 -1.435778559384967012e-01 2.595534222076715386e-02 -1.146929401639263935e-01 -6.351390654338777420e-02 -1.839212679738343181e-01 -1.965468179739253418e-01
