1.707693573135273257e-01 -6.526213581481526971e-01 -1.376185304946101473e+00 -5.558341966113530264e-01
-1.043495619536864094e+00 -7.298903162648001652e-01 8.497618559561208318e-02 8.479100224055812207e-01
1.090985117520998804e+00 1.805930703096630952e+00 -2.023515931618899089e+00 -1.193481679718640276e+00
-2.552116052240009481e+00 -4.455230047812777650e-01 -1.214209250126897066e+00 -1.586743070553112478e+00
1.135699543543706058e+00 3.275703144537485123e+00 1.378216266125197764e+00 6.444315595924615669e-01
-3.870975239536492696e-01 -1.945048120233266453e-01 -1.115813731124654762e+00 -4.779811308369457112e-01
6.360422088556013653e-01 1.875205424901463802e-01 4.324166829234264986e-01 1.073989979751509782e+00
2.484598297875795225e+00 1.197368647706769540e+00 1.893959779809890609e+00 3.029641138004239842e+00
1.370762422769777611e-01 2.744363004819444729e+00 2.131742527397658016e+00 1.546340198711658731e+00
3.158999628144411265e+00 1.070469873262203109e+00 1.501915416345997789e+00 2.232758890888513648e+00
1.774792477529157253e+00 -3.932736467830423750e-03 8.056029674836577836e-01 3.679348900584537563e-01
1.344541453713955503e+00 1.747251088866675905e+00 1.584630314663982187e+00 2.934140546439941044e+00
-6.641067483826237350e-01 -1.991786376015721061e+00 -2.614996515504111052e-01 -6.287456275396466343e-02
3.845255898643745729e-01 2.578911347797127718e+00 -1.068597652227651629e-01 -1.422286595313610347e+00
-1.050568958376193462e+00 -2.428807215474110048e+00 -1.251155886407113060e+00 -2.323796785591428105e+00
1.566661314711577990e+00 1.073729328434968266e+00 3.818125875903625177e-01 1.077168982468479141e+00
-4.623961734179670158e-01 -2.549555780576168829e+00 -1.341783729140509696e+00 -1.109004147276076546e+00
2.537574753844801911e+00 2.663993243952316625e+00 1.191002041957499147e+00 2.063572782715937137e+00
1.108264699536063214e+00 1.895738428913205986e+00 4.893052584734550181e-01 -7.672656983091097338e-01
-2.572749511039886805e+00 -4.047793118079814789e+00 -9.798457112936667830e-04 -1.563595258861151027e+00
1.580876928269991710e+00 9.207400926422987242e-01 1.116557504177903670e+00 1.984699187540166498e+00
-1.419382261534278822e+00 -2.442966919328138697e+00 -1.748461778982988601e+00 -2.250755721657609953e+00
-2.217510796568825437e+00 -9.586603570420741960e-01 -4.071649450655073221e-01 1.600818979237665363e-01
1.795285395096713366e+00 7.364390646948468788e-01 1.637182732542233898e+00 2.234131501673140008e+00
-1.411473583133564302e+00 8.418571212131700232e-01 -1.332742822071271371e+00 -3.445219364992943678e+00
3.306883082736840063e-01 1.216685885433352432e+00 1.186507582538861350e+00 1.915643311713102426e+00
1.224810111891830200e+00 -4.529894903556912489e-01 -1.151183133210225973e-01 -1.435391400924326266e+00
-1.637896964684254053e+00 2.053113399142086556e-02 -8.068721854399011351e-01 -7.454085843095401565e-01
-2.133142869341881021e+00 -2.541319643140656837e+00 -2.084596405697615396e+00 2.418193273347520392e-02
-1.765941681269160179e+00 -2.216139351359116549e+00 -1.625347420745248517e+00 -2.547719968930371337e+00
