2.773356523387895956e-01 9.417104942756937547e-01 4.393450233631723267e-01 -1.398870378963366967e+00
1.668032030819838418e+00 2.064179368460003161e+00 8.297829088940775755e-01 5.908444315485320564e-01
1.326992893939365148e+00 7.077131120433362010e-01 -3.722160282651646446e-01 -1.325251753561330625e+00
1.766988532499412123e+00 2.470040019293638700e+00 1.943161440554513453e+00 1.683448996273724685e+00
1.297083623302374145e+00 -8.728802128328324583e-01 5.383548481410901226e-02 1.856183353638717115e+00
-2.317413468847610236e+00 -2.777911699201679685e+00 -1.953692219050260359e+00 -2.259297134754715497e+00
5.290348991166631265e-01 1.087408152292345997e+00 8.123741206603068976e-01 6.025198906769503315e-01
-4.204438287787662376e-01 -1.732451934967687013e+00 -1.238084634546092300e+00 -3.006099893605063134e-01
2.228167992936267883e+00 -5.891148717956287140e-01 -1.412368388401148200e+00 -1.108912852169716690e+00
-1.465804134960031480e+00 -2.182412539456787481e+00 -1.299491836550103363e+00 -2.533262797717893644e+00
-1.656148983369184258e+00 -1.771051581656271745e+00 -1.175393105587874576e+00 -1.273228608048385446e+00
-1.599922619488613584e+00 -7.268159651594274795e-01 -4.834059091411346820e-01 1.148250070371043957e-01
2.475684951662985078e+00 2.361123531691826205e+00 2.144112712708684310e+00 2.665812432599479642e+00
-1.072824969125019567e+00 -7.888871937302478488e-01 -4.304991485131408058e-01 1.302239092355624017e-01
1.300908371676722242e+00 1.012280726028079947e+00 1.045806935367075141e+00 1.825823328327165429e+00
-6.779781601734452545e-01 1.061419220307251665e+00 -1.024312777229905880e+00 -1.715947766559079879e+00
1.321195266561031367e+00 1.074525410815441173e+00 5.329051757923531918e-01 5.265344042511251876e-01
9.469908973659894036e-01 -4.552244951239985127e-02 4.143619724829231687e-01 4.925425893826941293e-01
1.403194551231943699e+00 1.419682671707072741e+00 1.780980721574278780e+00 1.235801425479611471e+00
-2.190288149058108758e+00 -1.992630492896019012e+00 -2.061727287816866205e+00 -3.302549500966202256e+00
-1.916065853215993986e+00 -1.764449818348673649e+00 -1.934683487836199367e+00 -1.613082314458412103e+00
3.198151004886726767e-01 -9.432901492142071742e-01 -1.968532965253411982e-01 -1.032040029979068400e-02
-1.710850510628977028e-01 -1.503571015785936771e+00 -2.142049007400494698e-01 1.016875329319451016e+00
-9.614697554361121279e-01 4.791164980182688327e-01 5.687767705735663482e-01 -1.184359769044223576e+00
-3.483584411302187989e-01 1.725674016908258945e+00 9.779724038554248322e-01 6.552929713388498945e-01
-9.855277475310724178e-01 -1.236427195883389674e+00 -9.862920953892242437e-01 -1.577910841783221718e+00
3.216164763412209471e+00 1.326736579477400202e+00 1.973056543418888475e+00 1.429367735785300519e+00
1.741253751484375667e-01 2.636484990600514333e+00 1.869422023418134904e+00 1.809283566247847919e+00
5.145033606033408979e-01 1.697896544780063688e-01 3.831170999691099199e-01 3.857584920761989444e-01
-1.805897246900085351e+00 -2.133885777802038419e-01 -1.946170323297667926e+00 -1.559784043677284071e+00
