4.276947128347027144e-02 -3.188585214442214433e-01 1.364058775497453968e-01 5.534973107014744542e-01 -6.046698057807644577e-01 -1.032268263473785086e-01 -5.254013283837384307e-01 -8.806177802226659856e-02 -3.385521590102065770e-01 -7.035554527506465705e-01 -1.614328713625353684e-01 8.360346136661757077e-01
-5.877669732209425115e-04 4.591033248191824789e-01 4.403399536730232544e-01 3.666067741622265896e-01 -3.401885187375639497e-01 -9.508859015043434615e-02 -5.551481049239670451e-01 1.081865565102598126e+00 4.154411057463792967e-02 -5.713556493875405762e-01 9.311405984355235477e-01 -4.300732609129385708e-01
2.193377365563536630e-01 -7.869064352296163412e-01 3.478071182634102643e-01 9.515265397184771157e-01 -8.990305150046596916e-01 -5.792838031409131005e-01 -2.776679967757536005e-01 7.796393558781591904e-02 2.546454251079140474e-01 -2.199316689659189528e-01 2.542517590039627406e-01 7.684411591357236393e-01
-5.406064049093233237e-01 1.514058282460311045e-01 -2.429956879168451017e-02 1.831179415529353982e-01 -2.006621950385310549e-01 1.167128058678701674e-01 -5.557588263721149335e-01 9.346845622570114365e-02 -7.782232905291013303e-01 -4.823433362998648666e-01 -1.695562931364740233e-01 1.607326425205921408e-02
-7.219046910124388150e-02 -1.283208358719715447e-01 -8.543319359731481599e-01 1.318006126851965776e-01 -5.218181232653378715e-02 9.011762413922085047e-02 -2.458984516999855596e-01 -1.303185014981545820e+00 3.058161927711017247e-01 -5.312778026420562627e-01 -9.422546709371183438e-01 -4.765420950015144541e-01
-4.236522811707588154e-01 -5.673758686026146858e-01 -1.180512326829244035e-01 -1.791711207791642779e-01 3.522361736360730966e-02 -3.195742764644242118e-01 -6.101350868747857925e-01 -2.192438024671361507e-01 -5.870145533391861459e-02 -1.455383665038980923e-01 -4.602620637776344559e-01 -6.410833529868948527e-03
8.736962024324745890e-01 -4.978210605715997598e-03 -5.129077523007524730e-01 -3.021188565884204147e-01 2.922281067852236514e-01 5.118553510342382928e-01 7.814654606763193900e-01 -1.475505252715047233e-01 -6.909143487870741604e-03 -2.206864607362203634e-01 -1.706809562933441493e-01 3.821930341282037211e-03
4.044884684341690240e-01 1.200209059752461505e+00 -5.890118858312693995e-01 -2.673269126856450129e-01 3.054386447133317639e-01 1.075770668071626357e+00 -5.121083240798685043e-01 9.909639802678935627e-01 -1.105231265360609338e+00 -2.720152946637847680e-01 7.731786526630884948e-01 -7.475066296206038519e-02
1.100240364158968226e-01 1.106847351415198633e+00 -4.256305882987507228e-01 -5.060976813204554753e-02 -3.098240303677177957e-03 9.898499993121466778e-01 3.657712614994699241e-01 2.598869408620411159e-01 2.308764612100044078e-01 1.382802920829353903e-02 1.656119071309277435e-01 -4.140075593164072032e-01
-1.468206567238797611e+00 -4.216688078783964455e-01 -5.368353067723052180e-02 -8.922835414997704051e-02 1.476410644201415212e-01 -3.775478164363540445e-01 -1.011408915016824839e+00 -4.088722667648045372e-01 -2.124751175732947084e-01 -1.741253119787521397e-01 -8.046060911418811967e-01 -6.057266322191577901e-01
-1.139638097557962526e+00 2.622914617410354032e-01 -6.733127925361394317e-02 1.835320321962403689e-01 -1.547611903796056176e-01 4.962708836896220777e-01 -4.711953265364920429e-01 -5.284469628086506665e-01 -3.477194829122459696e-01 -1.864468944150204088e-01 -7.733622259864919579e-01 -6.703675104712861765e-01
-6.444351499071946376e-01 -2.902767904338587543e-02 1.864964126746690432e-01 1.535192172684569922e-01 3.479857482642463584e-02 1.538637732153163851e-01 -1.036506406632212718e+00 -4.698302076147471973e-01 -1.544493581039639296e-01 2.110461696596793446e-01 -1.047910497944887442e+00 -8.239601130704803378e-01
-2.916928373333503924e-02 1.125079785685061257e-01 -7.067068121466366648e-01 -2.270249362877369004e-01 2.227491582831507555e-01 -2.955796209797343366e-01 5.110479349743411032e-02 9.936573032818556417e-01 6.146069988791829980e-04 -3.342783683791836769e-01 4.679004099244183923e-01 -1.688005922777014167e-01
8.786467486254381232e-01 1.545096455386256284e+00 -5.130438865035343854e-01 -4.385102078348019350e-01 4.498139108196417268e-01 6.160324396653196199e-01 1.057053435963585697e+00 2.601651677714573174e-01 -2.431383615385093039e-02 1.204135917187342114e-01 6.187699499563120709e-01 -9.065186619089328213e-01
-1.472370592590852012e-01 3.916791983963027052e-02 -5.911850301490976234e-01 -4.126310230426274428e-01 5.525861461308757550e-01 -2.670111108994668303e-01 -4.622210561546998830e-01 -7.628798971777726035e-01 -3.550768329566733605e-02 7.255250972787103958e-01 -2.667311732096857568e-01 -1.397643893356579903e-01
-3.118381611604038595e-01 -3.059711644809061659e-01 -6.756511430918535899e-01 -2.115309549562933433e-01 2.582215308178139046e-01 -4.037784387816260590e-01 -3.551136852836260793e-01 -5.402497736307133591e-01 -3.274063077516915776e-02 7.284265101210914972e-01 -6.373720973264536127e-01 2.005339785292780397e-01
-6.926025506200543802e-01 -5.809323110980992542e-03 -7.371448800993489758e-01 1.017835061348101588e-01 -8.216286978751530246e-02 1.388117280902148254e+00 -4.467857975064680742e-01 -6.778243834318882222e-01 -2.872806560234961726e-01 1.602761347385201190e-03 -7.315353208767314541e-01 -6.195140363468449873e-01
-1.459119740914762153e-01 -1.094329494824285154e-02 -3.207306598928912900e-01 -7.484605923265967575e-02 1.207220941671651171e-01 -7.595658546349592921e-01 -2.328828966711039006e-01 4.475485155645870378e-02 2.404666763277389374e-01 8.575516479824231153e-01 -2.892493567253350828e-01 -1.907470407991696815e-01
5.817377492764607139e-01 -1.477638997314746794e+00 5.806317876709096160e-01 -3.093936578492943457e-01 3.397708278596633935e-01 -1.089125915825786883e+00 5.905464142982577158e-01 -5.369080562613477020e-02 -2.430675371831721443e-01 1.059839474985725838e+00 3.703372004336355494e-01 8.864053065805548304e-01
-8.290410219549577686e-01 -1.174322224263920633e-01 1.945182784210134630e-01 2.342910965013712266e-01 -3.025083897384340248e-01 1.457618575688268137e-01 -1.387234422177535675e+00 3.992464863834201960e-01 -1.481638299000492598e+00 -5.925710744596359714e-01 7.181028670451346241e-03 1.628087233858470095e-01
-8.015752331463267266e-01 -3.858446196252608984e-01 1.342944517710278896e-01 4.108419899877198134e-01 -5.502453824924468107e-01 -8.517100105254087061e-02 -3.805108661897620981e-01 -1.777619349578439811e-01 -4.533794524445344809e-01 -9.483530563387175885e-03 -8.462114629605625993e-01 7.937706268595290382e-02
2.434603426901881321e-02 3.476838108861603494e-01 -9.263204169382384112e-01 -8.186636073604952601e-02 3.710016510956360425e-01 -4.339541456310518769e-02 5.278068003380943091e-02 -4.692056881063316059e-02 -3.056106872908195826e-01 -5.463466899341230532e-01 -3.173329892256968043e-02 -4.835606431448274956e-01
-7.337113614174983756e-02 7.229670689748467216e-02 -5.396269357839692526e-01 -1.973259782138893637e-01 1.730599562788742718e-01 -2.394873714456469405e-01 3.546594081216496858e-02 -3.308183680458292586e-01 1.007836271083640267e-01 3.567766806650385925e-01 -2.756756812273286616e-01 -1.518909872929944671e-01
6.338234552658625898e-01 -4.444246306029883686e-01 4.823544686164317752e-01 4.428689378607442717e-01 -4.825181502133519817e-01 2.725510754923827772e-01 1.876706572395123729e-01 -9.942437126220091126e-02 -7.433757393897905130e-01 -9.185891258472180798e-01 2.090506594368823079e-01 7.579774264433993824e-01
8.689636747671759531e-01 4.421460535976204365e-01 4.710843604014997715e-02 -4.939117168426309518e-02 -3.179247508276104167e-02 -7.556600487331027738e-01 5.251179422033075417e-01 8.239844527888924297e-01 -2.429396160197352383e-01 -1.945618420413520178e-01 1.085968715003603924e+00 9.206420025222837589e-02
-1.613789231295477689e-01 4.638029138894363829e-02 1.431610669129813607e-01 -3.467789124063039297e-01 3.272751172898714644e-01 -4.783642914691026427e-01 4.152731382146287453e-01 2.824912270613043064e-01 1.229487925766423961e+00 1.204990671439835737e+00 5.176904845648752085e-01 -2.715882129531295708e-01
-3.316276252171124206e-02 3.621805483144749371e-01 7.324520305445481050e-01 1.442367979299617187e-01 -1.302814026623442048e-02 1.532461717922979638e-01 7.002900479733277228e-01 5.917920401483156567e-01 6.397638535749318178e-01 4.118314736256907804e-01 1.062822122046647833e+00 -6.029860130499201110e-02
8.242191630917894418e-02 1.088137992678772092e-01 -4.366066540208002333e-01 -1.682064238832738368e-01 1.642781106874246222e-01 6.190962121229730969e-02 -9.072810746564127782e-02 -1.465020786339464309e-01 3.335677260816902190e-01 -2.613298280522088207e-02 8.381222990028901199e-02 -3.392012391239587199e-01
2.876052118658606327e-01 1.172152226808047537e+00 5.183660321164080820e-01 -4.240773969459295523e-01 3.689751375202074413e-01 1.693476173460003453e-01 -6.699907444686306612e-02 3.233635286266909881e-01 -5.467404000346048898e-01 3.880620272330775975e-03 4.436589156331179895e-01 -1.390912044476457221e-01
-2.816423577999797589e-01 8.507916285691019542e-01 -6.413325426084923730e-01 -4.938877166622336889e-01 4.479702394927497777e-01 -5.077573533222511371e-01 -4.168440776461830310e-01 2.616190145468849648e-01 6.738305143708833711e-01 -2.287876517630530182e-01 1.636236164400866611e-01 -6.835084292628696989e-01
4.717719669237431801e-01 -8.068859607609057960e-02 -1.685461213996883867e-01 -1.654032644667745647e-02 -1.365491758173776882e-01 -2.163610994994788483e-01 1.364418084402877485e-01 7.251999786863901898e-01 6.399594316309701325e-01 -3.723705428795182626e-01 4.108057550871510588e-01 4.478031999463055191e-01
