2.612516372586414226e-01 -8.336262208934437368e-01 1.408291510301598493e+00 1.996609104975781035e+00
2.160097463727219669e+00 2.257262148696467019e+00 2.744060782644766494e+00 2.350494178891006758e+00
5.345197026684374020e-01 -8.264110383481588773e-01 8.305059014514994953e-01 3.443410992092336975e-02
9.195871200564650350e-01 2.208285632391254971e+00 -3.171689861421669865e-01 2.194516470597389357e-01
-2.040577118655422517e-01 3.439391664170698415e-01 -5.945042350394448283e-01 -1.021458888149944455e+00
-1.626776590382358778e+00 -2.372189719619978820e+00 -7.151065749446016140e-01 -5.308415115821688568e-01
-1.943161526176184761e+00 -3.402360868211368405e+00 -3.265477043479567687e+00 -2.282286347936417048e+00
1.789073160378926053e+00 2.067967247087071136e+00 1.849116172471747976e+00 1.608862622365579309e+00
1.837109091086439383e+00 1.621486088829780625e+00 1.387409383921691886e+00 2.042671616670047818e+00
3.013489888839133643e-02 -1.193096727279458369e+00 3.863701916244835499e-01 1.122268351344022586e+00
2.441135779335292799e+00 1.425201051404069441e-01 2.217898003407008378e+00 1.922549997013542011e+00
-1.935017592606691705e+00 -9.970087432910200720e-01 -1.188526567057307970e+00 -2.035913532572478868e+00
-2.325553517620556399e+00 -2.621501622049485114e+00 -3.044919824192085400e+00 -1.948104889811113072e+00
1.711664213088275543e+00 4.341633285202698977e-01 3.848680810403735664e-01 2.384607862233257602e+00
-3.087864987908615078e+00 -7.484984200177292601e-01 -1.925556263366926757e+00 -2.842589293180576959e+00
2.161990134601323721e+00 2.273393614428798504e+00 1.215358201802342775e+00 2.273505069360108433e+00
7.813894422782675653e-01 1.176337673048093890e+00 1.122962923136857194e+00 -7.715736084278623785e-01
3.195163613191437380e-01 -6.732108987452022353e-01 2.456232344221979391e-01 -9.631612759343534114e-01
2.061412223632231200e+00 2.194982854643166448e+00 1.446129680222617120e+00 2.013687601392660120e+00
-2.256642717112554486e+00 -1.603789666275331927e+00 -1.659364330222470540e+00 -2.562282388632310504e+00
1.176100219832225680e+00 2.151394654586644695e+00 1.582762288746027091e+00 1.995577260065225733e+00
1.319386404577814087e+00 7.184334390957096694e-01 2.009753634961556568e+00 1.658505177534450592e+00
1.990018369452852598e+00 8.900247433003967146e-01 1.754608749154080050e+00 1.631064791821783100e+00
-1.625038040584582788e+00 -2.237813790880898157e+00 -3.993987926620230500e-01 1.872397550431392776e-01
1.484418948388050552e+00 1.304229092023926118e+00 -7.439031879899851707e-02 1.015284782323451207e+00
3.007788105895013331e+00 2.942181288249773097e+00 1.941844497711544326e+00 1.560471050115540104e+00
-1.968044233645903196e+00 -1.226751690384541904e+00 -1.379973940096092200e+00 -1.362107038992938612e+00
3.092804494417320527e+00 3.347057711518621304e+00 2.526313126591964053e+00 2.374741365556356509e+00
-1.326021404518732127e-01 -8.005967952421250144e-01 1.076847873832717184e+00 1.341424452618896535e+00
-1.281358180026532123e+00 -1.974802318408887203e+00 -2.133600591153509640e+00 -1.555159468812215007e+00
