1.675786728074981635e-01 -3.897553920797269256e-01 1.305366984545320852e-01 2.014675268066830616e-01
-5.913534051393891378e-02 1.397214535389972034e-01 1.667152941777548802e-01 3.048399031455097941e-01
4.765834077003137936e-02 1.441541463199458029e-01 -5.500898326358109880e-02 1.408536049461068251e-01
-1.136280663116762263e-01 6.297091636406333681e-02 -2.555022061585949800e-01 5.862331863312570529e-02
8.223490679625752864e-02 1.225745566328497642e-03 1.125823129821783702e-01 -4.531268147052721629e-01
1.187843932061772717e-01 1.969080614302123611e-01 -8.129904354834162350e-02 -1.689338682564785754e-01
-2.595593941088482071e-01 1.970149791100847189e-03 9.312673153300121687e-02 -4.456555997298735639e-01
6.310669127643579734e-02 -2.427079505384553415e-01 1.118075895722048657e-01 1.738433810060264206e-01
1.402669833540235722e-01 -9.233549855199883749e-02 -7.166079467548196191e-02 -6.642540983226223883e-01
-3.457277761030422836e-01 -1.543224231003409441e-01 7.745735904771923475e-02 7.549361387186347139e-02
6.344223541532441682e-03 3.607191216895175301e-02 -3.115686173750119581e-01 2.630067785483191645e-01
3.076760114783256284e-01 -4.543369239336524784e-02 -2.033418540423408971e-01 -2.531934803990648630e-01
1.796674689967129313e-01 1.158460898234085490e-01 3.594491632085167199e-01 -1.566313918866516774e-01
-1.391103226257918782e-02 4.513709743288039644e-01 3.393087140141656799e-01 2.610213396285810394e-01
-1.819241151229094855e-01 -1.951182718329286594e-02 2.589499325591283485e-01 5.802456716092036643e-02
6.367011430905676617e-02 2.428298367238788946e-01 2.500883932557215403e-02 1.978514147273798540e-01
9.978676339998657219e-02 -9.896277607764540282e-03 -4.515457310209705644e-01 2.429743983215873759e-01
6.147826116500769433e-02 -9.238819284728265468e-02 -1.481430231966582856e-01 -3.086244997751214636e-01
-1.278786412537077366e-01 -4.078002309533478725e-02 1.142109980649345380e-01 1.971425182305831802e-01
6.267752610772120425e-01 -9.332592800993966264e-02 4.434205888670210149e-01 2.275732123952459718e-01
-6.760024279144478954e-02 2.974457494840818117e-01 1.904362196283061748e-01 3.697067888848884487e-01
5.545004109121369762e-01 -2.202033736605932268e-01 -1.667251035814570348e-01 4.280627158535261767e-01
3.046010734113472479e-02 3.396631013719197956e-01 1.993999007620107511e-01 1.742313350080493539e-01
2.960266066754054237e-01 -2.868145683834223969e-01 1.170292667944687441e-02 -1.786885841742479331e-01
1.277197177912775539e-01 -4.218139323437165022e-01 -1.985397461405039865e-01 2.990496984772379463e-01
1.212353375853050634e-02 -1.608193941255546822e-01 1.221491198988834681e-01 2.082717793601560341e-01
1.126724285732134540e-01 6.641137134745486725e-02 -2.855525191976678312e-01 1.179259622337193447e-02
2.822188593373580190e-01 -3.914235044341627945e-01 -3.328171581783808189e-03 1.201007748364732314e-01
1.736342177871914583e-01 1.689605855602117346e-01 -2.266180744796400179e-02 -1.662107751225227470e-01
-3.227565461843015515e-02 -2.942477032938828896e-01 -2.317191614609100392e-01 -4.990250305686353555e-02
-1.435781395943513949e-01 2.783791044678729509e-01 1.644015620519917453e-01 2.788025096042338058e-01
-5.959623233225429945e-02 2.214443223612571621e-01 -6.416704841272291571e-02 4.318090052351593600e-01
2.470712356552153821e-01 2.243303748088972815e-01 1.026519910292474080e-02 1.947413545542055757e-01
-3.453190835676066550e-01 1.416899879685208641e-01 -4.306671611715374715e-01 4.326505582471576461e-01
5.474862475077662410e-02 3.959617654216160965e-01 -4.006384997081134380e-01 6.603092169042727722e-02
-4.238571883805840046e-01 -6.966638538954490756e-02 8.490661619377465330e-02 -2.540422333567267030e-02
-2.727268271589992632e-01 1.502581794359145184e-01 2.511041121517920693e-01 2.879467037851283218e-01
1.001736601823528666e-01 1.013617552321442218e-02 2.708731414462143272e-01 8.182213503518832864e-02
3.636596338004884355e-01 1.161212088952433413e-01 4.015101962447597539e-01 4.214554358376065846e-01
