-2.770956228260009271e-02 3.606756804359124713e-01 4.965773446150347631e-02 -3.840657435696246541e-02 -4.027453917524153465e-02 -1.215081243205527878e-01 1.324447325285194321e-01 -2.084301703619313162e-01 2.067767531632599687e-01 1.604810355563001667e-01 3.333620595335236303e-02 -3.296505281432911272e-02
5.997666005901858277e-02 3.743884824830726599e-01 1.363063228896009282e-01 -2.774030669723545270e-02 -7.194415355464735262e-02 -2.523038237199374256e-01 2.212173009399830137e-01 2.719645293245043227e-02 2.353699201414594377e-01 -3.495358234924963309e-02 2.453742807086941036e-01 -3.995065620172794096e-02
-4.938503340472875924e-02 1.950042788333384569e-01 9.348689470735850604e-02 8.342160608591098203e-02 -5.641262330357078164e-02 -1.177323841102088237e-01 5.939227035710321900e-02 -2.177626783737887737e-03 9.374495628956175386e-02 2.407041587945380479e-01 1.346073556114393277e-01 -9.970381584043891410e-02
-2.227348796481352367e-01 1.931925481071869732e-01 1.183823160749093301e-01 5.623405910856588835e-02 9.056424729398561413e-02 -1.960722609547287387e-01 3.282100331627560985e-01 -8.691155967350268352e-02 1.897474013717939390e-01 1.674416499904553546e-01 3.184584072050372083e-01 -2.211641502089174149e-01
7.556811489946289352e-03 1.598200988799906852e-01 1.851633906698896825e-01 -9.129880060229836336e-02 1.649059871176211667e-01 -1.119144316196181571e-01 1.633808639920506234e-01 -1.170481536346726220e-01 6.938048332246027350e-02 2.256403410403374221e-01 2.874949715141941753e-01 -1.103256436504849447e-01
1.955037690303502995e-01 3.504531305494815729e-01 2.249002751470978168e-01 -5.847148641409602443e-03 4.092897890735180261e-02 -1.003752632236502157e-01 1.291586123877782322e-01 1.662827873503851250e-02 1.472853843369240912e-01 1.528859703237301360e-01 2.788589523430016759e-01 4.283052600321034069e-03
-6.541215487384698102e-02 1.541707311165884942e-01 1.088620927103779584e-01 -3.896517729715231332e-02 2.054424883808417951e-02 -2.601135619817131484e-01 1.477192641750782187e-01 -4.615147252226356467e-02 1.429418568532060119e-01 1.367229438750401926e-01 1.736598240749448463e-01 -1.490220725152644754e-01
6.109275132190920832e-02 1.140674338443146973e-01 1.959210014005063893e-01 1.323563744982980961e-01 -9.019332853521618010e-02 -1.714221739173962256e-01 8.045115601217064927e-02 -1.040584586487797517e-02 5.450496943121596605e-02 1.327714977345260117e-01 1.445799473812097724e-01 -3.913728851633965777e-02
1.178081161052977888e-01 1.710761395439549248e-01 3.435966121780236610e-02 -8.362947686690921922e-02 -3.656304455824131022e-02 -2.194674861664679399e-01 1.255631426837421592e-02 5.191390537832021868e-02 1.093164254620432041e-01 6.904919710813460509e-02 2.200823782053681898e-01 -1.348379069391309193e-01
1.623724345370811950e-01 4.326658694511199832e-02 1.465785681770940818e-01 1.024599624114194418e-01 -1.075446308206976370e-01 -1.736059668157587943e-01 1.206609143927888650e-01 5.901228431837998722e-02 5.501775530026005445e-02 2.120502530755595250e-01 1.517770705578356805e-01 9.075991716790002620e-03
1.426927719717318299e-01 4.052126596951637350e-01 1.136546893161071298e-01 1.268601426202992620e-02 -1.344270079134634033e-01 -7.751719685971621143e-02 3.085964751123323468e-01 -1.496908239711896293e-01 1.571799061017478960e-01 1.062357369075509622e-01 3.705753417292421692e-01 -1.969683688912918507e-01
9.027577962419425228e-02 2.792254705620267341e-01 5.354399370337471070e-02 7.338340512235986754e-03 -1.055615739302148519e-02 -2.478094422804733576e-01 2.978399944588632983e-02 3.951916681350460536e-02 2.350556835989382753e-01 1.124677377061761713e-01 1.533947216698353655e-01 -1.161110170826085142e-01
-8.266294369496943878e-03 1.787689847422128941e-01 1.313753839301475268e-01 3.793332387282889306e-03 -3.592366618054230326e-02 -3.153939705463236209e-01 1.524420267809121488e-01 5.185796674906410775e-02 -1.816017656847680045e-02 1.711437243605460345e-01 3.423804771578967121e-01 -3.529370157823173704e-02
8.870293933654216367e-02 1.443205290474442737e-01 7.851430920384448731e-02 -5.896151848695951186e-02 -1.614493900477229765e-02 -1.848507113122553336e-01 1.136567116840007108e-01 -9.258969063905352070e-02 5.147146892044136834e-02 2.294959791666412730e-01 3.177253940388585218e-01 -1.858163501164250553e-02
1.488028972346769063e-01 6.864530752742778463e-02 4.411766583857491125e-02 -5.905760620756130702e-02 8.006630414381550598e-02 -2.458321785045498031e-01 1.296861056247573807e-01 1.150215793916080018e-02 2.078789663169841873e-01 1.290975923512704959e-01 3.152191534896368608e-01 -1.713119466580852179e-01
-1.242556921761609201e-01 1.254572831009234390e-01 1.005509926715974361e-01 1.211535381428882341e-01 -1.095177274938302497e-01 -2.134592583996260950e-01 1.538089231438077575e-01 -1.750324589813183037e-03 1.700514335671323984e-01 -2.303114553829090864e-03 2.915728794616264108e-01 -1.205603439948653433e-01
2.175594639877472328e-02 1.600091818634351293e-01 3.395850801237421807e-02 5.353611585289993341e-02 -8.288675466065149877e-02 -2.455667229485609671e-01 3.195875043767511248e-02 -5.399154355790460047e-02 1.851128446880415390e-01 7.432673947212543875e-02 1.243316648208215719e-01 -6.169596604241514570e-02
8.622359187921338486e-02 2.196779698322391117e-01 9.595858033581967927e-02 -3.328250527927898578e-02 -5.113484550788103405e-02 -1.290243079267123227e-01 2.008572617995262599e-01 -2.582193558790116805e-01 2.707679396864745569e-01 1.473449028758709312e-01 2.382712812282638537e-01 3.019557865161323629e-02
4.551333448415537108e-02 2.325070057578109972e-01 7.046203501256874391e-02 6.869635283655617375e-02 1.228066905016155091e-01 -2.151866406015978672e-01 -4.830953808770208600e-03 9.391801647584004098e-02 2.360784331715392870e-01 -4.108327097184790583e-02 2.727466838836163920e-01 -2.341359186530158482e-02
8.784158306190052723e-03 1.598687833381175760e-01 1.299938272328623468e-01 -2.058948889740705706e-03 8.612010982523345126e-02 -2.427820379952353447e-01 1.636597243593796158e-01 -3.852627810266937014e-02 2.254445707638741137e-01 5.121045938041406988e-03 2.400932979596184236e-01 -1.182380049354810579e-02
3.861376620219371392e-02 3.315271766481262417e-03 1.380624441956193604e-01 3.467398920788732769e-02 2.373289086602031750e-02 -2.710526773565842817e-01 1.709139493098788265e-01 -1.105581610068824550e-02 3.622791395547937943e-01 1.115913055472294441e-01 2.672822223101598005e-01 -1.996881507827113211e-01
-4.399209838486690949e-02 9.391814986974239554e-02 -4.763790033604952540e-02 4.177948561089763618e-02 -1.960343118564382148e-01 -1.263675720165504668e-01 1.188176377459476962e-01 -5.326091290436467396e-02 1.995649396238227957e-01 1.230275807496421757e-02 2.097160475147741843e-01 -1.323501529677655053e-01
5.718894967548286690e-02 1.167409785810102352e-01 2.599079127245906284e-01 -1.263327155644985156e-01 8.156296452889448545e-02 -1.547155734858479126e-01 -4.603106703673900957e-02 -1.309479010709855562e-01 9.427890854646930885e-02 -7.184524381433175788e-02 1.574403905127338410e-01 -2.188166386177603784e-01
1.046063769324127590e-01 1.068986555352894052e-01 3.028572746397948934e-01 3.231015128371476225e-02 -3.979843331943456325e-02 -1.374033049147241337e-01 1.928188338424872417e-01 -1.098705368738231852e-01 2.090536171421131517e-01 2.330880720531279190e-02 7.819953308696246663e-02 1.690741041679180018e-02
8.898413455043827081e-02 1.124979802052843147e-01 5.175988478057252234e-02 -4.247018241571853120e-02 3.971748820244564576e-02 -2.576317479856136683e-01 1.348243084405252035e-01 -6.145809182249412778e-02 2.061019042168608373e-01 9.147270987444337809e-02 3.453876862838776707e-01 -4.921260983781264309e-02
1.698552269919560154e-01 8.144745286981805443e-02 1.860849881376893111e-01 -7.447651000260432919e-02 3.133447758323622961e-02 -1.369365169633774970e-01 1.207687673930552541e-01 -1.191818813870312715e-01 1.305237738541226433e-01 7.747368821389787052e-02 2.091624050260757484e-01 -4.786617821659054639e-02
4.478775606949940424e-02 2.413420505186591181e-01 1.886065393431619608e-01 5.554458946451096280e-03 -3.584404823111363853e-02 -2.249270187532427800e-01 8.178276865692921116e-02 -2.716610148821022030e-02 4.360294602563311028e-02 1.021524463498362650e-01 1.742455213169830652e-01 -3.627276282800544205e-02
1.483024876905353062e-01 1.305683314134545581e-01 1.304416622327178588e-01 8.276721832340289131e-02 7.918139144740829818e-03 -1.730525944017055617e-01 4.952172685986622191e-02 4.151768415223142106e-02 -6.823489602481488947e-02 3.578902480896607036e-02 1.403519736980197719e-01 -6.981495859123063030e-02
3.128665461459385899e-02 5.666782147643401046e-02 1.543956813150260676e-01 -6.568567803242322811e-02 -2.106973770493198589e-02 -1.880210100631886649e-01 2.237009771141399914e-02 -3.055038948505457014e-02 2.517547155589912600e-01 2.136488668366440247e-01 1.649493280204271661e-01 -1.319456173438624258e-01
1.288328584467744731e-01 2.220865546761074671e-01 1.675375712921194429e-02 -9.990220519202935856e-02 -1.097780622214204228e-02 -7.223875744557901879e-02 4.747207460227511298e-03 -5.886290617637722836e-03 1.238454120370120204e-01 1.181199884329825617e-01 1.535697944140527182e-01 -1.827614962592153114e-01
-3.341702940912730235e-02 2.398705171605073627e-01 1.831323808050845381e-01 -2.754715254441017155e-02 -9.682791844705808393e-02 -1.553891548857638250e-01 6.592519549857797645e-02 -1.433531275869590338e-01 3.103486009888637986e-01 1.908453509589958311e-02 2.323510878344460240e-01 -1.173628288800867003e-01
4.029010173390093486e-02 2.161378416277919545e-01 1.847109324588260271e-01 1.163690835050418815e-01 -8.821923291169884995e-02 -2.301318824510228955e-01 1.145019730426722615e-01 8.054562881911254968e-02 1.435819851433734196e-01 -3.482947295939842897e-02 2.880312537705468912e-01 -1.514252781085510813e-01
7.301565315024396985e-02 1.917020725070554266e-01 1.983118042530119252e-01 -1.444533406556479209e-02 -5.287784913013923033e-02 -1.475491690308500248e-01 1.702636028370193844e-01 -3.162414841157218381e-02 3.650624617985873122e-01 -1.527897716820922173e-02 1.679559049491186062e-01 -1.542185589778229671e-01
5.444432334830770492e-02 2.504862496053377185e-01 1.857098648616842818e-01 2.086725648349270143e-02 -9.838665435355635480e-02 -1.544005829900970683e-01 1.916382040770532036e-01 -6.379175665736859513e-02 2.864502371158291205e-01 9.336411395145129133e-02 2.737527844728591606e-02 -1.278915121715289149e-01
1.224182155434578451e-01 1.769939227786082869e-01 1.208413451376616349e-01 8.636411165369128852e-04 6.289416994658682258e-02 -4.992487260471728527e-02 -8.452297057121853797e-04 -9.231563279951425505e-02 8.417777365526998845e-02 1.540441952824047056e-01 2.018174515647015999e-01 -1.808381728128360122e-01
8.938387753806545377e-02 2.152637978997838653e-01 1.621091589414588863e-01 -1.258316600915034868e-02 1.178475813578666459e-01 -3.070845493505260371e-01 1.521929148652338137e-01 -1.166608399059687745e-01 1.280817132213506737e-01 9.360065009446703888e-02 4.454230858678526750e-01 -2.155152260072344672e-01
1.164243100320004887e-01 1.353724345920265526e-01 1.091978310183126105e-01 -8.493258534523634440e-02 6.858852490949597647e-02 -2.752868642691451151e-01 8.747062619009918216e-02 1.300750406653780333e-01 1.391870801235264021e-01 -2.541637766472222906e-02 2.187262005899976991e-01 -2.616639331256129797e-01
1.738338092072175614e-02 2.459311493732603549e-01 6.165646831455719873e-02 -7.297016731732397510e-02 -5.504985062265298906e-02 -1.186354601473854214e-01 2.207872166413430703e-01 -5.285301860299065901e-02 1.185441628225975264e-01 5.108197907190294845e-02 1.225755743558797489e-01 -9.623248891956762141e-02
1.226862754207878603e-01 6.100427402207070360e-02 1.234445962872740693e-01 -1.605479513255155533e-01 -1.269121694526966215e-01 -1.792799167740815047e-01 4.342888474594036596e-01 -1.387849297465622855e-01 9.427340844245507556e-02 2.849856120211196123e-02 9.261593037661418337e-02 -3.128546122002807683e-01
2.398005217440278003e-01 1.105656382909078195e-01 6.535092064552829039e-02 -2.476454361668699311e-01 -2.451152405721720388e-03 -6.715133504836930112e-02 6.459997684978141530e-02 -4.470991300607658758e-02 1.706588493989389665e-01 6.832861786859463493e-02 1.975172370615689843e-01 -4.984002476069408771e-02
-1.757204467283481619e-01 2.904172158387748892e-01 7.407106450792584618e-02 1.830829062908929383e-01 7.169075120992966788e-02 -2.213176953778518974e-01 1.243780895960643618e-01 -5.647153736700129267e-02 1.919191428740950334e-01 5.707259635028844730e-02 2.169729732927490051e-01 -5.088604549260761223e-02
5.212310531230847366e-02 2.625167134334628338e-01 1.293423265260825079e-02 8.307445711632588381e-02 9.048646012469467592e-02 -2.131382801947090400e-01 -6.390680971273240973e-02 -5.052490034596264501e-02 3.565045509825222614e-01 1.580488744547297042e-01 2.078635328289578643e-01 -1.376893643896581476e-01
-1.528533863784721850e-02 1.614732471310512396e-01 7.478240173880236485e-02 -8.196158443965861906e-02 -2.145145154001816545e-02 -1.729382051418991706e-01 7.334601537580165420e-02 3.918401497916632059e-02 7.696972774987745347e-02 1.652187958087721897e-01 3.713173557524117041e-01 -1.341384943130864149e-01
2.336871416054769612e-01 2.080448043594662344e-01 1.757300577967605970e-01 6.631614925305873154e-02 5.227638443200011836e-02 -1.996607876648177071e-01 3.281837701321309586e-01 8.552673826680316782e-02 2.854720415820555801e-01 1.662629996955849454e-01 2.521039842956516730e-01 -1.883472748040545264e-01
3.849839330923589265e-02 1.298489379834983637e-01 2.349402364626821949e-01 2.462439255926881024e-02 -2.326916020730484397e-02 -1.977894148926142015e-01 2.197314165037292655e-01 9.706666301659115648e-02 2.081708654042636886e-01 1.910802999101531285e-01 1.509134495195018633e-01 -1.499556785379566881e-01
1.084050222895163729e-01 1.867552575980425955e-01 1.517235977295425808e-01 -1.991503355894995095e-02 7.677595285483544696e-02 -3.072882611167783717e-01 1.871884458957319974e-01 -1.444505139615049061e-01 1.981879895899482380e-01 5.930234628573004957e-02 1.876138353011326254e-01 -2.647210147097511790e-01
1.408951522256382261e-01 2.189109807780452444e-01 6.742210446331380058e-02 4.986365042193139502e-02 -2.756353349224055505e-02 -7.297162330130364805e-02 8.119996033528462109e-02 1.653863502020364723e-02 9.403160665849108479e-02 9.233502558491778200e-02 2.795320273123626520e-01 -2.229243355611158772e-01
9.600730206450011628e-02 1.836234146573137715e-01 1.332811275103259474e-01 -1.018729932281896809e-02 3.223783802339306309e-02 -3.081968139877825918e-01 1.061600590711313241e-01 -6.132256097062583483e-02 1.132606260810373466e-01 1.873020479581491080e-02 1.469434872719651564e-01 -2.513985769909415913e-02
1.283776310849928104e-01 2.349749090795013873e-01 -2.928152274089844756e-02 2.716462192793144340e-02 -4.110112450329726080e-02 -1.898529648154083649e-01 9.132071753270568082e-02 2.024937587410172851e-02 1.322383234466114332e-01 1.248953032019399917e-01 2.052721510204932320e-01 -2.942876013890741160e-02
1.992838078478457453e-01 1.151950820140818510e-01 1.336285777584523826e-01 -6.013557337591744073e-02 -2.158977539428589276e-01 -1.362964002112674322e-01 6.635149753572608389e-02 -8.107607817682156715e-02 1.550750227387105162e-01 -3.058189775767718513e-02 2.053945047137805124e-01 -8.716275762320230269e-02
2.387354120520486511e-01 1.969444352375524787e-01 3.676551979476042759e-02 1.110967982169011777e-02 -1.431004913547326285e-01 -2.441235212537281596e-01 1.489404274147407559e-01 1.005716990103265179e-01 1.031388640731508710e-01 1.609030351277385695e-01 2.413614239056034450e-01 -1.813467150623409851e-01
2.825470420176341979e-01 5.151138637088716055e-02 2.738905518029928765e-01 6.695100586247348939e-02 -6.466037527069538882e-02 -1.022608821392469308e-01 2.163295415620824710e-02 3.067416577416244572e-02 3.879162024195001446e-01 1.816974928104793663e-01 2.738147974987967248e-01 -1.575593567668992223e-01
2.058983936717448671e-01 1.886009352151416241e-01 1.848905839694831577e-01 1.088238856505552854e-01 -8.199373521403983955e-02 -3.339142770140051675e-01 1.318427870708695770e-01 -5.593677287463515169e-02 1.406868595379814069e-01 3.509284564897353631e-01 3.594865208135931689e-01 -1.390545002021707222e-01
3.367170070551096794e-02 2.987451703689346649e-01 1.944306412508243209e-01 1.791774833166471029e-02 1.587323302098072597e-01 -3.057926043057238030e-01 1.554744678871258501e-01 -1.181832443997639787e-01 2.687514407011603601e-01 6.497122019022873174e-02 1.870150805843440733e-01 -2.603241193716236968e-01
4.268628784545598631e-02 1.040382763310420400e-01 2.503312889794708229e-01 1.015702275823757439e-01 2.145486116407261529e-02 -1.528514978485418507e-01 -1.158077936020814004e-03 -1.050364483995940151e-01 2.735822667089456428e-01 -3.015950904459773971e-02 3.082468676121629669e-01 -2.149903048753542267e-01
1.813650052670792434e-01 1.441447513413316173e-01 2.240055817026083140e-01 -1.416944462146934869e-01 1.710592951161159919e-02 -1.671701770261631026e-01 2.427225385490567044e-01 -1.511302365869526473e-02 4.271311605583313908e-02 1.217057392146654732e-01 2.148153197799516079e-01 -1.995361730619209795e-01
5.086560348722049540e-02 2.215152892843088861e-01 3.733899558137890318e-01 -1.113650167384487404e-02 -1.686578926481029916e-01 -1.291657638141410769e-01 3.808347617548438202e-02 -9.691496994264857390e-02 3.165646789563251740e-01 3.659484451709659608e-02 2.890300321117664217e-01 2.458661185172961172e-02
1.628306451676675703e-01 2.219274373368319841e-01 9.619561913593240032e-02 -1.938386887843456530e-01 -8.235740627028793545e-03 -1.699963876509131833e-01 1.851700260703833811e-01 -4.567271132541485951e-03 2.087059831611531024e-01 1.198803541086833208e-01 1.030332060830092128e-01 3.689758449304041468e-03
-6.534118638404870505e-02 2.409674359940310595e-01 2.076811540031961792e-02 1.342231271826748451e-01 -1.905412488509124480e-01 -1.695280348438421569e-01 1.470365511318507366e-02 -1.920348161087731820e-01 1.366451284244443454e-01 1.797503694881042932e-02 1.569215168883016931e-01 -6.030839357245466881e-02
5.783485488244762864e-03 2.178079759446499286e-01 1.574526634129010394e-01 2.233149225458179454e-01 -4.077180976082119684e-02 -1.736324084536940426e-01 5.401442078640815436e-02 -2.658574994341108416e-02 9.164666768992249524e-02 6.173826623712306422e-02 2.052464347341231288e-01 -1.959957682543665147e-01
-8.949783826744148185e-03 3.620665065821572215e-01 -6.155475328235368235e-03 1.412335686757964226e-01 1.123991324994996349e-01 -3.042918778583001971e-01 1.223643270687835016e-01 1.923470316923162060e-02 2.112609734223729607e-01 -4.722813446313898350e-02 2.210743176882417060e-01 -1.779692355929051450e-01
1.891844634043815254e-01 1.973208349287778052e-01 2.107913103882486650e-01 1.808718105638229823e-01 -5.738425855600339659e-02 -3.240668963844507977e-01 2.664291006682091220e-02 -1.375397255118791240e-01 1.008475817932401319e-01 1.387296576669984627e-01 1.973916939526124681e-01 -6.674434719559291240e-02
-1.167786353553217915e-01 3.490007531112641059e-01 4.999303670464971122e-02 -3.738887889432538497e-02 -7.315628171747899644e-02 -1.974429019088090875e-01 -4.813508250375128639e-02 -8.296957078825971388e-02 4.020267410184845125e-01 1.922659648837031221e-01 3.456034951069176242e-01 -1.815657725731207039e-01
5.619052117818250369e-02 1.492481201470105268e-01 3.349127757237444630e-02 -6.181704060676743162e-02 7.883239092842973805e-02 -2.812453465849907297e-01 2.117756448272753167e-01 3.454400627809400826e-02 1.497285373790772367e-01 1.876157094654763435e-01 3.122145317004507148e-01 -1.396390173856772721e-01
-4.610756116405692086e-03 1.243366122811147834e-01 2.068142353554457968e-01 -2.603133265901593288e-02 -1.860774224957362777e-01 -2.265911438063308303e-01 -1.582996740259894619e-01 -3.808546103057151855e-02 2.019663686031785421e-01 5.312877697181705300e-02 -4.695024285336064918e-02 -4.793284673183870193e-02
1.181628793170951403e-01 2.926578891994847664e-01 2.663279179071088576e-01 -1.611587631100098450e-01 -4.829991781743026708e-02 -2.578083596453144000e-01 7.073706375236271660e-02 1.661615892846823178e-02 2.215734522354927127e-01 1.029661101081900815e-01 1.481299192746626803e-01 -1.625056173560911199e-01
4.387938708196764681e-02 9.718117043451399151e-02 1.422728205644012145e-01 7.564230390757378797e-02 9.351530652799840485e-03 -1.751266145622976111e-01 1.495120525893388341e-01 -2.211241557187621776e-01 3.452910841489520433e-02 3.197179048095354775e-02 2.081117584918975028e-01 -5.274059224013122327e-02
4.184416372409237306e-02 2.392652230456765172e-01 2.053897803558848434e-01 1.064889615254996647e-01 -5.094914618618427010e-02 -3.097431295158096787e-01 5.042305959503184942e-02 -1.845507225402270857e-02 9.480508076869961775e-02 1.479932859050333005e-01 1.150284230045009320e-01 -5.665483299639732795e-02
1.284187375280627930e-01 2.100276379574004537e-01 8.507430148653281898e-02 -8.845014320539035246e-02 9.685580900354658074e-02 -1.250551481114846042e-01 1.988716223869683997e-01 -2.048707826486580435e-03 2.270301219365727652e-01 8.277844424807458135e-02 3.462349548375022734e-01 -1.013499369853074483e-01
6.507062460326507036e-02 5.640078504780035584e-02 2.021003687735560272e-01 -7.133929516740536436e-02 4.364051122465579385e-02 -2.178551503355263264e-01 8.271687782077158380e-02 -1.539881268940262171e-01 1.797859811478001724e-01 1.198002563687931427e-01 1.915867100654747857e-01 -8.529839858194110391e-02
-4.816474311606588898e-02 2.655771761177872989e-02 -2.164147849057654685e-02 -1.216883524396880356e-01 -9.287088609805140005e-02 -1.583019921449852485e-01 1.754821283179714142e-01 -1.767370262636618061e-01 1.768266106258250259e-01 1.077530971495617301e-01 3.152540133989098492e-01 -8.858534452055688568e-02
1.526929840630411317e-01 1.314375267314503437e-01 8.530247125626043425e-02 -3.081678788681608064e-02 -1.293713706804764385e-01 -1.104379332805826425e-01 -1.139575944992972656e-01 -5.500880291539363143e-02 1.791330513306092775e-01 9.169149595166099787e-02 3.590092533570698463e-01 -1.381226475249738572e-01
1.435803116861481266e-01 9.134398827775933039e-02 1.615686872653053219e-01 4.845082717298763303e-02 1.311616906830720963e-01 -2.638718699077831631e-01 7.166139957357484103e-02 -1.088709970907287689e-01 1.472984079220096831e-01 1.721313371251432800e-01 2.932866279032698142e-01 -8.674156043916889103e-02
1.139721022738743872e-01 6.455884453613358609e-02 2.464076286815158889e-01 6.503186178571010445e-02 -4.514163187418942375e-02 -1.432375137869468240e-01 1.110297887995937982e-01 6.754990403910603181e-02 -1.643353893233668456e-02 1.442637692994145349e-01 1.838712087805442486e-01 2.433826142545233474e-03
7.200041013413158164e-02 8.015925998139689090e-02 2.003571573348866264e-01 7.616892913293552003e-02 -2.416153702167467276e-01 -2.220301984043223098e-01 4.292768261924206907e-02 -1.270917537664587732e-02 7.106920416623893622e-02 7.680462355609506131e-02 1.830809195204010642e-01 -3.934511625808707891e-02
2.012545839732076403e-01 6.038042836745843855e-02 1.328671858380008342e-01 -5.583765806222752009e-02 -8.262427030794523841e-02 -2.134064017603894969e-01 7.134623655219571314e-02 -1.205242903457056231e-01 3.136891478441387604e-01 4.816608160529033816e-02 1.876145965299937379e-01 -5.553127611212138603e-02
1.463939623171317816e-01 8.847389757627632800e-02 1.064999659006607563e-01 -2.556477386680095984e-02 2.076129333564907808e-02 -2.482775621613504402e-01 2.101688241563301751e-01 -4.624885037135562094e-02 1.969054600297196755e-01 7.969582828405243069e-02 2.139475747976436470e-01 6.805863673834302262e-03
2.412244218190308029e-02 3.627492488829073269e-02 1.100774570792772272e-01 -3.532570666036723844e-02 -5.298145800554231871e-02 -1.436588857671969865e-01 8.524553179264113267e-02 9.835739374744940922e-02 8.497352206312738798e-02 1.278783303532419202e-01 1.045652177716555192e-01 -1.908267074259488438e-01
6.652546034438688860e-02 1.919739586603474713e-01 1.362835930848408372e-01 -6.186764126921240337e-02 1.108769612744014837e-01 -7.307036952938907037e-02 2.449532110183020028e-01 -3.976110968703701343e-02 1.309844916650539648e-01 1.149195824166913543e-01 2.912057773908031666e-01 -1.654692568315140055e-01
2.127513737353336765e-01 1.250736597295441510e-01 6.110392480820203004e-02 1.429083095457014084e-02 -1.394134409495822458e-01 -2.301619318362418398e-01 1.198700810497873859e-01 -5.398461309048660506e-02 8.485118951517620078e-02 3.011933401968920967e-02 3.523629154792423113e-01 -1.286458698086050123e-01
1.019168596018545092e-02 7.180785574815490291e-02 6.315563046578613615e-02 -9.496824102660320066e-02 -7.351635693985172741e-03 -1.693657054196844314e-01 2.417594537689244164e-02 2.843562310489059636e-02 1.422079212576760898e-01 2.222455482849915454e-01 3.407473507067061980e-01 -1.416307916950457491e-01
2.524879349123370156e-02 7.269719017345566137e-02 1.312322566021908998e-01 -4.922081611404089535e-02 -2.034764681003917164e-02 1.824042760961877606e-03 1.491426510609358547e-01 -4.759773329292472932e-02 3.121880328729443321e-01 2.562144800757626753e-02 2.727490151391245843e-01 -2.060429407232009236e-01
1.479024894508143284e-01 1.561869610325256341e-01 1.009665620755820920e-01 -1.095594651038167035e-02 -5.182568889518918837e-02 -2.782385342581666365e-01 6.473655330930988550e-02 8.792333014181762108e-02 1.388891581367940053e-01 1.535858068147565210e-02 2.323353002489049191e-01 -1.401238453666273365e-01
5.139246675734303327e-02 3.846381809198606838e-01 -2.342617195474807745e-03 3.668546677847317472e-01 3.416330082624162712e-01 -3.678094238411390715e-01 -1.626704270580062520e-02 4.578942856159703423e-01 1.547776170411521990e-01 4.282056447894990597e-02 6.098824169309474685e-02 -2.189562151259360767e-01
-7.846321549387012817e-02 2.659648820595963414e-01 1.985606343924598560e-01 -7.543063970838034815e-02 -1.352999341424543367e-01 -3.008854679130626777e-02 -9.120301154932754055e-04 -1.174914203641805183e-01 2.261274246047291492e-01 1.606443138366256962e-01 2.764031805928235941e-01 -7.387325438116282283e-02
-6.409884884372091252e-02 3.073053927131197947e-04 2.520452344440848869e-01 -1.038215748534763172e-01 -1.345344317873609641e-01 -1.354563681785540541e-01 7.922204159296741821e-02 -6.250708929362085164e-02 2.130039817342758990e-01 3.288389095857917610e-01 2.403386768789393391e-01 -5.174083122883918473e-02
-1.453282475345100966e-01 1.065595684705424040e-01 2.162777403698611933e-01 2.181277235420984659e-02 -3.129724588019106024e-01 -1.588770299522474505e-01 9.897229037519217343e-02 6.422671133582540451e-03 1.365779626224965793e-01 8.784850776900825220e-02 3.249719821472493719e-01 -5.864654305468294804e-02
1.601751062608117449e-01 2.546506824703284044e-01 2.838365349087201284e-01 -9.756989358347012420e-02 -2.135286521646091451e-01 -3.503280500871867598e-01 1.781458130213351143e-01 -1.170402344129027744e-01 3.244651602538962121e-01 1.644752137871001718e-01 2.275538270673057584e-01 4.792059804622281205e-02
-4.406432652410842421e-02 7.893173887034404812e-02 2.115021101174361373e-01 2.089755181186124522e-01 -7.121766260740157450e-02 -1.904649556982692671e-01 7.697696020785274595e-02 6.832940396276356021e-02 2.043493884735800570e-01 4.421901673727052923e-02 2.096652110449294670e-01 8.406635600875397851e-02
-8.544170623372228423e-04 2.734446116376169078e-01 2.612907598382960828e-01 -2.984766262241779749e-03 2.718277697608003501e-02 -2.018766108365293022e-01 5.180537411413811688e-02 -2.600026571437901845e-03 1.215878149393808116e-01 1.496791438811115871e-01 1.160097722582221907e-01 9.732624930874456126e-02
1.339139758374519318e-01 1.652526341755281292e-01 7.000862298625683267e-02 -5.252096463312177360e-02 -1.747267027423139441e-01 -2.732911967070318915e-01 1.169952274018540017e-01 1.469322138046876350e-02 1.892191932584151581e-01 1.350201768036257688e-01 2.710232474117906798e-01 -4.879899033015581977e-02
2.002426845979376757e-01 3.140809197686548204e-01 2.377330401325303821e-01 9.099210578374228309e-02 -4.431521291613572250e-02 -1.299888186378782007e-01 1.708344088350937928e-01 -3.813592317609458548e-02 2.018891959892370191e-01 2.003123101939298656e-01 2.450745490234099155e-01 -8.292029499054814901e-02
4.438406027794758457e-02 1.133776097966997243e-01 2.299060114936309906e-01 -1.862035479649016556e-01 2.754447170076812501e-01 -3.070182222257710758e-01 3.315018573283260439e-01 1.211322730026275635e-01 1.580026108097980220e-01 -7.626111604762993157e-02 1.114151797270024474e-01 1.271322722891014279e-01
-2.562963395616819212e-02 -1.651395112565442469e-01 -7.733301997993584365e-02 -2.028677253867133476e-03 6.451991549624673528e-02 1.480031636887276791e-01 -1.861261592615364169e-01 1.239860380430481829e-01 -2.198365491656270321e-01 -1.232421725631912546e-01 -1.006813926538577542e-01 1.256073508822133367e-01
