1.621061808837773177e-01 -3.372188574761389446e-02 3.291739338697968059e-02 2.489545946903439638e-02 2.446219402869958398e-02 -1.099594327146927730e-01 5.411104615082718700e-02 -1.096505249115141134e-01 -8.853150589426236894e-02 -5.505633816568944461e-02 2.199152668642808117e-01 -4.532032887847470964e-03
5.649911590301168185e-02 -4.195082707454436677e-02 -1.363567816983019543e-01 -1.491344196091125285e-01 9.516965957408304172e-03 1.098273446071201115e-02 1.533352816335523117e-01 -1.106884974183025838e-01 1.355460079297635678e-01 1.183342629655287082e-01 8.594084144720112728e-03 -7.234448798381373780e-02
7.981543743056603024e-02 -1.029745320433325673e-01 1.728482590306710254e-01 7.124899193501144090e-02 3.487435238454962561e-02 2.418666392104392576e-02 -1.856458116472721187e-01 -2.911927530256489330e-02 -1.056166435153881589e-01 -7.574610543235696380e-02 -5.489053539795703263e-02 1.479638233612160132e-02
7.615033857113201465e-02 6.608792190962425178e-03 -9.276168450329194681e-02 6.249596354357392358e-02 4.840898047132401183e-02 5.429822110495652505e-03 6.290903783972016938e-02 -2.294953236877999084e-02 -3.443743416288903153e-02 1.523393582512225786e-01 1.389801634368665051e-01 -8.104679297626007917e-02
1.227322336776196093e-01 3.101629229107103272e-02 -2.424011878495982777e-02 -4.002972578948359172e-02 -1.574183324351041691e-02 -1.725251352778939817e-01 6.971149300532211712e-02 1.458373169780057205e-03 1.186757867726307564e-02 9.607627130200052656e-03 -8.372032282472148534e-02 -9.922260810939438624e-02
1.485334828360850290e-01 1.268756786956543314e-01 -7.016599065045203698e-02 1.225609731721299667e-01 -1.917459004542541035e-01 9.302522622968147081e-02 2.185992676187618888e-02 4.722193033056271139e-02 6.576794395039933794e-02 1.706319105847223794e-01 4.809840244238867274e-02 1.406708793846957184e-02
-1.262104414903330619e-02 1.421546556994486843e-01 -1.684797236679176358e-01 1.336776064576538081e-01 1.118171056224549070e-02 6.047272631799453790e-02 -6.830280780587012768e-02 -4.600729973716006366e-02 7.859357478741994807e-03 -6.893012296508274628e-02 -5.075258813826985516e-02 4.706766598031542070e-02
-7.655188406770693788e-02 -7.466098474901255999e-02 5.421161649856684472e-02 -1.744057984142711668e-02 1.940267562428983628e-02 4.316681557574742617e-02 -4.442283598624217206e-02 4.704688929714512247e-02 -4.586940336810924057e-02 1.150102316508666289e-01 5.233949691439571811e-02 -1.579099606846589843e-01
-8.860506205320130280e-02 5.472099014227504998e-02 -2.320390418080685857e-01 -2.283741072125192173e-01 -9.416175761708653336e-02 -7.104827568347138467e-02 8.958173888828768749e-02 2.453856028480271290e-01 7.057559442360347712e-02 -1.286376607115631565e-01 -5.376865165835641169e-02 5.794739240768236217e-03
8.489956274395568658e-02 8.587423789458967227e-02 1.142649972680496728e-01 -6.360898889809289691e-02 -2.906940682735516257e-02 1.806390973840209593e-02 -3.985647586480229460e-02 3.977813220318381776e-02 -6.754697539538886963e-02 -2.652933654113245193e-02 2.452001831685272915e-02 1.210419476198692085e-01
8.020882930104486497e-02 5.993668255381132126e-02 -1.305765765560844005e-01 -2.377686380912428371e-02 8.213169162901585996e-02 1.739542611900315450e-01 1.199274661921278726e-02 -3.588705582974496995e-03 5.125224050248834012e-02 3.215087905735712626e-02 5.891116775838080299e-02 -1.190844547603635700e-01
-8.389317292397131809e-02 -6.130562791368080605e-02 5.110035660914308275e-02 1.167288560088418706e-02 -2.858468921790029583e-03 8.499596018548850884e-02 -1.453026312454278393e-02 6.471712365543302869e-02 -2.292118883445097566e-02 -1.072916260276601391e-01 -7.286085991772925374e-02 -2.120295159735688106e-01
4.282336746922802556e-02 1.375039944094857622e-02 1.493667463191417945e-02 -7.975889028165984718e-02 1.406304753189319134e-01 -1.401503320953717546e-01 -6.647389063918770526e-03 1.127541127838200818e-01 -1.690964703639107405e-02 5.984497610079694829e-02 -5.088743140185887637e-02 -8.335864293518705989e-03
-3.140431723973680089e-02 1.370390254843844580e-01 -3.219114580838437073e-02 5.659626768589247001e-03 -9.775385378764755995e-02 -2.621753445114334904e-02 4.631059202322372614e-02 8.577247032645690661e-02 3.868678012897062979e-02 1.654247137226870223e-01 1.253299664808902592e-01 3.941004833414579051e-02
-2.282251670762323881e-02 6.497589893727834243e-02 -7.009460471797744618e-02 2.013538434912122421e-01 2.213303178780152980e-02 -1.656722804050541481e-02 5.477356224186128580e-02 -1.196990154097891945e-02 2.799345372788285616e-02 -9.715215759994257766e-03 -5.913685845451088774e-02 -1.257539080266522058e-01
-1.015435100796716408e-02 -7.005814975378588105e-02 4.268996731336359429e-02 -2.590283355977517077e-02 -1.088829884562974165e-01 4.901107897216980952e-02 -1.221680867087298755e-01 -2.573005438219511110e-02 -6.982069188927250702e-02 -1.086451335982550892e-01 -1.183966617256429488e-01 -2.596640487131424493e-02
1.525576401941834415e-01 -1.375399212411093641e-01 3.728893818104232760e-02 -3.692036134136195830e-02 -1.333027723287628086e-01 1.077007055382150497e-01 9.044547806379410471e-02 4.927220133795477686e-02 3.185926884316750418e-02 -1.032355025807123045e-01 5.520066953372038815e-02 -1.280829845756701127e-02
1.339148660921384362e-02 -4.970535850028771213e-02 -5.724108731375982667e-03 -7.079695043769487772e-02 -3.376670644919733955e-02 -8.518849542984352485e-02 1.007323954668949556e-01 2.789045030425621463e-02 5.959688887917845290e-02 -3.958486880095438837e-02 2.236651206287521010e-02 -7.808627536070225639e-02
-1.257590654337152891e-01 -6.636326460260991156e-02 -7.315120560596931332e-02 -2.225514624144259435e-01 -6.883000574644204846e-03 7.012783936077458813e-02 9.889197490465908083e-03 1.519140836749927233e-02 5.950070224506815580e-02 1.435132181148346675e-01 9.053816995905308862e-03 3.898912585246255835e-02
2.613153460756825058e-02 1.302803483366605022e-02 1.036795589808259810e-01 -8.880527205304437552e-03 7.114959676632745533e-02 8.005683200328450599e-02 -6.989673340920446454e-02 -2.675419669847004314e-02 -5.108036513494155009e-03 9.688737815961789845e-02 2.206390239920236890e-02 4.611648409828014716e-02
-1.469202282198788789e-01 8.249415138698124039e-02 -2.687796189638457650e-02 -9.171040472675424937e-02 2.051658860306854876e-03 -2.530210102622705917e-02 -6.141618099764939442e-02 -2.004941003947562361e-01 1.016521106459410684e-01 1.556945730341048328e-01 -3.097273671307416987e-02 5.040913027199309809e-02
-2.744553673990396750e-02 -1.308647088213124032e-01 7.276214546281839501e-02 1.283142916309301940e-01 1.040972009222885380e-01 2.858985846623389535e-03 4.142929760700461879e-03 -1.924596505911838062e-02 -5.391683112565220926e-02 -6.986738755550593594e-02 -5.077125272013627982e-02 -5.358190685157260442e-03
1.835478271533641037e-03 -7.756171180096552153e-02 -1.079776806389894372e-01 -3.263210119103395011e-03 -3.730660520261613877e-02 -7.282345056461010657e-02 -1.972651865629188039e-01 1.070623236118884020e-01 -9.711499850502805509e-02 1.137261683601496209e-01 4.636164230619893578e-02 3.635844182168324751e-02
7.583284606624073922e-03 -6.685889994609295339e-02 9.526238075978926689e-02 3.088171685325111909e-02 1.182039431479218333e-01 -3.288498695710239533e-02 -7.575992022688984862e-02 9.957132299875806614e-02 -8.546612526003562194e-02 -5.611452770901395083e-03 -2.215782266404499601e-01 -5.050851979835724315e-02
2.834773673303173092e-02 -1.125198177222244272e-01 -1.360231629926755836e-01 -1.512937278965105492e-02 7.267033529591365726e-02 -6.753347620196376022e-02 2.524486299717138699e-02 6.289835745829899794e-02 -1.239225136895757140e-01 -2.571435938995950687e-01 1.121177166666425043e-02 -9.946680080841464877e-02
1.677922723657883114e-04 7.552739125554344679e-02 -3.282463974513208371e-02 -1.200754327031684776e-01 -1.607334793744392420e-01 -1.070145116037932165e-01 -1.999674414004602718e-02 -8.867562378930818334e-02 7.038491138775733458e-02 5.796623803575146755e-02 -6.995253209773061309e-02 4.586094160159030764e-02
-7.481812663768890037e-02 -1.262787133542263851e-01 1.077743792725886079e-02 -2.240986745660067739e-02 5.460659137080446646e-02 3.893585379638607458e-02 8.636170486217273345e-02 9.981026613419752280e-02 -1.572820547309393760e-02 1.107809064471737825e-01 1.805434922057787273e-02 4.656833632945057283e-02
-1.009521782061035926e-02 -7.706805355526119561e-02 -1.161607794233437616e-02 5.413302686979332146e-02 -8.513906766513343327e-02 7.432357204148586083e-02 -4.127555615969162595e-02 3.792011497433500633e-02 -1.364559740514821040e-01 1.272766213969974691e-01 1.222740737257517196e-01 1.202234119830019876e-01
-5.645181916185938731e-03 9.936596296089209024e-02 4.062379128658218097e-02 -7.479506783425536598e-02 1.249705826044154588e-01 -5.604545566894145181e-02 3.242161994519186796e-02 -1.556888011705846557e-03 -4.229234021979288993e-02 -4.906662407251020930e-02 1.037142588281626462e-02 2.049117441311820460e-03
-4.732366475031683783e-02 -1.615550928381915552e-01 1.270795166093253714e-01 9.787493883136906547e-02 5.486447184869530647e-02 -5.640150664325185165e-03 7.794888495786619909e-02 1.477648547282191596e-02 -1.937404006425933606e-02 6.891274722051955737e-02 6.945266589093897214e-03 2.567713660677496115e-04
8.621851658134255247e-02 7.969649389430075170e-02 1.519756212209209464e-02 1.918552881664920273e-01 7.237392904179973385e-02 -1.151860121300039702e-01 9.289021532527511060e-02 4.765268741899383875e-02 -9.148141154983963075e-02 3.639147375350002683e-02 2.863134251733898822e-02 1.194205941759116374e-01
-1.456980590062568193e-01 3.710358996469830667e-02 -2.471888199667756150e-02 -4.149647910410680929e-02 -2.379720586028787402e-02 -1.834092139010520123e-02 -2.408436518859329370e-02 -9.998676194876585099e-03 -6.481203078767772130e-02 5.691245125528441445e-02 -4.382128171717770970e-02 3.046727940779588722e-02
-1.308411085084677968e-02 -6.070221171602169924e-02 -6.292786250107001988e-02 3.031651346172579975e-02 8.829504830281975636e-02 -1.057580204344645870e-02 8.549610395596937695e-02 7.392202161669821081e-02 1.016251201204756427e-01 3.342080446645481068e-02 6.419893785845977308e-02 6.358225945061980744e-02
-6.347311945998322658e-02 -1.660165407086442446e-01 -1.254451572676931193e-01 5.942408360294199748e-02 -9.881883938542005558e-03 -6.265384484103952989e-02 4.872490010065480548e-02 -2.981724806355107865e-02 1.204751383975992962e-01 1.230427242668533094e-01 -2.856823321135776306e-02 1.261603253701229777e-01
-4.884218577557285917e-03 1.379694377473789438e-02 -6.337895110769328766e-02 6.511809276671247371e-02 -1.835924241387716926e-01 1.242129017251502876e-01 -4.949388594829185611e-02 -1.890984572499818939e-01 -3.466304893958611910e-02 8.149545330956282918e-02 -1.894185515201515790e-02 -3.834586188863729067e-02
-6.471955446490561259e-03 7.829786605433503022e-02 1.002773299804325391e-01 -4.362023744893168964e-02 -1.115401285477835708e-01 -2.017394452279777650e-02 -1.332620458995194546e-01 1.075712240618200699e-01 -5.012281025659024586e-02 5.918031894671183651e-02 6.475599200181991755e-02 5.534831044814542134e-02
-6.405942422804050684e-02 -2.178620289749050656e-02 2.814348444749818767e-02 1.097229292785897869e-02 -1.599852089035533852e-03 6.821907817850746125e-02 -4.817160108722801787e-02 4.429013254089328444e-02 7.789709775288292115e-02 -2.004502828978185769e-01 2.037404467367255889e-01 -8.312277149134178478e-02
-2.233560239791676505e-02 -1.359139028260762105e-01 -1.295911860933143811e-01 3.914018951609278540e-02 5.619030458014950304e-03 1.172601163612912167e-01 -1.142441424533983813e-01 7.266023743670857460e-03 2.845381794671737047e-02 3.307811327596049157e-03 -1.481554053626623832e-02 -6.039475318067151488e-02
3.018580827779174594e-02 -1.532298232374892100e-01 6.043476361794930529e-02 -8.294162415370789909e-02 7.279464506865021556e-02 1.352819917513622405e-01 -7.058583187875865084e-02 5.044935240195216886e-02 1.136768790401390117e-01 -1.359163038534646761e-01 2.485431610913615280e-02 7.561889823405537614e-02
3.766299192558238140e-02 4.039349292322197416e-02 8.130342015630798169e-02 -1.017610078842196286e-01 9.354601328746323108e-02 2.626202686132045067e-03 -3.771816444586881950e-02 7.406716589371073467e-02 -4.354531793958427155e-02 -5.693010397367087583e-02 2.080528273064543437e-02 6.912076447142236069e-02
-2.920841998126666450e-02 6.816742274363188359e-02 8.329666807621707858e-02 1.699497815501042342e-01 2.948131194719695938e-02 9.985185469440761852e-02 6.776583973367110436e-02 -1.265822046496233588e-01 9.035733550703219791e-03 6.801724652087207112e-02 -7.930568624789986754e-02 1.668843010519472925e-01
7.391929130124595682e-02 6.954457600718713661e-02 -1.408319766225302472e-01 5.718886281568380384e-05 9.859320255456002768e-02 1.902672237204559511e-02 -8.101891391702896461e-02 -1.340713793337147131e-01 -2.273344577656647575e-02 -5.124668686380948884e-02 1.312606589066544040e-03 -1.061221670789737825e-04
5.639244579433010107e-02 -1.077950048882797690e-01 1.528206785175171001e-01 1.201636990513915704e-02 2.575098841918854742e-02 -3.550643323999733841e-02 9.239861258306347747e-02 -2.247707723223076742e-02 6.034607516913910452e-02 -1.549504750756860311e-02 -7.206143146316848491e-02 1.138445404226869906e-01
-1.140109880029634426e-01 9.105824861721401042e-02 -8.522367766362476393e-02 -4.270079087856938627e-02 -1.190470559718290492e-03 2.655675503102022245e-02 -1.850358684318450294e-03 -3.389839384765425123e-02 2.423731434861117057e-02 -4.655424815168537900e-02 7.123867319547200205e-02 4.659712123801408590e-02
-9.932100233800679467e-03 -2.817512973220172995e-02 -9.904181830228865613e-02 -1.448803852095320761e-02 1.432945526825218641e-01 7.133421342168284884e-02 2.995463632360299833e-03 -1.269269702731533889e-01 5.903503855565448571e-02 -1.891980322083380850e-02 2.092722329615618881e-01 3.298490723078824349e-02
-3.897698308881552068e-03 1.439757531237416052e-02 2.498120481262590398e-02 1.087244621866922528e-01 4.436651855011190110e-02 1.301410813315258264e-02 1.602615505007701779e-01 -1.200765875422717954e-01 1.095303993887550564e-01 4.500398087804508701e-02 -7.921148443703304731e-02 4.835326569889755732e-02
1.409732493719658211e-02 -3.691635521236873163e-02 -8.414540951361498822e-02 9.096006213732702123e-04 8.164538395239583080e-02 4.988829717812665043e-02 -5.273493385411838485e-02 -1.096297519465922604e-02 -7.959248846144842404e-02 -1.242886904599704578e-01 -1.482798645000474869e-01 7.673644243567526169e-02
-1.759969857779585256e-01 2.412041528710049537e-02 2.730303486705177446e-02 -1.668566950134953153e-02 1.373651686553987727e-01 1.179712733163217064e-01 3.213013529096092613e-02 -3.927775489325738452e-03 -1.086298641105674923e-01 4.010267515107969472e-02 -6.704371404380052302e-02 1.327226235012496924e-01
-6.094178732574082047e-02 -4.734811220260123910e-02 8.024277189967232715e-02 8.959428063540848981e-05 -1.647559379131826804e-02 6.699045204784512264e-02 -3.987069005279417211e-02 1.228599301636992269e-01 3.592704609467498034e-02 -3.723944725404368383e-02 1.297528757681799538e-01 -1.202018789864630899e-01
1.469052507257316287e-01 6.112835065538600211e-03 7.948283298175815026e-02 1.176932363271406268e-01 -8.104327750581818979e-02 -5.008264520708462231e-02 1.815250185920823031e-02 -5.602865389867065643e-02 2.742950241750246113e-02 1.080614826556006713e-01 8.601818270498501340e-02 -2.215620574635940657e-02
-1.068290289817414307e-01 -3.653227929767361576e-02 -7.853612194259161627e-02 -5.689913003601663327e-02 -6.127179771314553852e-02 2.746055759488523831e-02 4.369127559724365201e-02 1.002784007043661385e-01 -1.709363232562632895e-02 -8.978953766330995123e-02 6.277782532114525166e-03 -3.727237408549316511e-02
4.457424386864139443e-02 1.013892018123323767e-02 -1.225695466222601754e-01 -6.437148841170933777e-02 -5.094439247910771684e-02 -1.493162249886245962e-01 1.513928496217662178e-01 -2.609265401502300699e-02 -3.501435460724186544e-02 9.380753637108570075e-02 7.903276504519901602e-02 2.612958394983224200e-02
-3.275180011836469063e-02 -9.335427918730576646e-02 -3.281868186823863609e-02 -9.742705862051083410e-02 7.603444196534521471e-02 -7.386354479870321788e-02 -6.575377353653276413e-02 -8.517609515709221191e-04 1.565360280261860956e-02 5.196933269727949112e-02 -2.435303751997254865e-02 9.902453114938812237e-03
1.076816470432910566e-01 -1.922282363410086556e-02 9.139805129074857204e-02 -7.694185359723504369e-02 1.486600159166569790e-01 -3.509511465022364940e-02 1.012688274818569212e-01 -2.292339616388133772e-02 1.212951881742031432e-02 -1.217041606758863248e-02 -7.883684433972364125e-02 3.061351029066206389e-02
-6.700388837258458574e-02 -1.429534740998010811e-01 -1.340161474320776813e-01 -2.208303355475067786e-01 -5.978391474160020536e-02 -3.009140515401498989e-02 -9.162471511797116996e-02 -8.177261778151636781e-03 -1.032433408022890298e-01 -2.736238120629844867e-02 2.503417648638313342e-02 2.900630917920440574e-03
-8.457964718904732726e-03 6.309010878604282002e-02 2.927113345774289693e-02 -2.419726468155019086e-02 -4.653840620515406479e-02 8.845483342252913328e-02 9.219841119398497487e-03 -2.652084370932433766e-02 -9.763580998959643653e-02 2.033324792945677764e-02 -6.580625763191213888e-04 1.290076108712348291e-01
7.234271552062124244e-02 -3.918566218157093495e-02 2.153417632778970581e-01 9.694175128650929507e-02 1.632800578081911036e-02 1.289959063921251592e-01 4.948333146177139735e-02 -5.745035407344849243e-02 -1.548558129604487021e-01 -3.817961299811802045e-02 4.280246832544459812e-02 6.952239401799845120e-02
-1.278859155359741151e-01 -1.236287517358030802e-01 -4.995284165341652705e-02 1.686512127790391544e-02 -3.187656549084662283e-02 9.038381250508403797e-02 -7.014355302781036250e-02 8.273500846265671727e-04 5.675042435892786730e-02 4.867228909280364030e-02 -3.564231964477455189e-02 5.928531237924201946e-03
-4.692773480829724730e-02 6.458092592444918123e-02 -4.373038002476371811e-02 -3.848868909083787496e-03 -8.635718792888208775e-03 5.292136577975496692e-02 -1.269192665205629567e-01 1.074734286479476358e-01 -3.150319596547581508e-02 -3.453288455791223011e-02 1.059171785850726577e-01 -5.768596688426635977e-02
6.490572629401319960e-02 2.569193888630003780e-02 -1.982795525290721450e-01 2.638293841001120715e-02 1.055953456511875693e-01 5.421125185223295284e-02 -2.982255905213949260e-02 -1.558441961454971880e-02 7.594546163371534986e-02 2.913023614105953243e-02 -7.373245345841769605e-02 1.055746876756475938e-01
-1.432455417777543823e-02 9.629743880181063087e-02 -2.508562050018327549e-01 8.683322272443604615e-04 1.213594912316676849e-01 -2.197978019505974004e-02 -3.926684963568443515e-02 -4.889110164112717843e-02 -4.211360679181576361e-02 -2.598566606047245098e-02 -1.418442886761459411e-03 -8.470358228696642233e-02
1.256027780368099700e-01 -8.881069973289409947e-02 -1.457520457488827581e-01 4.611776257457179951e-02 -2.264728254798520357e-02 4.944556207617580024e-02 3.048900220045837675e-03 -1.705292799086022271e-02 1.249876713577902365e-01 1.037658609858630177e-01 -5.182577678688560230e-02 2.127631020520001550e-03
7.091273979096662794e-02 -4.142751791783350762e-02 -1.629387027600320836e-02 6.829446209348713492e-02 7.002792283005788987e-02 -1.291137574588991366e-01 6.833930370180402170e-02 -3.867754429866832738e-02 6.490382868758788615e-02 -3.788729204930316868e-03 1.137510383003172698e-01 -3.450801129778705012e-02
-1.268436817530433636e-01 2.917658202934208123e-03 -1.061130193813701050e-01 -3.159200217540056310e-02 7.485045953112777137e-03 9.935189326268291377e-02 9.092095138601771764e-02 -9.876838313213148757e-02 7.921435512721274053e-02 6.104506610678801792e-02 -2.770522350681943469e-02 1.680133441626523727e-01
-1.395226591404383765e-01 2.118460446451214500e-03 4.128148568208135812e-03 1.022265741088050628e-01 3.399253726563728623e-02 -2.416536428705295947e-02 1.915373664743834914e-01 -1.140221242553490499e-01 -5.151038411709694259e-02 -2.492893177378260189e-02 5.579565442040374662e-02 1.675218969959443305e-01
6.156711993005260786e-02 2.160952175695399907e-02 -3.792288573135709027e-03 -2.693615167171735381e-02 3.101315919189833251e-02 -7.632746108292808029e-02 -1.444476436255489118e-02 -2.293696493301431230e-02 -2.034218895223958434e-01 1.531765957047722532e-02 -1.438940444765887117e-01 4.583598236382947777e-02
1.683061708256388886e-03 -1.253111204949264867e-01 1.051617882053262482e-01 -5.548529057195984715e-02 1.506608939149529369e-01 6.954499130710696531e-02 5.403209691353681732e-02 2.998228354774397364e-02 -9.400685219612761601e-02 -4.369911373748137928e-02 6.099471311875184765e-02 3.583276654683916623e-02
-1.095193942832308961e-02 1.950313225300517872e-01 -7.410641131200461362e-02 2.135121226924019400e-02 2.186235319944163785e-02 4.420048869308765976e-02 1.696951432792336359e-02 -1.152137848224674688e-01 -2.691895171713246104e-02 -1.157981523830531601e-01 1.489642154615865577e-01 1.005570158970508637e-01
1.040301303026758620e-02 3.502782871218041577e-02 -5.907988476294569191e-02 1.372563200242032377e-01 -7.370754395243706014e-02 8.937173779715602839e-02 -3.509505114745271881e-02 9.453019816816066179e-02 1.389572585660185933e-01 -1.429932840171791453e-01 7.549147514178011775e-02 8.921785133744775109e-02
7.259649254299754828e-02 3.903980052280862922e-02 -1.714851446114991004e-02 -4.537373047234284640e-02 4.734179885050985442e-02 5.194492230321432619e-02 1.533045254066022212e-01 -1.258727671343240484e-01 2.555740822183482502e-02 -1.200623635636342279e-01 -4.155184129336362414e-02 -4.615988240347967952e-02
2.192983286041621377e-02 -1.251263953553427843e-01 5.414339067547513373e-02 -1.545864698617251815e-02 1.941950016883008459e-03 2.830741386706189106e-02 5.378137645406592948e-02 -2.426319714035929907e-03 8.586045444797286291e-03 -1.062911034101016311e-01 -6.009219506412313838e-02 6.249356758230062425e-02
-6.036732401389292846e-02 6.461426859942773215e-02 -1.805786778491154376e-02 -1.749439528517829356e-02 4.273713065138779604e-02 2.619598843193768692e-02 -3.300635830060497100e-02 -3.043685496315255701e-02 1.112061807703772082e-01 -6.052782015330830830e-03 -1.040806949334516507e-01 -5.372644146969343670e-02
-3.458641179118993048e-02 4.616955182377963790e-02 -2.086711560429447068e-02 1.413697223221351273e-01 -5.550919342094649128e-02 -3.224503557052347483e-03 8.997118996581252026e-02 1.286150877216844512e-01 -2.457581680893776432e-02 3.165975403128114263e-02 2.132775704952745432e-02 -1.125482583924236335e-01
1.043961586569763442e-02 -7.839939587402532106e-02 2.955372274326474244e-03 1.177139995309668952e-01 6.435223385086054348e-02 2.260605374372976623e-02 -6.500572021152747904e-02 -4.683100197972715067e-02 -1.281303620794801423e-01 -2.387650510687053251e-02 -1.026198025313816153e-01 -4.818320664242040086e-02
2.286721209239570007e-02 5.865819979780237392e-02 8.734058870641914218e-02 -7.041790957606053336e-02 2.107198182302919554e-01 -4.306826483657531790e-02 4.831520418864321958e-02 3.672364475384874011e-02 -9.408696164106969406e-02 -8.478969558723253863e-02 6.992444837532832413e-02 8.092116588693568091e-02
-3.170175688515372570e-02 -3.237776153031962471e-03 -3.941439201259066410e-02 1.242783126172807787e-03 -2.261448636624769151e-02 -4.238451432681580866e-02 -1.174366587139859253e-02 5.597824738762283842e-02 5.318117329496614004e-02 7.072219979339854079e-02 2.830447687739352791e-02 2.850766338758297172e-02
-1.073681256324958422e-01 -9.043120656063681484e-02 1.662654276968075079e-02 1.596810657136930045e-01 -8.019602025842345605e-02 -3.816598591952570507e-02 -2.820061955562112171e-02 1.086397324400387304e-01 2.997205561089755915e-02 8.503860215231465181e-02 5.125890974626713670e-02 1.254332146761301826e-03
1.884077304270545192e-02 -1.098591373876950938e-01 2.875706684779523459e-02 8.819497831999995041e-02 -7.448621764759412456e-02 -4.596682766728878156e-02 -5.450921805815934010e-03 6.719110386821774972e-02 -1.295247492030033309e-01 4.904152336384929450e-02 -2.839847677329061792e-02 4.949130874905573185e-02
-2.012711119244937549e-02 -2.290313888337989351e-02 4.260566541261516516e-02 -3.253353204364560925e-03 -1.476584295256733355e-02 -5.694573232692594356e-02 -4.757519035063485953e-03 -2.333931997673552305e-03 1.162981678734827454e-02 3.330949140790312457e-02 6.730245933445246076e-02 7.286178722378511274e-02
1.216399413163914839e-02 -6.480865946626437543e-03 4.393918978676804310e-02 5.796881386766231103e-02 -1.110211050026108370e-01 -1.425233949689839741e-01 -3.729073596275418040e-02 7.710003058395892284e-02 -1.038251235155232682e-01 7.195497428759603520e-02 -1.787135648664283094e-01 -3.803714830975512412e-02
-7.521285601623882433e-02 9.818516540861117747e-02 1.131113167882162249e-02 9.651244540510162118e-02 1.554544641256062941e-03 -6.338936366965798597e-02 1.898685901251996322e-01 -1.270621275105314647e-02 2.052646615457521737e-02 1.124954763097336663e-01 -1.921600806767745362e-01 3.379050416790457118e-02
-1.322167666107521844e-01 -1.938717250497169406e-02 1.125536156055126913e-01 -9.358938220836779398e-02 5.568282339837903397e-03 6.622139311170263665e-02 7.038137278329051338e-02 2.854691817589783548e-02 -6.511722941002015541e-02 -4.343060696661286968e-02 -3.508477792151643709e-02 1.153152464946319844e-01
2.409490808570538892e-02 -8.642885137360672987e-02 -3.644545514191794948e-03 -7.954302885822243929e-02 -7.407099508798740961e-02 7.962089575948162745e-02 1.548934652311446600e-02 -7.728156191989531132e-02 -4.796441592067841875e-02 -1.005198765065536863e-03 -5.684197400970919523e-02 5.545394618666705036e-03
-2.352205583007423856e-02 -1.089441653211508688e-02 3.389393015425848366e-02 -4.641011463999789727e-02 -4.313484644666926854e-02 6.114603124536825696e-02 -2.553059939726211036e-01 1.669769817058570222e-02 -7.546489098106301530e-02 6.870554888680718841e-02 -4.368960494472756695e-02 3.993211579528042204e-02
4.365715910116174658e-02 -1.102485576068161222e-01 -1.316481690680927630e-02 8.901907317908003270e-02 -1.419155975487090271e-01 -5.432381343644388655e-02 1.323362007590699052e-01 1.491853775897708234e-01 -1.231875416105234350e-01 -8.376399590083985491e-02 -1.474122382050543356e-01 -2.127019163569510499e-02
-8.540342930785977185e-03 -9.705439694149467500e-02 1.073678804080221896e-03 6.694816475677406453e-02 8.485666434378026646e-02 -7.299087115106771273e-02 4.482646574266554995e-02 -1.212491019979094614e-01 -7.781974155626955603e-02 5.305672600706247410e-02 -7.904740057540883547e-02 5.331891912386580584e-02
3.212836744203831363e-02 -8.831103033170267617e-04 -1.802684941995338352e-01 -1.063633692444145989e-01 -1.457384494359959259e-01 -2.081051591299224943e-02 -1.020246587038256547e-01 -7.201759150518775854e-02 -5.279820659475047140e-02 9.515692679652028307e-02 2.243441403793494660e-02 6.588235751623550129e-02
-1.273071741952649383e-01 -1.542577912472029300e-01 1.202476766626820598e-01 8.518337072379256192e-02 6.008556812586005741e-02 -9.649716487127216191e-03 3.419368804172837062e-02 4.090539444611285963e-03 -8.379895562905011197e-02 7.000944109965526532e-03 1.776453864739305916e-02 -1.794214717760954370e-02
-1.270671651560316973e-01 5.927869055223715378e-02 1.079532721011315088e-01 2.420179069373427638e-01 9.657975310169172878e-02 2.058998721018989037e-02 3.476243319727662789e-02 -3.752201290336292655e-02 -5.722422773976547361e-02 4.070341418770640624e-02 -8.163526715704684522e-02 8.881721040246756682e-02
-6.151288120560430978e-02 7.202410605446568637e-02 -3.025352995067690648e-02 4.265345958521506164e-02 5.582524736989147307e-02 -9.738132679019344262e-03 -1.159674849051827439e-01 -3.238596739606457945e-03 -7.304328114677217931e-02 -4.260517975888490627e-02 8.043322442616239465e-02 8.511798269095044445e-02
-1.093177473828716439e-01 -7.941836910807362204e-02 1.374058278228200980e-01 -1.581290921709884723e-01 -8.034076099079495714e-02 -1.541215613439484156e-01 2.212921243712580033e-01 -5.394343889662248093e-02 -2.474302074688010389e-02 2.080465830355098661e-02 -7.834755470768844932e-02 -8.103567271158354512e-02
-8.377237628970363170e-02 -1.343236514134615173e-02 2.633395714763793818e-02 1.398596812134595413e-01 1.000725439800602239e-02 4.775137455416932075e-03 1.187292059170396152e-01 1.416701915896434461e-01 4.155965664229177570e-02 7.393901503404165521e-02 1.936849831874234290e-02 -1.534708468083982938e-02
1.436984297280082673e-02 -8.311023733273648073e-02 -5.549649435661910962e-02 4.922197824998442856e-02 -6.746996191303401835e-02 -8.898582783314112898e-02 1.888813093110797495e-02 -2.668219740644329346e-02 -1.287380397673930088e-01 7.126757627127333627e-02 4.908515201952427104e-02 -1.524490782895600305e-02
1.996769921771184703e-02 3.951949986023009509e-02 -5.638459493945593981e-02 -1.270120899756574384e-01 1.224748115978185614e-01 -2.689148317764518403e-02 -1.586315612535984243e-01 9.708459475185823861e-02 1.141960694546572622e-03 -2.126915728053376670e-02 -2.743014857748984209e-02 2.916771368290553730e-03
