-1.341707612179409814e+00 5.423084226982723965e-01 -6.585670247483099704e-01 -2.308249525038255923e-01
-1.603671284690205034e+00 2.294333235928543990e-01 5.962168992687469915e-01 7.243095532174581574e-01
1.557932121584784113e+00 2.497875731208468064e+00 1.268029508264193694e+00 1.199251141784065888e+00
7.924966145526883832e-01 1.637519007941377280e+00 1.052933581845218569e+00 -2.234691260584712680e+00
8.078199367412136622e-01 -4.888944371322900828e-01 2.278682167432160427e-02 -2.936056450100966164e-01
-3.364455412222490671e-01 2.784492243967203740e-01 -2.983799269875109794e-01 3.090353605462234921e-01
-1.512175902335776367e+00 6.357636848806104135e-01 1.023839144473855045e+00 1.600938258015746296e+00
1.570959850639338740e+00 9.655766193632756567e-01 3.796916977307508989e-01 -4.758560296958198044e-01
-4.071915345621884286e-01 6.497809932725283344e-02 -5.098134181690719968e-01 -1.742920443873667846e+00
-1.079721460448826775e+00 2.431072151112707136e+00 -4.355930061171993384e-02 -1.593622421205852735e+00
1.434654587074130516e+00 1.384151376283027091e+00 7.277047631952748841e-01 1.804339800570327945e+00
1.072327441098512413e+00 -3.130678538943460487e-01 2.547107758386715770e-01 4.669747383591323908e-01
-1.335811181454152230e+00 -1.641064308673376049e+00 -7.782292160834471950e-01 -9.943987847192514717e-02
-5.548642073992492152e-02 6.011959348094300104e-01 4.041545268067733843e-01 8.968064970137203940e-01
1.578794362551207087e+00 -4.768867519468394378e-01 1.592974405254510062e+00 1.209490032302396711e+00
-7.737476731171416544e-01 -1.599240793583774689e+00 -5.200540333567930107e-01 -1.377501630711893910e+00
7.691171511471922573e-01 2.708563502588237082e+00 6.676379792145722414e-01 3.215833349210633907e-01
-1.430306513819740610e+00 -1.983495833293215327e+00 -1.518109021595347885e+00 7.815666131269913275e-02
6.446875965554341725e-01 2.979347030612610414e+00 1.027212829797848892e-01 2.321337919280707762e+00
-6.597220757083011033e-01 1.055470898751198705e+00 4.721372388879171988e-01 8.205913451072980314e-01
9.002022700389838983e-01 1.426077782737843691e+00 5.573401930991009889e-01 1.116843855971561411e-01
-1.926641946661534766e+00 -9.192443886824185340e-01 -3.617248938142463843e-01 4.430593403493714860e-02
8.454274066324268810e-01 -2.346614800881356433e-01 -7.314938169167721771e-01 1.242224051645569372e+00
-1.970314406820084407e+00 -2.175875649572644566e+00 -8.016998543979987346e-01 -2.311877860339957458e+00
7.384773082233886399e-01 7.741969233320630250e-01 1.173348477722643723e+00 8.138810480676050840e-01
1.436562962710220770e+00 1.536752131898989626e+00 1.111335010285613434e+00 9.973545159377967817e-01
-1.382876306148699497e+00 -9.056447932827295100e-01 -8.579403084549447334e-01 -1.015880539495263024e+00
-1.639399467337782301e+00 -8.906465928631208673e-01 -9.702647338614722727e-01 -4.765918587138026630e-01
8.459594253926586704e-01 -6.573197331009064115e-01 1.219689039018479804e+00 2.699572388173831605e+00
-1.694677063005672668e+00 -9.809810370323394091e-01 -4.197332492811826632e-01 7.147112897596152870e-01
