4.000021635201807257e-02 -1.509672120612511326e-01 -7.931116327892544227e-02 -3.484893548745252728e-02 8.268632421019996015e-02 4.362781067085682446e-02 -7.970724635073653253e-02 4.534683848921708393e-02 9.101509260525020295e-02 -1.346886860615095494e-01 -2.280363742987141090e-02 -4.990014180506898572e-02
-2.430197853867076263e-01 -1.631377448426090671e-01 4.360114628590312791e-02 3.153814933932741482e-02 9.187371551250876622e-02 1.223041841444901939e-01 -8.342001682893190884e-02 -9.765469404513646423e-02 2.295823772599809853e-01 -8.807707580603559017e-02 -3.130430015956280759e-02 2.697021745847317797e-01
2.102039082048734811e-02 -1.210157254796677267e-01 1.757334416862034107e-02 1.924687887112474724e-02 -8.299232965104236248e-03 1.579011829730556371e-01 -1.092056065948277810e-01 -7.956689227819035981e-02 6.344276761812066290e-02 -1.917480528486460722e-01 -4.185469061389491402e-02 2.169700383449241557e-02
5.386187207199781557e-02 -1.533938511738904276e-01 -1.567060935744695599e-02 -7.181358605812931950e-02 2.149921318969153228e-01 -5.586303861984743407e-02 -1.254328299177276951e-01 5.619147970853347052e-02 1.107937823694693513e-01 9.696255023008139295e-02 7.616652180044905518e-02 1.968086939664899851e-02
1.813876614141603782e-01 -1.099933846238715790e-01 5.615473412746530002e-02 6.757051040053038693e-02 6.426308636979712052e-02 1.477564254264935595e-01 2.423551951465403777e-03 -5.885914509841008030e-02 4.020623696331161040e-02 -3.697045310308551269e-02 2.528405297236311494e-02 1.245556073940964209e-01
-4.115552768642849468e-02 -2.795810429225155380e-02 -1.395689398537126591e-01 -8.520093472168985271e-02 2.563009968359239443e-02 -3.504276577489314620e-02 -1.015631675122574684e-01 6.925183138880061651e-02 8.182282785578059991e-02 -7.932157692140222316e-02 -1.903368007998386957e-01 -1.045487396550126291e-01
-7.947597890026968093e-02 2.117109560521249906e-02 1.273219819837723881e-03 1.955153472295656503e-01 -7.165190156010849305e-03 1.370212392879357755e-01 4.568872149338976119e-02 5.913707507345516978e-02 1.927384507067713693e-01 -5.559988566191137460e-02 -6.410903419232363842e-02 9.515837072753280390e-02
-1.446950722470124739e-01 -1.122124812042849945e-01 2.138244546796106427e-01 1.049305791754678585e-01 1.993098325579874819e-01 -8.055476151757136371e-04 -4.135335415819012955e-02 3.530079616262343095e-02 1.668035854223196557e-01 5.987788731980385470e-02 1.577487606885650540e-01 -5.096113196112569271e-02
2.545670722030937139e-01 2.668008363079774070e-02 -3.389745798724903836e-02 -1.561477411853199326e-01 4.496426300159171024e-02 -2.537679158073885208e-02 -2.770136313262007433e-02 -6.748928205287416104e-02 1.710990087020000106e-01 6.496832277965843006e-02 -4.405549328229669409e-02 3.768240911301249524e-02
2.876702056351997452e-02 -1.341854526849252660e-01 1.323505616211526591e-02 1.511498906866394765e-01 1.764599263367210014e-01 8.527573698186367845e-02 -7.772519082359680143e-02 2.232415706123889315e-02 7.757358728771965306e-02 1.012620285373437151e-01 -5.781133133405219962e-03 3.813055893102431509e-02
-1.306940182220086288e-01 -2.951760906590990621e-02 3.960842217093432649e-02 2.370125900140756040e-02 1.115530341797495856e-01 3.889752570283808858e-02 -1.038265783297820655e-01 -8.196822295130926084e-02 2.513341873836281212e-03 4.254121274879639480e-02 -3.106466855448969389e-02 -1.271188464827270048e-01
1.256529446239163794e-01 -2.229761099807618940e-01 -8.809923268749965397e-02 -1.784816733335512495e-01 -8.859990551224476707e-02 6.092490384906595197e-02 -1.959212013070308622e-01 -5.215086940970883878e-02 1.800846381494162762e-01 -1.571623305327628228e-02 -7.972011794710912730e-03 4.006700979330444362e-02
-7.010407836237349255e-02 -9.070234434841210891e-02 -3.469662839601747595e-02 4.061870237770822539e-02 -6.888037807771808796e-02 -1.818926970847500046e-01 4.218928027466987279e-03 1.947095483336599292e-02 5.182601269062013342e-03 -1.061928320399560394e-01 9.277668580316766889e-02 6.521178952906277193e-03
-3.088234634070763721e-02 -4.887983501126643565e-02 -2.859451572490699992e-02 -3.906661514393049844e-02 1.185732828063850303e-01 -3.840968948981348524e-02 -9.904988216481472318e-02 5.879431818276892319e-02 1.191023832940233396e-01 -8.281502813765047322e-02 -5.406529712408034843e-02 3.830348545671521249e-02
-4.539932848724709431e-03 -2.021135278178915473e-01 -4.927938033040689392e-02 4.579937573414587931e-02 1.192032185201555711e-01 -1.134018465377564927e-01 -7.770016608200722152e-02 3.896966659461932603e-02 1.433517448309259423e-01 2.252217945996727935e-03 1.506092227648836157e-01 -2.032074555522947121e-02
-1.258948086646735805e-02 -1.530463617309740787e-01 1.309098694190894974e-01 -1.633639218920305280e-01 2.905943291337695356e-02 2.326067924772633883e-02 -1.328535425850310980e-01 6.739293598320439393e-02 1.305976974595108309e-01 -8.254180672496881643e-02 1.523167901878241109e-03 5.689995104694266920e-02
1.125257059177139501e-01 -1.710068460738578544e-01 -5.696898424029174512e-02 4.441191165751391494e-03 2.593812921661783205e-02 -3.028641350480579600e-02 -1.235226033206775209e-01 1.473895466826005141e-01 2.547620121485431599e-01 -1.003370976534253695e-01 -3.971698881220021154e-02 5.195766768347395356e-03
-1.506045066224123534e-02 -8.288019026961894464e-02 1.388782857920579407e-02 1.252872915423309252e-01 2.451256716111802902e-01 5.181733178659935629e-02 -7.254159642514759754e-02 5.469253134732949065e-03 -9.203786248026385453e-02 5.220594462242124367e-02 -1.319058136448245967e-02 8.202505798320653199e-03
2.388736210342405977e-02 9.815253054113400044e-02 3.295961901468759392e-02 3.652796099465607099e-02 -1.603720412640399166e-03 7.945737716424301766e-02 -1.274554563690947218e-01 1.692837798652682690e-01 -3.001089980971049023e-02 -8.076945639352599293e-02 -1.604061460790434934e-01 -8.792528333401758434e-02
-2.326319347308465069e-01 -7.914335080150904089e-02 6.039671660440403683e-03 1.162347081741263444e-01 1.366101538505475332e-01 -6.845150897411370408e-03 -3.428932409260709163e-02 -1.074312527012379614e-01 5.884211130750657132e-02 6.508581040821968811e-02 -3.070592647063759284e-02 -4.706479349937080572e-03
-1.747557606821009413e-01 -2.004404063226198351e-01 -1.600711569449193503e-02 4.333023776135783850e-02 -2.448023419032098469e-02 6.287219000219065879e-02 -2.271939026538838113e-01 1.560587891830293450e-01 1.821456901172551768e-01 -5.033463525826291363e-02 -1.844327902166829347e-01 -1.159732204692406066e-01
2.301559187525266739e-02 -9.083985519773284112e-02 -1.178607976959367837e-01 6.824521071644742976e-02 8.583557453122415970e-02 -4.183445308244165134e-02 -1.882045094634309523e-01 1.426380959995010578e-01 8.201934575371714817e-03 9.582263999650482422e-02 6.489790561235209143e-02 3.628425975867010517e-02
3.138212442675511471e-02 7.007370164843075566e-02 -4.803581821086830295e-02 1.109686671593484997e-02 7.117547988456553176e-02 -1.539017823934236417e-01 -1.619484449067866427e-01 1.626866896114311234e-01 2.186793384073656421e-01 1.772421321287177137e-02 2.650409055211380011e-02 -7.973040183194823882e-02
-1.427645129480772102e-01 -3.534269319017593197e-02 -9.389881347431806857e-02 3.028943359600210980e-02 1.921151664273557796e-02 9.113157282854698893e-02 -8.482871054963150859e-02 -1.544108973325963308e-01 1.292026381560158477e-01 -2.957242298577349160e-03 5.453497907357910540e-02 -1.602943768717229045e-01
-7.691363550176651132e-02 -2.996186588546132512e-01 2.050979568857537114e-02 6.145099136077693952e-02 7.900547934510445541e-03 1.157106224746368567e-01 -1.901100955317563124e-01 9.966612509312522405e-02 1.417862278789121522e-01 -1.061821127208511933e-01 6.063612696989285206e-02 8.771828017043961645e-02
-5.343562339393878591e-02 -1.833820483113881017e-01 -1.397885032658767734e-01 -1.017012397896487896e-01 -8.392981365659686610e-02 2.842080388039792266e-02 -1.879920438027574414e-01 1.267889575216691600e-01 2.495410875344892809e-01 -3.479879471267675883e-02 -2.632393932938284584e-04 8.301430856511035974e-03
8.303163981839321861e-02 -1.024383679864319802e-01 3.601640514852499746e-03 1.539524923935703948e-01 1.596206183214694818e-02 -4.577380983151507071e-02 -7.784935728936967503e-02 6.195837535063296320e-02 1.530384633283095042e-01 -1.713582643127792571e-01 -5.504406615889401860e-02 1.170215427240206552e-01
-1.206316097461055808e-01 1.816872122246011856e-02 -8.815486807072438202e-02 1.215367125634097267e-01 5.968586891142475814e-02 2.221216922506662889e-02 -8.645240679747753787e-02 -3.869998890109709044e-02 5.784974986229732968e-02 -6.779853307904380733e-02 3.740460906143811687e-02 7.989323742194803790e-02
-3.346169033007914684e-02 -2.578257145130401495e-01 -3.353901008327619948e-02 2.924543611382005373e-02 -9.215803874344778712e-03 1.212615178809908628e-01 -1.680354123647547493e-01 9.328614580166949555e-02 7.965807481916253874e-02 8.343766453318256227e-02 8.298179121209768930e-03 -7.728331496917351107e-02
2.654097700715963778e-02 -2.778451034613499959e-01 1.220866747689299849e-02 3.107599041820689224e-03 -6.648799566833189789e-02 9.655177342919825378e-02 -3.424796025319171849e-02 -5.151156215147051701e-03 -4.726590017564572671e-02 -5.397652226922383667e-02 -7.097449002250466599e-02 -8.938269104130269066e-03
6.693486357283431366e-03 -1.727341362202389208e-01 -1.112433975765211164e-01 -3.854195710865309515e-02 -6.800956868385420184e-02 1.801202613277769482e-01 -1.055757367617006504e-01 1.265805556770069340e-01 2.739105460332525582e-02 -8.872871242856912588e-02 -8.426906247368651237e-02 -9.281182458549719350e-02
-1.386678856004057436e-01 -7.242511720808482434e-02 -3.367615672363204193e-02 7.172930208099767557e-02 3.596849964373509401e-02 8.828413841344966151e-02 -1.241045414835601490e-01 -9.032644104824130715e-02 8.543440733995497083e-02 -1.083588476920136351e-01 1.454309287176075161e-01 3.645447577336673878e-02
-8.162778248713904727e-02 -3.546375468759569403e-04 -1.475628399137360325e-01 5.372667790983311903e-02 9.204343433814120290e-02 3.222484220293876656e-02 -2.018331143929713301e-01 8.271416999714517604e-02 8.393400832014452639e-02 3.901880778264220362e-02 6.221745638847944043e-02 4.778372978608908667e-02
8.543328301862126647e-03 -1.477162894205446553e-01 1.996704607617540497e-02 -3.851264434019881916e-02 6.657757014167119125e-02 4.640858360034536695e-02 -1.756131768580999550e-02 -1.390133945191758813e-01 6.537226340046452255e-02 -5.749969750322148077e-02 -6.230008502149855798e-02 -9.048328642486697104e-02
4.824449500659381976e-04 -1.073302720012749151e-01 -1.779819374540034596e-02 5.910032815391350752e-02 5.869083890591118846e-02 4.765486999323258893e-02 -1.591645836289909688e-01 -9.806457842209975739e-02 2.362460916342728340e-02 3.564518253682054383e-02 -1.005466444593710873e-01 -1.312272048708637284e-01
1.143485447287318074e-01 -1.643558095842665434e-01 -5.525341808068795491e-02 4.997787128114199000e-03 2.162946200577058053e-02 -1.826894335680454007e-02 -7.682003158315905966e-02 6.055225988708849705e-02 1.681189820200365559e-01 -2.505174594495134799e-01 -9.160939580673721494e-02 -1.456235372236585474e-02
8.200693262302931330e-02 -3.045907772194194479e-02 1.013023874581820381e-02 -2.968666946134465232e-02 1.342498732041001036e-02 4.297856458813806985e-02 -1.571752777467161633e-01 9.330973299113745623e-02 2.265389897691337182e-02 -1.076022480077275939e-01 -4.997318911705151551e-02 5.143305854575579844e-02
2.167814162941225989e-02 -1.075180531262272116e-01 -3.942134134671887447e-02 3.063130115370317832e-02 -1.087608142524588567e-01 -1.171220169291187913e-01 -2.671439385113249521e-01 -3.251443577601093038e-02 9.464430229681153328e-02 -1.531957380198640251e-01 -7.600337518572372608e-02 -9.792809547946912385e-02
6.502536913765939730e-02 -7.478603832611389890e-02 -7.838285153026610871e-03 7.380083151248523210e-02 9.081009300827456998e-02 1.213686361667830199e-01 -1.385089822468652497e-02 -6.502037852632801609e-03 9.529526833882090431e-02 -1.580724139791189198e-01 6.006106332782549379e-02 -5.983279682570414454e-02
-1.456697244357254284e-01 -7.064326426257068470e-02 -1.648304747164420214e-01 1.147093211116490818e-01 7.247842950055251310e-02 3.617708994425732766e-02 -7.975263093508835888e-02 8.176172013837393338e-02 2.161466374433196891e-01 1.267410518150145771e-01 1.230448998498305524e-01 -5.942216224752337045e-02
8.594587457801823593e-02 -5.152727877764141234e-02 -6.328776331242992603e-02 -1.691352233933116067e-01 -5.955091904830733113e-02 2.011638307924180566e-02 1.564188736586192771e-02 4.627366425331611022e-02 1.274840919334009615e-01 3.683308965004558622e-02 -8.928133708152080628e-02 -1.288726434859781833e-01
1.924878887911987968e-01 1.445905443781990429e-02 1.310583334387874221e-01 1.017181702256394760e-01 1.905985410893587806e-01 -1.347429725348850936e-02 -1.180370790772036771e-01 1.471062401492408411e-01 1.380157803123700511e-01 -9.776463861369698305e-02 -1.333538827699014273e-01 -7.682777778314742179e-02
-4.545379294211814849e-04 -2.644106686509929971e-01 3.876655621071201097e-02 -9.570196865856100965e-02 1.724215305252419228e-01 -1.398054554722585052e-01 -1.976482865030434743e-01 -6.043935498640137099e-02 1.669844692654772755e-01 -1.128639203812834974e-01 3.620077905837742333e-02 3.191905958277200389e-02
-7.785501661923864558e-02 -6.134338223335562140e-02 -2.330381510414897273e-03 -3.930158512431627255e-02 9.435657329295098206e-02 2.213689642648324074e-01 4.349584456821532774e-02 -9.725599735631203224e-03 1.966192413717101073e-01 -5.428588955048495313e-02 7.217583818783970817e-02 -3.439047748995848613e-02
-3.502372126389424745e-02 -1.688802728258527730e-01 -1.521628507479736402e-02 -1.502778042301342598e-01 7.537985053727313048e-03 -1.440859279457088783e-02 -1.552269575590857487e-01 9.863084640109037737e-02 1.446108002367064715e-01 -1.517255716810994859e-01 -6.126421580597194577e-02 8.796488315455419649e-02
2.383657947169064498e-02 -6.117424971191657429e-02 -1.648495505942094153e-01 6.886427208542247880e-02 7.547596064920474024e-02 -1.901980241798727211e-02 -1.368958802955822784e-01 1.810382289766824804e-01 2.551189785081496852e-01 7.094456915791787222e-02 5.807176106433623725e-02 -3.652073124715813496e-02
7.211189420387099924e-02 -1.118885109005024886e-01 1.800136040989676681e-02 -1.023052586628533933e-01 4.923202086005387668e-02 5.281297920626456394e-02 -2.593872801271618345e-01 -7.554764628512352460e-04 1.922040268213533465e-01 1.040056829227137686e-01 4.192798731050797340e-02 4.839255508484153340e-02
5.813868767396053461e-02 -2.023321868151898295e-01 -1.116749468144971197e-01 -8.992447334156006278e-02 1.323551867279995353e-01 -2.557739394768162797e-02 -3.696812234229628763e-02 5.980999273623183177e-02 1.873321269332365868e-01 -9.821854770419884140e-02 -1.119082767234926522e-02 3.095652630811276604e-02
4.910311323069689593e-02 -1.322691194763448222e-02 -5.709836246833589757e-02 8.255469574945806244e-02 1.297008881727053364e-01 1.949244966201086476e-02 -1.555526651198707866e-01 6.996390143905417691e-02 7.721515714733571956e-02 -1.655845774891801514e-01 6.763385365556667805e-02 6.577203184004845604e-02
-1.643224997087589789e-01 1.797227086019480002e-01 1.862921569996484616e-01 2.997621973782270133e-01 -4.728423425789053669e-02 1.632562085934828600e-01 -7.422310793857858635e-02 5.945296878152156461e-02 2.686252617074074700e-01 7.070981873597421974e-02 7.654852485055560485e-02 -3.347349594567555070e-02
-2.734354259842891946e-02 -1.889260211963098013e-01 -4.936468489547778116e-02 -1.756587415095210367e-02 5.502815680704134516e-02 -2.464699002418430443e-02 -1.776384574608055045e-01 1.100418007806904241e-01 9.187570691949134560e-02 -8.350392279186368005e-02 1.012182135868085753e-01 -3.689281089389143814e-02
-7.810989695462257180e-03 -4.683260805445093461e-02 3.059097394263904715e-02 -1.230336563912146075e-01 2.858711370661055906e-02 9.694526271802063333e-02 -2.356842254871245601e-01 1.310766572508013650e-01 1.268826475512770113e-01 -1.148758789959304499e-01 2.155174121606726889e-01 9.957129100419634393e-02
-2.789892225484060222e-03 -4.480834863300537513e-02 -1.828422560651065190e-02 5.143826105197648463e-02 -9.687806009193282442e-02 7.288233379322058003e-02 7.142529161502839119e-02 -3.598067077990811657e-02 2.348315102729791604e-01 -5.412324778293781113e-02 1.504432527069147485e-01 -4.791963344992485746e-02
-7.666580842663690831e-02 -1.663463225262820644e-01 -7.913055973775372232e-02 -5.121649214929233779e-02 6.869728223982170257e-02 9.421587547379302319e-02 -1.751551834434312560e-01 -1.102311743038871493e-02 -1.031078986379351491e-02 -5.704673426924156132e-02 -8.474544834048686193e-02 2.429528830164165154e-01
1.749167098138983134e-01 -9.742099828697671493e-02 1.787019634695955969e-02 -4.678506870271560009e-02 3.752340728132717157e-02 1.628715055023329528e-01 -1.795690558967729944e-01 1.079758802497579884e-01 1.736550445524778774e-01 -4.590641204325252370e-03 -1.374089117858206255e-01 -7.386298641346300542e-02
7.033405429644869200e-02 -7.623261199839946600e-02 -6.916394671213842160e-02 1.399905288590492236e-01 1.161930503199590931e-01 8.579443315428521288e-02 -5.547583240917729891e-02 4.476012809322310604e-02 6.155383646463755826e-02 -9.659062255829141408e-02 9.912006031913475623e-02 -2.946127272176050135e-03
-7.763143543005236735e-02 -2.454393629674132826e-02 8.066989678897069915e-02 7.147043587571419443e-02 -4.642228317612085917e-03 1.007001984657883015e-01 -8.168126275255926938e-02 4.645897669737346358e-02 1.390415753035585400e-01 3.664966420977392673e-03 1.241504890456276468e-02 -1.381577772311560690e-02
-2.834869645169240185e-02 -1.907958635311766127e-01 -9.916198229002591569e-02 -1.537773534606362569e-01 -6.652165186337487268e-02 -1.110584041361794422e-01 -8.541560290535737954e-02 3.485839215676781594e-02 5.333891260895307768e-02 -3.166316234136402202e-02 -1.394349005045247003e-01 -2.682013166008658314e-02
5.342791739332271306e-02 -1.251181810449639720e-01 -8.098487879399519918e-02 5.305499685680039462e-02 4.494466225526579095e-02 -8.346446281939336187e-02 -1.047173918097916122e-02 2.747240269352917152e-02 1.623676135441751156e-01 -8.306545562242827196e-02 -2.175282512115854494e-02 2.028236796710884693e-01
-6.330283044865477049e-02 -1.763655755025818617e-01 9.167010381048686096e-02 -9.221461232702263255e-02 1.290175415780697998e-01 1.991355966025590563e-01 -1.003983322420061441e-01 -1.615496356118285154e-02 3.318011699249268781e-02 7.786978737721848842e-02 4.589387787638204291e-02 -4.518062795960798433e-02
-1.290302583203589426e-01 -1.911820783209512431e-01 -4.882952137153203157e-03 -8.214039843167297850e-02 3.434032058503021928e-02 2.946219421310121694e-03 -6.360270967883785431e-02 1.157566514554840831e-01 -2.968362373389970069e-02 2.654060298681446689e-02 2.031791980226851230e-02 5.941333020503011125e-02
-2.876494668552631931e-02 -2.036497867183373334e-01 -3.109450159684097950e-02 9.965115494038059851e-02 4.549958043704505767e-02 -1.582490420767503070e-01 -1.089069134155844498e-01 6.249224696743414798e-02 3.631654518427471223e-02 -2.778474635033204715e-02 2.307463582584988460e-02 -1.228783764009272750e-01
-2.601373207388791783e-02 1.095264110377637407e-01 2.769911315674078445e-01 6.877068782534992430e-02 -6.011043160513950684e-02 -1.627364837497786432e-01 7.894186461684471467e-02 4.470654767548211395e-02 -2.435394311994137362e-01 7.607259257621447335e-02 -1.248431629180473817e-01 1.181906114077252157e-01
-4.422910134091538603e-02 -4.879302452872538026e-02 -7.482693933169727585e-02 5.741902504041374727e-02 6.305099400682061261e-02 4.811340223376561059e-02 -2.482348897085453754e-01 2.757277751786894188e-02 9.298155528028942407e-02 -1.034183429600949063e-02 6.252371942068289667e-02 8.313564311817312272e-03
6.731216631935697803e-02 -1.441779872878909963e-01 6.588915429466014884e-02 1.584647152468969811e-01 1.059840272953156831e-01 6.505554135021780759e-02 -3.787124966311157526e-02 1.489599922665363341e-01 1.250263722109893616e-01 -1.254928077797088370e-01 -4.095131846455620644e-02 -3.244016485159494784e-02
2.369238887657587264e-02 -1.484557638199895391e-01 2.252503350550478720e-02 -1.089652914312511101e-01 -1.435312571241446900e-01 9.401066976012038834e-02 -1.429269364046092117e-01 -1.289022072392246310e-01 1.171343038514204293e-01 -1.362298145521079473e-01 5.743405453511760822e-02 -8.498853188056232355e-02
-7.736907320731246929e-02 -3.505697991121419776e-01 1.184753932152572548e-01 3.663957994949443991e-02 -4.757925484294947549e-02 1.887011264682671718e-01 -5.922354384836126667e-02 5.978914461980844308e-02 1.338427906592255974e-02 -3.557973561271955687e-02 -6.100330906814328130e-02 6.810302812959934463e-03
4.073649186794369402e-03 -2.528636551605773983e-02 5.210253642199132174e-02 -2.628898032073282223e-02 5.343860168713282510e-02 1.229347799913732692e-01 -1.387248171907386196e-01 3.536512543143909698e-02 1.109451629099672820e-01 -1.916005976481720274e-01 9.189179065387970136e-02 -2.250568613189467271e-01
1.189718798244876335e-01 -1.404668720120269276e-01 5.153426249227496814e-02 -8.039857946189313265e-02 4.944894763500659596e-02 -8.977520449939942193e-02 -7.262027031631948515e-02 1.059774852403911338e-01 1.171740265468770859e-01 9.286428604666765660e-03 3.191834193425816674e-02 5.856346642376520500e-02
-1.221403262064973787e-02 -1.044370805516196404e-01 -3.200235124500072637e-02 -1.795927076878833795e-01 7.498543386559676505e-02 9.338520808545631990e-02 -6.829718441380909499e-02 -4.864754981072440948e-03 1.180234165117129974e-01 -7.124109381390174300e-02 1.124603986896526575e-01 -9.949076145898832352e-03
-9.113571638246707740e-02 -1.541007376725775369e-01 1.035288961197638052e-01 7.834504207600945236e-02 5.556200115955878260e-02 -1.242985384310109492e-01 -5.582742172567487643e-02 -2.965264108769727607e-03 7.240600875802920278e-02 1.324276904610982297e-01 1.387749157589805160e-01 2.158038812706275858e-02
-1.336465313357373674e-01 -1.796180037703501431e-01 -5.412959331183095010e-03 -1.392696297455714438e-01 3.224425223898691462e-02 1.286497950895854614e-01 -2.275470748433501000e-01 7.091281485390096839e-02 3.814511634559655806e-01 9.235294645672158242e-02 3.943059706627641964e-02 -7.994388386661091528e-02
2.278012769521548311e-02 -6.102665580165748255e-02 -7.706838402145312072e-02 9.656323969028487997e-02 1.437071532827916553e-01 4.723003635521221683e-02 -1.006940642033996303e-01 -5.415032001358985325e-02 1.567031181799873885e-01 2.537672532022131749e-02 -7.810018830269385703e-02 1.901338878345435954e-02
1.568225016775832981e-02 -2.295996861975092562e-01 7.000296321433262248e-02 3.531380645182041061e-02 1.225444178547965141e-01 -9.591227847592616665e-03 -5.783292953351352322e-02 8.557587303236754983e-02 1.557072697371383319e-01 -5.094290437385279313e-02 -2.487097018288029343e-02 5.022603835877823691e-02
-2.858902709796205463e-02 -1.724418732056879899e-01 8.207765648153834970e-02 1.020289504941241654e-01 3.841307994745452037e-02 2.969648825442509910e-02 -2.322755164124592209e-01 -7.571420874248177557e-02 1.398152070459812157e-01 -2.779758222673285595e-02 2.654318992777303376e-02 -2.010280362215873320e-02
-1.285637887941009916e-01 -1.079865082664553250e-01 1.062029098757501372e-01 8.915474763272945857e-02 -1.501094936201755048e-02 -4.722413268827335350e-03 -2.448555027105702442e-01 3.163096143473070887e-02 6.397501337827599110e-02 -1.287628227291345850e-01 -1.071708662154324532e-01 -1.796116336715871190e-02
-2.695119776355553096e-02 4.168634550521029859e-03 -1.245910274697041853e-01 5.370867034444488236e-02 -9.300933463404782719e-02 -6.412638526011175955e-02 -6.508779028334982231e-02 5.718394622726333948e-03 -9.081099972042400159e-02 -5.457232749596246935e-02 -6.640084202474613728e-02 3.469530368451297780e-02
-2.637230942138680048e-02 -2.654684132008666014e-02 4.206298634055720409e-02 2.441398407775741478e-02 8.884568166466579042e-02 -4.963643416871284936e-02 -2.252104602121078603e-01 4.258284855600387442e-02 1.470154658022618244e-01 -7.935555164730993816e-02 7.802480025214150738e-02 2.969872595986720043e-01
-1.591496866241372266e-01 -1.981976247170676442e-01 -7.373838243961695904e-02 -6.326883639427169359e-02 4.837256862800515256e-02 1.151096196524987875e-01 -2.309762726873379746e-01 -2.967124696968207603e-02 1.598086365355103067e-01 1.424935257588778349e-02 -5.571927811788512236e-03 7.632592888875754794e-03
-1.346489738048870233e-01 -5.896319123571857473e-02 8.247636027526129843e-02 4.037604287492731897e-02 1.358372411893499498e-01 1.739254144819005893e-02 -1.355999758295057533e-01 -1.422017852529156186e-04 1.596666843140600034e-01 -8.899390168534389300e-02 5.070865859022739147e-02 7.291414895352255066e-02
-8.720383568183327772e-02 -1.514055493662707641e-01 -1.096021577492606487e-02 1.049792426967276898e-02 7.426878229020873745e-02 -3.150968067247169723e-03 -2.392679518128123239e-01 -1.964724401713758423e-02 -9.566446976835679336e-03 -1.067607826937255339e-01 8.844217384356203859e-02 1.189443448279529358e-01
-4.637325178042099594e-02 -3.920970020334760969e-02 1.022714921560571449e-01 -4.547004635155548619e-02 6.713640519799983497e-02 -1.022999844150847097e-02 -1.101760852982621164e-01 -6.522505319316166880e-03 1.310558303513336686e-01 -6.400866774949755256e-02 -4.341615865714042177e-03 2.685412349813178987e-02
8.100290410323958412e-02 -2.740278264796143781e-01 7.693330868051635740e-02 -6.754740327778244180e-02 8.896173961242347106e-02 1.832183157818286501e-01 -1.574181628752592543e-01 -2.599214493707778951e-03 1.967907427854402314e-01 -4.909632904771077389e-02 1.737497259784266668e-01 1.430798278958637371e-01
3.429643656655587680e-01 6.561724159380365358e-03 -4.581868688884548346e-01 -1.613741295147028132e-01 -2.795152992750884469e-01 -2.348327319538394964e-01 -4.764324627921097399e-02 -2.442693751847289096e-01 9.634011919804402399e-03 -1.420090129864649831e-01 -1.288393163765454152e-01 7.701917879972161041e-01
-7.815464125208172741e-02 -5.899396732450316178e-02 4.253531102376632844e-02 -3.667013326374488763e-02 -6.509577577913645829e-02 -8.248583678467945324e-02 -1.506111063918732194e-02 -4.369982692194906981e-03 1.841133854180850710e-02 -1.354685879989974140e-01 -9.851350976999259657e-02 -1.951737918412848882e-01
-2.683497343931761075e-03 -6.446787103802373298e-02 4.357241446927971606e-02 8.956740546368835432e-02 6.862840366833609929e-02 -2.396845156861981962e-02 -8.749886608369286667e-02 -9.288829095311706974e-02 1.511306521318794838e-01 -8.295885669949222552e-02 -3.729105932660437550e-01 -1.815710004821032564e-01
-1.260467260011637336e-01 -8.160681168893758886e-02 7.948007037050617771e-03 -1.249232705631820317e-01 -3.859050404408700952e-02 -1.013352460237487845e-01 5.799592449095227267e-03 -5.834676577819259899e-03 2.711395263384471233e-01 -8.864847900388532487e-02 -6.898323418456214773e-02 -2.736147737827614446e-01
-2.443972743320787025e-02 -6.219510640253809314e-02 -9.328710061277832588e-02 1.316449713157255008e-01 -8.948894707336009502e-02 -7.449550250281188057e-02 -7.985534102097716080e-02 3.311875027197652699e-02 8.196058207541265239e-02 4.862351795313624159e-02 -1.541392210299841470e-01 -1.839024430060296755e-01
3.757893924466766591e-03 -1.026370917779112352e-01 -1.095364181858206470e-01 -1.008355845623750205e-02 1.282481816374580752e-01 1.020394972128020467e-01 -2.252716563690231044e-01 -1.683870507535359384e-02 1.934021586285727956e-01 3.274931514125906107e-02 1.196657420201448045e-02 -1.472782783979678933e-01
-9.740653476534046062e-02 -8.224330290588556525e-02 1.073608813082967545e-01 1.530932532972691384e-01 7.800918589735507391e-03 -5.474174140932721450e-02 -1.506824087000490364e-01 5.076923775636356384e-02 1.149950901742060883e-01 -1.165941147905406178e-01 8.185770313955573196e-02 -1.013795067037474851e-01
-1.859704358359814125e-01 -1.861234991584780341e-01 -4.363179975668171617e-02 1.477777804479500287e-02 -2.529169231753117079e-03 8.665017034355711190e-02 -1.364114491715686939e-01 -8.050505683259085929e-03 1.403655699480967356e-01 1.082318691581108348e-02 3.089097937923883375e-02 -3.560231361677456286e-03
-9.014239656185145388e-02 -1.179798897564895283e-01 -3.332616851198154373e-02 3.010755814089395230e-02 1.722619237788622082e-01 3.908810060947597205e-03 -1.385845589385753251e-01 -7.554402921112815528e-02 5.679732778784780250e-02 -1.644031283569809612e-02 1.492945665168575464e-01 -4.303541743367226419e-03
-2.698755531629921656e-01 1.553046486987683661e-01 -1.812273999516181844e-01 1.743118774227520040e-01 3.330536106092200077e-01 -2.881835019503647399e-01 -1.730879536535748220e-02 -1.515187176281159176e-01 -8.398610902307929171e-02 -2.677228865700976290e-01 -3.254744223509086765e-01 1.468854857874285491e-02
-7.565322484083757126e-02 1.034490818914793053e-01 3.871408735262956563e-02 1.269812983019034391e-01 -1.540806701602979167e-01 6.145762614642812267e-03 1.317127814819027132e-01 -1.047375881836789674e-01 9.016657086308668689e-02 4.062999767997540340e-02 6.100552965179763254e-02 -5.044404576920905742e-02
