6.311828209769781983e-02 -5.233639767383772845e-02 -7.088206169942956603e-02 -4.964986731925114666e-02 3.445403058990817446e-02 3.013742846434618039e-02 3.791436814421585144e-02 8.144407405324677676e-03 -1.524333628879930361e-02 -8.074525186715389435e-02 -1.889894301371557173e-02 -5.306193190541914212e-02
-2.199017196410291419e-01 -6.450693045519748092e-02 5.203024786539732494e-02 1.673721750752796972e-02 4.364142189221676543e-02 1.088138019379790294e-01 3.420159766602097473e-02 -1.348571251290279216e-01 1.233239483659380881e-01 -3.413364161168579852e-02 -2.739960574340469593e-02 2.665403844843756698e-01
4.413845656616807722e-02 -2.238491109225536693e-02 2.600244574811370890e-02 4.445947039324929170e-03 -5.653152658539342679e-02 1.444108007665431681e-01 8.416007900126348112e-03 -1.167693233620806376e-01 -4.281566127592648791e-02 -1.378046186542886686e-01 -3.794999619773661848e-02 1.853521373414411533e-02
7.697993781767749344e-02 -5.476303678647748835e-02 -7.241507777953074682e-03 -8.661451788993621004e-02 1.667598382766250498e-01 -6.935342082635692629e-02 -7.811215422771491251e-03 1.898904862464373400e-02 4.535353475421294127e-03 1.509059844244348414e-01 8.007121621660480415e-02 1.651907929630040683e-02
2.045057271598388626e-01 -1.136257023646018022e-02 6.458383570696052400e-02 5.276957856872605684e-02 1.603079274950912347e-02 1.342660432199815346e-01 1.200451664464147195e-01 -9.606157618230121154e-02 -6.605219193073455508e-02 1.697298109126234994e-02 2.918874738851859330e-02 1.213938172937483739e-01
-1.803746194074695372e-02 7.067271009516178093e-02 -1.311398382742147706e-01 -1.000018665534967433e-01 -2.260219393669739979e-02 -4.853314798140612174e-02 1.605844698269538046e-02 3.204940030491026937e-02 -2.443560103826807398e-02 -2.537814272705162660e-02 -1.864321063836770487e-01 -1.077105297553603291e-01
-5.635791315458957979e-02 1.198019099926225517e-01 9.702321399332093296e-03 1.807144153977653933e-01 -5.539748377630034082e-02 1.235308570814197537e-01 1.633103359883391337e-01 2.193464398956394834e-02 8.648002181272407274e-02 -1.656451467564488836e-03 -6.020433977616874294e-02 9.199658062718510387e-02
-1.215770065013339896e-01 -1.358166681687238316e-02 2.222535562591083924e-01 9.012964734366096797e-02 1.510775389376972366e-01 -1.429592982168767165e-02 7.626826033676498140e-02 -1.901634921267772275e-03 6.054515652827700128e-02 1.138213215141549994e-01 1.616534551047266732e-01 -5.412292206147616136e-02
2.776851379487589311e-01 1.253108980182078835e-01 -2.546835640775516052e-02 -1.709486730171201618e-01 -3.268030618696740434e-03 -3.886717378725281641e-02 8.992025136233405824e-02 -1.046917131367644249e-01 6.484057980795662757e-02 1.189117569740093250e-01 -4.015079886613834997e-02 3.452061901266231109e-02
5.188508630920033587e-02 -3.555463829751131372e-02 2.166415774160932242e-02 1.363489588548390530e-01 1.282276327164297292e-01 7.178535477535359643e-02 3.989642367135536050e-02 -1.487827402265164134e-02 -2.868484160632914920e-02 1.552054627316972746e-01 -1.876438717248845624e-03 3.496876883067404768e-02
-1.075759524763286873e-01 6.911320532150316831e-02 4.803752375042844719e-02 8.900327169608075392e-03 6.332074055946135260e-02 2.540714349632764574e-02 1.379503616517013462e-02 -1.191706540351995802e-01 -1.037450870202128034e-01 9.648464694314506929e-02 -2.715997413833170018e-02 -1.302806365830769808e-01
1.487710103695948916e-01 -1.243452955933431331e-01 -7.967013110800333364e-02 -1.932826051653514787e-01 -1.368321991325381626e-01 4.743452164255332337e-02 -7.829958681208032401e-02 -8.935330049360118432e-02 7.382620925537117240e-02 3.822720114107003297e-02 -4.067317378554433441e-03 3.690521969295440519e-02
-4.698601261669314161e-02 7.928470038999255176e-03 -2.626752681652357729e-02 2.581777054590900580e-02 -1.171126716980070703e-01 -1.953830792912624736e-01 1.218405425224168420e-01 -1.773147625052481913e-02 -1.010758276249873466e-01 -5.224939784560564404e-02 9.668138021932354276e-02 3.359388852557744498e-03
-7.764280595027158761e-03 4.975097937614459537e-02 -2.016541414541325392e-02 -5.386754697572893047e-02 7.034098918609603401e-02 -5.190007169632671058e-02 1.857173233013839284e-02 2.159188709887767746e-02 1.284395439997574467e-02 -2.887159394330069198e-02 -5.016060270792475906e-02 3.514169535636497282e-02
1.857813289695563544e-02 -1.034827134304777962e-01 -4.085027875091264138e-02 3.099844390234714198e-02 7.097092489986664421e-02 -1.268922287442647845e-01 3.992144841294494734e-02 1.767235510727740728e-03 3.709331593688203199e-02 5.619565214034399903e-02 1.545139171810452350e-01 -2.348253565557754940e-02
1.052858487921264248e-02 -5.441554734356132683e-02 1.393389709985873859e-01 -1.781648537238307850e-01 -1.917286070691287536e-02 9.770297041213982583e-03 -1.523192809007637219e-02 3.019050489931380046e-02 2.433926856546346842e-02 -2.859837253061903867e-02 5.427862318034857442e-03 5.373816094659207565e-02
1.356437716633923651e-01 -7.237603168644599072e-02 -4.853988266079757585e-02 -1.035974066604848989e-02 -2.229416440367186503e-02 -4.377679571131855296e-02 -5.900988825721689181e-03 1.101871155987093065e-01 1.485035832545043843e-01 -4.639366345907477984e-02 -3.581229439604219356e-02 2.033976667998774190e-03
8.057615083438647227e-03 1.575062411779229107e-02 2.231693015869967711e-02 1.104863597105275319e-01 1.968933779908900172e-01 3.832694958008658892e-02 4.508001806980525827e-02 -3.173317794915719858e-02 -1.982962913743121502e-01 1.061493788167706259e-01 -9.285886948326450493e-03 5.040715697971862898e-03
4.700542784910475419e-02 1.967833449285493752e-01 4.138872059418165911e-02 2.172702916285667099e-02 -4.983601403293003856e-02 6.596699495773214461e-02 -9.833841874139149369e-03 1.320813487813791431e-01 -1.362693287037579637e-01 -2.682602219917604863e-02 -1.565014516628817631e-01 -9.108707343436528436e-02
-2.095138689851680225e-01 1.948746358590180278e-02 1.446877323993428152e-02 1.014337763423194400e-01 8.837786023026128479e-02 -2.033553310392245683e-02 8.333229040234735319e-02 -1.446336837851237012e-01 -4.741631758654028805e-02 1.190292446025706108e-01 -2.680123205447969628e-02 -7.868269450286048683e-03
-1.516376949364224569e-01 -1.018095919352064449e-01 -7.578014114997843817e-03 2.852930592955946199e-02 -7.271252781060766335e-02 4.938180779567780815e-02 -1.095722881589279440e-01 1.188563580991400526e-01 7.588726122320976764e-02 3.608798936084106797e-03 -1.805280958005213154e-01 -1.191350105695877098e-01
4.613365762093331324e-02 7.790959189678287045e-03 -1.094316961164404356e-01 5.344427888464298171e-02 3.760328091093212421e-02 -5.532483528895527913e-02 -7.058289496848092759e-02 1.054356649156076298e-01 -9.805649431867771715e-02 1.497660741908583559e-01 6.880260002850922818e-02 3.312246965831981693e-02
5.450019017243590280e-02 1.687045160358468521e-01 -3.960671663137409204e-02 -3.704065115864909555e-03 2.294318626427540447e-02 -1.673921645999361107e-01 -4.432683041183319017e-02 1.254842585275418587e-01 1.124209095133223008e-01 7.166764740721935645e-02 3.040878496826910152e-02 -8.289219193229591109e-02
-1.196464472023996001e-01 6.328812119723709051e-02 -8.546971189482174824e-02 1.548850176420294572e-02 -2.902077697755360911e-02 7.764119062203650445e-02 3.279290394532091701e-02 -1.916133284164855122e-01 2.294420926196921728e-02 5.098619189576983346e-02 5.843967348973700543e-02 -1.634561669720712151e-01
-5.379556975608605629e-02 -2.009878444671934217e-01 2.893889726806945020e-02 4.665005952897828545e-02 -4.033174568577922031e-02 1.022202402681256228e-01 -7.248848103680657906e-02 6.246369400923496712e-02 3.552779898486785326e-02 -5.223867852650079802e-02 6.454082138605188312e-02 8.455649007009193030e-02
-3.031755764825848354e-02 -8.475123392397544697e-02 -1.313594016863783576e-01 -1.165021716214554581e-01 -1.321621072768890959e-01 1.493042167388615102e-02 -7.037042930780754157e-02 8.958652643777953450e-02 1.432826586404474245e-01 1.914463948167037521e-02 3.641455022862855745e-03 5.139640756162168478e-03
1.060413895365602543e-01 -3.843391694435884052e-03 1.208328780768052821e-02 1.391060177046636037e-01 -3.225405392698937890e-02 -5.930649963133512170e-02 3.964908068019059456e-02 2.477364605791677887e-02 4.681882040925839511e-02 -1.174197220640658124e-01 -5.117896980041933275e-02 1.138909963835251921e-01
-9.751354400042644421e-02 1.167995356098709692e-01 -7.972576649122806169e-02 1.067357807316028362e-01 1.145357529113725722e-02 8.721787018554368054e-03 3.116920769747531100e-02 -7.590241998498711840e-02 -4.840867903174959908e-02 -1.385509888469641654e-02 4.130930347759611404e-02 7.673144732160033787e-02
-1.034362458439846109e-02 -1.591949001256198759e-01 -2.510990850378219674e-02 1.444450428202083588e-02 -5.744809749463376802e-02 1.077711356744796845e-01 -5.041379786980286493e-02 5.608371471777918310e-02 -2.660035407488618719e-02 1.373810987275365103e-01 1.220287353736681027e-02 -8.044510506952115558e-02
4.965904275284041547e-02 -1.792142890739290562e-01 2.063776905638712439e-02 -1.169333278997934135e-02 -1.147202892886210052e-01 8.306139122268724195e-02 8.337365424176276796e-02 -4.235358729903818814e-02 -1.535243290696896856e-01 -3.308807487692864453e-05 -6.706979560634833415e-02 -1.210005920447932565e-02
2.981155210296470084e-02 -7.410332183282619667e-02 -1.028142959970247960e-01 -5.334288894045156881e-02 -1.162418623041433230e-01 1.666298791212644514e-01 1.204587773325264954e-02 8.937812459311683666e-02 -7.886737429072385175e-02 -3.478527823421936199e-02 -8.036436805753063850e-02 -9.597361468584489352e-02
-1.155498198547266903e-01 2.620569717932633852e-02 -2.524705514413821267e-02 5.692837024919340794e-02 -1.226379397655455797e-02 7.479375620693912152e-02 -6.482926988604141225e-03 -1.275288721321313212e-01 -2.082402155409508737e-02 -5.441541349766300384e-02 1.493356231337691353e-01 3.329268567301649218e-02
-5.850971674145952900e-02 9.827617684053503722e-02 -1.391337383342383105e-01 3.892574607803465925e-02 4.381114071784911884e-02 1.873445999642712675e-02 -8.421149989801682278e-02 4.551173891325455828e-02 -2.232442057390438689e-02 9.296224197699072544e-02 6.612215080463840211e-02 4.462193968573882619e-02
3.166139404754377690e-02 -4.908547503313209770e-02 2.839614765566954649e-02 -5.331357617199728588e-02 1.834527652138052967e-02 3.291820139383268284e-02 1.000602968091429124e-01 -1.762158256030650905e-01 -4.088616549358316254e-02 -3.556263308874691061e-03 -5.839539060534350290e-02 -9.364507652521467107e-02
2.360051069574682636e-02 -8.699457613864237937e-03 -9.369092165906577410e-03 4.429939632211492284e-02 1.045854528562381591e-02 3.416448778672007136e-02 -4.154296913403840441e-02 -1.352670095059910482e-01 -8.263381973062258745e-02 8.958861673116910729e-02 -9.664195004321532445e-02 -1.343889949712117893e-01
1.374666104744100836e-01 -6.572499519685472136e-02 -4.682431650119378563e-02 -9.803144703685626876e-03 -2.660283161451860307e-02 -3.175932556331750173e-02 4.080158291179317165e-02 2.334982880319703274e-02 6.186055312599375577e-02 -1.965740252551542722e-01 -8.770470139058129944e-02 -1.772414382271443947e-02
1.051249983687084499e-01 6.817173666547107769e-02 1.855934032531233319e-02 -4.448760129314403844e-02 -3.480730629987986713e-02 2.948818238162799477e-02 -3.955366325176440379e-02 5.610730190724711602e-02 -8.360452991713643311e-02 -5.365881381337739287e-02 -4.606849470089352527e-02 4.827126844540587103e-02
4.479620737509294043e-02 -8.887238738816187478e-03 -3.099223976722451090e-02 1.583036932190398996e-02 -1.569931078727530294e-01 -1.306123991356303304e-01 -1.495223240163786882e-01 -6.971686685990230448e-02 -1.161412659723747888e-02 -9.925230382550906394e-02 -7.209868076956832406e-02 -1.010898855798168100e-01
8.814343488333853394e-02 2.384477606129743049e-02 5.908164264678806253e-04 5.899989968067892443e-02 4.257779938798286756e-02 1.078782539602718554e-01 1.037707162702651842e-01 -4.370446893652478459e-02 -1.096316055522819286e-02 -1.041289797847650411e-01 6.396575774398452485e-02 -6.299458692605433563e-02
-1.225516586900464722e-01 2.798755012484071061e-02 -1.564013731369442994e-01 9.990838927984219131e-02 2.424613588026300337e-02 2.268670773774697502e-02 3.786898355986408060e-02 4.455928905448434257e-02 1.098882085492745159e-01 1.806844860093720917e-01 1.269495942659874532e-01 -6.258395234787320072e-02
1.090639403236975946e-01 4.710353560976896642e-02 -5.485866173293321713e-02 -1.839361552251118637e-01 -1.077832126685938641e-01 6.626000872729418192e-03 1.332635018608107347e-01 9.071233169423431608e-03 2.122566303935515680e-02 9.077652384439413580e-02 -8.537664266536484914e-02 -1.320344335863263552e-01
2.265159244254028037e-01 2.497387417375087400e-03 7.501852275123509217e-02 3.142480229870295988e-02 5.387670170798725816e-02 6.014897964813332304e-02 -8.132244219440289135e-02 5.148651025730264369e-02 1.395968857345469272e-01 3.626819429132478734e-02 -4.116050921915682254e-02 -8.666175001940643052e-02
2.266352781625935800e-02 -1.657798542635691430e-01 4.719565779020616636e-02 -1.105029004903679002e-01 1.241892369049485551e-01 -1.532958376787709742e-01 -8.002667200809299164e-02 -9.764178607029179446e-02 6.072604037143478073e-02 -5.892048618693278283e-02 4.010547347453496253e-02 2.875726948242120218e-02
-5.473695087355853750e-02 3.728743215405504879e-02 6.098720069079814968e-03 -5.410251695611470457e-02 4.612427967266044537e-02 2.078785820583199107e-01 1.611174590631637149e-01 -4.692803081952220956e-02 9.036081247766314384e-02 -3.424553561380399300e-04 7.608053260399606776e-02 -3.755226759030858702e-02
-1.190565551821300486e-02 -7.024945843843981297e-02 -6.787183495303169591e-03 -1.650787360619345168e-01 -4.069430856656238576e-02 -2.789897500108234202e-02 -3.760534306413294836e-02 6.142841531720004411e-02 3.835237134266269998e-02 -9.778213748674449701e-02 -5.735952138981699477e-02 8.480309305420649646e-02
4.695464521737133246e-02 3.745656467549421387e-02 -1.564204490147116933e-01 5.406334025361778789e-02 2.724366702891428682e-02 -3.251018462450105950e-02 -1.927426580062792730e-02 1.438357978927932712e-01 1.488605496141100493e-01 1.248880033522690169e-01 6.197645548049485892e-02 -3.968252134750848564e-02
9.522995994955014976e-02 -1.325769651309012531e-02 2.643046198939031158e-02 -1.171061904946599508e-01 9.997272397655786527e-04 3.932259699975158840e-02 -1.417656656322129338e-01 -3.795790754674192857e-02 8.594559792730638303e-02 1.579491171170673003e-01 4.583268172666585261e-02 4.523076498449127986e-02
8.125675341964037901e-02 -1.037013724277757176e-01 -1.032458452350007994e-01 -1.047254051733669533e-01 8.412289310771148276e-02 -3.906777615419548821e-02 8.065349215265851801e-02 2.260756165234076992e-02 8.107369803919103890e-02 -4.427511350984908445e-02 -7.286133256192929043e-03 2.779473620776381354e-02
7.222117897637643502e-02 8.540390243977599716e-02 -4.866926088884168666e-02 6.775376391765119966e-02 8.146859455241856063e-02 6.002067455498518930e-03 -3.793105062491822915e-02 3.276147035516396161e-02 -2.904327174671326312e-02 -1.116411432948260229e-01 7.153854807172474461e-02 6.261024173970042295e-02
-8.955507251155300774e-02 2.344426104270678490e-01 1.162654115029193164e-01 1.862519541439430493e-01 -1.271273784066142554e-01 9.120936841758403579e-02 3.224505211256105397e-02 1.090566959198262936e-02 1.118807882396585518e-01 1.424238688580691803e-01 3.245787224582822456e-02 9.253290752557163240e-03
-1.470683774960231463e-02 -8.740455346603379083e-02 -3.452365050596897800e-02 -7.193670800127776634e-03 2.760933159865967823e-02 -6.896941926554107927e-02 -5.103778127461242042e-02 6.564189378874629721e-02 -2.974086020176426939e-02 -3.561258251122740442e-02 6.307316488907283025e-02 -6.576550165523244174e-02
1.467376056178452612e-02 3.637821542651482887e-02 3.817806326863271149e-02 -1.244810986458377428e-01 -4.841842277377602505e-03 7.581974267642263565e-02 -1.299843657186972590e-01 9.632128059340219761e-02 2.404881118159227574e-02 -6.572392322330251890e-02 1.990643727731876700e-01 6.980299699531267166e-02
1.562656828286857619e-02 2.703950480748094215e-02 -2.075241048007054473e-02 6.670228415009651912e-02 -1.210881962090784025e-01 2.802305948116574907e-02 1.770129652841545553e-01 -8.309368791907960350e-02 1.339429442784824675e-01 1.240753684972255300e-02 1.190829076493838401e-01 -6.994066679255210583e-02
-5.970825715408468320e-02 -8.092670327080177251e-02 -7.948718574201077414e-02 -4.105737928828664257e-02 2.783024073467193354e-02 6.594670329547547283e-02 -6.421750359675389153e-02 -5.343750423995167337e-02 -1.081306965952297527e-01 3.216482591655501176e-03 -1.005933493829254954e-01 2.201906777576385088e-01
1.970003337876580496e-01 1.156483225649387360e-02 2.548112475309981598e-02 -5.984952478434457657e-02 -5.768706587248560724e-03 1.355342778359678313e-01 -5.069346133148565359e-02 6.296541777402178686e-02 4.679877725734382654e-02 3.694174739190454748e-02 -1.426083269972910073e-01 -7.075416149031624191e-02
9.316005702171992198e-02 2.769553171806528324e-02 -6.495577983794595389e-02 1.417275837164557184e-01 9.978683080585851184e-02 6.761835375162236761e-02 6.786371286981382478e-02 3.740096242905342587e-03 -4.364711992384171652e-02 -6.321541794185829566e-02 9.682166818710394307e-02 -1.476151643725143528e-02
-6.239998957085349240e-02 8.228080841492638187e-02 6.105802275595585693e-02 5.342034260258583800e-02 -5.678056929247587981e-02 7.268288062028568919e-02 4.126398099105327288e-02 -5.629874513645638165e-03 2.700843849110960010e-02 4.817503419977187118e-02 3.130471297030816731e-03 -1.209100972989281004e-03
-9.439646324802635630e-03 -7.984695211844114460e-02 -1.064713181095422040e-01 -1.582946438544811651e-01 -1.191279180341617006e-01 -1.323774436722644776e-01 3.904938911750827080e-02 -2.198933899321227695e-02 -6.226345170607226059e-02 1.515936798427477625e-02 -1.450720435279831688e-01 -2.685259757697105315e-02
7.986748453898553923e-02 -1.710672113849177195e-02 -7.299655100125591878e-02 3.724270978169513802e-02 -1.045723799061943141e-02 -9.920910060352623738e-02 1.117388141287161268e-01 -9.919240285354026174e-03 5.061823982013882728e-02 -3.789522395851945696e-02 -1.315448992652378316e-02 2.147202761353425582e-01
-3.551259625584204938e-02 -7.896478527086563115e-02 1.011910144006065437e-01 -1.132391295242651252e-01 7.448240892948200520e-02 1.926396476879583819e-01 1.621147280213169894e-02 -4.899607691783103292e-02 -7.301956783800178652e-02 1.301725591727453391e-01 5.941338095675744585e-02 -4.248510689247939759e-02
-1.009013543465262785e-01 -9.319182859574695610e-02 5.189007382401254580e-03 -1.016881958547743020e-01 -1.826644804007525325e-02 -6.715207119089958328e-03 5.327065705408076668e-02 8.309013142569529609e-02 -1.383470781394791072e-01 7.709756868834879984e-02 3.015896359522471371e-02 6.372579110598543262e-02
-1.996790588706068292e-03 -9.934687094126390394e-02 -1.966707057845593770e-02 8.183902856838670692e-02 -4.629394774379520794e-03 -1.712883651785530870e-01 1.272920622596266683e-02 2.756586565820864226e-02 -7.386628181748169930e-02 2.091050316164397641e-02 3.023382639139836695e-02 -1.187722146821070385e-01
5.481383584890833771e-02 -7.317234042756240453e-02 1.400195730067420874e-01 2.321234685408183132e-02 -1.054155343640150212e-02 3.375988343758726251e-02 -2.094143447760054427e-02 -4.838624183925816988e-03 -9.065721890780888137e-02 5.756369413502873678e-02 8.916822823847715684e-02 1.038027780971055025e-01
-2.111103559523368201e-02 4.983778985868567157e-02 -6.639783775220182982e-02 4.261809320861515565e-02 1.481870038653293649e-02 3.462302002725305833e-02 -1.306132752135923947e-01 -9.629653566021656799e-03 -1.327687361375953431e-02 4.360159989833709698e-02 6.642841383684189305e-02 5.151774211468430897e-03
9.043023206503611466e-02 -4.554717290047904932e-02 7.431825587415620549e-02 1.436637834150967241e-01 5.775173367502645788e-02 5.156515914370619902e-02 7.975036483184350100e-02 1.117575611826472082e-01 1.876794331694170773e-02 -7.154937358535914949e-02 -3.704662404839771661e-02 -3.560195495194434789e-02
-1.821603865714941511e-02 7.732106690229233886e-03 1.074285671501006706e-02 -6.587358102876979260e-02 -1.806051376438077005e-01 -2.084987700095125920e-03 3.070935637168233437e-02 -1.929441993556278434e-01 -3.370777141370272928e-02 -7.359526515868347607e-02 -1.481494811497841187e-02 -1.163063266491299874e-01
-5.869405851529763823e-02 -2.206366138684016098e-01 8.422892566190050279e-02 3.584277727400844715e-02 -1.126701190930323726e-01 1.146513607221965603e-01 6.685399799274882593e-02 9.360181421449735757e-04 -1.088643093018447638e-01 1.224246481512924686e-02 -1.126699218668651692e-01 3.474541724196664703e-03
4.964526439382768719e-02 8.833146154611934420e-02 4.187048230163339935e-02 -4.287120454842586331e-02 -8.523379026691247501e-03 8.375935625643057825e-02 -1.345977030963673837e-03 -2.452799434571201892e-02 -5.513999463902503548e-03 -1.628808201991394089e-01 6.774332760983878265e-02 -2.221974382307141671e-01
1.349696087835140501e-01 -3.125734725529587948e-02 4.408654758926448120e-02 -6.868232760475921628e-02 9.578765023809420950e-03 -1.180197114659306684e-01 4.721939536794150793e-02 4.627447776901839893e-02 4.273073609968838955e-03 5.483638894378029677e-02 -3.085530116577816367e-02 4.733188556653085410e-02
1.374035689475006788e-02 1.593974100315667664e-02 -4.812943339583343472e-02 -1.897143449105641866e-01 2.451261441629781768e-02 3.596135855014030713e-02 6.546494508529358825e-02 -7.111701629804319247e-02 2.078337408479484158e-03 -2.480209244362925960e-02 6.683477671981580270e-02 4.236457956293568534e-03
-3.977013472243814962e-02 -6.228676455624551633e-02 7.046227686938513757e-02 5.653723693964983477e-02 1.189184095942325166e-02 -1.401763192068805619e-01 5.545122293221384224e-02 -4.374925477459143397e-02 -2.778345201962114167e-02 1.614883386430714385e-01 8.948485795452343350e-02 3.923404852947750404e-02
-1.045723758975057038e-01 -4.829192901249906855e-02 -3.660193994235734494e-02 -1.501536852890069662e-01 3.865923821723578780e-03 9.085354050973448725e-02 -9.365021050475554054e-02 1.755700324189788178e-02 2.511666920872371866e-01 1.362495370469022360e-01 2.543222690520809820e-02 -5.177925072965120640e-02
4.575978989862267837e-02 3.319000327483872387e-02 -6.760733986129058293e-02 6.675371138916297298e-02 9.471038358432683213e-02 1.921960358816361333e-02 7.542381650307466642e-03 -1.238345663659835699e-01 5.651423387504549145e-02 6.282579034837218468e-02 -7.480892476549946823e-02 9.870259696009100331e-03
7.042219418032566458e-02 -1.504238959794322039e-01 9.437376234332722422e-03 -2.384946696182080501e-03 -1.752770813214652151e-03 -2.321947987053436108e-02 4.679286324760575932e-02 2.659754030859554433e-02 6.839340730204238050e-02 -4.429697002771749992e-02 -3.395453102386428168e-02 1.058768620673439242e-01
-2.385887153668174443e-02 -5.824258995398827465e-02 6.916544035056658435e-02 1.141877843620526523e-01 1.783611508160462544e-02 -8.158920769811721374e-03 -9.496684807816214990e-02 -1.157630197072219841e-01 2.897025218081408088e-02 1.493274796833812812e-02 6.330779022509804704e-03 -6.505678906584420884e-02
-9.613557292360559725e-02 -1.516824283076019693e-02 8.929636388196889041e-02 5.811122454615674782e-02 -6.960500019731019616e-02 -2.118469705530588026e-02 -1.339041723283755925e-01 -1.818597018100474166e-02 -4.097081096693071245e-02 -7.373542202432942227e-02 -1.018121740678538945e-01 -5.246385742472270408e-03
-4.934924662035940213e-03 6.397862797213969832e-02 -1.492991391940054757e-01 2.948960677626354457e-02 -1.393645970784939125e-01 -7.594506803648132416e-03 1.943789297868483631e-02 -2.617988938953308767e-02 -1.572925402579428700e-01 -3.380199854224692768e-02 -2.912707579533503621e-02 7.641701296645132813e-03
-8.126499590807767862e-03 8.220948000923808396e-02 2.304793041427341885e-02 1.538296274795531576e-03 3.847927137888839527e-02 -1.083451069055972465e-01 -8.750237512600907153e-02 -1.428734961945559746e-02 2.599358644883527705e-02 -3.389848275323224802e-02 5.495783865021369730e-02 2.840399260137456139e-01
-1.482261642530565693e-01 -9.683561285426806053e-02 -7.439555624732940853e-02 -8.138162226263767618e-02 -1.350887820547630631e-02 9.454273861292067371e-02 -1.061419785142538041e-01 -5.862467848762342726e-02 6.971742627216968857e-02 7.976440354733660421e-02 -5.331730394893062497e-03 -1.109866838576634498e-02
-1.151133147541981844e-01 4.552348202412420664e-02 5.990883185990172888e-02 2.214224008203071262e-02 8.850032009690884938e-02 -1.837329275412063340e-02 -1.544911071709344913e-02 -6.198410834880009601e-02 8.319150041224487868e-02 -4.862629173283906231e-02 2.171320198174481533e-02 4.867871681025678909e-02
-7.121570944185240393e-02 -4.567053328230355480e-02 -2.960560597802675692e-02 1.925688261193090863e-03 1.729976608379886482e-02 -3.631983353111917223e-02 -1.119420123637215325e-01 -5.400064893433662722e-02 -1.196491408905499820e-01 -5.694540210655045509e-02 6.395273037604071176e-02 9.406539356428880727e-02
-9.359366657713707321e-03 4.157466945948997544e-02 7.032293694477029233e-02 -1.126222087553780705e-02 -6.496562923906890226e-03 -1.961474804006362038e-02 4.924769488099189386e-03 -1.897381526735516383e-02 6.019277844900369767e-02 -7.636960350176682719e-03 -5.793087124763294030e-03 3.341626219077326043e-03
7.939467974942629458e-02 -1.853302917456066123e-01 1.087697920441847710e-01 -7.584103848240761336e-02 1.790751799287478019e-02 1.704761775321313177e-01 -2.643057571383598814e-02 -6.056168682046095264e-02 8.032966054250387233e-02 6.571802283985157291e-03 1.713405607395036001e-01 1.158852790881897965e-01
9.124811473176470955e-02 -2.026772426216908243e-02 2.614655056982283926e-02 -4.537006501503516864e-02 -1.718696639166050200e-01 -8.818168995888693573e-02 -5.233179359714794365e-02 -9.629442470536617171e-02 -8.068613020877789255e-02 -2.920989477646557253e-02 -3.663263389501001527e-02 2.332915374222351845e-01
-5.773197264268998055e-03 -1.432849666029349101e-01 3.360527007380753606e-02 -7.285097417270400277e-02 -9.575981905593995702e-02 -7.817414141074072956e-04 -4.340413223168315682e-02 -3.902362731870998025e-02 -3.028494525862123615e-02 -4.489193111382906026e-02 1.104657026764618022e-01 -1.982400959076913161e-02
7.236652798041189050e-02 -5.928300717856044288e-02 2.996150024199134912e-02 -2.436994803682047397e-04 1.085384531375230971e-02 7.517517333997220108e-02 -5.121316844354509290e-02 -8.761611234864098707e-02 7.483848721943314741e-02 5.462462079290417855e-02 -1.582052473457298825e-01 4.342079608157643376e-04
3.053249203606793818e-02 -7.424234569017887364e-02 1.884407067798547081e-02 -1.561972705011795970e-01 -1.119689390390111172e-01 -3.938805102125346458e-02 3.586129128594271742e-02 -4.950491488406572743e-02 1.661598081932897097e-01 3.595918631872225407e-02 -2.387519521227346453e-02 -1.185296937649294759e-03
3.808329710368797694e-03 -4.220513287370913913e-02 -4.069181768706783831e-03 7.829716005349211805e-02 -9.536068395278163301e-02 -5.931747454747582360e-02 -1.843828801981208659e-02 3.827428685697469718e-02 2.221567927488654962e-02 8.268293278004310021e-02 -1.490331999878367376e-02 -6.756301768374117778e-02
2.687595967014803217e-02 -4.006277390499945676e-03 -1.011073166063243406e-01 -2.488449028803719348e-02 8.001588801717023081e-02 8.854911500629082666e-02 -1.076500418740682502e-01 -5.404113615924283076e-02 8.714372973452569338e-02 8.669274933560769392e-02 1.587126861817130669e-02 -1.504400684983162040e-01
-7.428846901966135174e-02 1.638751148152550394e-02 1.157899828877926862e-01 1.382923214654688260e-01 -4.043137503055417581e-02 -6.823212361583683161e-02 -3.306079420509576428e-02 1.356680667247253842e-02 8.736661280158715404e-03 -6.265068059618968122e-02 8.576239755571149481e-02 -1.045412968040952545e-01
-1.628523700903029281e-01 -8.749268477106610098e-02 -3.520269817718757466e-02 -2.315378700483758769e-05 -5.076146285204270053e-02 7.315978813704676620e-02 -1.878983467661486662e-02 -4.525293676715059360e-02 3.410714105405132646e-02 6.476662111015804579e-02 3.479567379539418026e-02 -6.722021462026375391e-03
-6.702433081617202582e-02 -1.934907536907706782e-02 -2.489706693248742997e-02 1.530662630909474659e-02 1.240296301585688404e-01 -9.581572145564074688e-03 -2.096294444362167136e-02 -1.127464602950184192e-01 -4.946110110619850869e-02 3.750312135864836832e-02 1.531992609330191657e-01 -7.465331843716184121e-03
-1.607652439811358136e-01 7.080361126359308033e-02 -1.017940023409392436e-01 6.251272252157918929e-02 1.134052134962299785e-01 -3.054695869266813024e-02 -1.161799497301097828e-01 -1.193314920187073525e-01 -2.329989681740607388e-02 -1.782119601678427631e-02 -6.822202060469965273e-03 2.748416329734659769e-03
-1.013399645582585273e-01 -6.140711872308933506e-03 2.934841893096909807e-02 1.434267781150240506e-01 -1.004892328044189598e-01 2.113507617743224168e-02 1.022098709732579495e-03 -6.340155364602270693e-02 2.082314918564735495e-01 -1.930715142485316463e-02 5.666698030051441071e-02 -4.693094565771084581e-02
