2.469537808126779851e-03 -8.875886888867756674e-02 1.049547454819606609e-02 -3.772605742674670082e-02 1.086077850568488989e-01 -1.132143591511020203e-01 2.212676634305194359e-02 4.306640651179517720e-02 1.150295521310034375e-01 7.058839977275183086e-02 -9.361189994296183203e-02 4.557745800729465918e-02
-1.287298141445857858e-01 9.724873675575526621e-02 7.979173765108293881e-05 -1.152381131451057084e-01 1.319378715250767165e-01 2.649039482016497110e-02 -6.674401059515507051e-02 -5.945618507713032463e-02 -6.871503171389624354e-02 -1.092211569887529144e-03 9.607765732607598252e-02 3.889260164805598274e-03
-2.490031205388179309e-03 -2.065859071428264790e-02 -2.737377611582323539e-02 -1.959668246036086470e-02 -1.225494498059213379e-02 -8.357649214300744145e-02 1.310286090112172674e-02 -5.693215664528442077e-02 4.753193807304510743e-02 4.135796783815304245e-02 -1.085840366135935181e-01 -1.753589868428667362e-02
7.730069745446847829e-02 8.419135348926345963e-02 1.887377174467091967e-01 -4.962948927098007057e-02 -7.241963418062631087e-03 -1.096811021680057716e-02 2.123024873842865867e-01 -2.586332351020144762e-02 1.276602542541341312e-01 1.048491830891662077e-02 -5.605730122513975788e-02 4.950782532336443949e-03
5.113175071625289392e-02 1.279861803711170309e-01 -5.656221833263509052e-02 2.049491597550925220e-02 -5.162465355562673164e-02 6.376158876664284395e-03 -1.634277188311921980e-01 -2.809895623488777375e-02 -2.335485497153440976e-02 -6.227520932794786135e-03 1.871193615556043799e-01 1.113585314800046577e-01
-4.096455335708595186e-02 9.075751419702040440e-03 4.339686414074356291e-02 3.874860709264985048e-02 -9.478362478631599530e-02 5.377424730510299566e-02 3.489747440425321201e-02 -3.657504639479010333e-02 1.310615110744121625e-01 -9.947584277926976859e-02 9.783519440510912712e-02 8.494539450466956354e-02
4.199909608778774200e-02 -1.001518723089343255e-01 -6.005637308980797673e-02 5.375630312639080588e-03 -6.410751367939821095e-03 -2.678775985077529523e-02 9.052526897394794214e-02 -9.713812935412226290e-02 7.069304696887693251e-02 1.456561845929883747e-02 3.837621121574409655e-02 -2.897027016672286751e-02
8.104891628767298128e-02 4.502344325642144290e-02 6.347913283301528931e-02 2.040092343284524365e-02 -1.517281745305179841e-01 1.280014896561809112e-01 -4.189887116692540131e-02 2.156049440526787708e-01 4.991171185934799304e-02 6.098832893241244724e-02 -3.520900800283437160e-02 1.481615547256749377e-01
1.999599178042416325e-01 -8.326795493920229052e-02 -8.829725375880342897e-02 6.530720243590096286e-02 9.280552842160250115e-02 3.563045199633649990e-02 -5.498496377716717565e-02 -3.326297260829953750e-03 2.329767949946852934e-01 -4.170369063687781597e-02 -2.200919991997726810e-01 1.244087526149639383e-01
5.011763404447289877e-02 -8.166370488747505541e-02 6.090525501689920962e-02 1.469093614150561444e-02 3.013823496076807953e-02 7.601941002444807804e-02 1.649111274049716580e-01 2.991520049121886710e-02 -2.628078165634293098e-02 -4.700176825924346630e-02 6.524925054508023958e-02 7.046743275819527435e-04
-3.461860310514208033e-02 -3.449131085182534362e-02 -8.803565490282327932e-02 -4.491118050693753555e-03 -8.833861121409891659e-02 -2.912327568681933460e-02 5.572460296616002506e-02 8.791737927824856691e-02 1.359956053536016118e-01 9.250794917581230126e-02 -4.244706028860432273e-02 1.001115181312646762e-01
1.219859441754248541e-01 -2.524440630016538956e-02 -1.543985938982606228e-02 -1.326887933595732351e-02 3.438266841440430766e-02 2.610611396516775498e-02 -1.536531827740893474e-01 -6.501193861838722166e-02 2.941904953469584930e-02 3.171339445491327957e-02 5.079623601774306552e-02 -5.037869009849636238e-03
5.655610750936462816e-02 3.576259463549599782e-02 1.483451885855232438e-02 1.699664816113046206e-01 5.785521892823580759e-02 4.444407076579094673e-02 9.350067266083812723e-02 -3.753949246339966656e-02 -4.191849911329768863e-02 -5.703713356880565910e-02 2.148023297344673135e-02 2.926632620657255990e-02
3.425043980376851760e-02 6.295625998198245421e-02 5.988901116870821995e-02 6.625484825040178771e-02 1.359160095130594326e-01 6.042389811446172154e-02 -1.097837837916815495e-01 3.345498153566257155e-02 1.329894459601304590e-01 5.825983097702025493e-02 -2.150377872277359909e-02 -5.121179895812792010e-03
8.510264582714444428e-03 -7.188748145024452529e-02 -1.347743515454939978e-01 6.381792121830058562e-02 9.923073514768548931e-02 -4.817928364447222195e-02 4.911648433827959376e-02 -5.821246707701971390e-02 -9.550139015451503122e-02 -7.023431860488163481e-03 6.597055652222567901e-02 1.460437677229175779e-01
1.650254630495842992e-02 -2.147320919320912930e-02 -6.150162466208565493e-02 2.948077119546337749e-02 -5.179605466737808445e-02 -4.789112332889693124e-02 -4.303200695158398981e-02 -9.027720791218124541e-02 -3.975093675043739339e-02 -6.311449478196165530e-02 -2.721903690861322833e-02 2.620304430288390718e-02
-9.024584254914343184e-02 2.781585137421944097e-03 7.812629485758174064e-02 4.884538693301154755e-02 -1.343787389797086451e-01 1.279628617921078071e-01 -1.755006138373398361e-01 -2.590848785155234341e-02 -1.105136180765549786e-01 1.065030504516202986e-01 -5.166482586144198474e-02 6.877363500942143548e-02
-7.416077567181636465e-02 -5.985788720005932873e-02 -3.084527298044095582e-03 2.573530397836935879e-02 -1.414582603221757051e-01 -1.803279179402076868e-02 -3.746833936082422101e-02 8.256904928890804185e-02 -6.137597242096784478e-02 -7.080610671902641540e-02 4.675361882661806245e-02 -2.512797888965993126e-02
3.719994449301537720e-02 -8.031831414675721925e-02 -9.645199142911282941e-02 1.050185014264616301e-01 -7.109093089455997827e-02 1.057886845417227717e-01 -1.212303487107565083e-03 3.645571027150624338e-02 4.769444246206359928e-02 1.031185046396955324e-01 1.288909043695384837e-01 -1.292751271974823708e-02
2.539657389176609020e-02 -1.518886071152741324e-01 2.436454918601598657e-02 1.216608064979544414e-02 7.224747255919930500e-02 7.794868455255450634e-02 9.211603499508561055e-02 -5.985360898763805032e-03 -7.909872459194478012e-02 4.575886319092198340e-02 1.091999646919749600e-01 1.251280311040801549e-02
-5.992602047998787929e-02 3.395590828399774972e-03 -1.776175139547167200e-02 3.763383829497468636e-02 1.396774022372311574e-02 3.544373641525269680e-02 7.426850832133580216e-02 6.125840025714810594e-02 -9.243815867529028840e-02 -6.049886965779858322e-02 -2.037654434027014270e-03 4.163904935933467749e-02
-1.085946004044645724e-01 3.726256331186829363e-02 4.850147324456553777e-02 -4.723398522178446496e-02 1.657691650405255374e-02 1.447200221562429112e-01 8.266723575452143702e-02 1.116033466424767731e-03 5.049222173447216744e-02 1.334711077875969931e-01 5.358178507593369666e-02 -4.838650898771564013e-02
-1.552644281867391896e-01 6.999586622214262754e-02 -8.670512123499042600e-02 -5.736444672536485968e-03 9.326288528312977333e-02 -7.898850962392806735e-03 1.046515225176964381e-01 -8.857764502483210164e-03 6.645031740750687033e-02 -1.097072078341347796e-02 -2.117393874002278242e-02 -1.235195306985598096e-02
1.268583833818340278e-01 -8.402930348480583400e-02 -9.040926506822839770e-02 -6.519819630629878010e-04 1.334648332099240831e-01 -5.409356175572249681e-02 3.124661507452611842e-01 -5.967704447810295854e-02 1.186839247151595111e-01 1.039766490039725211e-01 8.335875348009043340e-02 3.985849919838301003e-02
4.766039709634412730e-02 -9.848861432189398579e-02 1.403886953520113168e-01 -1.086758905797371999e-01 4.846081832348443988e-03 1.470197890667793335e-02 3.469030037038182968e-02 7.246034884972869794e-02 1.015398227636830075e-01 -5.552509204516654917e-02 -1.220656235145168578e-01 1.289676034988647413e-01
-1.826936626476022285e-01 1.329021456785799311e-02 4.876516035555475415e-02 3.664081188398753651e-03 -4.855515524559501223e-02 1.426913791578394985e-01 2.437970387755828122e-03 -8.169261877509817471e-02 5.648672355664777212e-02 -1.423588461277206230e-01 -6.268814141477860313e-02 -3.493818029207566844e-02
-1.013888537207935925e-01 -7.082076987979525617e-02 -8.663439020658109113e-02 2.200203605408155086e-02 -1.266738572505196891e-01 -2.562716790260126908e-03 -7.654662973221858235e-02 -2.197702841018120412e-02 5.580971663711771502e-02 -6.732617674193755453e-02 -1.432680787698063264e-02 -7.630081438199995403e-02
-6.700576740210814619e-02 1.096064842762709823e-01 5.276355803195599548e-02 -6.947886345969518651e-02 -1.137268434857365285e-01 -1.875244329032208501e-01 -6.158818529722589509e-03 -4.814081797483978076e-02 1.285578854731595499e-01 -4.715738373152720403e-02 -4.926531418704954007e-03 -1.090741281264402118e-01
-3.954315608315858536e-03 -8.430736147051434703e-02 1.391349163313716428e-02 -1.329755768445352315e-01 -1.994768199461670888e-01 -1.523349850862287108e-02 -2.037622201992037030e-02 1.073605825851070700e-01 -3.236224274313922317e-02 -8.318379890983138014e-02 7.172666867037923166e-02 -9.417127989435669644e-02
-9.695710273143873584e-03 8.298741472564936938e-02 8.993397944742266559e-02 1.210559643685555492e-01 -1.413021412395691345e-01 1.619083937071480114e-02 -1.582575498345922121e-02 7.084030052254533527e-02 -5.902332054289730068e-02 -5.452960295661125889e-02 -8.905048332381218078e-04 2.886749724594796229e-02
1.227554756391101148e-01 -6.774701887094469743e-02 4.776677250020664595e-02 -8.631079854625625658e-02 4.124197296697658388e-02 -9.473083241632027085e-02 8.062656629568681899e-02 -1.272636013673417166e-01 7.418151823942209511e-02 1.294231421099101276e-01 -1.602443139100633296e-01 9.451093369013187362e-02
