8.378017408727851667e-02 -8.746319875238686148e-01 1.487143029212673051e-01 7.896716720054371141e-02 1.598376942527633959e-01 -3.404599382689919573e-01 1.969625385865825806e-01 2.407252106464375374e-01 7.524398613246198186e-01 1.660450855528369796e-01 -3.992318093480918262e-01 2.812303326331724307e-01
2.276690009001064163e-01 1.106130354201783073e+00 2.653025963740287541e-01 5.540879760723484981e-01 1.533720909668110366e+00 -2.358060903542863740e-01 1.284846138569269436e-01 5.209535398491690339e-01 -1.194590035943396078e+00 1.078962438663327167e-01 6.401653724939014856e-01 9.067430348341938284e-01
-1.240352455906249506e-02 -7.331047229935100384e-01 3.025748527292667633e-01 -1.124298336210417526e-01 -3.256716600296752362e-01 -6.846391415027531790e-01 2.673577510324709125e-02 -1.318412317281705270e-01 3.197801300127642299e-01 5.029382753650791793e-01 3.964533038746326787e-01 -4.569627466754956346e-01
2.740424364243279967e-02 -2.962376425561891735e-01 7.141755366359842094e-01 -4.287584435724594023e-01 4.143781001818762633e-01 -2.066448350131150358e-01 7.882045261742871567e-01 -4.015529121096358955e-01 5.179037888281506907e-01 1.598667952084268096e-01 -1.057597966114998345e+00 7.866050129099947386e-01
2.734072733670072086e-01 -1.543451186268195219e+00 -1.018000951388258635e+00 5.267985368807304170e-01 -4.338519656784008416e-01 -3.198910403232896882e-01 -8.015944037207429762e-01 1.637920476916497892e+00 1.762311575752441850e-01 1.125962301173580038e-01 9.762679858363222385e-01 -5.149365083261230325e-01
3.226274592296228538e-02 7.860185550392921605e-02 -3.233504304629263026e-02 1.106986496777346174e+00 -4.069379083917814555e-01 9.020159274776869129e-02 -2.050896460564108070e-01 -8.675878216482800775e-01 1.038514378396249854e-01 -3.695406423611653501e-01 -1.044318860757675188e-01 3.415614269009004667e-01
6.728437839721528313e-01 2.467183808772162035e-01 2.263041335351848038e-01 -4.274125785389543686e-01 -4.527839599945787663e-01 -2.632656160223898478e-01 -1.386420444092736348e-01 -2.161115359790957355e-02 6.799701479611672816e-01 1.510653382487641139e-01 5.685037613720121952e-01 -5.770935058992668898e-01
6.759854952466166633e-01 1.143807856983390270e+00 -3.707626093965578629e-01 -1.578936718065431649e-02 -9.289911594718460730e-01 8.528563081271199886e-01 -3.837805173019989136e-01 3.781073724423417159e-01 7.968780217375297514e-01 -1.262758973651462446e-01 7.590945162644290034e-02 -6.140957863417172424e-01
4.859959795424301787e-01 -1.285656426046032363e-01 -8.329178938870289706e-01 4.167150463107196362e-02 3.399311313568472159e-01 1.133261680696732859e-01 -1.050407396441067176e+00 3.694265057140485586e-01 4.611831706137985987e-01 -3.587826008749379070e-01 -7.488017134799108687e-01 -2.191890229661458134e-01
-5.857983918461333595e-01 -3.129882798873676597e-01 -2.515170404684628491e-01 -3.419112975941156207e-02 2.018628992920109277e-01 1.061918615348075967e+00 1.108591665570708568e-01 2.801457191583512918e-01 -8.037830578395328829e-02 -8.245157386678447775e-01 -3.476059614931283070e-02 -2.582701289479060261e-02
-5.627184791239480122e-01 -6.376650625198464484e-01 -8.330458314895058392e-01 -8.354732992747769538e-02 -4.569874850763160357e-01 -5.700683070477775838e-02 -7.359008660131410862e-01 1.618106711286901589e-01 1.006643106970546597e+00 4.369351692497183692e-02 -6.460362138318218594e-01 -1.666766284279158350e-01
9.255356495334937650e-01 -5.399042196271003347e-01 -1.241286109362134793e+00 3.989096107113075940e-01 5.660240038974527765e-01 4.173649652764374607e-01 -1.135759053121435880e+00 6.221922778517918751e-01 4.566587943513842340e-01 2.332169207158694135e-01 1.709878171026747162e-01 4.876658361661951324e-01
1.037330688725944389e-01 -2.819619994762132247e-03 1.125788702813895203e-01 1.659837007932539299e+00 3.830660620988666776e-01 -3.719249593224385197e-01 4.845636866318738245e-01 -1.583530790280542402e-02 -3.204555629817733564e-01 -5.752389893053796305e-02 -2.229853106470934890e-02 2.418792175821432855e-01
1.190012193152088171e+00 1.037437644634886524e+00 -5.441105309818909941e-01 7.417022759897888839e-01 7.750308804209857794e-01 3.123570062468365993e-01 -6.441803547050273249e-01 2.833797124505227361e-01 -1.386523016157330812e-01 -5.770627797811838100e-01 -9.096557499869203922e-02 -4.043299279934652879e-01
-2.587763431261713709e-01 -7.645760640059346969e-01 -5.125878363886455791e-01 2.123423169947205869e-01 -3.079660257292028969e-01 -1.618890115462136292e-01 -1.578466206871604327e-01 2.495519468832828602e-01 4.368324016352282957e-01 -3.776466199253949302e-02 -1.229941078310679420e-01 7.295926206674840930e-01
2.127752978464988176e-01 2.337758886822610127e-01 -3.971268420623755291e-01 1.142869537633454557e+00 -2.212610218024206876e-01 4.502990901772989107e-01 -5.225683969204184542e-01 -5.786808000825234277e-01 -3.881189003322224607e-01 1.110943138286002996e-01 -4.976190775802792621e-02 -1.165222652824035865e-01
-1.192588573848473998e-01 -1.869993281466559298e-01 -5.743748213233109690e-01 4.615438509656946686e-01 -8.860004963201920658e-01 1.844624933138424849e-01 -8.827144014427448226e-01 -4.070924101458066047e-01 -8.041129194249392320e-01 1.018752600070715469e-01 2.952583288163562747e-01 -5.669520849360485393e-01
2.612867460100523065e-01 1.341123595340023122e+00 1.028706829930832845e+00 8.217540144844198702e-02 -3.695322443186367933e-01 -6.167940613089064605e-01 1.466209806509132796e-01 -6.626662380308308009e-01 -2.440627302920020114e-01 2.140154423409328655e-01 2.536720982313739325e-01 -2.015693891911636559e-01
7.825100343033492001e-01 2.259841123598842760e-01 -3.205971442444665032e-01 6.202775292983015998e-01 4.813004260175504471e-03 3.922794131525436656e-01 3.902157607890671676e-01 4.707851894669920489e-01 -2.460764140438590486e-01 -4.204871821471527216e-02 5.201414045197301217e-01 -1.281625802604818010e-01
-1.530215963665436385e-01 -3.825958393388019796e-01 3.452855135371247219e-01 2.117213406645271356e-01 9.166764387527736035e-01 5.449416621060985122e-01 6.336784566804780638e-01 6.950500357765841963e-01 -2.335589208138809936e-01 -9.644174854628212445e-01 1.384006244275093889e-01 5.177879953011371716e-01
-2.152785730106116235e-01 3.446249878165080216e-01 -2.300810327988886683e-01 6.254569041419743014e-01 -4.981124412466706453e-01 3.286792581933931090e-01 -1.340803875480479357e-01 -5.984910026970663433e-01 -3.834518083790457166e-02 -2.649933376962518294e-01 -4.124110067853081762e-01 5.078756066660156110e-01
-3.841819098261917143e-01 1.152175744820032710e+00 -2.441997983277725826e-01 5.639200819453632496e-01 2.133557339367481338e-04 4.981585874497995170e-01 2.384845249904251341e-01 -5.357095189376792632e-01 -7.307876025169778300e-01 1.899209740029023652e-01 1.424517734919641676e-01 -4.929153166137760778e-01
-7.743920453671631066e-01 1.809022273041399065e-01 -6.437146072271708874e-01 3.606920539495557243e-01 4.495645228872120480e-01 4.141977496219625410e-01 -1.083231061298316755e-01 8.401834253420158161e-02 -2.248494627998382234e-01 4.796634384883562141e-02 -1.961770656145470915e-01 2.901407181288429560e-01
3.655703668007904694e-01 -1.049949979928594512e+00 1.925508269190062405e-01 6.636555102537473882e-02 4.049415678983403141e-03 -3.061842248468995553e-01 6.944601190130486046e-01 -1.162539988594643442e-01 7.799708377093383938e-01 1.770782194680770028e-01 -3.103372304227396961e-01 2.462925720432388443e-01
-5.651181315868006316e-02 -3.830665601478369098e-01 3.324993609372867143e-01 -4.628332122095815127e-01 -4.451132611060544808e-01 -1.902288872216366111e-01 2.483902373528898422e-01 -2.276513942058085715e-01 3.928444230255737080e-01 2.697000481280433237e-01 -1.492222637342884628e+00 1.501944481738893167e+00
-1.289304237662789010e+00 -1.737239421642057247e-01 -5.163075156423408973e-01 8.150749668439384588e-02 -9.321960096328918421e-01 8.488511208046436440e-01 -6.491295140499778182e-02 -3.731269813721068140e-01 8.961951212946638046e-02 -4.860259555289016542e-01 -5.071683683241730023e-01 -6.490631632401069329e-01
-2.321589249050117765e-01 -1.968865724447391163e-01 -1.017285616742698018e+00 6.476089681259783459e-01 -3.683969461932093958e-01 -5.428890126873917726e-02 -8.475978875799592416e-01 -8.117921723328591632e-01 3.804169120665790767e-03 9.095134857452084054e-01 1.406320451015918571e-01 -2.005130475843994453e-01
-8.929774230970244364e-02 5.375094421310253612e-01 9.643475463484536547e-01 -4.477438493589833701e-01 -1.446748201554241664e+00 -4.765596667398064312e-01 1.976918122654302556e-01 -5.793245652845185889e-01 -3.315659248384705826e-01 3.004629377540006252e-01 -6.180115591615195116e-03 -1.152540240272774907e+00
3.855442892102449726e-01 2.124139073351574425e-01 5.750179311945868843e-01 -1.348494917549407646e-01 -8.669723252320740148e-01 -8.394498341337344738e-02 2.721671117268603321e-02 -4.217690045660420217e-02 -4.980914871017010914e-01 1.930642228612042266e-01 5.729593405458208721e-01 -1.344244769911132842e+00
-2.411363948093636633e-01 -2.002250719660538802e-01 1.240792393599497723e-01 4.266922265818652582e-02 -1.088250206678854193e+00 1.725384110774296209e-01 9.424356001148447015e-02 -8.415742780089257025e-01 -3.889829829874601880e-02 -1.267020733280471434e-01 -5.092963145903581790e-01 -2.954724767087973936e-01
4.353363100624772497e-01 -2.694281982748462922e-02 -2.612755079559111460e-01 -2.693427022826314077e-01 1.809380659402493596e-01 -3.508815842410893393e-01 -4.419021171700384665e-01 -3.095587151396869685e-01 -9.377049751070894168e-02 -5.129291163858999691e-02 3.048409923147098466e-01 -1.812177237679515884e-01
