1.169241356759531253e-01 1.531421956190431033e-01 -3.358732576911158813e-02 1.214220428038348815e-01 9.271967982569449818e-02 -6.866076920654151650e-02 -1.651219197568137287e-01 1.435757615330665038e-01 -2.734187768917144615e-02 4.930463843978963312e-02 9.081752285520380830e-02 1.268274435826030888e-01
-1.008186490716944522e-01 -4.566636981283734437e-02 -1.071264533614058462e-01 2.335191417576115702e-02 9.744485402999533696e-03 -6.107946775813209717e-02 -2.004400295822240247e-02 -3.995058517059329323e-02 -6.116828096598433268e-02 2.539106020525130208e-02 5.755975065390700474e-02 4.402197618910713706e-02
-8.107152722924530763e-02 -1.283917196081724443e-01 -2.370680211402271739e-02 3.075137584631223997e-02 7.669690585469125799e-02 1.100549883375322987e-04 -5.978096382479541893e-02 2.562960711062864383e-02 -4.652035318436351791e-02 -1.079652237766668965e-01 8.716732903332485849e-02 -1.176114696116489604e-02
1.412865383506987406e-02 7.874977691106413435e-02 -6.298023457691755145e-02 -7.551627882619961485e-02 3.484619870170174022e-02 -3.634642473284949160e-02 3.943706047160490391e-02 1.227093290731695423e-02 3.051327789284673589e-02 -7.500159269830986020e-02 1.440472399162726069e-01 -6.204223898437161155e-02
-4.472647755880256731e-02 4.846199472407123482e-02 4.981963199267282899e-02 -6.271993881115227321e-02 -7.545052733023673019e-02 -5.805176539985057449e-02 -8.813072581032520281e-02 -7.901840546639930796e-02 -3.071658793357951930e-02 1.433612457563845088e-01 -8.956988335273086133e-02 6.182267994092541241e-02
-6.714908402712120583e-02 -7.818066780516408354e-02 -5.336614201328000219e-03 -4.458915130892549677e-02 -1.224344216059746054e-01 -6.468904083717039524e-03 7.711574809103326211e-02 8.350733979939857499e-02 -8.270619700480259795e-02 1.828667940871681052e-02 -3.423912630665049139e-02 1.744089131733969622e-02
1.239400072507336886e-01 1.208486450103947174e-01 -2.391298034051819385e-02 -8.891835001951288453e-02 2.689170896582431664e-02 4.332939512287768691e-02 5.194329411412668129e-02 -6.744957042217804288e-02 9.164105600726052750e-03 8.852512212925189861e-02 1.347098887058143235e-01 1.155424624912881754e-01
1.268657856809226291e-02 6.519353405455471928e-02 1.067433832288227497e-01 3.755274673214408637e-02 -1.453545537684831079e-01 -8.034581190832534858e-02 -1.923033872541606709e-02 1.098013698065884586e-01 -9.246907340974690193e-02 -3.484937531857575099e-02 1.865609647571031884e-02 -1.004776447843072490e-01
3.238294181047136205e-02 -4.819769280465566880e-02 -1.335867448325116780e-01 9.677445057142323656e-03 -9.451557332496650365e-02 1.717856309433080375e-01 1.082559059766129289e-01 -1.955028843011322182e-01 -3.113977203801885849e-02 1.432709575297775630e-02 1.083361351162139344e-02 -1.252017174976115081e-02
1.524488380086503336e-01 -7.122420942960075441e-02 -1.296950118766484750e-01 1.241997029659643592e-01 -1.963997214754530790e-02 -7.385770071372591006e-02 4.156425327012273907e-02 1.891673596006404612e-02 1.632500511590912265e-02 -1.939893591847618266e-03 1.641518446867066550e-01 1.971461548849267470e-02
1.117937759956313427e-02 6.747065154655312869e-02 6.503888006580814396e-02 4.711701557749452957e-02 6.766379929686706929e-02 -1.126536382031685934e-01 1.785797734158850458e-01 7.418703202889524728e-02 6.281792214496496884e-02 8.117366591314237323e-02 1.727969337072295108e-01 1.361877181377249835e-01
2.895133039375654901e-02 -1.394755156925765183e-01 -8.063694954264242001e-03 -1.553438263690098096e-02 6.420297072502474667e-02 6.172039844831045396e-02 6.142286797973345661e-03 -1.746137590218823504e-02 -3.663851275594828122e-02 6.324614194045305449e-02 2.545185695499794024e-02 9.500174462512643581e-02
-3.006504742137205630e-02 -8.188924927073013005e-02 -4.587711428727409696e-02 -8.237246716290531900e-02 -5.934112664572269852e-02 8.669256851048548485e-02 -8.564884410467123177e-02 5.777586482654144956e-02 4.359833326293679340e-02 -2.446992546877855418e-02 -2.919030101218936593e-02 -1.547844448242340631e-01
1.237246855433943998e-01 1.478911618288577257e-01 5.103053272049527106e-02 1.700617307088814201e-01 -1.593477423161603901e-01 -6.546328054558384069e-02 1.117751979377792221e-01 -1.090754765582077485e-01 -5.377807582306138451e-02 1.722304962823238139e-01 -6.581361091065618396e-02 6.080506554599315883e-02
-4.269069182278768110e-02 1.719649131543764808e-01 -4.731133136978035031e-02 -6.400635720314029609e-02 9.747910785893902641e-02 -1.018189190033846198e-02 -1.705392350482696356e-02 1.147988357669840337e-01 -1.087343135281265555e-01 -8.257777920217251877e-02 9.362511653843627601e-02 -1.465557677607757549e-02
5.668799462605516801e-03 -7.856517972124299476e-02 -1.316326957619820825e-01 1.008978607107246855e-03 -7.117070872017720873e-02 1.079735966993037866e-01 -4.490352430523135430e-02 9.353915241801201430e-02 -1.264436007722840039e-01 7.161476805101965604e-02 -3.657492980689824869e-02 -2.004649979045383668e-02
-1.263353406389487454e-01 1.459092622298126807e-01 6.863605637908910817e-02 3.380839963866547754e-02 1.051198991664133026e-01 3.600156273218031722e-02 6.379237646457426580e-02 1.114846653394560710e-01 -5.640147060776586757e-02 1.118515188250193519e-02 -1.493720661867535549e-01 -1.234627621579878626e-01
1.117039627474128022e-01 -2.909751105383081571e-01 6.834821475900192123e-02 8.326693943432118827e-02 -5.007806945695662121e-02 -1.103992720480600764e-01 -1.294252661382310765e-01 1.595744243958362694e-03 9.379298952853979202e-03 7.595072581596548633e-02 1.209547406674524317e-01 -1.591203387785532775e-01
5.669214784065951945e-02 4.414814613762297474e-02 -5.208132386598724600e-02 -2.579976717929096525e-02 4.253520655291143787e-02 -7.563767941270924111e-02 1.517018339764088508e-01 -9.409384845371687386e-03 -1.292634056444639246e-01 -3.621034175360203500e-02 -2.738929470529773494e-02 2.394060429725898467e-03
7.761779898830574453e-02 1.734635749464281396e-01 -3.949675718826221177e-02 2.073869821486024057e-02 -1.344713412606759473e-01 -2.429227504903494483e-02 -8.065227022971870399e-03 -2.001452174019405228e-01 -4.550634590066720414e-02 2.101167440804530689e-02 6.112402472510601592e-02 -3.818693822631612222e-02
-1.457776901066407116e-01 -1.668378701517565094e-02 -1.656817159119192487e-02 4.446152518915615776e-02 -6.839303583313179058e-02 -9.219747156028065826e-02 4.808167123100220985e-02 -1.972666160133221963e-02 -1.691516388417744765e-01 -1.153273739393267982e-03 -3.411920578058742770e-02 -1.190717400651012531e-01
-8.699063409187431095e-02 -1.064398769143312939e-01 1.406265906367978047e-01 -1.013307007449428393e-01 -9.005529775962324568e-02 -1.562908169067772357e-01 5.613104773722159269e-02 1.726868888537960722e-01 -1.544546369948671637e-02 8.696775310995508157e-02 -2.693473151305427263e-02 5.628537387006833648e-02
-1.054757633615146101e-01 1.015612784631217402e-01 -8.618692146491895023e-02 4.362653884952790578e-02 1.289122236916334305e-02 -6.213349283322655570e-02 -1.283494450356478800e-01 5.921998415928581699e-02 -5.957592939267509352e-02 -1.131401316425576786e-01 -8.295881367224425262e-02 -9.125057352229506633e-03
1.288185686146866259e-02 5.763044892442679284e-02 -8.518677949199532015e-03 1.124363981192433165e-01 6.512696958604473341e-02 -2.942680072192720153e-02 1.416824928184293730e-01 -1.287833188518491996e-02 -8.683830539740343413e-02 6.126371555937283608e-02 -2.055709907193096000e-02 1.725973856190286815e-02
-6.799211533342632008e-02 -1.107136150685916927e-02 1.920099542071848978e-02 1.814928596379556947e-01 -1.303794817819265983e-01 1.317546675086420371e-01 -1.296231664543811765e-02 1.745386386826063008e-02 5.209999547217571830e-02 4.132946752950238112e-02 6.347057915829992791e-02 3.818523579679143631e-02
-2.239806964794254299e-02 8.999973015768694684e-02 1.198653135129498642e-01 8.019412956638739820e-02 1.529936466796395778e-02 6.370281068830241367e-02 7.105029007667558461e-02 -4.175546427151451828e-02 6.808699524875179432e-02 1.088771704192809109e-01 -1.140167929207518138e-01 -9.592735180653562399e-02
-4.303976824394722261e-02 -6.260522537016585676e-02 3.233392363473785308e-02 -8.051726107968192048e-02 -1.130519172186027627e-01 -6.315291762712395632e-03 9.383250771651423239e-02 -2.927238260894661492e-02 4.347188388703879941e-02 9.123910011239694251e-02 1.275649893655478040e-01 -3.724536654038890227e-02
4.621292608974773147e-02 8.601693975142707393e-02 -2.608633217752616765e-02 1.649031396384483816e-01 6.842504649481694068e-02 -1.178133679190351835e-01 1.697698938943735247e-01 -8.318961901704148565e-02 -5.197358834149256451e-02 -4.191337765358357781e-02 9.115114403741442217e-02 5.448054919448223898e-02
1.416315241539068404e-01 3.347891100364768641e-02 1.575973637151381265e-02 1.622324742829890920e-01 -9.568440677274213380e-02 -2.090843166618430032e-02 1.016129857224991190e-01 -1.403233341298628090e-01 -4.641085962172184463e-03 5.994880608523327388e-03 1.208573634886578874e-01 -2.126548076234289347e-02
3.909104176250290802e-02 -1.029236819688739424e-01 1.298834829268193658e-01 2.002238131316012686e-03 -9.147235859049533679e-02 2.249707056604622613e-01 1.371414116466575517e-01 -7.865200195075434941e-02 7.260608712326847847e-02 1.607494379225697656e-01 2.845698774455480626e-02 -1.359314100437683803e-01
5.408091722721478783e-02 -1.734283413814790425e-02 -2.529745514021627603e-02 -1.893163873490974480e-02 1.129338756269112135e-02 1.864841238461286410e-01 1.155000463342575195e-01 2.841108231587014064e-03 4.909408788467440471e-02 9.902666285776642874e-02 5.334394350815686858e-02 2.302463207553719776e-02
-2.567896969093334467e-02 -6.759627296715056688e-02 -2.484617614380982449e-03 7.927983666353947967e-02 3.152588400141705799e-02 -8.726132543416348364e-02 4.813559135157507995e-02 -5.030753616856297600e-02 -8.476895381943129471e-02 -1.164942042584574400e-01 1.242137128707989924e-01 -8.063410467055771857e-02
6.561965757620645545e-02 -4.207562774945438483e-02 1.401508475072645900e-02 -3.730041812111569571e-02 2.454721602190181040e-02 -8.403709260850181217e-02 -4.008606616876675020e-04 3.370336231577839708e-02 -4.112180450385009151e-02 -7.143027837945220559e-02 7.146555999129655667e-02 2.741563895355039748e-02
2.397202687694898957e-02 -1.663196474349015741e-02 -1.936055988197459346e-02 -1.276034132628421462e-02 3.408489674151914811e-02 9.682707829629577656e-02 1.181944513219889553e-01 2.819272667626558648e-02 5.498525268900066910e-03 -4.252344680668562749e-02 -1.229809274781245299e-01 -1.229300545554021067e-02
-7.081712967712479323e-02 5.986748165489789303e-02 -3.346195044548970141e-03 -2.574061782926182623e-02 -9.425193902684921021e-02 1.275243513832889988e-02 1.685734251082184054e-02 -1.257381491237120064e-01 1.429185853782409810e-01 1.912941532731832484e-01 4.978292646631105045e-02 5.241629630673645679e-02
5.543469334205581439e-02 5.763880830700556651e-02 8.442775654263100227e-02 -8.527101074832481309e-02 6.466728544419740599e-02 1.105323698598868476e-01 2.940465710507844665e-02 -3.646324511616832326e-02 -1.911414106789480205e-01 1.463850638698376005e-01 -2.939081655752330199e-02 -2.506501994702893532e-02
-4.379468677438597482e-03 1.053893500434305575e-01 1.051911385950869554e-01 7.698767462771906323e-02 7.126369790674259158e-03 6.375247161137012619e-02 -1.052841853926615584e-01 1.084221346210434284e-01 -8.343449385471686519e-02 -6.860482602304404653e-02 7.390898898055620059e-02 1.690102993355266370e-02
5.153799695098954664e-02 4.371865280569633277e-02 2.809790999704876377e-02 1.040582332653709335e-01 6.122149358865278806e-02 -6.767775589690175342e-02 -5.681202587773272195e-02 -1.104483984647260247e-01 -2.117563773633409849e-02 1.067658780439510735e-01 -1.990873212134569668e-03 -1.578690295932404231e-01
-9.348474607569255690e-02 -3.671078677048033451e-02 -8.906673166533334018e-02 -1.033545509063293760e-01 9.216436556463965257e-02 1.108626989827714016e-01 -1.450396644650100986e-01 2.552739785200855427e-02 2.830997210742184148e-02 -6.945908512768872445e-02 -6.466123191604116957e-03 1.495522960889916486e-01
-8.434055151391441074e-02 3.427050725052010333e-02 -5.751247232178641894e-02 7.496900882678821099e-02 8.247192593300049779e-02 1.193664032727999591e-01 8.976677788616584108e-03 -1.969680726279032790e-02 1.492849729838471862e-01 -8.979603979831513039e-02 1.065383983448951744e-01 -7.977061725250823854e-02
1.932278374015647740e-02 1.128227826263266398e-01 7.570340283157571404e-02 -2.504205310781672938e-02 8.654661608073850598e-02 5.902478109701438103e-02 3.156542686371871520e-02 -4.265007010149925865e-02 2.498014788039861975e-02 7.844915184501130567e-02 -5.725201132282092820e-02 -1.268206781917762850e-02
-1.063319976346973998e-02 -6.361033384266454038e-02 -1.142792228927410197e-01 1.457552419243353103e-01 -1.645814461495589409e-01 -6.278343008090399302e-02 -1.893671960038962876e-01 7.725625602583079121e-02 4.538751795382597182e-02 5.597517233421243910e-02 9.766708983588712201e-02 -8.757654356174666976e-02
-4.346954220835356347e-02 1.044031069579243361e-02 -1.323662594678642057e-01 -1.230171137904822048e-01 -1.482545658571133001e-03 6.580443043005257397e-02 -2.497241026309934275e-01 -5.348432248343201051e-02 2.905216931064675059e-02 2.124764699051178395e-03 -1.128331552308193750e-02 1.600761755861443425e-02
-7.372150390864969094e-02 -1.976169555326697524e-01 -7.665855358835711730e-02 1.060465016304115854e-01 -1.001415356202684098e-01 -6.727630352658714452e-02 -1.306841918221363641e-01 5.862358267483418900e-02 3.107447798271741838e-03 -1.694647860176485025e-03 5.981035621172688110e-02 3.380860181464066805e-02
-9.167602536733766849e-02 -1.131098179720282648e-01 1.109114221882749780e-02 5.682663425655692241e-02 -8.077932257959204165e-02 -1.622523683812066853e-01 4.180643694396056487e-02 3.680373068388705787e-02 -5.007930887448542451e-02 -8.818733022230049179e-02 -1.685544947213259495e-02 1.038554075411901728e-01
-3.617473538604137201e-02 -9.477065801599482420e-02 6.971080081641906935e-03 7.501440182409280233e-03 2.885370728723857248e-02 8.806439641474589353e-02 -1.303919340813061017e-02 8.813235439420971391e-04 1.360417867369207445e-01 -1.449114057016538115e-01 1.247898700174573383e-01 7.417527101039587956e-02
-9.939778560266475382e-02 6.414072799568659722e-02 5.216971027375955777e-02 -7.470577586470759923e-02 -5.798713708839620812e-02 8.752351087786779810e-03 -1.990284692968062319e-01 1.135701250630559572e-01 -3.275483722344271070e-02 -1.624856245757572426e-01 -1.042981564032515185e-01 -1.068479903115081425e-01
8.258107164658286259e-02 -6.498341507777383175e-02 -1.546494340332942585e-01 1.236238765251433253e-01 -3.679745340793564440e-02 -1.402259836106189289e-02 1.289102163863599104e-01 3.679295707740536797e-02 2.690290769710917528e-03 1.359186103082170305e-01 9.638834474246310569e-02 -3.136293340221654735e-02
-1.390995382283907733e-01 5.388748676873249960e-02 -2.743899319604238204e-02 6.460373155952613133e-02 1.285361309966915333e-01 -1.254995150999679010e-01 -1.366214361947329370e-01 -8.380845906428256720e-02 1.808344563872965258e-02 1.306205673224668795e-01 -1.290910407603333698e-01 -3.758812388359845935e-02
-1.102083719490773613e-02 -1.370097409233454189e-01 1.539005703844045607e-02 -2.160966841361508517e-02 -2.113832583901847917e-01 -1.409901972608138265e-01 2.128273842946033501e-01 6.934847007499152401e-03 -7.134880421112067828e-02 -7.204100522337794632e-02 -8.794698698714434326e-02 9.807886662028932057e-02
-4.065055788099456585e-02 1.212903912590638233e-01 -3.950751723808607757e-02 -2.878248474382383987e-02 1.289297027790061723e-01 1.420914514991268029e-01 3.411213258392276071e-02 -9.272949545502752466e-02 -1.620633748854914957e-01 3.402180110756504450e-02 1.144478684555432293e-02 -1.319396314663207580e-02
1.606392983441169361e-02 -9.922344614992331668e-02 3.510098278501192631e-02 4.260446929314865711e-02 1.433308415562510874e-01 -1.161589028076044638e-01 -7.499728882464669344e-02 -1.233481283420704983e-01 1.136426962457260242e-01 -7.620983369658054611e-03 -6.141216440244892660e-02 -1.094297930240308442e-01
-6.529440793659005773e-03 3.577381206597741309e-02 -7.200491229693765927e-02 4.545351872256753883e-02 1.186244686856510883e-01 -4.926648215284838705e-02 -6.624301467681524558e-02 1.475522567490041848e-01 -7.865871271147596711e-02 9.917232490447600024e-02 3.953708854636536763e-02 -1.468063142476928006e-02
-1.746008225922949901e-03 1.246269427264284357e-01 -9.907935232204358178e-02 -8.561365181452472439e-02 3.732416741321106096e-02 1.867774374475929255e-01 2.160485416749054199e-02 5.643522960904514413e-02 -1.963161664484174354e-02 3.872391347085074598e-02 4.227665231377157606e-02 -3.478428094436797346e-02
5.407376128122381304e-02 1.022792713635872763e-01 3.017146642451753666e-02 7.436349769342569249e-02 1.692608201442324933e-01 -1.729932795209392082e-02 -6.036003723411545452e-02 -3.933410030091751171e-03 -1.284531562663958071e-01 1.212829252341696973e-01 -1.530477240731519060e-03 2.284333925832808532e-01
2.975032612266600637e-02 -1.580331041822831580e-03 -2.144454966878387922e-02 2.579984927022608843e-01 -4.197953396608885418e-02 -6.524588191229474532e-02 6.928350703621928564e-02 -2.161721041420299194e-01 -3.619537587534293194e-02 7.577547645120705222e-02 3.009444839596328233e-02 4.310429712840611882e-02
-3.117037922401054081e-02 -2.138572824589891896e-02 7.517160101973431596e-02 -1.687161362055792369e-01 6.725084705020652198e-02 1.381463618774521895e-01 -1.353571003776946752e-02 1.308614202020280497e-02 -2.239006887011695812e-01 4.747165087587219834e-02 8.484674197577396493e-02 -7.484845160946167197e-02
1.053684534757585861e-01 7.612791493956391764e-02 7.862441390425807530e-02 2.716599278914273025e-02 8.024841488403101908e-02 -1.649706757674876123e-01 7.688871905536200091e-02 -8.101145612074821256e-02 8.356170189134946857e-02 -1.805847966644786749e-03 6.946507850143138207e-02 1.381467404741696103e-01
-3.197978127682298000e-02 -3.330314174695617885e-02 6.775867264879335827e-02 -1.989609016472566883e-02 2.422725973904123892e-02 -9.519801387536209331e-03 -1.101478551268338241e-01 2.986866531990081675e-02 -1.845863033726955482e-01 7.535479486006005367e-02 -1.249428235379020369e-01 -9.680646134509514333e-02
-3.057853844597292411e-02 -8.710340165877128449e-02 5.500094615249182667e-02 4.697330022515062292e-02 -3.030022411884934763e-02 -1.348638352660809069e-03 -5.981309652630985296e-02 5.466221732629753666e-02 -1.318107771905868697e-01 -1.333966309795849570e-01 1.194107521952539330e-01 -4.153103230819150948e-02
5.047969843722863864e-02 -2.101844602274859086e-02 1.310576714231801720e-01 2.089666625228268210e-02 -2.341494075782570849e-01 -1.393433585655036444e-01 5.950814892725524163e-02 3.896208373529786578e-02 1.407944295004080471e-01 -7.040121668539214839e-02 7.322624161901344908e-02 -1.633134553256859745e-02
-1.431182366576324617e-02 3.891833300876879759e-02 1.208844153427205553e-01 -1.572690981342987349e-01 -2.824405951113614921e-02 7.024846779299032118e-02 -2.813785918080703718e-02 4.592982737981166769e-02 -3.030756125511531104e-02 1.956837337354232209e-02 -4.985132858637682240e-02 5.796103585729814323e-02
-1.522191831982092625e-01 3.176128115436945704e-02 9.458321604924017911e-02 -2.604442071521825830e-01 5.937844109549800936e-02 -5.108244999090710836e-03 3.593983962014676067e-03 2.395758507138381205e-02 1.347477531633685111e-01 -1.530593907918602857e-02 -1.315443227539318805e-01 -1.175858522366484832e-01
2.803526268287137926e-02 6.739553480581453315e-02 -4.152031073338258854e-02 -4.283146358640301660e-02 -2.222382325011302423e-02 1.349533731952789750e-01 -4.195055475854587990e-02 1.236328470884369563e-01 3.444469822948609955e-02 5.273815942969414805e-02 -3.775603671861205157e-02 2.294322234022591611e-02
-6.254769808377731721e-02 -9.975229459615422498e-03 1.468658270199369176e-01 -3.340105743312513781e-02 -1.444231540384584567e-01 -1.475854574771297278e-01 1.797438960166393603e-03 -1.214763666282370723e-02 -1.605611725282513058e-01 -5.562471981230265698e-03 -4.454264349532968681e-02 1.900074543533874782e-01
7.329577119683940156e-02 -1.709421182798583766e-02 -4.862658183266848483e-02 1.069883569489374769e-01 -1.001015580690787915e-01 2.675943078620508092e-02 2.758431463520660820e-02 -4.819319863440035129e-02 -7.041362953381523349e-02 2.873511486363858509e-03 1.721690740638473216e-01 -1.855413783210861089e-01
4.905668403887390033e-02 1.347320901145672434e-01 -1.522913056895216222e-01 -5.639215544774411198e-02 7.938079681310979130e-02 2.825858348082908172e-02 5.927729575389069361e-02 -2.742392133019730394e-02 1.323489390091146523e-01 1.115034305909831103e-01 -9.199781535000306487e-02 -4.876747195896220799e-02
-1.278575937827933773e-01 2.158727392547199475e-02 8.978475771297992139e-03 8.735641473376511146e-02 -7.382315080793427908e-03 -1.333089300837271007e-01 4.903927086706870442e-02 2.778045892766594412e-03 -1.506193593739676428e-01 3.429130148359092745e-02 -7.937532094771615476e-02 -9.457977511136493598e-02
-8.945649018663838492e-02 -2.733736185467486313e-02 -6.304660929761153609e-02 3.796519222502683227e-02 5.749365599861960135e-02 1.904652215757769024e-02 7.057472049144931578e-03 5.673747726594163127e-02 -4.325805580280572132e-02 -1.345837279496243377e-01 3.278656777734878514e-02 -1.928809589889894649e-02
5.112806353477179072e-02 -2.246290881141659035e-02 -3.743528980746232276e-02 1.844301263282595027e-01 -2.005146133764471594e-01 -5.471715376616952120e-02 1.155371839742327794e-01 -1.094492686560536859e-01 6.617112082101032910e-02 -7.918822151971341428e-02 7.889334892183730297e-02 3.121097732779840733e-02
-9.317489413874962059e-03 1.304136881328163133e-01 9.372288515082523308e-02 -1.471541275724414510e-01 -5.066220673326294471e-02 1.906315342112804012e-01 2.171587148074526769e-02 -2.756608600768205991e-02 -5.342657278724893127e-02 5.367179216338946457e-02 8.179448346655079916e-02 -7.928217823398135689e-02
-6.737906118591745902e-03 9.701155729154526189e-03 1.185742448108046826e-01 -5.752395846671103791e-02 1.498790878402518970e-02 -1.379400298562376836e-01 -1.329626211568675498e-02 2.485171734053129994e-02 -1.151179591029535994e-02 1.211252697699519432e-01 -9.247129278325977308e-02 6.449164361625975110e-03
-2.612397954302681999e-02 -7.486824257361329726e-02 2.251988689865837626e-02 -3.222283789164424178e-02 7.848882350860033469e-03 -1.715258115513003945e-01 6.344513622960031018e-02 -8.025942303608964157e-02 8.525216338610143441e-02 -3.041376946907384249e-02 -8.987160785762296489e-02 5.061245684249555954e-02
3.036646786582667540e-03 4.141234037135683305e-02 -9.573388649913715243e-02 1.760097948594967904e-02 5.977504943026779732e-03 -6.392350534383126059e-02 3.593810805451135015e-02 -1.796433452697859812e-02 3.301125003329249269e-02 -8.621301375471537853e-02 -1.027446374492961556e-01 -3.369001078613739764e-02
-6.881717766413149306e-02 -2.270540120180082611e-01 5.432797400674053458e-03 1.499264674667014074e-01 5.534123466270746833e-02 -1.122730741765770868e-01 6.391717928191052722e-02 1.287147446086418963e-02 -1.138246394588619294e-02 6.887222375149235076e-02 5.186238679845145416e-02 5.239121544615257808e-02
-7.392113903607276659e-02 -6.077948658800391007e-02 -4.200586805363728388e-02 1.117613143263588987e-01 -9.938678317678999175e-02 6.859615610888511461e-02 -1.150182643484157635e-01 2.635924942849320746e-02 2.846640680598516368e-02 1.071674276139334969e-01 6.344013682922869379e-02 -8.657322505417451575e-02
-4.816751882762145692e-02 9.239488664246717220e-02 5.881828747012284725e-02 -3.487771497043366115e-02 -3.012969401680069825e-02 1.653261557094704293e-01 -8.654787634644749150e-02 7.912296552357410417e-02 -2.157863459380628471e-02 -1.289375413652584131e-02 -1.608676552814934310e-02 -7.672993140084985626e-03
4.810331936122964197e-02 -8.179564268259139140e-03 -7.825624853576139406e-02 -2.554524259083319759e-02 -4.282754227798819466e-03 -2.704663173551021677e-02 1.620027263921420269e-01 -3.766820645162306108e-02 -1.559457864171868123e-02 1.183861252834747246e-01 -5.505299385567133386e-02 5.136806903497474763e-02
3.339435087651249773e-02 -1.575039066739886418e-01 1.692664780492075458e-02 1.265502993127950171e-01 -6.123732045486593445e-03 2.095285944191919297e-02 -1.619852582028866519e-02 -2.838033921942050009e-02 6.261066435003517783e-02 2.307357208774860752e-02 7.797483804155307466e-03 -1.169745780164887089e-01
1.147445507890571675e-01 2.983262320771281478e-02 4.784435088810674169e-02 1.608295334902533624e-01 4.630781482573793212e-02 -1.287604350192682670e-02 -2.578095765048407650e-02 9.802114396276968844e-02 3.818832266204064824e-02 9.670653239016960279e-02 1.381252843534602759e-02 -1.554162552873394609e-01
6.761452273264141610e-02 1.727717498095844018e-01 2.370612262585606797e-02 8.975063719677352572e-03 -6.196170128708348296e-02 -8.965357114558022977e-02 2.215328946377446290e-02 5.988252352064814960e-02 -1.134386002489367468e-01 3.859805520795817069e-02 2.493096181530534208e-02 3.371080089353129753e-03
5.480795015902251849e-02 1.177405674655445100e-01 -1.424397448610782158e-01 4.559492751374188274e-02 1.702251611206558879e-01 -9.131151356821581855e-02 5.877025581515712971e-02 -1.183243905140668878e-01 -2.303259291421689767e-02 -3.307810495347571211e-02 -3.010304707440223868e-02 -1.133868883952385415e-01
1.652557335446350750e-01 1.823264217746728699e-01 1.062528185003994291e-01 -2.820834675605201486e-02 1.070151695340671033e-01 5.019934484666126184e-02 -5.081038297307301221e-02 -2.633447751869701092e-02 1.165260296010355440e-01 6.209292012143864670e-02 1.156126410403841565e-01 1.739939168394549762e-02
2.407012436474889952e-02 -1.757269657254365708e-02 1.338055056371785512e-01 3.768311753955969068e-01 -1.076754408836426841e-01 -1.292474183601759752e-01 2.010458492385779061e-02 -9.419863306598934283e-02 -1.825022823518339665e-01 1.354356680504668342e-01 1.356948332803794843e-01 -6.628524448273877268e-02
4.574719815532166806e-02 -3.572320488807647493e-02 1.567659268859309674e-01 2.516323456297117622e-02 -6.311843969999021350e-03 6.136699087382815193e-03 -1.872239345886851924e-01 -2.312703860676915135e-02 1.178204649655991039e-02 5.307795522273613120e-02 -6.921800999926006059e-02 2.832273540312756077e-02
6.220638772199631877e-02 -1.009194194227536201e-01 4.441099463927351138e-02 8.215604359199013898e-03 3.393990780724593509e-02 -9.186830811554563825e-02 -2.451397051049589160e-02 1.109936401594433936e-01 5.840485097474228809e-02 -6.449572127123556764e-02 -2.466181469031443821e-02 -1.036188711630455818e-02
6.527012186762258528e-02 -1.679780555482035531e-02 1.007978415682391077e-01 -6.576423566360571626e-02 -1.213234480465645720e-01 1.404795612971208862e-01 -2.221043203334641669e-01 -4.506164890292590347e-02 -4.218994064920327143e-03 -6.492586551005741745e-03 -1.042395505892277363e-01 4.858290449746410777e-02
2.116652553886745891e-01 1.029870562000449463e-01 9.774488120274990935e-03 -1.514899382878019396e-01 4.035430953160713125e-02 7.700810682305818389e-03 -9.962529004073895911e-02 7.877095032558553700e-03 2.381549556652760510e-02 -1.079869537394627377e-01 -6.638111951365111008e-02 -1.719073172621537748e-01
3.921811355543112360e-02 2.168793136398425997e-02 1.791217768683186010e-02 6.950633482254779671e-02 7.559846117144423949e-02 -1.027900381337014390e-01 1.668936744590287513e-01 -2.335261105005569382e-01 -3.500947976051946992e-02 8.110774704119794176e-02 1.822924724328551516e-01 -1.151782492861440771e-01
-7.937680133889619960e-02 -4.699050246711188733e-02 5.568950386577910944e-02 -4.634231265124772597e-02 5.596453957892994630e-02 2.738924664369014189e-02 4.456951382581474108e-02 1.101007674704721807e-02 1.854301275104887625e-01 -1.383187718129016454e-02 1.126195774641849667e-01 -1.176641843921599345e-01
-1.624010160475772846e-01 -9.131581959368720303e-02 5.179181441636798028e-02 -8.140900981899400202e-02 6.209497915696297193e-02 -5.977698045799892390e-02 9.339846155091842406e-02 -4.413146340247710818e-03 4.012621698000987808e-02 -3.709747011111192046e-03 -7.043034524163896415e-02 -3.103317880422754374e-02
2.579720129620463945e-02 -8.095455644672122641e-02 -6.536050294936630867e-02 4.601784596348720141e-02 6.007398247692947307e-02 -5.851213829487131313e-02 -1.878740123277712615e-02 3.856883798682782943e-02 -2.536897128241758295e-02 -2.015025922632556615e-02 -2.522046700281589324e-02 2.212542472550287631e-01
-2.076650894062383457e-01 -1.949069913165097090e-01 -1.822834065230849107e-02 5.548062606065747721e-02 1.274691621116560425e-01 -1.367410760830309671e-02 1.346218741372977035e-01 1.922584493892047219e-01 9.927879000540741627e-02 -1.331936275275825976e-01 -1.903886641216546993e-01 -2.391723862007731072e-01
-4.596804960502394455e-02 -7.903699751471565671e-02 1.498386518001279255e-01 4.193957984305641401e-02 -1.171302476723743401e-02 4.432713778047909538e-03 4.860638946279045164e-02 -5.817909724041911423e-02 -5.087881922329143269e-02 8.430016914039323295e-02 -6.472925412571189918e-02 -8.106114289185191446e-02
