8.572940455091919432e-02 6.629772316731810666e-02 -1.122946639856381990e-01 -3.950087327670481208e-01
1.976610174138281328e-01 1.142930628503913311e-02 -4.136318383994945780e-01 -1.027385846091552479e-01
-6.469661677351289386e-01 2.528957539230759499e-01 -3.357041637848753868e-01 -5.075565061367316722e-02
-2.596027716436845045e-01 1.096349705070758795e-01 -7.767147240646496073e-03 1.437240569116310096e-01
-4.637325577015870004e-01 -1.754509382693759945e-01 -2.033875606543269488e-01 1.278784897693845402e-01
-1.975672026050690200e-01 -4.004720534177114155e-01 -3.502669727637432173e-02 1.150885807715313069e-01
5.159591781861393445e-01 9.144782017585473266e-02 2.040793351631260341e-02 1.296887513041886653e-01
-4.669307617725988735e-02 1.867748138482147324e-01 1.159255816454835830e-01 3.663581013052464308e-01
1.680458533219812145e-01 9.259170579580530691e-02 -1.327395206068755773e-01 1.441638121980359510e-01
8.937656789109188482e-02 -1.718698346473857275e-01 2.488345807667733181e-02 -6.497443035210502538e-02
-1.739224996265212667e-02 1.664566424060960337e-01 2.761253110125158061e-01 -1.073210277277927005e-01
1.314720413446487379e-01 7.941807716547398532e-02 -5.426912811195518938e-01 -6.025451723641990324e-03
-2.824417815928679798e-01 -2.743303805150388297e-01 6.858636071095035314e-02 -4.052015304482020630e-01
-1.698369025690378287e-01 2.602298096845957406e-02 -3.581169430662392017e-01 6.779429461054831130e-02
1.265745790720897712e-01 -5.542286758620086351e-01 6.973380847912258318e-02 7.663181577086036755e-02
-1.053265708790768196e-01 6.215632989374200723e-02 2.810999659957459373e-01 -3.810011584668668294e-02
1.381158270959139713e-02 -3.223361510619141557e-01 2.828016673852808416e-01 2.524164600496726085e-01
2.860326191758294848e-03 -5.076743752508195984e-01 2.125337624923049340e-01 -4.711967068999885211e-02
5.976233322354319519e-03 -4.230693625776647537e-01 1.936554021051123675e-01 1.209878379425530226e-02
-1.323935440738076563e-01 -1.071093401954049118e-01 9.497919655129419270e-02 4.196222701895842011e-01
2.722219272119384970e-01 -1.721995713614503376e-01 -5.446543171101664305e-01 2.031222061596053563e-01
-2.522310751071172308e-01 4.992613361202404704e-03 -1.649202235103753578e-01 2.106949576247582889e-01
2.938715387003822468e-02 -1.672607489753492882e-01 2.526767128894292225e-01 -3.054202382305121755e-01
-2.420126635185396516e-02 7.202227528706647841e-02 5.072704197131427950e-01 -2.172996057716273383e-02
-1.394610087944591903e-01 3.100639509329838339e-01 -3.604525460774317923e-03 -1.045989222241027888e-01
1.513265598571151838e-01 -5.767727388699751545e-01 7.279342540591893229e-02 3.134170991460720757e-01
2.187194077118089636e-02 2.582262274241974853e-01 1.969642769217274519e-02 4.289948990504936083e-02
3.018807093955493959e-01 9.026548312115165174e-02 -2.347949451102927798e-01 3.596126770657327443e-01
-4.045327834749094797e-02 -3.251316281035020184e-02 2.725489423943009415e-01 1.967805237732318802e-01
-3.140354513375347156e-02 2.678833220477525590e-01 3.438962148290065635e-01 2.220585574259920369e-01
-1.262043919903706179e-01 1.058818507686380278e-01 -2.836581733730271226e-01 6.947467228985393373e-02
-3.743681246244381922e-02 2.163279683611546433e-03 -4.063560068305246409e-01 -9.012088385005846691e-02
1.499942202301965677e-01 -3.001265946865541157e-01 -2.641831337095983945e-01 1.043652591792189610e-01
-3.625368810273174591e-01 5.209380264810842265e-01 8.120244725841367639e-02 9.479930917727298623e-02
3.295876474779158016e-01 -9.894472562317105369e-02 1.630185546689150167e-01 4.878640284624372048e-01
3.605358731912322590e-01 -3.384912322954844455e-02 1.145426175273694808e-01 -2.256802255461703155e-01
-3.468811672458012030e-01 -5.494042776320953725e-02 -4.532746734179979864e-01 2.325379637537682842e-01
-2.306702595739363315e-01 -5.103400438227764790e-02 -6.028386006921312990e-02 1.677797372810424237e-01
-7.918190174779045354e-02 -2.108767570757274501e-01 -1.720111754434651419e-01 -3.323851058447294116e-01
