-7.129531000654394657e-03 -1.584688152706900111e-01 7.305906354432697980e-02 -9.001806694135952580e-02 -7.581351720872989836e-03 1.415373000247180657e-01 1.194040755155140326e-01 2.189549733326651426e-01 -1.431114054529025736e-01 -1.193871115954568164e-02 3.100718117483944880e-01 5.412483632088234409e-02
4.755722401952365563e-02 3.386079510206711080e-02 6.739970032369907438e-02 -2.184234525855885956e-01 2.433353930112869615e-02 5.074999045823658933e-02 -1.174585984102234359e-01 7.554140775966453059e-02 3.710271912051071874e-02 -7.848599431545716376e-02 -7.129290136071057132e-03 1.031032446676726361e-01
-8.427219019544354706e-02 -1.076481989674162032e-01 9.559588856523257294e-02 -1.111787105981058843e-01 -5.436743384060211542e-02 6.640061733905346097e-02 9.513784243629297421e-02 -2.217255953305983379e-02 -1.505668543119170200e-01 1.088022300409638987e-01 -7.094463526335577364e-02 4.486859245284247760e-02
-2.672311340005551622e-02 5.027455144475964643e-02 7.064801364540840289e-02 1.444821253924704618e-01 8.928294234577792768e-03 -3.906822576497190336e-02 -7.286005077743373803e-02 -7.256244852605600593e-02 -2.275572514872009622e-02 -1.413175772112347794e-01 1.705210325244921332e-02 5.086405714675128198e-02
2.751797447781447262e-02 1.119957057767806546e-01 3.080827182069916306e-02 -1.064114695034350799e-01 -2.580715840896269375e-02 1.617420927388072208e-02 9.030294574342352665e-02 2.573594090778600144e-02 -8.805189636716455326e-02 -3.647805451168518185e-04 3.815783028057261744e-02 -1.658060358503861062e-02
5.296715565882685606e-02 -2.313378036149298933e-01 -4.964801791578044021e-02 -2.131041967854991337e-01 -1.699595676332377875e-02 -4.187337487258927654e-02 2.330223659359122179e-02 -1.264657700420111497e-01 -8.932007905628315536e-02 -5.569509225659472623e-02 1.920661050687954077e-02 -2.109938128079677511e-01
3.463310494432224329e-02 -6.371101170238853417e-02 6.021256593759537201e-02 -2.448917322343455161e-02 8.873961442622879670e-02 2.713273339209129956e-02 9.143671452272716590e-03 -2.031163409825888222e-01 9.157158049910327224e-02 -1.523652663636754397e-02 1.330960060161416325e-01 1.752317874223595709e-02
-8.119871597718929246e-02 -1.354760072309783014e-01 4.971849443772989596e-02 4.854946761247404263e-03 -1.902481889293385908e-01 -3.135792331106443398e-02 1.051656392604977119e-02 -1.080755874971739000e-01 -6.904013379670319306e-02 4.487338952262968222e-02 9.578953575616108718e-02 -7.476216104248185890e-02
-1.655587349735807012e-01 -7.161588180479841470e-02 -2.782435196019063250e-02 -7.828304776175275259e-02 4.325008945208667389e-03 -5.392263434759896057e-02 -4.671520655016193208e-02 -2.629120985317715681e-02 3.300214066940187346e-02 6.010961929973894502e-02 -8.855733118299642659e-02 -6.246043905090835346e-02
-2.050531408772621883e-02 1.069523102759201844e-01 2.018789230744663654e-02 3.568424382085665786e-02 -7.679186313390258534e-02 9.957564076487697424e-02 4.480056986106342731e-02 -5.236772934603521612e-02 5.488453561021958832e-02 -1.543385408585853588e-02 6.604016585276473172e-02 5.484627441833707373e-02
7.154787246152545521e-03 2.306765910614751169e-01 -2.144692945715676730e-02 1.117942469457701149e-01 -6.877497579649927140e-02 -2.927694289232751768e-02 3.609851136767781854e-02 -2.731525985795896921e-02 -4.947840101118151923e-02 2.457106529590862010e-02 -2.012826263248018721e-02 -3.403806356533169847e-03
9.005646982047772753e-02 2.754016619381534706e-02 1.284134771277279374e-01 -3.004331183198320765e-02 7.383841000608437621e-02 -2.858168862355642270e-02 1.753287154269665138e-01 -8.729541534303580930e-02 -1.728875985192212389e-02 1.026559461516472760e-01 -6.939800237603921396e-02 -4.609701627490443016e-02
5.788790429905907309e-02 -2.314385807372946330e-02 -8.899232002495854887e-02 1.936413220565432747e-01 -1.480692422996212620e-01 -1.060884774322978785e-02 4.113242154985879973e-02 -2.407834849269714639e-01 4.290358066741970650e-02 -6.031813788916143976e-02 -6.852892372961977285e-02 3.957644661287488923e-03
6.968706593788992487e-02 8.349154949589557284e-02 -6.736009897886563458e-02 -1.245843264190513167e-01 -9.074324808862511624e-03 1.626791340624488729e-03 2.356443481275921972e-02 -1.024426795051727457e-01 -4.105363996352310446e-02 -6.081288547194979577e-02 -1.499559929878754305e-01 1.080751561345805190e-02
-3.378506503350531265e-02 -2.228813455616412281e-02 1.065255760670697216e-01 1.004078687358790287e-02 3.567208307499265818e-02 -2.791625219335185093e-02 -7.503293295475899072e-02 -1.104850364538600554e-01 7.180392801287092952e-02 -4.227758974409193821e-02 1.748178740884994975e-01 4.192189953717583017e-02
-7.237056733460442426e-02 8.382744209422215986e-02 2.727113768223517198e-02 -2.552271403531932228e-02 -5.771049501477971966e-02 -9.508803032097906671e-02 1.246839534302585234e-01 4.292803490467662561e-03 1.242220677358771459e-02 5.479475867169206899e-02 1.731074887551550118e-02 -7.348564416622249684e-02
1.027271507976272452e-01 9.935767653362292950e-02 5.650981358075730238e-02 -9.136315017536814076e-02 -1.244097689020060293e-01 1.182242693648049153e-01 -3.365893833633129550e-02 -7.556577247987647517e-02 1.689917612067664762e-02 4.359734332060177797e-02 -1.072091691475852704e-01 -4.224567416302433404e-02
4.380728458863669683e-02 -2.911607556352415610e-02 3.142428580611952849e-02 -7.695374535947430150e-02 -2.411467268015707044e-01 1.326473751982682470e-01 8.439225733095101489e-02 -1.440002624277729806e-02 2.631025693258153692e-02 -9.918259134691012613e-02 -1.956978728615078600e-01 -1.769909341467977015e-01
-3.947309872958142812e-02 2.793772003297216588e-02 1.630024557172373989e-01 8.403544362836032344e-02 -6.870148779386202678e-03 1.592566050360876839e-01 -9.953601016572413696e-02 -1.307001034487269842e-01 -5.772909756748042381e-03 -4.453575326085179586e-02 -1.473060239570412114e-02 6.964216916902138399e-02
-1.386075804416511403e-01 -5.928740844992609615e-02 -4.053331456949336997e-02 1.247759809339489545e-01 5.992214940715727411e-02 8.703539597508909431e-02 3.529680076839851748e-04 -2.645725438569082599e-02 2.797380049500223023e-02 6.615834764697635373e-02 7.409255346739940240e-02 5.044803664408696597e-02
-5.273429493479836472e-02 -7.825918172994425492e-02 2.972398123595445044e-02 4.655049718681716908e-02 7.487398803007261350e-02 1.314080839607452422e-01 6.708851007167357383e-02 1.391351050350855822e-02 -1.649709596484998098e-02 -5.174243919300667433e-02 6.348322819904873154e-03 3.979346349486146545e-03
6.541279489127438396e-02 -9.520936913270673652e-02 -5.071488959598424717e-02 -1.011650435697353523e-01 -7.587065797449500659e-02 -5.862854845784035845e-02 1.174453768875789381e-02 1.186345635002273302e-01 1.608622270114055119e-01 9.312988022039572766e-02 -1.443892853220716810e-01 2.692058246185722106e-02
-7.789252228000852207e-02 -1.312692995186855172e-01 -8.254072973780243738e-02 -1.869446010019780099e-02 -1.090696006346421505e-02 1.908495249651809278e-02 -2.563563111783434545e-02 1.739487835174834685e-01 1.640116174420184342e-02 -1.292744235675882258e-01 1.133824799176385151e-01 8.449960701787913309e-02
4.178530519059367454e-02 -1.647892235944107275e-01 1.443893766003079976e-02 4.390083934839501822e-02 1.351373842388912117e-01 -2.317843876579130102e-02 1.457544665118404303e-01 -1.192641692565330203e-01 -3.678930339412701811e-02 1.493146818569978107e-01 -1.304644027207767787e-01 2.203795405191268098e-02
1.313220991592431094e-02 2.173655079662887846e-01 -1.341091554406362383e-03 4.881997534932709659e-02 -2.697430010423973804e-02 5.426037248927997880e-02 -1.393781242996484405e-02 -9.287860006015902226e-02 2.888068073954585396e-02 8.557082556459951611e-03 -1.534779343257086093e-01 -2.179545956086701985e-01
-5.617368607491474847e-02 -6.837384547738202534e-02 5.013885716179304619e-02 7.308279251723509562e-02 -8.076712125224708855e-03 -3.947713695811049667e-03 3.083035534731959348e-02 -8.126452250942181599e-02 1.040183079870025951e-01 1.392150610361513052e-02 -4.841609962328188854e-02 -1.883485878589449131e-02
1.107384070264433029e-01 4.044699313148104880e-02 8.198541400588241213e-02 -1.206406030706089344e-01 1.030467208922338472e-02 6.543083635462540112e-03 -9.369171946219452540e-02 5.988979828340970646e-02 6.470264246811950615e-02 1.920445531937732542e-01 1.892597830420199995e-02 -7.326365963804311321e-02
4.441463952958973546e-03 -5.416668826486487759e-02 9.051843657090163919e-03 -5.043750517327173777e-03 -1.068639258475147097e-01 -4.152986453587252658e-02 9.405624608164010747e-02 -8.777979944473793261e-02 2.825132320112984027e-03 8.247252727970392355e-03 1.574108875972476257e-02 -5.329123256628919003e-02
1.437381819759329417e-02 -1.625589374205954341e-01 5.735019019894372488e-02 4.566465821270594000e-02 -2.491807441190176109e-02 1.307367181723766425e-01 -8.403589882614087569e-02 -9.501569945612742263e-02 -3.749372372843325085e-02 -5.540054721807681493e-02 -1.156575321626079553e-02 -5.935176431915839546e-02
-5.654725400127844082e-02 -3.928364298350980194e-02 1.228965806335994559e-01 -5.914676085991003168e-02 4.155879065297772568e-02 -1.547582594463186023e-01 8.410132961461226631e-02 -2.003032313732611841e-02 -1.457338171190012549e-03 -8.184459855130278572e-02 4.388584558391728230e-02 1.634131704566045215e-02
-5.123595490916003220e-02 -2.183997894898883491e-02 1.273190332829407523e-01 -7.430896227263544818e-02 5.047324342621404419e-02 7.992166717604096138e-02 3.675918363138556966e-02 -2.839559133453060241e-02 4.847382829874974375e-02 -6.643722654166994910e-06 1.815965926266281949e-01 1.384712071273681367e-03
