4.617326536017049010e-01 4.237424126207459119e-01 3.945825064711042662e-01 -5.459366372863311972e-02
-1.054530061057106088e-01 8.854351487104301227e-03 2.693115382360878329e-01 5.335111051941474614e-01
-2.938835244356242243e-02 6.111384196650036099e-02 1.606723157773992106e-01 -1.269657384553197210e-01
-8.890168573735796054e-02 5.211266963038824196e-01 3.724232596322588629e-01 -1.309600773418301833e-01
3.227834587087762830e-01 9.183941108885788907e-02 1.426499024226416112e-01 4.290989670423507318e-01
-1.581250461271880847e-01 1.742939153558758503e-01 -1.587555067105441420e-01 1.598210059252737347e-01
-2.651373446506387621e-01 -9.582719434200309347e-03 -6.399165752138072372e-02 3.661306590738880144e-03
-2.402713138113555247e-01 8.053970122628108241e-02 3.360681936384855018e-01 2.718918513612915144e-01
-5.372591957887165037e-01 -4.448116636918088562e-01 -6.716668459185944073e-02 -3.409858689001654675e-02
6.055059564883031632e-03 -4.486419699179400311e-02 -1.102762765112680204e-01 -4.976053655034916312e-02
2.803427373895130970e-01 4.407742255534449760e-02 1.849322077627633121e-01 -1.129869393648377796e-02
-1.110051122682778058e-01 -3.604561216951228664e-01 7.961966202297282580e-02 -3.852635550666421728e-04
-7.451700719484434521e-02 -2.387239269992917357e-01 9.159155729041051908e-02 -7.565536186236732075e-02
8.478538449039949021e-02 2.365422771194230500e-01 -8.468302485860663975e-02 -2.234778867516530876e-01
-3.271764636722835906e-01 1.800180592039876959e-01 1.422282470920440411e-01 3.934073011403934061e-01
-1.644289070983106782e-01 -1.966027372725596967e-01 4.498913508344240531e-01 -4.770284520753781399e-02
5.142719113722198782e-02 -8.350843317785082431e-02 3.200992938543293503e-02 3.054812485532041877e-01
2.193900273470489881e-01 3.362404522187242839e-01 -2.890813830522021566e-01 5.088973522129798255e-01
2.986635207713286833e-01 -1.372300636263037721e-01 -9.421057249020631241e-02 2.486084782606391708e-01
5.036235580177748083e-01 5.038573397464749526e-01 -5.207921755710493983e-01 3.497994935976759395e-02
-5.111675231359603944e-02 -3.306121782831218936e-01 5.255384399863500047e-03 2.859843892662122244e-01
3.620945198298766710e-03 -2.453839472458362730e-02 -1.646400431500211203e-01 1.119122986687435956e-01
-1.208392966650455452e-01 9.033528409897612077e-02 -2.907014796615324803e-01 3.584067212302592675e-02
-9.351221736968196030e-02 3.507697313520953541e-02 4.539137796857082435e-02 2.590487659473071358e-01
2.358848207449490142e-01 3.347583566274993094e-01 -1.199320939674508035e-01 -1.387648879546140579e-01
-5.838093711427470855e-02 -2.603765917109428507e-01 -2.536453913000957794e-01 2.722541710116366809e-01
-4.126923645201458490e-01 -1.942613286307909859e-01 -3.745786064538751681e-02 2.192818077357450157e-01
1.593245685805918521e-01 -2.552296505647429214e-02 -4.141318425113229423e-02 1.507313275759024698e-03
-2.272588907956318294e-01 2.928697002251358025e-02 1.654617503378335852e-01 -1.284328013275699322e-02
2.300022974060052794e-01 -1.693326196013278939e-01 2.385374467138989263e-01 -1.946984881899622433e-01
