-4.882156419454711238e-01 -6.261178693701553444e-01 -2.559034990908146297e-03 -2.759058087397117109e-01 -5.778254273030891675e-01 2.956978299507583841e-01 -8.168276637597540191e-01 1.848791958895399656e-01 -8.171143543321811586e-01 -2.855950422531605137e-01 2.329358049070942294e-01 2.726422952787473375e-01
3.530746767541309561e-01 -3.274903177288444045e-01 -1.689002913717224941e-01 1.220206349682414482e-01 1.753862400959882162e-01 1.794776915063927003e-01 -7.964306895723435309e-01 1.396145194165955561e-01 4.903130084339645811e-01 3.252858597976706623e-01 1.405357741183254294e+00 -6.915841182594686942e-02
-4.491782256411077090e-01 3.485274254937945071e-01 -4.431721386032068111e-01 -2.773036430503555416e-01 -1.790937689995917292e-01 5.221947197355251147e-01 4.726153427273618313e-01 -3.818350217755765719e-02 -2.159387517642064047e-01 5.722058785189593211e-01 -3.900955522648100748e-01 7.296289102102607727e-01
8.517131074574005867e-01 -2.450296356255701469e-01 1.028077908972454546e+00 2.086657999315144896e-01 1.156636642129458686e-01 -8.104598066586365945e-02 -1.098160509974249077e+00 -1.945924973075867648e-01 1.318999635550795746e-01 -2.007500143195578846e-01 -1.896197095154093515e-01 -1.577597652062623923e-01
-1.097509978556021754e-01 1.479970821420943661e-01 -4.741740803784716407e-01 3.970255975469957344e-01 3.606564710020066650e-02 -3.170433466483437712e-01 1.978482860221462969e-01 -2.352344005078902955e-01 -4.100495891785020941e-01 -8.963293524214104302e-01 -7.356345761102839331e-01 4.497377584869702849e-01
2.455619014581989223e-01 -1.856256912111287627e-01 -3.893281356895769707e-01 6.511654790630002632e-01 4.227352339817377902e-01 -4.644088311708043371e-01 -5.185453156983452772e-01 -2.967186180934491824e-01 -1.944523557253078627e-01 -1.337143394248616390e+00 4.162304307550240834e-01 2.785576058294566004e-01
8.680005928116414637e-02 6.571978575251056220e-01 5.543426812192078224e-01 9.795231988150009117e-02 3.225100056755595967e-01 -2.186762969610743859e-02 1.136884418046509637e+00 5.713272501856045960e-01 3.355435457030451207e-01 -2.062864608565395663e-02 3.811275436875807276e-01 -1.219356068810258376e-01
-2.338563149188593870e-01 -8.100265505673798216e-01 1.323421715369001717e-01 -5.846742724744611319e-01 -6.844881729672909199e-01 5.653393381018279040e-01 -1.391197743059114367e-01 -1.098208538717385940e-01 -1.165915007959444916e+00 -1.159077913245464414e-01 2.948970682372045737e-01 4.269786009000839377e-01
7.055634901884043630e-01 -2.602054022378882392e-01 1.177381830727064038e+00 -4.157749522380851936e-01 -6.926736572253009427e-01 3.371438921951073753e-01 -6.746219866430309686e-01 -9.284203572711335894e-01 3.900139421552228369e-01 -8.359783950502142069e-02 6.466739033703300388e-01 -2.639221454619177787e-01
-1.048478622528532522e+00 -5.930537677034390942e-01 -1.210064302099721933e+00 -6.521298791513434334e-02 1.276020736442685377e-01 8.468858442556095878e-02 -1.037848381472133638e-02 7.222440738043409691e-01 -2.448241710713534303e-01 1.084861223918429096e-01 -1.860794101190129668e-01 2.458367628635280966e-01
-1.483609288029432705e-01 -1.324155006506751997e+00 -6.986458687883364549e-01 1.596096341764644821e-01 5.318810296289259304e-02 -1.579960681075716911e-01 2.737456629846802270e-01 -7.458611371126112888e-02 4.536535175910365036e-01 2.174010198687863771e-01 -3.630573197517902306e-01 -4.695879071961253648e-01
2.231654198311339987e-01 -2.712120895587110114e-01 -1.799674288492104923e-01 8.500063034259557060e-02 1.353089151830519365e-01 -2.558378717368833821e-01 -2.227481833997985827e+00 -6.499532746143389383e-01 3.526816470076434840e-01 6.019385178267289138e-01 3.966115385235192137e-01 6.416078128001113934e-02
-1.073528854385553011e+00 9.202211517250279138e-02 -6.001736246388829077e-01 -3.135972492398025335e-01 -1.927329536463366910e-01 3.001413263527495379e-01 8.426214677985762735e-01 1.551262062851046508e+00 1.124915679705736221e-01 4.862940166346436666e-01 4.071771144011619437e-01 -1.727632841054588600e-02
5.397587408292491284e-01 -2.875549349028475588e-01 6.817294921910869165e-01 -1.020826658440571466e-01 -6.146211833698118632e-01 3.151365729059261295e-02 6.480781887681557052e-01 -8.563328845624378349e-01 3.153699063796090440e-01 -8.624798335706675978e-01 -1.799978397033584754e-01 3.325367305020470177e-01
6.074935684996070062e-01 1.967285178919065194e-02 3.148392427313223552e-01 1.863479684097994193e-01 4.164015802098844365e-01 5.342222722703636462e-02 -8.534220279425702715e-01 -8.663825849433347548e-01 -2.248873241480343843e+00 -2.625005104028278469e-01 -5.195545978120279934e-02 1.514402175128807815e-01
-2.306708274258674196e-01 -1.169235101004487132e-01 -1.385729153992653284e+00 3.133323671587577852e-01 6.809463952797294439e-01 -5.974196341257084208e-01 2.936385440021389570e-01 -1.387966909180633202e-01 -2.103672137878584980e-01 -1.592367594621618976e-01 2.529508039088110283e-01 -2.600756638701632872e-01
-3.113839821807732888e-01 4.895749615985903191e-01 -7.689612367598547271e-02 3.081478198887882547e-01 4.478165186129855480e-01 -4.050215654355476258e-01 -7.383995216094033642e-01 -3.015900806438601700e-01 3.185479133935063545e-01 6.194019478238457221e-01 -7.771339366169470741e-01 1.424650114652570299e-02
1.117979689081733397e-01 -2.810857092582786931e-01 -2.277944787818324268e-01 -1.307015354281435837e-01 -1.790655847785966870e-01 5.244843005586684592e-01 2.706822321695335001e-02 7.064920503463082424e-01 9.760888232876248072e-01 3.404752272569470661e-01 9.691440655635186197e-02 4.574448865681168298e-03
2.212222100522932278e-01 -7.089968078112089955e-01 -4.100426960713064450e-01 3.613505096409688200e-01 2.312577163216438247e-01 -3.444157540029343378e-01 4.211217377441690835e-02 3.416591091626566268e-01 -7.897244517942479947e-01 -3.586274278704957297e-01 2.253757576530426299e-01 3.049311613531239251e-01
3.883713143034989851e-02 -4.551186819936693939e-01 -9.191076888624413188e-01 8.227111106127141249e-02 -2.652496808421650476e-01 6.918479989333900515e-02 4.958160304440154542e-01 -5.200764777761396340e-01 -3.041796817748088633e-01 -2.933389150515429145e-01 -7.500732690308807848e-01 -6.728443521439428365e-02
1.298918266431901281e-01 -5.995110193265338339e-01 1.256542534383461751e+00 -3.759020472387584744e-01 -4.638540268960611446e-01 2.393511308180195363e-01 -7.256814538247903235e-01 -5.186150115962342433e-01 5.169673733710136165e-01 6.832109348664755499e-01 -7.891026080149642352e-01 -2.704572752719245909e-01
-2.479047103555322151e-01 -4.037147850105326508e-01 4.772068905766205238e-02 -1.162583011007483902e-01 -3.915191944773950272e-01 3.380426970985520585e-01 -6.379077444461130064e-02 1.005787771417851584e+00 1.616223518500164991e-01 3.321998262902614574e-01 7.009825144699712851e-01 -3.643345619753307618e-01
-1.848638287799588831e-01 -9.469832965983582262e-02 -3.310042854948261892e-01 4.143926441421100920e-02 -1.616945701490199103e-02 -4.067155439052275862e-02 1.078437951298263642e-01 9.196408181171342733e-01 4.192217390992215020e-01 2.637738692137261975e-01 4.249691669247875891e-01 -1.248614786831796719e+00
1.417223738940330602e+00 -3.290848860248274943e-01 3.458809997446650741e-01 1.971095690989601301e-01 5.513279037937567351e-01 -1.720201569086764193e-01 4.446752852026554237e-01 -2.050578484813461722e-01 1.822304348532309271e-01 -4.559210193078288564e-01 9.141637956646347929e-02 2.535091173626653482e-01
-6.451415599817409557e-03 -8.224228200604873917e-01 3.847493581094870163e-01 -1.171353517555805968e-01 -1.404099270228851559e-01 -3.798153593215217866e-02 4.143205782926867031e-01 -5.238758597007826534e-01 -4.191748559325422230e-01 -1.026012633586731448e+00 5.862076149509599654e-01 9.743097004192775579e-01
-1.586153004165094527e-01 -4.723029624542252058e-01 1.303988987126042387e-01 -3.622531662567960997e-01 -2.228606071292796864e-01 4.080208845025771192e-01 2.145781252634416658e-01 7.296947745828363807e-01 4.298473014045148949e-02 8.841256061526100996e-02 9.409740584857732015e-01 -2.509373563131994112e-01
-1.103887919561011149e-01 2.079167193354385657e-01 -1.010422483684161321e+00 2.084085749959578571e-01 8.009063191406808058e-02 -2.565539940985481770e-01 1.609125093164657239e-01 1.153467818425995883e+00 7.097243919715747751e-01 4.968226518213946785e-01 4.326163398403061189e-01 -1.925066709574768220e+00
3.612629560414163943e-01 7.940804422248763927e-01 -1.003195760570306128e+00 9.308998986537909692e-01 7.057992265306589630e-01 -7.638029471205816101e-01 1.462510842334256156e-01 -3.962459846386600093e-01 4.517174481688956411e-01 -6.421118868324611206e-01 -3.485662680426551696e-01 9.791228580563623995e-02
-9.478641136985720417e-01 -5.416520505174093891e-01 -7.155892956971278418e-02 -8.240065026952517191e-02 1.048105984803662100e-01 3.376841749308517882e-01 -9.196954614590485688e-01 2.802546441952914469e-01 -4.771879337717526703e-01 -3.020272758283579217e-01 6.141187690806896443e-02 -3.172683073367695700e-02
7.996717289897369296e-01 -5.940631032466180406e-01 1.375312614019428559e-01 3.286821520766546878e-01 -5.216762006787033223e-02 -9.543553231941759307e-02 -1.618688468332317276e+00 7.299332899543241326e-02 -1.236406152690675136e-01 3.476848273233386077e-01 5.946749510714326448e-01 -3.341215414632056624e-01
9.240615342938659493e-01 -8.056960542323814423e-01 4.822492167417157805e-01 -2.288291025851574845e-01 -2.931528912098219641e-01 1.711462423395425925e-01 8.601764778397438804e-02 -3.809721140520921367e-01 -9.852053273836222647e-02 -5.223230383702084367e-01 -6.957854901224289068e-02 -2.870784735706335411e-01
