-2.399096117120758445e-02 -3.026327276890049545e-01 2.179890377542278157e-01 6.346581035499951895e-01
-2.921350130477435303e-01 6.847152648152766974e-02 3.023471669646606626e-03 -2.968944165290964832e-01
1.478390769559542461e-01 1.417080883512617795e-01 5.410665768571858159e-02 -2.626370045429166633e-01
6.274519940231464421e-01 -5.993910224975950163e-01 -1.889440369403230513e-01 -7.112823525005347591e-02
4.861597320912734027e-02 -1.220870540596547260e-01 2.754053699569907754e-01 -5.310763527499637315e-03
-2.883587468748573940e-02 -7.251127214415591105e-02 8.532063614669568863e-02 1.257846787650898912e-01
2.217371990362511369e-01 3.054909610474249027e-01 -4.531948919032918049e-02 -3.024682848011093217e-01
3.096744194455615662e-01 -1.726692960586297954e-01 1.338716405228280171e-01 -3.388906752743631734e-01
1.695801636107771571e-02 1.142810977181065585e-01 -2.617286200904707094e-01 -6.930990883424966581e-03
3.300907451653894431e-01 -3.545909381926827253e-01 4.253759612591184736e-02 -2.415229534040021220e-01
5.264476969085430946e-01 -1.594141048326320753e-01 3.554723714810189561e-01 3.805181649150113921e-01
3.220699166322413265e-01 -3.944328127513200832e-01 4.151618831777742491e-01 -2.704669820646588563e-01
-1.472210451984655999e-01 -5.189480131875885416e-01 3.467704272790876896e-01 -1.179473754364731702e-01
-1.788579786362661794e-01 -9.256177325083696228e-02 4.360688804146723996e-01 -2.702444477520795085e-01
-2.522383676568609734e-01 2.523443318802851554e-01 -2.241191464585739479e-01 -4.892920102929685933e-01
4.449923146718030853e-02 1.734197125047119703e-01 1.876416200326264938e-01 3.000144967825206788e-01
2.675187503321751481e-01 1.266038710443351534e-01 -6.166374043447316565e-03 2.791940888843996160e-01
-3.865022767010625054e-02 1.199151728449020099e-01 6.615903825685451323e-02 3.257140940293989234e-02
-2.547195434431151484e-01 3.245996892557427294e-01 -1.239475238313191424e-01 1.287135408391118785e-01
-3.586345696341736722e-01 6.364779619032388813e-02 -1.815365280517646229e-01 3.411629372723821718e-01
5.229644825767174598e-01 -1.484351410451419662e-01 -7.496336127696175133e-02 -4.080194953130180519e-02
8.423726969656080343e-04 -2.757907405103388748e-02 -2.452550857461031353e-01 -2.453653179175053212e-01
3.544102119823247521e-02 1.661975268328114430e-01 2.508312263301039624e-01 4.563221915726076161e-02
3.647288131713689041e-01 -1.514032648583198415e-01 4.227798026645363666e-02 1.346096650843418285e-01
-6.922033180610177860e-02 1.154974915675193586e-01 1.888393045720065389e-01 -4.118593759455844300e-02
1.084162969373067553e-01 6.457651501805500294e-02 2.206129642878965416e-02 1.314707951443425393e-01
2.061506334053863354e-01 -3.440625132531763275e-01 1.791667193284739168e-01 1.402190370013081389e-01
8.129724031649191579e-03 2.491993881741181305e-01 1.678085814381560792e-01 -8.229160487202170915e-02
2.078479260290875819e-01 -2.715507072368044672e-01 -3.416194676315149285e-03 -4.636527583132366709e-02
3.643181998462523552e-01 -1.605624470749119348e-01 4.283971019873712982e-01 1.133704311311894974e-02
