1.281745954749980432e-01 -8.734645015651006095e-02 -9.317407584788371666e-02 1.704206184244033417e-01 3.493569075981891973e-03 1.010011291748202228e-01 1.744148720594591306e-01 -1.772823919044073937e-01 -8.951982563250029945e-02 -4.693539325277619467e-02 -2.928107517185634182e-02 3.997081524283969262e-02
2.996657202450724727e-02 7.697641407304776917e-02 -4.204046437905718803e-02 1.994786476274934273e-01 -1.630221876395823166e-01 -6.392616512663217010e-02 2.636941462912648082e-02 -1.247647824133206879e-01 1.221815310692911244e-01 5.169491762524618395e-01 -1.081603241379500563e-01 -5.019545253493390424e-01
1.064588090355616801e-01 -2.786543109503164528e-02 -6.669464599570545937e-03 1.104238488309475380e-01 4.841809158799299795e-02 8.444774510823115088e-02 1.133388875239150217e-01 -1.663651111313384223e-01 -2.499222383016708876e-02 -6.277659816039470042e-02 -4.272221132448165287e-02 -1.158880795002606573e-01
1.238778199591785735e-02 -3.367334553459592345e-02 -6.493817529811347911e-02 1.869967275664027595e-01 5.598671462844644064e-02 2.173184468756096666e-01 1.315227734670103843e-01 -1.411268692536055309e-02 -1.603353518367924835e-01 -1.652204561072441458e-01 -1.275935647245712568e-01 8.887797658811751045e-02
1.097190273438345964e-01 -1.392748436642395060e-02 -3.838246033383488354e-02 2.186503974423425756e-01 -6.971391356612949286e-02 1.301999699742868721e-01 2.641266968303389584e-01 -1.143659645087209270e-01 -2.517723251152403918e-01 -2.682099478983165919e-01 8.697236955920782664e-02 -1.099996669179731205e-02
1.282837484415561558e-01 -3.281869163550962115e-02 -7.090877220677956061e-02 1.878689735686568663e-01 -4.619610681257631246e-02 1.170056599085529253e-01 2.356429392076139079e-02 -4.961906636155619110e-02 1.069715832909013840e-03 -1.498738180151158728e-01 -2.153371770391727599e-02 1.436896825690889279e-01
1.448146866078108301e-03 4.082224169232853174e-03 1.560655609024506549e-02 -3.385532852402245441e-02 -7.575524899826685532e-02 2.378284938079604782e-01 1.688471929662762328e-01 -1.621272361039121368e-01 -2.395674263720520003e-01 -1.541266349715517958e-01 -8.615158529626087969e-02 2.813711561590068189e-02
2.387884023641408671e-01 -1.148763836925415366e-01 5.285765512517207054e-02 2.116284932127611984e-01 4.075969904279530195e-03 1.507455710295122764e-01 1.106886458377989713e-01 -1.528327552456405780e-01 -1.017705205929052004e-01 -7.767223560271892258e-02 -4.272713330645216273e-02 -8.256519288630515679e-03
1.628507030100817821e-01 -2.958824099810678301e-02 -1.893330807422875517e-01 7.455345717847076947e-02 -2.110089319064050936e-02 1.731515207854397442e-01 2.812517405137403281e-02 -2.029544173187577127e-01 -9.653060692824541600e-02 -8.252530179926177711e-02 -1.615438485375580990e-01 -1.277631817428658391e-03
-2.220955560898346583e-03 4.846261806605101780e-02 -5.101743502327298410e-03 2.211999512983000293e-01 -7.639121693205050412e-02 2.194157076089350566e-01 5.951531568200940647e-02 -1.718982068275571040e-01 -2.045513360446613860e-01 -2.415847933161603400e-01 -1.443702528704761123e-01 4.436687407474639716e-02
-5.649110093590563320e-02 -6.966678483449122161e-02 -8.781557264985333233e-02 2.188542261237090003e-01 -9.074143058298905773e-02 -6.858380051505122074e-03 8.499721062919907144e-02 1.489885624280299151e-02 -1.838397015891395092e-01 -1.095805438739146792e-01 -1.247815202394557538e-01 -1.739690895446644467e-03
-1.211319280629402917e-01 -1.937779275710326543e-01 -1.185861640623836338e-01 2.991019505737703144e-01 -1.030402003231031642e-02 9.258421020293104708e-02 8.856687109628263999e-02 -5.871631384512566998e-02 -4.588683483148558312e-02 7.004536750715223935e-03 -3.912391566992987589e-04 -1.001240718187380724e-01
-1.686591770231503362e-01 -4.318294625397373770e-02 -1.178520641926931317e-01 1.366354788353542904e-01 -9.374310038859562377e-02 -6.273510129672918434e-02 8.180208842522540894e-03 -7.127084091254319576e-02 -1.052137628833894334e-01 -1.025008198596491088e-01 -5.410731277326668448e-02 7.088272354519629948e-02
7.241260051483378035e-02 -1.651415655758523837e-01 -1.477005925513544260e-01 2.603657904455173311e-01 1.915684437646977475e-02 1.573323975271314346e-01 1.239016122377823714e-01 -1.565756593495442883e-01 -2.114445241031281675e-01 -7.559042304520859068e-02 -1.340713438659039969e-01 3.261766869111422298e-03
4.746408001237122955e-03 -1.080719411721982187e-01 5.123531784101073572e-02 3.087738258717921958e-01 -2.442560390597839706e-02 7.512560583456705243e-02 -6.920513944498714320e-02 -1.630082697647891321e-01 -2.348870096056522028e-01 -1.548400691836488707e-01 -1.600762412101748855e-01 3.583540750543611625e-02
2.351395524626934824e-02 -4.254294591192964853e-02 -7.118737271796136967e-02 1.021366251442688139e-01 -1.357089594323314108e-01 2.691757817511566397e-01 1.800137396069681761e-01 -1.888990145177292523e-01 -1.698069520102085672e-01 2.306103431513009238e-03 -1.965724100755175119e-01 -7.476138717414092250e-02
1.463961290269935323e-01 6.476669117229684469e-02 -1.390452954828985122e-01 2.429288134503695407e-01 -7.632203289992176010e-02 1.418228802993494464e-01 1.933694101866151038e-01 -1.355014816794917511e-02 -1.989201570314624579e-01 -6.619912407863728400e-03 -1.230845684842711840e-01 -1.126235984889499414e-01
1.547740646700893896e-01 1.267393815421601622e-01 -8.114960899553257112e-02 2.724184603791702797e-01 -3.437731878906109817e-02 1.419769066155923860e-02 1.900912011822014913e-01 -1.287774033392666551e-01 -9.141536370683550627e-02 1.537221810484087382e-02 -3.758653754552244292e-02 -4.619458920487581020e-03
9.349721690782375472e-02 1.029206392110226659e-01 -2.306989260700493816e-01 3.522640789604568057e-01 1.617270812410354086e-01 9.057494869028616391e-02 2.569922047809004573e-01 -5.966981972016850710e-02 -9.919992929296239659e-02 2.237191167609521233e-03 2.028448804480640147e-02 -4.162050452150330843e-02
-8.924817173624402522e-02 -7.326050567363138588e-05 -1.574567376526697093e-01 2.374308398365224948e-01 5.602250500184206838e-02 9.447596159958758510e-02 2.703520543191682834e-02 3.718486627481167039e-02 -1.801312080754406131e-01 -1.851771645177132178e-02 -1.418356021215605445e-01 3.914478556425953631e-02
3.473950266152592281e-02 8.209506381186522372e-02 -5.231457384020843371e-02 2.287678948522884059e-01 3.613989970023945286e-02 2.656330344953159450e-01 8.374002426797766407e-02 -1.090706495134887294e-01 -9.575787234834237660e-02 -7.122508381999549665e-02 6.697916216020478875e-02 3.542785668502847901e-02
6.810519771776346598e-02 -5.087498590662341974e-02 1.870104433751402784e-01 1.573503210462001978e-01 -1.035629597578432426e-01 1.064959238226204224e-01 2.759720011032901210e-01 -9.012831000020692096e-02 -1.999693610763574603e-01 -1.583098962645842767e-01 1.643406477375025307e-02 -6.566517448148449787e-02
3.652861833897526334e-02 -3.343948217663589295e-01 -8.417288422773273882e-02 8.070580265673647780e-02 -3.868859899048528173e-02 1.587646993783586036e-01 1.827905064373616384e-01 -2.076741890216962372e-01 -1.972566017987291143e-01 -1.173952626101878866e-01 -4.707724726593858627e-02 -2.935336679653019476e-02
5.514842360335354965e-02 -6.196112826486497444e-02 1.651604973896638948e-02 7.764453428932600876e-02 1.530253971103487931e-01 1.534146620814497985e-01 6.634676572866915478e-02 2.139820811722390956e-02 -2.410124908218121143e-01 -9.296551485519573277e-02 -1.706165314768835206e-01 2.064969389952161366e-02
4.712235121743652000e-02 -1.238734141347667267e-01 -5.785228546711397579e-02 1.406007346238967448e-01 -5.476104716498728098e-02 8.362425514250573788e-02 2.641563077732941300e-01 -6.492230997774817158e-02 6.775519237522253935e-02 -9.406303852115947828e-02 4.098101830892077885e-02 2.963130217751469564e-02
1.503955733555250272e-02 -8.635169820289632925e-02 -1.620996473379611169e-01 1.361501715764791010e-01 -2.341394256565888440e-02 9.214073155973896700e-02 6.072716775650292831e-02 -1.240962531245267814e-01 -4.677834604824705061e-02 -9.979032277262765704e-02 5.320163665951612580e-03 2.746535337030823337e-02
-2.943056944550937609e-02 -1.944714342782205840e-01 -5.695664576193890105e-02 1.728320247408270671e-01 5.137100517111743703e-02 1.553484636384388773e-01 1.942707064338325684e-01 -2.603723228808892468e-02 -2.265597584892636018e-01 -2.553825702544355036e-01 -8.345570860068056429e-02 1.114694056119635152e-01
3.824634072578134147e-02 -2.228808101245356374e-02 -5.093877124945088430e-02 1.720609633495517043e-01 -1.628571015193401306e-01 7.852530749963271273e-02 1.018047212186980188e-01 -3.539405392477008860e-02 -1.972440549795945186e-01 -8.467003629380702445e-02 3.107467187909510389e-02 -3.215964689227571865e-02
-3.141476051508097084e-02 -4.861112654919439585e-02 -6.760093414652636190e-02 1.309890417092295090e-01 -1.640745090235660730e-01 4.963947682536338363e-02 -1.582080830028738741e-02 7.551656724458417902e-02 1.629166791667841646e-02 -1.710600158400363002e-01 -1.175567329634137070e-01 -1.337547967291880524e-01
-4.464232062051769374e-03 -5.345539661028777395e-02 -3.712768635234819925e-02 9.244861056540791544e-02 1.439693772590532883e-01 5.564051355784768033e-02 1.520574740025032734e-01 6.873535844617396917e-02 -1.842686641119877511e-01 -1.026079639087334044e-01 -1.217054321583815601e-01 -4.213069505362555464e-03
1.752170414079998462e-01 2.427531195045020199e-02 -1.314162393875087653e-01 2.971703937813576779e-01 -1.351301178155780436e-01 -2.047334632821181180e-02 1.688869978211941236e-01 -1.526836845461553571e-01 -1.587707387246815316e-01 1.031709796436561938e-02 -7.425236703448029330e-02 1.430966043571807282e-02
5.151055326030597181e-02 1.393579491032959430e-02 6.590877062221327243e-02 3.016433103726556264e-01 -1.522237304209828612e-01 7.748168920331763299e-02 7.992182363058542016e-02 -8.510423224084805172e-02 4.797978962832119424e-04 -1.715969703267589408e-01 -1.169521635820742478e-01 -7.875224892879485739e-02
1.707796452290029354e-02 -5.057308709922971740e-02 3.497436124876961150e-02 9.192011801593581721e-02 -1.727150486092919879e-01 1.358264807364399640e-01 7.256797073019102817e-02 -2.659404987174224244e-01 -5.972925557263920188e-02 -1.690499024829289765e-01 3.292385801796973016e-02 4.095859743965122451e-03
6.909041775711416422e-02 -2.710641704430627290e-03 -6.031573776587043079e-02 2.029418823680385342e-01 -1.806395708314203650e-03 1.025106845880951051e-01 1.165522513049548903e-01 -1.056017089743584575e-01 -1.062365124340579614e-01 -2.363997318777943599e-02 -2.613586093052881407e-02 -1.076167806119688181e-01
1.029727396772142645e-01 -5.164695174831059749e-02 -8.992800686016393097e-02 6.511962263363614556e-02 -8.684986202763694818e-02 9.523771402787985230e-02 7.220211394134079530e-02 -1.256166662628496189e-01 -2.216951959275214323e-01 -7.188002958423077293e-02 -4.883721679606720795e-02 -1.435228629931405431e-01
1.209193867451887339e-01 -1.831543905576445697e-01 1.954521076134272881e-02 3.406768575804408616e-01 3.593796898295803510e-02 2.240567883408766947e-01 2.328670568352954884e-01 3.999970641369723912e-02 -1.471410379861446127e-01 -1.474745044114672277e-01 5.192688552587986645e-03 3.872182584537952471e-02
1.214807880214358038e-01 -5.412156655366936325e-02 -8.885549445157796267e-02 2.536743445254330265e-01 -1.170295779367518385e-01 1.474942409626849027e-01 7.330632470484529928e-02 -5.959131852015123187e-02 -1.181521411693273460e-01 8.583993588487824622e-02 -1.729289411277150634e-01 5.161210420271345779e-03
1.506887357206273259e-01 -8.704798612291443638e-02 2.510505886033395206e-03 -1.053229897127699183e-02 -4.827872831454617375e-02 -3.197579753653603807e-02 8.082562548528376967e-02 -9.887577212503827206e-02 -6.417180202528634247e-02 6.187074592826248554e-02 -2.112041997386815764e-02 5.244357097697820852e-02
-2.126858348907906537e-01 9.654824798620613435e-03 -8.281719313144277062e-02 3.001829810053049385e-01 9.386268703990589476e-03 3.097790545999156223e-02 4.385880625326210591e-02 -1.011701530399716359e-01 -1.789442548305410496e-01 -1.882598805339631143e-01 -3.961363884409844355e-02 1.891901854866951393e-01
8.995143174288222632e-02 7.944254646693287014e-02 -1.074316392195702047e-01 8.243252991077366920e-02 -8.045026628803417235e-02 2.423162633486095896e-01 3.969757109058333344e-02 -1.745724458450169936e-01 -2.710931191529604156e-01 -1.409584556808363490e-02 -1.328117463960258871e-01 1.037431605862750711e-01
-4.996873195132907342e-02 1.708590483586487282e-02 4.627682351101157499e-02 2.530947582560658105e-01 -1.301216945242058276e-01 8.086752620642183309e-02 1.687812867876248568e-01 -1.404742576793357733e-01 -2.204043187029976203e-01 4.135146534528114093e-02 -2.652145998367862467e-01 -6.921081006773453781e-02
-2.967382184915121068e-02 2.108153516764882385e-02 8.232054147722904502e-02 1.098880190299450915e-01 1.662243852444900694e-01 2.379728674219672435e-01 2.139064159843979407e-01 -8.316142952611758898e-02 -1.719994910744263583e-01 1.554621623594542867e-01 -3.280534050096323706e-01 -2.271695755228399227e-02
-5.747092628845518192e-02 -1.273572808592635386e-01 2.740109987646065573e-02 2.425005246333405973e-01 -6.446662098246966344e-02 2.899604789735876417e-02 6.133964092863210260e-02 -1.116546186835192384e-01 -7.386269646403618994e-02 -1.065799898664710962e-02 -1.572265594422764812e-01 -1.555522780948980222e-01
3.360618223341120536e-02 -8.452076096613179990e-02 -4.242593283033711804e-02 1.882543692310066630e-01 -1.635968863051926944e-02 2.919903872147147986e-02 1.295893419622337339e-01 -4.988366528980107961e-02 1.095262679635129049e-02 -1.211938110550837555e-01 -1.190107257556515807e-01 -1.706244610928523975e-01
8.437877616946970472e-02 -1.371907201268779686e-01 -1.872182068245418218e-01 8.698322945434493192e-02 1.384694360085168552e-01 6.335109216098071261e-02 1.476394660922417390e-01 -1.423392404233516373e-01 -2.771998947196164798e-01 -1.174618007176380236e-01 -2.493663443966898929e-01 8.043905591682389000e-02
-7.691777597984217341e-02 -3.986755408934573169e-02 -4.636730014027973246e-02 1.323142171548162549e-01 -6.936029714380598232e-02 1.741053522638823237e-01 1.359194097792864320e-01 -2.493818489735019350e-01 -4.002909274116962096e-02 -3.859771166001171872e-02 -1.722736459481534754e-01 3.214287945065143898e-02
8.706593919673677462e-02 -1.319039877203663155e-02 -7.659373533806650147e-02 6.463218664015672743e-02 3.662873828005848431e-02 1.554176372492164504e-01 1.851260300199810971e-01 -9.487911205900677325e-02 -1.852213177243965114e-01 2.392205888876545398e-03 -8.892685495764116044e-02 -5.857174094909237821e-02
1.291085447724476809e-01 -8.445209649795094864e-02 -5.749982084709594210e-02 1.818830006249919917e-01 -4.977895076512567352e-02 1.615757768493389715e-02 2.088826580480217798e-01 -9.542964273861496982e-02 -1.343689886669575950e-01 -5.717070472485835490e-03 -3.534678324047398762e-02 1.882078325094515003e-01
4.971315233420491031e-02 -6.741300299911424931e-02 -8.905096743960075334e-03 1.517935053315258298e-01 7.184683909821634740e-02 2.268388967301421533e-01 1.350738240432972914e-01 -1.155525040013459098e-01 -4.017535707572527509e-02 -1.480323442446526971e-01 -3.804096682856852180e-02 2.798278931888895787e-02
-1.869603416905485094e-01 8.165747685906651898e-03 -1.659382079468667004e-01 1.594029826115407056e-01 -5.513357558092523147e-01 4.015802091015675535e-01 3.059848357867904767e-01 -1.620981862242919791e-01 -2.274640146463889623e-02 -1.657378495510167526e-01 -4.041293714311107732e-01 3.096032141111814805e-03
-6.349617409314414762e-02 -1.055475661262992998e-01 4.330810271446903950e-04 2.483646732342441044e-01 -2.835688722097160983e-03 -5.604623676303258778e-02 2.474272426462412883e-02 -2.403147747720494054e-01 -2.956531064157193467e-01 -2.623954716336666659e-01 -1.167603910222008157e-01 -2.069263977750920164e-02
-5.263936032781051100e-02 -1.223231143797538084e-01 -1.078930531595660020e-01 1.141833555282781715e-01 -7.812598276152091237e-02 -3.606066583218910798e-02 2.467289811320299286e-01 -2.164903647545816379e-01 -2.779543056435790915e-01 -6.578677778582601998e-02 -1.261541381469960810e-01 -4.752626201788554862e-03
1.387286418804018484e-01 -1.485915421558521576e-01 7.533560289588785153e-02 1.575242543043873511e-01 1.555664400458258712e-01 1.960303189979544503e-01 1.111370514328562098e-01 8.980802442181996803e-02 -2.713993754202152775e-02 -3.736134755498403404e-02 -2.504681113090359013e-01 7.985931103913825047e-02
5.672356398723144011e-02 -2.064966167116475682e-01 -4.050490464521556977e-02 2.510619243107217735e-01 1.094235434899859527e-01 3.207035335333547482e-02 9.057589998124032649e-02 -6.684625966273287367e-02 -1.718324061235804723e-01 3.065334273078986968e-02 -1.065571698005417095e-01 -9.762859256209328873e-02
9.649332055729653579e-02 5.676749431932633788e-02 2.052942411098007125e-01 1.246409327094545466e-01 -1.777577563899465085e-01 1.063660324625816528e-01 8.444670591680028537e-02 8.191806366597863265e-02 -1.068239918042580283e-01 6.851662989935440595e-02 -6.519757221520378065e-02 -5.284234620234240336e-03
-7.169904012880065625e-02 -3.770374303481970751e-02 4.619303432938366705e-02 1.267183991848492564e-01 -8.900680188618112498e-02 1.427453640352792374e-01 1.110347197095652889e-02 -9.719933825667849414e-02 -1.096300015809869854e-01 -2.104869530368325692e-01 -1.231304360990136543e-01 1.198969077809773215e-01
2.292220767301816897e-02 -1.026482463406386408e-01 -7.116681074638371574e-02 -5.599229764890915895e-02 -5.750850597779499918e-02 2.319536128956113663e-01 1.594421821677151907e-01 -7.720100551080828766e-02 -2.267818448388347202e-02 6.364336034095600947e-02 -1.888444398733578333e-01 5.665423615874420199e-02
3.039801836162042692e-02 -1.475269095413076215e-01 3.016914430470681377e-02 1.827871799541507525e-01 -2.226245375319373387e-01 8.949815815494956139e-02 2.789883363455670784e-01 -2.050218757883965626e-01 -1.252814676616304246e-01 7.090378129346812386e-02 -2.032175629055061605e-01 -4.543227549679975524e-02
-4.635806983612411614e-02 -1.343400389967785713e-01 -5.257465310150201410e-02 2.059769892138991476e-01 3.911310006479694693e-03 1.055937980038228891e-01 1.169898321339103431e-01 -6.561639737378756332e-02 -2.339877638410818583e-01 -1.739252294514332872e-02 -1.796980161354663208e-01 7.180395376283014996e-02
6.509120224810033273e-02 -6.350196562444886117e-02 -5.275812053030203008e-02 5.094662130528355981e-02 2.265718000872691054e-02 4.275492307330152481e-02 1.942744076785436202e-01 -1.140668909477610266e-01 -1.990282532099111878e-01 -9.108078845996826767e-02 -4.980800792045893960e-02 -1.000015574536899515e-01
3.450161321772189649e-02 -4.207151931975788156e-02 5.728457957537549938e-02 2.720092674137990496e-01 3.828715733986105818e-02 2.225179331908644087e-01 2.314425161680228327e-01 -1.755537502770821157e-01 -2.163810603705377533e-01 7.719741972895005459e-03 -9.082242825372409400e-02 -1.311567446457597708e-01
-7.225981555722987837e-02 -2.399427373457397039e-01 -1.849783714605593259e-03 3.917715438033648745e-01 5.630590762788416359e-02 5.951334034419512170e-02 1.511485148132991341e-01 -1.353513603796481501e-01 -3.491795528205413612e-01 -2.653866680035394388e-01 -5.547110847901321612e-02 -8.422388943261983896e-02
-4.436293963965735887e-02 7.893155085752735778e-02 -2.544431361383024393e-01 2.717191189649356131e-01 -1.942971452679325695e-01 3.999279376917770357e-01 -1.340643122953031618e-01 -2.658964252348128277e-01 2.374762391763208524e-01 -1.704810492516804776e-01 -1.911659667011029462e-01 9.033554428580566065e-02
1.597910336866456837e-01 -1.244488894469044094e-01 -1.497108528610958111e-01 2.474087717437538358e-01 -7.247417065924335877e-02 1.266759430319023549e-01 2.441263666154166317e-02 -2.551927781321373101e-01 -1.747023606311581267e-01 -4.465984523521627191e-03 -1.470943164397025826e-01 1.259916929082426362e-01
-7.219498485423314627e-02 5.255376923169623876e-02 -9.378111669602899603e-02 1.266356715014368139e-01 -1.081207067549443124e-01 -3.386034372020988586e-02 4.237019689234082509e-02 -6.911630107868760309e-02 -2.779260881465557276e-01 -1.446639621652832941e-01 -1.164180035613006509e-01 7.952511537693020272e-02
2.086884423345850836e-01 -1.904680841620626508e-01 -4.125830210625350963e-03 1.424058088764386387e-01 2.232736556262424621e-01 1.952325923012852293e-01 1.771118180993715707e-01 -1.220833615328868055e-01 1.038065077835589531e-02 4.620791772800252051e-02 -2.990674470537291012e-03 1.194365109323820666e-02
-1.013874284152740425e-02 -4.259638859365342395e-02 -6.370054516356755958e-02 2.496960439050127656e-01 1.006930837016528357e-01 9.597100594608663771e-02 3.509758686353249557e-02 -4.553543775643142770e-03 -2.406112311416590821e-01 -5.602699247272475980e-02 -6.921856691375109782e-02 1.371470722297160605e-01
1.263738565640674660e-01 -9.834516486216597630e-02 -3.790686526478391494e-02 1.867377545663089292e-02 9.751389661472806281e-02 1.783856378499596718e-01 2.127860470526594383e-01 -1.148055502980139669e-01 -2.267014450786145330e-01 -8.754896985141862042e-02 -1.348112137911154640e-01 -1.020624324031483704e-01
-2.146768113870582695e-02 1.580632381465856343e-02 -1.212980122837626212e-01 1.364596708481024268e-01 -5.135736858449288511e-02 5.845442382200605538e-03 1.910368782841606883e-01 -8.944144396071145725e-03 -1.997739540754668586e-01 -5.314264950886400662e-02 6.857711435756524976e-02 5.681740141611118372e-02
2.706571386412438829e-02 1.205742840959122403e-01 4.612767347487424507e-03 1.546633142164569874e-01 -2.408382232886119301e-01 2.434511856212261474e-02 1.888288481937637486e-01 -2.542484311526043150e-01 -1.371912857838150923e-01 3.230163443742803397e-02 -7.763278989028091215e-02 -4.872389440089314877e-02
-5.752497393362536460e-02 -3.135966735121824972e-02 -1.364549577561678939e-01 2.629370952500362235e-01 -1.212660081289014709e-02 1.566190701038063515e-01 8.489960281663197494e-02 -7.924626921211756769e-02 -1.974603585368535641e-01 -1.555104546909491792e-01 -2.940410331708647948e-02 -3.920958093787647175e-02
1.031405835434939244e-01 -7.499546028492325156e-02 -8.587290712842933493e-02 9.829087953400718336e-02 -1.144425558952033295e-01 1.942872491974125537e-01 3.316808592910260034e-02 -1.916878525427378743e-01 -8.186320017313618302e-02 -3.996435484855796749e-02 -3.275619723043177167e-01 -1.549032326756459230e-02
5.957266402352646983e-02 -3.522876965630621776e-02 -2.364779251073180141e-02 8.335095284745051847e-02 -1.419887253557148600e-02 6.960866604589063811e-02 1.166453573517613369e-02 1.227987669491892135e-02 -2.475382758969540131e-01 -1.001135840076729094e-01 9.720020736979137488e-02 -7.934381572853206610e-02
1.600014094900083228e-01 -7.477390723002387551e-02 1.374909578389028886e-02 2.324486719024003445e-01 -1.616449638607125316e-01 1.058671612723800920e-01 8.317886399034157829e-02 -5.795371979515234750e-02 -2.740377325978567424e-01 -2.539814591307494249e-02 3.460201884233980035e-02 1.912883334614615127e-01
6.031524787403293175e-02 -9.326037534059387901e-02 -1.976672758147396056e-02 3.666116624420653336e-01 -6.176369725664482280e-02 1.152318151625663784e-01 6.260028894082303452e-02 -1.241726375944097877e-01 -1.068398869607585233e-01 -6.872618874754875262e-02 -1.794574502515106085e-01 -3.533733899781630466e-02
1.638846444869068025e-02 -7.444347683805425941e-02 1.052499610491172272e-01 3.692355335694784690e-01 -4.129728126585843762e-02 3.859093641150623116e-02 -6.430505363879294306e-03 -1.713428588930548668e-01 -7.806116885567233876e-02 -9.084865710699415245e-03 -1.633733436789504279e-01 1.929422960711355689e-02
2.808610807362672546e-01 3.041594941893082868e-02 2.651256826639273104e-02 9.423554586371417352e-02 -1.430496261524780988e-01 1.395245959796182211e-01 2.235578051470812622e-01 -1.801829071332184673e-01 -2.620848343898531385e-01 -1.784957624170414314e-01 -2.350648587565871139e-01 -6.135014747544522556e-02
-4.273089689216555409e-02 -1.306773055171170650e-01 -1.662945575163542467e-01 1.664322025189932386e-01 2.597067929570202605e-01 1.282391244427260324e-01 1.378871816622173792e-02 -9.747308886370902037e-02 1.190488680321216269e-01 -4.421898379253864919e-02 -2.117886483594036973e-01 -1.464746412169406521e-02
-1.779045973145623738e-02 -1.890773053544541338e-01 -1.548180529239752690e-01 2.096281736060124079e-01 -9.697194853552457139e-02 1.201311532030728685e-01 1.416774753987241030e-02 -1.199176434950174758e-01 -7.770466823878346800e-03 2.388671378840833900e-02 -2.165605210993277741e-01 1.541475112317322038e-01
1.083480534525413375e-01 4.256275857534024681e-02 -7.821901669010609959e-02 2.336314928726243856e-01 2.091867349526208009e-01 1.093197120607618117e-01 -8.209931788139390729e-02 -1.393784293741750779e-01 -1.595202836243407585e-01 -1.161903138910024696e-01 -2.207147984828969345e-01 -4.744289623893915148e-02
-4.939350694150038135e-02 -2.141983180530076247e-01 1.025894187674021157e-01 2.163353876771305917e-01 -1.220910038303408239e-02 1.183673810394465092e-01 -2.922603106515840599e-02 -2.220597925678292339e-01 -5.644921550362743540e-02 -2.064049033475448200e-02 -2.800503713507940251e-01 1.419955846912585584e-01
-1.014401233954283221e-01 -9.381177472728445543e-02 9.458695792715687833e-03 1.466543988134334231e-01 1.331251059595343622e-01 1.726192914258019850e-01 9.084768965984976741e-02 -2.318480159007987040e-01 -8.603832422899151955e-02 -5.873544459515922522e-02 -9.072900285208398974e-02 2.858191145158705537e-01
2.866291586228677524e-01 -6.798075865968901399e-02 -2.318660566818964708e-01 5.657957589090370498e-02 -1.787087460272764328e-01 1.775234754457568342e-01 5.765588489146611373e-02 -2.475293905332792976e-01 -5.316958948763483156e-02 -5.635353348167279619e-02 -1.587408551675612567e-01 -2.081929973753285368e-01
3.330737498399831686e-01 -4.112284911716058700e-01 5.784308151882867621e-01 -4.299647694538596410e-01 9.337188949747251554e-01 6.457644471262971031e-01 4.574592743939237538e-01 -6.111438149407259768e-02 -1.046508943876691133e-01 1.888668009284973082e-01 -2.387515040452719839e-01 -2.445508141138202363e-01
-9.381072908027299206e-02 -2.529409077578819165e-01 -2.861314444285357750e-01 3.973300307574357260e-01 -4.021359173188795988e-01 -4.933350767417846866e-02 2.660930751570559361e-01 -1.071893780859165674e-01 -1.171261344236282920e-01 -2.918989258092271055e-01 3.275174566822617456e-02 -6.112251567587438650e-02
-1.251809741382234609e-01 2.270678638953179881e-02 -1.012681140296104315e-01 3.163350723406715970e-01 -3.050159471978498016e-01 -3.780078225323921792e-01 3.584328562487940628e-01 -3.057501741670809459e-01 -3.087948435220821408e-01 -1.595017704995444763e-01 -4.331648130416872883e-02 2.006860875196418426e-01
-4.043126705296649914e-02 -1.816661486408319981e-01 -6.395260864890571495e-02 2.708814257149878557e-01 -2.337455336459084154e-01 2.595645696909908429e-01 1.090906907507189910e-01 -2.968595427260159111e-02 -2.719605470925067769e-01 -9.651555412595323735e-02 -5.397437557282746406e-02 9.661342755811321015e-02
-1.403705875514804358e-01 -6.714032236745844096e-02 -1.591086081053688650e-01 1.893629239702346589e-01 -2.055892881248461146e-01 -5.418171123236114467e-02 3.861382302826804613e-01 8.481832583380248536e-02 -6.173606268461218766e-02 -4.200402327532553048e-01 2.823932174741358714e-01 3.075594159863251353e-01
8.507176768224500307e-02 -1.565386354201885599e-01 1.936476618000229286e-02 3.247381021381688659e-02 -1.591840163709403178e-01 -5.215419336165220271e-02 2.427892430552709147e-01 -1.728468257742958245e-02 -2.392914650732660131e-01 -1.009885502820317277e-01 4.726283319865725446e-03 -6.836585421895570447e-02
-7.250590922263730476e-02 1.509772667753882802e-01 7.993355710427722804e-02 1.837478803496069568e-01 -1.346825981311542131e-01 1.522652713655913426e-01 8.546898626589591319e-02 -1.256685484340852033e-01 -5.894248012801072550e-02 6.852476997041064000e-02 -1.429251412079392825e-01 -1.220055911261801601e-01
-1.134549555682520805e-01 -7.766443362540827178e-02 -1.569611453292558273e-02 1.740512700026442816e-01 -6.349137993158858462e-02 1.110606873734778371e-01 6.495168182741045682e-02 -1.611822900445310236e-01 -1.422614839913619311e-01 -7.185856094961413920e-02 -1.644306111590562447e-01 9.851886545374702667e-03
1.742171554923877264e-01 -1.756664951221279247e-01 -1.199739718107755565e-02 2.313499868109235302e-01 -1.185547478717410286e-01 1.297012621404755872e-01 1.498322397557104446e-01 -1.609604698279342994e-01 -2.111017073350908435e-01 1.211920536114637591e-02 -1.772719767390295020e-01 2.203273831646528069e-02
-7.489963759718731851e-02 1.338696106984882950e-01 -5.098731272268476611e-02 1.356584313443721934e-01 -3.096573602635474542e-01 2.506515807347414748e-01 -1.470169778573393315e-01 -1.043875691904182640e-01 -1.657211822107162724e-01 -1.320321130591574910e-01 -1.604633261618919893e-01 1.181415417736199520e-02
-8.620079047369093306e-02 1.038152104429789641e-01 1.879437098665098739e-03 -1.030951965731688735e-01 -3.960158589711056804e-02 -1.817031065764729836e-01 -1.096892607369546746e-01 9.968960810540118678e-02 2.253971861137051280e-01 9.729661836981514170e-03 1.065716684592764724e-01 -1.145416432122034756e-01
