2.963879004447888543e-01 7.946058196552766018e-02 2.160520125010133852e-01 1.960221484857596619e-01
5.293733860905056043e-02 -8.509098093804040586e-02 -2.406162578793054618e-01 8.351096129216296904e-02
3.233549309725206045e-01 7.074937849886543673e-02 1.621617549105287825e-01 9.812314140491568137e-02
4.009198297544000478e-01 -1.207056865622737479e-02 -4.389851967695106438e-01 -3.341721325900495199e-01
-3.668554623745713394e-01 -4.241698366723809649e-02 1.363211921406897176e-01 -4.033866558301776872e-02
-5.053349753781606613e-02 -4.965507002377479995e-01 1.039691123554294244e-01 -1.792333518773504830e-02
2.319460845217601042e-01 -7.166942790321187418e-02 2.019266912989888529e-01 8.457765556499602377e-02
4.041267961990101520e-01 -8.949421979127021587e-03 -3.691668185633104615e-01 5.876866658828663187e-03
-2.855282244213189560e-02 1.249818753175245684e-01 5.252981907146812152e-02 3.062465832352820883e-01
6.900056943719418134e-01 5.883142562785848018e-02 -3.288905027145926918e-01 -3.863002848044649884e-02
-6.773193180987313600e-01 2.419649720380550872e-01 -3.282181625983581763e-01 -2.318721191524051317e-01
1.475898405215433085e-01 3.051523213687367120e-01 -1.953470105858386152e-01 9.659483377547511962e-02
2.068616251975107234e-01 3.009112260750920753e-02 2.644464621596004927e-01 -1.964896821198894028e-01
1.524511486719120623e-01 1.209083473445608098e-01 -8.748159049318850189e-02 -1.216422106301242451e-01
2.109818745093798020e-01 3.324491758723286949e-01 3.265265568800481133e-01 -4.102781003278778149e-01
7.225964091049426330e-02 3.464538293731296847e-01 -4.786017117006763910e-01 -6.675915116694158824e-02
1.470392853900102936e-01 -2.677468195984011867e-01 -1.718928065298642571e-03 1.088641646155669856e-01
-1.443752475289276638e-01 2.679840766407224906e-01 -2.101389874233565089e-02 4.551590232883191700e-02
-2.640709957432542110e-01 1.044692427379088073e-01 -1.825765397067602991e-01 1.819178327642221593e-01
-2.422260644948861369e-02 -1.982352394982636046e-01 3.016789983448811552e-01 5.701067026578791053e-01
-1.725701940781829424e-01 -3.684793282111263613e-03 -1.727041021282673949e-01 -4.372004557994710848e-03
4.388140909863250672e-01 -2.504066978959380019e-01 1.441833617351588881e-01 -9.568475667477605029e-02
-1.294901903996203141e-01 1.697435897103406477e-01 4.300526547038432401e-01 1.584650686222741356e-01
2.355883387238759119e-01 -1.712673135638377864e-01 3.274004512289310775e-01 1.556286725072325572e-01
-2.078857826611626991e-01 9.703067208716260883e-02 -1.777702068480502828e-01 -1.618961964550457433e-01
-1.307372063294918452e-01 -8.808315670013018572e-02 1.133140431494483596e-01 -3.022406469540682428e-02
3.278109808091279609e-01 2.236672146454425081e-01 -2.843457084728140405e-01 -5.420335914860741067e-02
-1.978756012009254273e-01 -4.518692805955616676e-02 -6.341017682336078654e-01 -8.397753994015118295e-02
-5.552147122756800196e-02 -1.711395934718718259e-01 8.245940021083128513e-02 -6.259777748878396497e-02
2.113612452494658678e-01 8.150772555625203364e-02 6.999411685036849295e-02 3.535846319754612499e-01
-4.840558445549279498e-01 5.685478908156362671e-02 3.693139106828077084e-02 7.401772446523317839e-02
8.151514319570901668e-02 -5.860958833577484262e-01 1.243462577243137877e-02 4.353084093975446711e-01
1.752041098634560812e-01 2.964470919054019715e-01 -2.569432462330366040e-01 -2.332962916655547669e-01
-2.727919042744784694e-01 -1.060300974101904409e-01 2.297979431563487024e-02 -1.629224662621849840e-01
2.651781717355517626e-02 -1.386584772898475093e-01 2.312918028264520087e-01 -3.648497388562898514e-01
3.152692479153959559e-01 -5.805669573828672186e-02 2.060258057667159470e-02 -1.894714129845181672e-01
-2.865510880388384418e-01 9.239720761070675803e-02 5.233081293376299487e-03 -3.138985367620246714e-01
2.896032966251698704e-01 1.662536135231029374e-02 2.667664038592814091e-01 -8.690455387571217882e-02
4.512304644098034251e-02 -1.170325455138192111e-01 1.772679438051980028e-02 1.665177577439353185e-01
