9.680443611990904515e-03 9.567860548038299717e-02 3.187567681910376260e-02 1.041153367516807959e-03 7.177068394670928220e-02 5.758310666038197329e-02 7.850675560486498894e-02 1.070386095874883980e-01 -2.925697538779394036e-03 2.391207967069503559e-01 1.145527754602697207e-01 -6.871959354710041601e-02
2.113816243899038771e-02 -8.611163603253779719e-02 6.522818548016839912e-02 5.856340691600672721e-02 1.583058892460420808e-01 1.016765846299395176e-01 7.606034152025058226e-02 3.756255212692752310e-02 -4.958961331811531648e-02 -2.789554372216902778e-02 -1.150359965237950644e-01 -4.204560283899677620e-02
-3.232737779938454903e-02 4.891289851619444462e-02 -1.962735223112886673e-02 -8.337311549749254480e-02 8.917367269242972017e-02 -7.556235381194055523e-02 5.431048668937558943e-02 -7.056188572941166082e-02 1.538521579652061318e-03 4.275064591820751381e-02 3.568306006833174148e-04 -3.691383641330709536e-02
1.040241981930194529e-02 2.963916764050469888e-02 5.515029869424598052e-02 8.107229652463976421e-02 9.162505041631692493e-02 -1.782750594036008329e-01 -9.315372541762428904e-02 -5.941414271987939880e-04 8.972326169522479300e-02 1.578144445340159685e-01 1.685453690206264316e-02 1.495385462949940236e-01
-2.607892522328049412e-02 1.690547982381506581e-02 -8.337237904081169770e-02 1.211763685853834566e-01 -1.062457474152056214e-01 1.809916078877790713e-02 -6.612212661165955963e-02 1.438527963306931445e-01 4.570374814536139196e-02 5.726088746223293585e-02 9.559741274185092064e-02 9.615823302273029949e-02
9.201357438517800483e-03 1.028624483369713905e-01 -4.590305342136982714e-02 -1.067052386427884136e-01 -2.374033089892546577e-02 -1.806244308893633146e-02 -2.038124300332945504e-02 3.551372813221035513e-02 7.209993580675648495e-02 -2.114668973297866711e-02 -5.733527163463829693e-03 -1.487993161427771660e-01
-4.173201372626906408e-02 4.982122533583780571e-02 1.597290645605516091e-02 1.542085030088586640e-02 1.172548654059569345e-02 -3.329330381377752779e-02 9.546240407597296473e-02 1.793152191953051311e-02 -3.878919405183689495e-02 1.139666015168256698e-02 1.128765721105932929e-01 4.407501770383424888e-03
-1.502823723961951019e-01 6.770381636500294453e-02 -1.812383193624088062e-01 -3.860390666138645288e-02 6.002325133711661209e-02 1.182752851774802050e-01 3.339947913949301884e-03 -4.742672963149395168e-03 -6.331891756980267960e-02 -1.928865774182910164e-01 1.049721869992455425e-01 -2.803272834282964643e-02
4.450064009080104133e-02 -1.667490781980291575e-02 -9.315080957583762866e-02 -2.174524242719484968e-01 -8.681269298836385984e-02 1.623061490191969602e-02 7.622763423615815104e-02 1.744464523138523904e-01 -1.017363245599871152e-01 -3.894508555987259701e-02 -1.431130058194028387e-01 7.251900385670609350e-02
-5.843718670766918227e-02 -1.425114860314655868e-02 6.142371407663086563e-02 -1.825965001849478089e-02 -5.539624921683972136e-02 5.851262954527190058e-02 2.796555665183702438e-02 -1.145693218067853070e-02 2.108141244838769059e-03 1.988490444660285378e-02 2.430050195113184729e-03 7.404636517235463344e-02
-8.340934488187878859e-02 6.324354901720707911e-02 4.507475425582389145e-02 3.443091928305923310e-02 -1.137768341843891848e-02 6.500647434525373691e-02 -8.298719811222772524e-02 -8.447348971554709263e-02 1.334468364424436504e-01 1.811131228630811357e-02 1.516490269369524801e-02 3.650493639449595151e-02
-9.106278474262607947e-02 -3.919287129556754679e-02 1.106547781220607388e-02 -6.761757482340235992e-02 5.091647594179941200e-02 1.006433211224489060e-01 4.565900386235294955e-02 1.229140017591941192e-02 4.577820406342801574e-02 -1.514197502033082232e-01 7.091426724258173553e-02 3.459148288821008860e-02
-7.744744847209633631e-02 4.078662722777781635e-02 6.829373280962514059e-02 6.590755474286326410e-02 1.276801408315698418e-02 -2.252398552309374524e-03 -5.024971276909993845e-02 -2.750161860082837167e-02 -3.243879737213466868e-02 -1.405588056350766668e-01 -1.884080716494872243e-02 -1.973528393913986587e-02
2.524113134063847574e-02 -4.841228782632563121e-02 5.059767789435105911e-02 -8.495973660380597148e-02 -9.099778037836517980e-03 7.939008041884233063e-03 5.375863113622526834e-02 8.352081920853551833e-02 5.430297880666429267e-02 -4.706338203904195799e-02 1.715692784717382235e-01 1.280453896484627374e-01
7.431170223201309655e-02 2.773438706250348079e-02 8.615493287772305053e-02 -9.319828993897873171e-02 -8.258439809024015199e-02 -4.444247944833130265e-02 1.421505393816689944e-01 -1.431137658102751842e-01 -1.592004603791228878e-01 8.918936480270468758e-02 7.849955050280148228e-02 1.244389334544986486e-01
-1.647442168458719824e-01 4.666428718240168971e-02 1.741024585084803566e-02 1.837302298248463112e-03 -1.442823258279900545e-01 -1.008503585828821880e-01 2.200132549344886029e-02 7.871054526054450592e-03 -1.013541037321789712e-01 9.999746557839486738e-03 -1.956809127404043891e-02 -7.279721554524913249e-03
-1.442884806706999645e-02 -2.541956277960557425e-02 2.446174602967571624e-02 -4.282362146442775241e-02 2.502273568626838321e-02 -6.585533864519696468e-02 1.080701031195190898e-01 -3.035166129323210726e-02 -2.084017998931978477e-01 3.781019891120628723e-02 -9.982565507149476769e-02 -6.584498577922304197e-02
1.936184961651121663e-03 6.672907731270472098e-02 7.913442209862248111e-02 -4.100435286814872043e-02 3.033591407790400124e-02 -4.147947274222811564e-02 -5.084409188242819400e-02 6.097373708921412228e-02 1.527796610308860756e-02 -2.998825092699576936e-02 9.514566067101749847e-02 -5.367488143201554467e-04
-1.686909416987693311e-02 -7.109846898317101482e-02 8.040777540189374128e-02 -2.125644522408490916e-02 -1.012459774314217742e-01 -1.360406850662589373e-01 2.865581658556346639e-02 -1.067539146623131541e-01 -3.617154643439660089e-02 -8.363898891737830965e-02 -9.997575767625796472e-02 4.519377603751201233e-02
8.386042516284070159e-02 -3.298579340070657666e-03 -2.440247149736388121e-02 7.943770491098192665e-02 -1.250295720462199153e-02 -2.819741237816652396e-02 -8.173609029543929885e-03 -2.364785518314707069e-01 -8.737284903359415766e-02 3.542260795052328687e-02 -4.341816691794995325e-02 -1.353274116355196628e-02
-3.638354647269831377e-02 -7.461920760428962518e-02 5.582360032588354337e-02 1.576887791257740035e-01 -8.277594542598676330e-02 -1.364114765058227485e-02 -5.844678926667960100e-02 -4.117044169406289603e-03 -2.892001256781441543e-02 1.027865443452236627e-01 3.537027955021131848e-02 -6.085389806100253290e-02
6.062464662206407118e-02 -1.198512097226121231e-01 7.015503395102465345e-02 -9.578946034591875880e-02 -7.646163461560998714e-03 9.087603102012226097e-02 6.408330307287624095e-02 -4.827482499422425938e-02 -7.414320048367388505e-02 4.288547507637432976e-02 1.096791903346851088e-01 1.779654231653574406e-02
-6.692365955444318226e-02 4.888490775443331271e-02 6.895658328883451371e-02 -9.918251512959441740e-03 1.814576592909052837e-03 -5.280238316672027088e-02 1.686646936932997554e-01 1.444687340762013938e-01 -6.408193968286621245e-02 -4.964513707868412062e-02 5.790553096620772167e-02 -5.897121820532358338e-02
3.821351115669630732e-02 2.636011101674848658e-02 9.697905301873485651e-02 -8.203053330094807472e-02 1.511182031579825016e-02 -7.967110639945547412e-03 -1.020822053780656852e-01 1.497700373404476093e-01 -1.666748340156983671e-02 -2.303204585727099823e-02 -8.750075637946691520e-02 -6.397109516129698137e-02
-1.064926508062672972e-01 1.059976976924290187e-01 -6.475964089855272554e-02 -5.768126921769756166e-02 1.005493251404452337e-01 7.175105596652725515e-02 -7.994117863026503623e-02 1.627592749358212076e-01 9.084841313228611548e-02 1.830140026613040830e-02 -2.497637242802736284e-03 5.913930308524345536e-02
-9.408511796329119270e-02 -8.187341004616129070e-02 7.897866948470845180e-03 -2.789968378882689073e-02 1.039630550935060835e-02 -4.681895508796677513e-02 -7.016937966171360452e-02 2.512324952974932715e-03 1.279912394974307144e-02 4.256564764994326400e-02 2.306277650523714390e-02 6.185819185248193214e-02
9.564680919249790580e-02 -7.712018647671806115e-02 -5.149762521761037243e-02 6.709693542084725626e-02 -1.123281145224505340e-01 -2.751813077216234971e-02 3.801601458380506754e-02 -4.770123437271278632e-02 -2.103285638000181382e-02 -5.587838324248812355e-02 3.450711596065985515e-02 6.283972270948734451e-02
-9.797218760008737093e-02 -1.618992233273117143e-01 -2.877818233985984537e-03 -1.549726057472450846e-01 4.879218968189726058e-02 9.399155635164230249e-02 1.605439001899881257e-01 -7.460392040536753533e-02 4.866206698969489930e-02 3.241446957237725801e-02 -6.117376532821482138e-02 2.016385531088396299e-01
1.134014503248501615e-01 1.308687884392441547e-01 7.276655546629595683e-02 -8.994618033241909283e-02 -8.994837804719148233e-02 2.424803515516621780e-02 -6.970699666758319035e-02 -1.365964327140334333e-01 7.092758396569328813e-03 5.194536032302309037e-02 -2.292262082345924296e-02 6.497499602586695455e-02
-2.349613788838356490e-02 -3.688037988692167111e-03 1.348876434445548667e-01 4.632244548034952780e-02 -1.102921354315579416e-01 -5.933544385439221830e-02 6.583123684173290691e-02 4.897454093622447685e-02 -5.969500238825393990e-02 1.234300707162615945e-02 3.609710787222884798e-02 -8.913244823955240870e-02
-9.858704269156584599e-02 -8.527728182135516088e-02 6.661788800942191127e-03 -8.706655259311982253e-02 -1.704380938300141535e-02 -5.952145521507958004e-02 8.874609285968196315e-02 -1.823902319781905979e-02 -5.163641250722700998e-02 -4.346310343011065835e-02 7.919468082940495091e-02 1.297765004487922980e-01
-7.714305852681466180e-02 -9.218890051614160586e-02 6.025706950954122509e-02 -4.647496649833022381e-02 -1.525118469637259250e-02 3.933629115094690321e-02 -7.116578729787670365e-02 -1.048933238206126439e-01 -1.669921534933236362e-01 5.441163598389570782e-02 7.720247425223769611e-02 5.184896983691263117e-02
5.131503218990166038e-02 7.488191550318556294e-03 -1.362274746217969623e-01 4.288604781574202607e-02 -7.192715315606058868e-02 -6.072465093830421018e-02 1.114353092117540966e-01 -1.003064148380529083e-02 1.075259155636653086e-01 1.901972985019807771e-02 -4.426697697471666110e-02 2.877102603549651361e-02
-2.245150539528568273e-02 4.321295576373344188e-02 -5.076317444510448917e-02 1.615798356019710891e-01 2.483431296035389091e-02 -9.052534868719831762e-02 -1.294973869380704745e-01 -7.150373268924640167e-04 -3.610415216431107910e-02 3.069876892328808962e-02 1.014792860135464159e-01 4.185430012930242000e-02
1.179661753982907436e-02 -9.921823445838431899e-02 -1.420285367313625646e-02 6.631024707872971297e-03 -5.261897531938715400e-02 -3.607502582112120243e-02 -6.647740890193024402e-03 4.362753564245861609e-02 -4.725293313047791710e-02 -7.678344478442880941e-03 1.182610254580499128e-02 9.417879632263423395e-02
1.199362969195573725e-01 -8.620514963136771680e-02 5.823036092694295479e-02 -1.001158179946690235e-01 6.541754841761764083e-02 -7.899974281228887285e-02 4.768747319036958920e-02 6.400975091605633216e-02 -6.186868094334702778e-02 3.255495470637388700e-02 7.981490551418722254e-03 1.660381179938527907e-01
5.054336995858735998e-02 6.241138420841206742e-03 -1.033476233270201605e-01 9.872436200944946505e-02 2.235805224583833906e-02 3.918932205398334423e-02 -4.523710295348026822e-02 -1.197986806133348181e-01 1.120041954111014870e-01 3.415755728303668942e-02 -6.886329975788960112e-02 6.151795961540588303e-02
3.904099220104460810e-02 -1.244194124825982739e-01 6.934270618054738655e-02 -1.171243926120823647e-01 -3.418094809794914452e-02 2.094444376166455513e-01 3.073710945289958099e-02 4.658178805099650460e-02 6.571614554297671058e-03 1.545366935839899702e-01 -5.933729378664748949e-02 -7.279326337246272427e-02
-5.823041861660946394e-02 4.520687024610676313e-02 -4.242342371212504126e-02 2.388264427576107193e-04 -3.550101241489046072e-02 7.554438480776512477e-02 1.461297577323408259e-01 1.117443696458726432e-01 1.364478080817317918e-01 -5.324156379422398042e-03 4.930849712590516104e-02 -5.303256669793036254e-02
5.439939841174214891e-03 1.830211304728297100e-02 -1.659919161282024103e-01 -1.204538069437888562e-02 -3.653150866132494345e-02 -3.784320013588536591e-02 4.840348108854378856e-02 -4.723529793583700759e-02 -1.378674073706204206e-01 -4.399080647521692172e-02 -5.448953667417354152e-02 1.611630288974209846e-02
-1.852374310565376922e-02 1.470876736571307027e-02 4.673419224652040904e-02 -5.375171665219734968e-03 9.000343312869840684e-02 6.096304547203060253e-02 1.574557608471614800e-02 7.951615404023062994e-02 5.772675520007695266e-02 3.087349735534128392e-02 2.854926061073127797e-02 7.806282851593829633e-03
1.102164508865046827e-01 -1.424951021090830883e-01 -2.771102733070013313e-02 1.951024865845438910e-02 1.397391046964713279e-01 -6.999027909361577038e-02 -9.141758435838748253e-02 -4.551464080602926621e-02 -3.147265580289351078e-02 -1.288746636031992687e-01 2.350184480252300381e-02 1.812077952757041449e-02
-1.198165959633608058e-01 2.267526618993583390e-02 1.353223070176823306e-01 1.784785365275689401e-02 -2.343794753882661244e-02 2.172924743972232814e-02 1.089136336520795667e-01 4.981195405137234938e-02 3.488428811641038768e-02 -2.705692177075999516e-02 3.931762004546610761e-02 -2.903663053985655607e-02
-3.582193345975102222e-02 -1.121178319493230657e-01 1.570225598578754433e-01 2.675286196555169693e-02 -6.755175613692310232e-02 -1.979333270148288249e-01 -1.291586878221754053e-01 1.500578960338227186e-01 9.992091506916607468e-03 -5.354148189591173904e-03 8.885771382157245379e-02 3.908623202291810345e-02
-5.096975943375747775e-02 -8.398139712748520225e-02 1.581120508519218842e-02 3.213928334496182933e-03 7.046575953299266670e-02 -5.978142858034166812e-03 6.141420374309912444e-02 -4.904972137012339473e-02 1.354677571697985097e-02 -2.937551604662013219e-03 6.575696767482172578e-02 2.228341384246511694e-02
-1.394324779319514318e-01 -1.372645385762256698e-01 -1.284063188085797502e-02 -6.874714925522881770e-02 4.489674010903394602e-02 8.796362623397074865e-02 7.416020134155794363e-02 -1.363434220180735346e-01 1.810016121326477601e-01 -3.762851584165543412e-02 -3.053539883800701626e-02 5.280390547617257180e-02
-1.102021156833258297e-01 8.556455593594639031e-02 1.359327108485771929e-01 -1.741066035215626390e-02 -1.138836080852116961e-01 8.028172917716466794e-02 -7.230987817156611652e-02 -2.083186452390503596e-02 2.061239606962804796e-02 -1.126802517368591522e-01 1.504177427387397570e-01 -2.728070921329628362e-02
7.862764000005179055e-02 5.036793878357441814e-03 2.887956163866685702e-02 -9.277578762305475554e-03 8.545348597428090165e-02 -9.961514639826699047e-02 -5.745279355832491608e-02 -1.183213868112275302e-01 7.149707847427036467e-02 -1.044980615249650746e-01 -1.371688451726701674e-01 -5.425812601595404044e-02
-1.980238376614136542e-02 8.414036702583384264e-02 -2.135752742731808831e-02 1.183856612943099407e-01 1.521850522140768755e-02 6.968937462227928203e-02 1.301069817831005948e-01 7.601277349183317711e-02 -7.696439933299313585e-02 1.306869447799846318e-01 -4.592488529949978471e-02 6.448523310940318387e-02
8.755036272498051275e-02 4.730944468096714983e-02 2.390788178763900498e-02 2.919882310076141879e-02 7.790868424930292614e-03 4.539929536405355043e-02 -3.190670900214209738e-02 4.243547602649003214e-02 7.378075802056123511e-02 -5.350398761510104240e-02 -3.730657953990423187e-02 -1.089880798342003909e-01
-9.867510354539038575e-02 -1.561988062214824946e-01 1.972408486055284293e-01 -4.566776944441360009e-02 8.946912684811472727e-03 -1.385383109877284281e-02 -3.674988819431400378e-02 -3.122984907575856312e-02 5.111485402493416708e-02 1.210198233778221610e-02 -5.028372345915235742e-02 -7.181344650599238641e-03
-5.092415963767122494e-02 2.696324753251192700e-03 -4.338354802139965383e-02 -6.888594475509675352e-02 4.002273479615241908e-02 2.576915477874097693e-02 2.452181295453092005e-02 -1.366118167707982556e-01 3.592802617572742052e-02 9.734320444865154909e-02 2.961810804404858832e-02 -5.406340585735046333e-02
-5.348568895557002413e-03 -1.724573591164133834e-01 -8.421300747549803623e-02 3.623730685410341684e-02 -7.667790986882705440e-02 1.187415547074245487e-01 -2.187541027395492957e-02 -4.331037238294922070e-02 1.827729012803638517e-02 9.740234206275928674e-02 3.952799441700340088e-02 -4.701294775740331305e-02
1.120971410508072724e-01 6.358479324374585739e-02 1.798097820431848043e-02 -6.869266116588658433e-02 3.589737139829612955e-02 -3.186703413099968227e-03 -5.707763741667318258e-02 7.932725669665685597e-02 -1.009603722385049307e-01 2.447238424692800909e-02 -5.417271059000324136e-03 5.522304714739256770e-02
-9.564526831271305540e-02 7.870092913768820132e-04 -3.242207379363547248e-02 3.341527266119941053e-02 -9.332117291224292788e-02 -1.776062780767048710e-02 -4.853177263970848143e-02 -5.356585289073606537e-02 3.404559702374697350e-02 -2.770795273803881159e-02 -8.991668674563749186e-02 8.189365519873065269e-03
3.834627757199319392e-02 -3.666520940550250379e-02 -9.752051375770554031e-02 -1.422452723025087740e-01 5.396712906071185478e-02 8.024485180827636843e-02 3.576362318373836613e-02 1.074276188060121623e-01 -1.282049532484249577e-01 -8.388340455291642961e-02 2.849095557054269479e-02 4.060744414324748280e-02
-4.934031954784370844e-02 4.088521438038996564e-02 -6.892438508584036727e-03 -1.852454130690206480e-01 1.444416555284350895e-02 -2.030186752712120207e-02 -2.915305450396578693e-02 -6.007702672485835949e-02 -4.364971409449828338e-02 1.138657267133248718e-01 -7.018201884110862598e-02 -1.863594029543121922e-01
1.577963146112468630e-03 1.683208535378668061e-02 -9.580261075398630033e-02 8.873912036255424129e-02 -6.684474563682152315e-02 3.004685816816533676e-03 6.561120870184247722e-02 3.421754255545978590e-02 -1.741432136391499186e-02 -6.778945041446937658e-02 4.532162894336572850e-02 7.847512372478802900e-02
-9.479071759051491131e-02 3.859033619438634322e-02 -9.829498504533320385e-03 6.489182688306255331e-02 -1.552871719711209665e-02 -1.426725805595808593e-03 1.109080360154906103e-01 3.877327615969484303e-02 4.567437481725380652e-03 6.917724378122151740e-02 -9.763220981441728119e-02 7.364376953639270584e-02
-1.051504031688375723e-01 -8.107959712388548845e-02 -6.816046955124048512e-02 -1.088616284134627217e-03 9.428170821475186092e-03 2.507794664869543444e-02 -9.267719616691150186e-02 3.353588746189144210e-02 -1.300709376674397677e-01 1.258062911948158204e-02 1.129579790992218669e-01 -3.049718730310577164e-02
1.469944131229430906e-02 6.726180905773587737e-02 -1.517141393501164962e-02 5.383515935315096035e-02 -1.581826859011072062e-02 1.137699107644946778e-02 -5.942066838212940044e-02 -8.150082792892351935e-03 -1.191535830684159608e-01 -9.062610888601241310e-02 4.662480211392178858e-02 1.073878819809458568e-01
-1.514787589478608087e-01 3.968198718998351693e-02 7.823072731025769444e-02 -1.349244389674162936e-01 4.736973421246119115e-02 -4.204774216825930139e-02 -1.410285062326725736e-01 -6.131214817462053712e-02 -4.992822269694944387e-02 -7.659750202563837991e-03 -3.628481990170494276e-02 9.794462360798286693e-02
1.119240876521410272e-01 -2.682295473568956437e-02 1.505217996452502538e-01 5.530451243993990407e-02 -1.209913594715842852e-02 1.450445260719699925e-01 5.117333882170045645e-02 1.913633222967060787e-02 -2.441171245009220864e-02 1.003478445566546307e-01 2.420761421912211164e-02 -1.850207738260910284e-02
-9.521623399355316764e-02 8.721260075722581107e-02 2.121635612930255210e-01 2.153041732225791788e-02 6.210462738581307152e-02 -3.796932291874421939e-02 -1.574538777261647315e-01 -2.086716379748011774e-02 1.768704212893862024e-02 1.649236004958545138e-02 -3.697979675976593994e-02 -2.345126695237891370e-02
4.610825189948813442e-03 1.683834436258066936e-04 -8.099413619038032391e-03 7.727442050800248374e-02 4.638447441846314107e-02 1.171933016891908187e-02 -4.115243164838257306e-02 -3.477429345452471947e-03 8.219596751173903482e-02 -1.675575089382412008e-01 4.832401787037572671e-02 -2.081503795519116379e-02
-7.743068196225866284e-02 -1.453568430773701792e-01 -7.382906295434678301e-02 3.539073568411658932e-02 -1.163923380964345805e-01 3.131493234958716149e-02 8.052751161675805736e-02 8.912660117674028881e-02 -5.881450986305687689e-02 7.808445151718890198e-02 -2.242694010209494160e-01 3.404274060453083006e-02
-7.907864976984366190e-02 8.661479758844782550e-02 -3.338268859481754308e-02 7.384744441645751944e-02 -6.852443049806994368e-02 4.027983380300285965e-02 -1.022931256143672918e-01 -2.139457340092790552e-02 -5.974231227020958268e-02 -6.216731142001405072e-03 -8.654394173935849033e-02 1.246499299006918748e-01
3.912538159661507753e-02 -6.043395905050477634e-02 7.204224346122570233e-02 -1.405208305430531990e-01 -1.891332836921416627e-01 6.827150284117050605e-02 -4.473921571365571670e-02 -4.093341498478174356e-02 -5.045075751414680038e-02 6.113960084307454301e-02 1.048013167741292939e-01 -7.427900099601231210e-02
6.886909660389503585e-02 -2.772863782359736087e-02 -5.531172690702341327e-02 -1.511770996396721023e-01 -7.987499487037173079e-03 -3.135900060416803997e-02 1.020384119559202413e-01 3.953792137007697272e-02 -3.968347385729996402e-02 1.583190096143171632e-01 1.013847921147751907e-01 1.991601959719344755e-02
1.288693867771086021e-01 -2.126517323116661196e-01 1.424558647575939474e-02 -5.006115283448606817e-02 1.685463994076777383e-02 1.760780662781250699e-02 -3.236490314849935213e-02 -2.597368467164335240e-02 2.971865750460554734e-02 6.374045018631972759e-02 -9.005182929475363807e-02 -2.349607871247693172e-02
9.077451407660502847e-03 2.214529875260179415e-02 -1.458788291102512159e-02 1.971253456492939177e-02 2.495423066536426107e-02 8.382195732361918949e-02 -6.512195847281521122e-02 2.020801439613981870e-02 1.857501807028032192e-02 1.357104122676195679e-01 6.654055889425911086e-02 -6.152973922943972412e-02
4.544064628725798249e-02 1.432509565752657366e-01 -3.206112231596477957e-02 -1.004840379283760965e-01 -3.397206253702019299e-03 3.421583738664784463e-02 5.520177736753277553e-02 1.489226275133231393e-02 -3.382463848666057704e-02 -4.454005841561960166e-02 -1.830612586487989635e-01 6.428816500080208537e-03
9.005933157756965124e-02 7.000195420705043747e-02 5.646802410903473818e-02 1.982153384563216294e-03 -2.970670021241732239e-02 8.747711590656634395e-02 3.168361566948571517e-02 -1.285874865821435842e-01 9.243640100892955291e-02 7.429970659428561386e-02 6.437999490325942153e-02 -6.031759613296178851e-02
-2.292324582889258833e-02 1.195918988188407611e-01 -1.969943279788253371e-03 -7.990614614567800866e-02 3.805112428717389444e-02 1.384095932728040754e-02 -6.652419601629757859e-03 -1.690537007914578310e-02 -8.577657147602969767e-02 1.027198976962948873e-01 -8.375279418492773131e-02 2.008468908774738507e-02
9.750412880006155414e-02 -9.425962780042779210e-02 -1.168018520436676366e-01 -7.759340699607931990e-02 -1.503503437847880375e-01 2.900924588987425362e-02 9.865299216288975215e-02 -3.170674258129611151e-02 2.505788041314355175e-02 2.837666013163861359e-04 1.300423145445453454e-01 -1.376781759515247061e-02
-5.864991597112560046e-02 1.194741868121784872e-01 -2.636284672545895560e-02 3.736861947713668308e-02 -7.090683104230080525e-02 -1.523706501004030711e-01 6.407487714563579739e-02 -5.695541377683517592e-02 -2.875286603047601947e-02 6.543048160190408080e-02 5.454247688588532983e-02 -1.167704566868521532e-01
-4.387264103618491312e-02 -2.783124937644963076e-03 3.238054018811646617e-02 2.848776128612788908e-02 8.782342922422600728e-02 4.305143216387030680e-02 2.178992507592580063e-01 3.892251767977646798e-02 -1.543237425438239718e-01 -6.235449517679483855e-02 -8.166432446882943008e-02 6.986267812132257449e-02
-5.254870684084643473e-02 8.077020246400572201e-02 -2.789272023106470835e-02 2.360554350583596306e-02 2.034065861726648550e-02 -6.603735915006452017e-02 5.942826107906977462e-02 2.263370124470700379e-02 1.430581057228485220e-01 6.393554353582189820e-02 -2.343685840858670058e-02 8.547176336099955585e-02
-1.203639881205169349e-01 3.217606171746929811e-02 -4.376802232190227064e-03 1.099600526911922449e-01 -8.279844792628751615e-02 7.608300398891909566e-02 3.519952489544428409e-02 -1.610008039335125707e-01 1.195841505910724273e-01 -2.585928003863582902e-02 -3.224510735306826414e-02 1.195987190017760993e-01
3.937924971000148627e-02 8.537419749566754756e-02 1.302499243569000542e-01 1.776501739678220393e-01 9.046626169496782555e-02 -1.115194439713487404e-02 -4.705689145630043146e-02 8.995632650003555775e-02 8.827495918276630216e-02 3.953574633593098797e-02 -1.154629505662261579e-01 -1.176265445627470846e-01
8.143857832185898539e-04 -8.088895187279623866e-02 -2.066589390662490477e-02 -1.407744785011785012e-03 3.649323321954558996e-02 9.061736011897610077e-02 5.731248129291667548e-02 9.690988213266672757e-03 -1.957399350776599933e-01 2.271333308497949788e-02 4.704890880431031319e-02 1.820147235042798416e-03
3.573031664606175772e-02 5.153867410842227770e-03 1.414682055304785357e-01 -9.653325047724126140e-02 6.438923204720024829e-02 1.610646733346395021e-01 2.863669857009768643e-02 9.066804226507518827e-02 1.663520372358999813e-02 1.012020530851842764e-01 1.686115375431325170e-01 1.694132243020811668e-01
2.708758674310562248e-02 2.831583776546906656e-02 1.454562744181661649e-01 2.577937132323038227e-02 -4.264712540164231416e-03 6.734459905387957246e-02 -8.758022735410000981e-02 1.560807556916145589e-01 -1.083840507005448817e-01 1.564374054175033113e-01 -3.173188831333366433e-02 4.215719427992246221e-02
-1.453934976266954004e-01 4.069699430335983401e-03 -6.639191926185719628e-02 -9.106924181455108847e-02 7.415807315791375642e-02 5.923596793451769982e-02 3.787374964395984200e-02 9.159301974815564629e-02 -8.207673988278542387e-02 1.622589518949482945e-01 -9.346556407635792096e-02 3.186565133850133378e-03
-2.210998389410075149e-01 3.757485420392293191e-02 3.431299279752858533e-02 -8.377803115603182915e-02 -2.430078983151039151e-02 -2.409904575801042476e-02 -1.143762501552662153e-01 2.192409516646153314e-02 2.299912138514785820e-01 1.051244384789309649e-01 2.600483872477178833e-03 8.033470532557495519e-03
-5.556571974473866783e-03 -7.482063722884643719e-02 -6.529810413070613606e-02 -2.692638830211083537e-02 -1.993239867165669255e-02 5.390311693313379338e-02 -1.533842014456530678e-01 -1.750998502782249722e-01 2.294826684998001534e-02 1.832122045923543774e-01 -2.167648677876494404e-03 7.106681264712340351e-02
3.559637562266754034e-03 -1.543402186346464477e-01 -8.430274084519191746e-02 -2.619883044676201561e-02 -4.964722076056952288e-02 1.919421937348769064e-02 -5.558774549419845390e-02 -5.423227844426013744e-02 1.660931341435951114e-01 -1.265395853490413891e-01 3.525720611629007406e-02 3.450890614855783856e-02
9.126013228339702188e-02 -1.342139644813890587e-01 2.604567391411050092e-02 1.550544947482063521e-02 1.743551801072085530e-02 -1.276740994391777767e-02 -2.225340471769742257e-01 -4.511033038886977375e-02 -5.432934169849502198e-02 -1.459591224089929751e-01 -5.889435486249171292e-02 -7.845668994859502374e-04
3.691982089891023000e-02 -1.475304327131271576e-02 -2.193057460269754178e-01 -1.796438817713983532e-02 -9.730590918982728876e-02 1.600295576331641767e-01 1.892004690432552011e-02 2.208864892664653967e-02 1.655435163536628229e-02 -5.911035970118143357e-02 -1.761542448002171857e-01 -7.928959545199695466e-03
5.235876575348155648e-02 -8.381009432040349705e-02 -7.366192233064794426e-02 -1.282729189010026194e-01 -1.426213778927051812e-02 -6.472889199223458290e-02 6.357480071234894448e-02 1.299821938307173796e-01 8.961857787081124738e-02 3.505797853242645368e-02 7.731418976277856792e-02 -5.763923365337424165e-02
-5.728638108854634120e-02 6.363343073051071219e-02 1.542731394683635043e-03 7.387936019169979995e-02 3.907272460161177047e-02 5.477238092547566557e-03 -1.103435085118117664e-01 -2.578234814593173899e-02 -8.908892753466404746e-02 -4.763933496938652784e-02 -1.724132244609436274e-02 2.760244707348531723e-02
-1.555575062079567628e-03 -2.318992211489161182e-02 -8.424779877166561903e-02 -1.142270136807753689e-01 -5.656103631747648464e-02 -5.269296021889581863e-03 -9.978248475775237936e-02 1.483442370944661366e-02 9.375720252347603811e-02 -1.387790642086596249e-01 -2.585166116028318750e-02 -6.652862652103500030e-02
2.419189375718874824e-03 5.772360586695492179e-02 2.011328976818167746e-03 -7.114511640892393074e-02 -2.162269598104463175e-02 -1.438789182813138834e-01 3.043231053331408448e-02 -7.786299642616720251e-02 -1.064535832615884081e-01 3.537033184605167802e-02 9.399198488616999914e-02 -1.515072727675862152e-01
8.671132162079382699e-02 8.276766923706978252e-02 -2.451152382258571863e-02 -4.288181163583904693e-02 -4.881347681168356212e-02 -9.076861325421699267e-02 -3.945687205846132306e-02 -1.303327671293663392e-01 1.946607687498696365e-02 -2.315933171144776703e-01 6.865101090417832785e-02 -3.823711762447212781e-02
