1.337936449197986433e-01 3.597531424771014952e-01 2.583735955468730583e-01 8.059140831521424686e-02
1.674493584807179025e-01 1.509369169556733746e-02 7.291708757146338205e-02 -1.424806485776790310e-01
2.062022304164940756e-01 -2.731745742955649092e-01 -1.129776641517165336e-01 -3.579841223096158487e-01
-1.749496439517649882e-01 4.784425549949827827e-02 1.434085521312074285e-01 -1.163223844411301194e-01
3.299033546095931912e-01 2.590729436088518578e-01 1.066942050747810844e-01 -1.675660339249725461e-01
2.802948342934395987e-01 2.941220238363397368e-02 1.814205179306145610e-01 -3.551557265707711714e-02
-9.791106482852172943e-02 2.022914101804596243e-01 -4.593502115612650982e-01 3.941359423465454204e-01
8.806026259755310448e-02 -1.301593396220444565e-01 4.493382273419057604e-01 -4.907046659860355708e-01
1.734798655508035508e-03 -1.272539461890637991e-01 -2.444955235330781296e-01 -3.036124240902570923e-02
-6.113044821623943130e-03 3.325553261022631268e-01 -1.923472600973467894e-01 -1.336952790184080253e-01
7.623679231620746413e-03 1.351472701176652247e-01 4.483180247835381604e-01 -1.050269976965671759e-01
-5.024890401681442187e-01 -2.856869786849421111e-02 1.545814421593032055e-02 2.223238300020626695e-02
5.657176578163541913e-02 3.158246148661140174e-01 -6.773555904862953170e-02 -4.989744497941811519e-01
4.565847455901265728e-01 1.008770914500652094e-01 2.420119041514870450e-02 -1.980519014981736714e-01
2.396560434623511981e-01 -3.751094599500789939e-01 -9.472211277656185369e-02 1.037894283450817301e-01
9.907888978308074246e-02 1.424200439278895947e-01 -2.642136303687934729e-01 -5.666453416303338098e-02
-1.772485501628804083e-01 4.488850667626345659e-01 -2.871913246173753501e-02 3.036981262879047128e-01
-2.949658078577975240e-01 5.886929443093148473e-01 3.435944880697205384e-01 -2.756258158119128665e-01
-1.815305188671316808e-02 1.775428500805696364e-01 2.999233420565649566e-01 -8.542838337196409504e-02
-3.403835946097529264e-01 -2.192394497904075756e-01 -9.313178182429621144e-02 2.847047756663746987e-01
1.488978044601218034e-02 1.481458401316142204e-01 1.966066108904588605e-01 -2.660643601283626536e-01
5.226027905141638064e-01 3.744778537627747872e-02 -1.594828161043714554e-01 -1.114486044193988973e-01
4.368447110443522685e-02 -6.172576307262620660e-03 -2.708110263598645373e-01 3.062392404953295788e-01
6.381080672929279919e-03 2.773550946544988127e-01 3.834480725978732796e-01 -3.719903136227800666e-01
-3.628123899953752257e-02 -6.552256590920364082e-03 -6.450855889813059130e-02 2.393300104234207526e-01
-1.619663370365212463e-02 1.214365378282241253e-01 7.757088089403171849e-02 3.940831195196418946e-02
-1.609273476578357565e-01 -1.950560986492990978e-01 1.423180443523646421e-01 4.059175839921828066e-01
-5.855436032185481476e-01 1.400147885860829888e-01 -1.558947815545176918e-01 1.475745072079577037e-02
7.254359440025466566e-02 -1.176653331164980026e-01 2.464894065895858327e-02 2.781691762611391283e-01
-5.913486173511534744e-02 -1.331207852354367727e-01 -2.856683488827410078e-01 1.358619759736311161e-01
