-1.500487335420222154e-02 -9.439982490404215387e-02 1.614795474020757071e-01 1.627818561676009634e-01 5.468306917386072108e-01 -3.501694103814892434e-01 -9.299024886247647670e-02 4.944906330650819526e-01 -9.149001762559743067e-01 4.018979006135290355e-01 9.479755302270619355e-01 2.698341578385248241e-01
-3.001536865625952233e-01 2.154560941265411811e-01 -2.172020239092009863e-01 -6.723450982805215803e-01 -1.644983705769018922e-01 7.482594043592176725e-01 1.827481649601678360e+00 -1.101547962597763108e-01 8.496550388795433006e-01 6.177738397312975138e-01 3.305873895544357288e-01 -4.769470621124650145e-01
-4.669800284773423238e-01 3.355646674894189885e-01 -4.600892849256550399e-01 -4.292131212792268391e-01 2.688105925574801880e-01 -4.627243652102594473e-01 2.592406190454620840e-01 1.544325444300494787e+00 -6.563794650793969288e-02 2.902782538717715854e-01 -1.652833788885581523e-01 1.002329634413334114e+00
3.889408521249426154e-01 -4.128910376121202458e-02 2.536877264271826804e-01 -1.466457959748709572e-01 9.754678605688565929e-01 1.194302625542279922e-01 1.574076123426007556e-01 7.126167125163019866e-01 -4.063412988384658420e-02 4.175676413640080353e-01 3.413961119117518428e-01 2.291658456358720841e-01
1.107896451851334785e+00 1.535555085149158949e-01 4.233261837534584016e-02 -5.643158099522904703e-01 -2.799763905634238825e-01 7.357647225597014895e-01 -3.938348427805389296e-01 5.856440277705936559e-01 -1.761365768871263338e-01 8.787109560703968425e-01 3.616871999279513417e-01 -5.210312177314075921e-01
-4.239311625043230836e-02 -7.001749990440266913e-01 3.349754454250937208e-01 1.187338625221295990e-01 5.747125261764495230e-01 3.655885348937810697e-01 -2.561886305469103786e-01 4.631595205669707949e-01 2.217536918122729739e-01 1.913861035711757752e-01 3.553871846945970137e-01 1.980540285579901194e-01
-3.219282537218813856e-01 1.846219580049476283e-01 -3.201372213611978872e-03 -6.072187912716682234e-01 -3.727189340264184386e-02 -1.636239188388301791e-01 5.551238185962317218e-01 2.901526760682706652e-01 1.901284257659985322e-01 1.146151447329289308e+00 -6.975178268692694417e-01 2.941665357060568309e-01
1.312123484031868514e-01 -2.494153202259016266e-01 5.438461022713383386e-01 4.285441549652137527e-01 1.806883973012123057e-01 2.906817083375942135e-01 9.440700611563426770e-02 1.871429798149057688e-01 7.342678931471167125e-01 8.949245065078824668e-01 -1.271727970335208457e+00 -3.651984535317999436e-02
6.948865588784787217e-01 -6.035298397765788136e-01 6.559665183752380058e-01 -3.518179525383788864e-01 2.159847004908897750e-01 5.516879618779406691e-01 -2.813396012854836870e-01 -1.599662060487386794e+00 6.558047473245491865e-01 -1.180106555856395678e+00 2.248716020317585718e-01 -9.430787758440087876e-01
1.032347989674810673e+00 6.333913810448448256e-01 -5.506538393447381052e-01 -7.708165559349482443e-01 -9.994465824546284738e-01 8.937569711640301895e-01 1.436279496218078044e-01 -1.238927767935514179e+00 9.719277433373454400e-01 -6.076084224422289015e-01 2.499520284728048436e-01 -7.791298354493255696e-01
-8.931896100196256016e-01 -2.005401375865664138e-01 5.981274101734515014e-01 2.103761481382684928e-01 3.478623265443878121e-01 3.521864346367936660e-01 -2.024926873189911436e-01 2.459582940837333198e-01 5.362986363995912997e-01 -2.038937015135041872e-03 -3.038398309060402758e-02 -1.753417553609250001e-01
-3.284811048088131513e-01 2.254039753311667116e-01 -1.767101584540845816e-01 -3.777381972163276064e-02 -2.945489033616456309e-01 -5.818566830548657087e-01 3.418475602049098616e-01 1.209273476656482771e+00 -4.329289725673644562e-01 3.269089746074891889e-01 2.686111509924327123e-02 1.534571891861080450e+00
-6.207474544854778564e-01 -4.399552574931755444e-01 8.838529695038966905e-01 -4.634602048708081345e-01 -4.107547515825674123e-01 -7.452570776160450938e-01 6.217620786984109360e-01 -2.886311976090082942e-01 1.589597952468674968e+00 7.087731180195421254e-01 1.752856006566431424e-01 -8.827957962891784804e-01
1.290931076814505918e+00 -4.441164635626924651e-01 6.235438450211170380e-01 4.264121934462139496e-01 -1.598922257082358300e-01 -7.606992437440586174e-01 1.536042782308178201e-01 -5.083493126895527459e-01 -2.410615129788188093e-01 -2.123947526435613908e-01 -1.774930499090711378e-01 -8.280581733917156961e-02
1.753242060295663596e-01 -6.228733418302204172e-02 -2.621515568264689011e-01 2.892565976807804362e-01 -5.479014983280631190e-01 2.831023257010422123e-01 -5.898681962043232918e-01 -8.130166788447047432e-01 4.795579708009426456e-01 -1.254969971881980229e+00 1.261076589439485085e+00 -7.893413791777172950e-01
-9.849675360471361607e-01 -7.246498360163958763e-01 5.937656358747551710e-01 3.521350360830202142e-01 1.728863364264718316e-01 -4.241478138663331010e-01 -1.724615865008386484e-01 4.589082937228786685e-01 4.315764698329526139e-01 -2.300395779195749391e-01 -7.300679693574192719e-02 3.819921000037185266e-01
-3.061653127978888334e-01 4.196292885135995965e-01 -1.480335179882942831e-01 -5.550257955644521957e-01 -3.521818959724111742e-01 -5.253834028652158011e-02 3.806051645026288233e-01 -2.608589641955412208e-01 4.582257756260506576e-01 1.074613066716019610e-01 3.848737108804915485e-01 1.143715628499207410e-01
-1.189054575753393683e+00 -2.583558196139660312e-01 5.171263931371359313e-01 4.847304999125002789e-01 -1.290054614183813175e-01 -1.230834424048396825e+00 6.638698587395156503e-01 -1.304171595212300749e+00 -9.995954558645415988e-02 1.017184003894635730e-01 -7.237540097524718385e-01 8.993783464086214652e-01
-8.690529354722520416e-01 -2.481149793656588776e-01 7.659240710423474985e-01 4.817947024824578151e-01 -1.631325080885994427e-01 -4.832004231143628425e-01 -2.867305915524893112e-01 -2.003384757836979280e-01 3.903721237967897051e-01 4.983083120729971116e-02 2.668061210864568558e-02 9.088418463635987432e-02
8.171501866799270042e-01 7.138946741585718847e-01 -6.544030085310321709e-01 -5.518757319586834464e-01 -6.246883956871930321e-01 3.380814511431460279e-01 -3.261696290905885531e-02 7.990564907791884719e-02 -1.140534728900846201e-01 2.125481064689670185e-01 5.732587194105500661e-01 -6.308429427629080877e-01
-2.442323466192861114e-01 -6.300009737303481350e-01 3.932323191275924890e-01 3.200943768130102285e-01 6.118238458798605506e-02 -1.854650716988871448e-02 -1.014867560085908060e-01 1.577084099248209637e-01 5.903334591444983070e-01 1.655682145752175247e-02 -2.238188604419097116e-01 3.658325636159991123e-02
2.351787923336257080e-01 3.955037274274879611e-01 -2.565993511882435629e-01 2.500547966746189954e-01 -1.706353943044590094e-01 2.091405311435941272e-01 8.153109407469809333e-02 2.653248672911681649e-01 -1.023203592742275791e+00 -6.476291689746312974e-01 9.200916881537515857e-02 -8.002414847924961550e-02
-4.569294447648098445e-01 1.095998313769079302e-01 1.681245035456600256e-01 -2.253229693750005702e-01 3.173664524658674768e-01 -5.077410612674012613e-01 1.600300979352715369e-01 6.205637376155137552e-01 -2.764240500357142416e-01 9.722773384902957394e-01 -7.129431183475342104e-01 5.656818792659769057e-01
-5.867673183511842305e-01 1.324718277980236336e-01 5.893164748694476596e-02 -3.268878019408575364e-01 6.277615624752531653e-01 2.426787478240273466e-01 -3.609177687091932318e-01 2.907595878053274019e-01 8.322097464666502464e-01 -4.782672894999591140e-01 1.579468432856222515e+00 -2.670470258069941871e-01
-7.532902491783711740e-01 1.157244389078069952e-01 6.252538479708936725e-01 1.899481938837861358e-02 8.639764452127912664e-01 -2.399684021689694469e-01 4.786846966005038895e-01 -9.946733888451405603e-01 6.843632360123302893e-01 -1.336425728910252131e-01 -1.472848821531168140e+00 -5.872323479826043746e-01
1.179215970623088916e+00 2.476579775695234020e-01 -1.184543692160654194e-01 -4.669987327849127734e-01 -6.107959672943871210e-01 6.959734452622452494e-01 -2.314490362588675909e-01 5.268595181400643757e-01 1.229001729079311073e-01 7.815541222438301405e-01 3.707995867187128813e-01 -5.004571274134932413e-01
1.283991001434639845e+00 5.755574815814616663e-02 -2.675440376184080593e-01 2.983825028093689546e-01 1.142929808949603387e+00 -2.278033909026007733e-02 -4.050878602519029648e-01 -1.496224565289616115e-01 -2.578828942371201305e-01 -2.636980654768423249e-01 -1.454048420198469804e+00 -7.794675033489437688e-01
-4.784812465944318638e-01 -1.537147276130220418e-02 -2.202492217017140985e-01 -4.799788597958912773e-01 3.984352650016793063e-01 -1.284307166993562621e+00 -3.409802368253594396e-01 6.505875134236239754e-01 -8.120658293238732783e-01 8.541789960419593486e-01 -1.991093097559737679e-01 6.801909655373149510e-01
-9.432713918383464624e-02 -2.391591115192988060e-01 4.493058598057354802e-02 -6.584856621501564145e-02 9.930826673675398342e-02 3.637367283423065256e-02 -1.059787976167203827e-01 -7.953826541788966420e-02 -5.657070258065132196e-01 -8.123663181808722378e-01 4.613209356726230004e-01 -2.244319868908254412e-01
-1.420455011952995172e-01 6.459419452207159074e-01 -4.374517375722723755e-02 -7.207571618978969585e-01 2.827789621046209456e-01 8.638029358941379243e-02 1.251224934894942520e-01 2.440591200599769306e-01 2.924596262993550133e-01 9.736818980698287440e-01 -5.034508290109848128e-01 2.136842159494787563e-01
3.901894413128478289e-01 -2.469003010791984143e-01 3.154272462058718696e-01 3.613507141208761181e-02 -3.046161032119939494e-01 -7.881368144009446297e-01 -8.404531421982043560e-02 8.105539975541243419e-03 1.540827964404086203e-01 3.466039684196337567e-01 7.601483156403678887e-01 -6.890059499230202222e-01
