-7.054627331393320544e-02 -5.407981783581380410e-03 1.194040462384224482e-01 -6.158929397043833714e-02 4.402683932258079358e-02 -2.298575809856432187e-02 -1.001512046344781720e-02 1.765716396643965749e-02 -2.322019031486269661e-02 -2.062071625792230925e-02 -1.234965514650987750e-01 -1.920633084311658412e-02
1.171766807717879444e-01 1.355897347823392107e-01 1.553364151810061530e-02 -5.075136418591505438e-02 5.923085101621008985e-02 6.764738329448224952e-02 -2.305248690785535043e-02 -1.367141312526804799e-02 7.379227634521010049e-02 -1.294829055336698675e-01 1.005581964817965496e-01 -1.433235442252816239e-01
1.523463189800128292e-01 1.180055401651254783e-02 -5.874083966255050360e-02 9.849140005757008043e-02 -4.889247898216420724e-02 6.421723653991023850e-02 1.555280457100016289e-03 -7.279841416860619030e-02 1.564688758519688916e-01 2.493507118193709696e-02 6.069505127137020395e-02 1.598385540500835839e-02
-6.862304065560606570e-02 3.712503311821975516e-02 -4.083834576362349589e-02 1.261698422801361130e-01 5.491362858280567083e-02 -5.126768741561783804e-02 -2.389079379039849016e-02 -1.268075514068683352e-01 1.366710617362093261e-01 -6.826979962237736399e-02 1.808845430780202032e-02 4.937789987425453969e-02
4.006517328041439563e-02 -3.007600845867107464e-02 -4.163552276892614618e-02 -6.708713798065624179e-02 3.816401399518023346e-02 -1.135839844023251027e-01 -2.253973264400356558e-02 -3.684826981293720660e-02 3.428476411057834738e-02 1.925040089897774379e-02 -9.251859725714298155e-02 -1.217531986450310494e-02
-4.719827935721268575e-02 6.454466871221421244e-03 -8.778718225674237569e-03 3.824578452447929128e-02 -8.107829194155481700e-02 5.741351225367916783e-02 -4.580880166459730396e-02 -6.565247204738879072e-02 -1.521361428527827526e-02 1.572375002260841537e-01 1.214206086476805196e-02 -3.554912913316973094e-02
3.949247125419497184e-02 5.967504495279603999e-03 7.630011007631326558e-02 -3.822355616976191167e-02 -1.581366243656427417e-01 -1.333322447586122450e-01 2.787915929145455551e-02 2.403963888786758707e-02 8.865834080988094223e-02 1.630366306127238318e-01 -1.034564798578748446e-01 -1.125875384281141978e-01
2.187999352882157023e-03 1.096291847706198086e-01 1.249485557044313910e-01 5.840372119178164657e-03 1.259109585064803125e-02 8.990751114122393084e-02 -4.072829279918216243e-03 5.360893444810653496e-02 2.523777941671028202e-01 -1.093148672667466070e-01 1.239914853450045651e-02 -3.893618121862427867e-02
-8.828391240938222861e-02 -8.366386866477644457e-02 -1.316259351601083705e-01 1.215897350675415323e-01 -1.286201329654045218e-02 -1.480813654293743342e-01 -9.383620151041029145e-02 1.260213545759918097e-04 4.509732491336006233e-02 -2.272782333714700453e-01 -1.242539005946799169e-01 1.174431609272768573e-01
-2.616298636960779495e-02 8.992688681350686358e-03 2.089498496428937035e-01 1.920542272127149230e-01 -2.777339574382011247e-02 7.400108874737923448e-02 -2.457253073058617010e-02 1.415830061358865077e-02 2.249973913855863542e-03 1.567925099165417557e-01 -9.374015597347931661e-02 5.563112619872432468e-02
8.390961076091491000e-02 1.177695412483450027e-01 6.995253250263287412e-03 1.333867334127601945e-01 -4.828577960147797943e-02 -7.864442258151024129e-03 -1.010405718118041613e-01 -3.784899160899716716e-03 -5.152844832199962588e-02 -9.222219283868295439e-03 -6.110376160649352850e-02 7.763875684545172573e-02
9.155817019535451851e-02 -5.468435699829383989e-02 6.298338304820225164e-02 -7.907462265230492948e-02 -1.454325694441060621e-02 9.169001827693900805e-03 -1.707070310926039891e-02 -1.114833530711327181e-01 2.585483879087689327e-03 -1.176607724517210324e-01 3.630395544659402451e-02 6.690953346995248685e-02
9.624935701753581374e-02 7.519964002326015584e-02 -9.455337048126412347e-02 4.527253910969062517e-02 -3.160797383416926593e-02 3.673446540247063408e-02 -1.430357283058053888e-02 -1.449271309372787420e-01 -2.176526966636502247e-02 -6.205258278103452374e-02 -1.358222223838005671e-01 -1.458332623948511153e-01
1.606151283316172712e-02 -1.200664655816986448e-01 -6.354275511766566999e-03 6.258987905618055084e-03 6.690387031250133454e-02 1.823194488343022127e-02 -1.432181350212168858e-01 -1.641097709927830453e-02 -1.394291105707817502e-01 -5.504423557371982551e-02 4.444450225741800736e-02 -5.814233467687514312e-02
-5.298125632867552171e-02 -6.466198248898979983e-02 1.611806011709506492e-01 -1.485828895534078153e-01 3.608810393679846851e-02 6.291128768636264357e-02 2.591254349784991029e-02 -2.793058436228213273e-02 1.776208456491782384e-01 -6.207561510847731806e-02 -7.203517531843983690e-02 1.129623338695627879e-02
-1.107171201610483019e-01 -2.240109777051903575e-02 1.920697322732717316e-01 -6.695401164965691931e-02 -9.425772775878515919e-02 5.352713467483481008e-03 6.712049381096245326e-02 6.792800923816318115e-02 1.454700816068944108e-02 4.095465157413487323e-02 -1.936430981801814163e-03 -1.851616945421436650e-02
1.371971614947509743e-01 1.944230809552723038e-02 9.576511320788416715e-02 -2.800213846323339195e-02 1.551793657279457953e-03 -6.585140833640773517e-02 1.277368798445910336e-01 9.726689336736889235e-02 6.919876849574188582e-02 1.506694957492530490e-02 -3.096512907636857909e-02 -1.047813179319422444e-01
1.028135774387029799e-01 -9.030161508888084887e-02 3.036146312219235865e-02 6.080478866233927915e-02 2.140759589339379931e-01 1.347609816548314410e-01 -1.523937695198365749e-02 6.015297984799267833e-02 -4.149116848626878407e-02 4.665416822042681849e-02 9.167742363295372510e-02 -1.758735634637177414e-01
-1.953841791053587129e-01 -1.386382796386256278e-01 -4.053911923120571970e-02 1.242805942224309845e-01 1.623490942211187112e-03 -2.877596201275645429e-02 -4.956101679612706645e-02 1.530677576341562540e-01 7.081170689925812833e-02 2.486689204278927368e-02 -1.306646573878531559e-01 -1.124032460753617430e-01
3.547667631757477763e-02 -9.211664487030209181e-03 -4.352741619530341166e-02 1.319624903673115475e-02 2.902881162239598356e-02 -1.078859664065605767e-01 1.224145250831339959e-01 9.138710170828708360e-03 -1.615992801118960182e-02 1.649333680246316547e-01 -1.862628095264221711e-02 -4.283856671390125215e-02
1.143167369904887765e-01 -3.727585501483626079e-02 -1.319445108434035355e-02 -1.887119006610584737e-01 7.374937862611499750e-02 8.922204646977263676e-02 -3.426456096280968561e-02 -6.624699102998924879e-03 -1.799389146492827093e-02 -1.367449293050824743e-01 1.086059723902628796e-02 1.089908119288373473e-02
-2.271168247129885798e-02 3.811704481530207161e-02 7.177443465322792815e-02 -4.880249019245259945e-02 -1.059083672708903412e-01 -3.778673159169897936e-03 1.120543815923244063e-01 -2.383881005088343275e-01 -1.259954747121776741e-01 -6.380500193589480618e-02 3.825324694763808375e-02 1.097059686010620240e-02
2.104333645364197050e-02 1.379973005838814812e-02 -1.682289913273566362e-01 -1.720585269886170665e-01 9.456882347555868595e-02 5.415518775427115294e-02 -2.352948308038282088e-01 -8.543866023921684039e-02 4.551191028371937702e-02 -1.333446411915456542e-02 -1.581515538153278888e-02 2.101599568375075305e-02
-7.726456080138689730e-02 -6.286715829491723584e-03 4.181786426320328875e-02 1.076059531918517331e-01 -3.114713177975408226e-02 1.406185486903522297e-01 7.803403361451649589e-02 1.883529894535717134e-02 -2.073678536736760225e-02 1.139123885455312901e-01 1.465313628721727664e-02 -1.829365978719096342e-01
1.355099679860276574e-01 -5.947445920730369540e-02 9.528268077955609483e-02 -1.195435570937879721e-01 1.920490942399556977e-01 -3.975813082528261572e-02 -3.258933465279963138e-02 -2.914082067838197343e-02 -7.920523138647021788e-02 -5.000355210571517245e-02 5.803337707956688490e-02 -1.982863556116665205e-02
9.545219796814453928e-02 -6.820094577544852377e-02 1.011232639983478954e-01 -2.393533608969016045e-03 6.367834389903027914e-02 -7.125270897717705249e-03 -3.834227541410482887e-02 7.629951441067631124e-02 3.915139984967148240e-02 -4.606907722241934677e-02 5.289173073917220053e-02 -1.283017974647050925e-02
-5.536974122526325259e-02 -1.239192584495483508e-02 8.552206344451986075e-02 1.505088128100439543e-02 1.357787311837508337e-01 -8.772933957797716259e-03 -1.239737389031094102e-02 1.034502103647806509e-01 -1.057026033394115223e-02 -7.233240421998701764e-02 5.657771800407424695e-02 -3.050226491876615459e-02
-1.123344087157116117e-01 -8.044525370985111667e-02 7.080101430852504818e-02 -3.106959971963836956e-02 6.164930782954096411e-02 -1.234538216321528631e-01 -4.855548599350070771e-02 -2.979701967656383024e-02 1.979878566045713273e-02 1.323452520668408072e-01 8.543724487231810216e-02 4.264766901710705105e-02
4.631632546136112139e-02 5.485749953245212113e-02 2.009804712161999407e-01 1.146913563657026708e-01 1.324258443519698014e-01 -1.145423185531798393e-01 4.731579546086666851e-03 3.735935369002012230e-02 1.066927550663926139e-01 4.607808343030625475e-02 -2.494874364739727013e-02 4.350608361038599270e-02
-7.654420587746706139e-02 -6.621365321923325387e-02 8.632057563296291480e-02 -4.128067159062101532e-02 -2.131951738062266843e-02 7.062470620890580648e-03 -9.117418582468356236e-02 1.187230496057448681e-01 2.671833437330931385e-02 2.358377366328482522e-02 7.686186415943971340e-02 -6.884745706653000452e-02
2.535635696126515432e-02 -1.436182197704106989e-01 -3.444109549147034155e-02 1.133416506992789875e-02 -7.024435958714298801e-03 -1.277315931016338377e-02 -7.525838210990348776e-02 -1.024576088385317774e-02 -3.691839843570299262e-02 -2.037564111132853656e-02 -1.484798952375721362e-02 -3.499183257800070335e-02
2.120941812554406891e-01 -5.573239949279314154e-02 -5.324182414846832800e-02 9.778414662940645985e-02 -2.749589668841616406e-03 -3.146526444043941384e-02 -1.163772546929839943e-03 -3.668245347174335647e-02 1.064111205200190119e-01 -6.543664969388600372e-02 -3.769428695534766255e-02 2.503294385393461247e-02
-7.752553504699573501e-03 -1.644292954890606145e-02 -5.494594924913564788e-04 1.183728898376151251e-01 -3.834748253571063081e-02 -1.700961081402536240e-02 2.767655358598371598e-02 -1.045059735148907848e-01 -1.333718011195547115e-01 -2.264870940781101016e-02 -2.461441196744744604e-03 -4.669699320109874791e-02
-3.534333367289763106e-02 -6.565737054608890289e-02 1.185387895210580633e-01 -1.172457392175550173e-01 5.139559913695544019e-02 -4.326293895638445158e-02 -4.435460055867652268e-02 -1.742850755380560002e-01 1.462706759303830095e-01 2.580429348603367756e-02 1.576616616015073524e-01 2.833096711219476940e-02
-9.598783044914904750e-02 4.529907733142752441e-02 -1.574359872512210434e-01 6.050934438949746169e-02 2.309314351308629221e-02 -3.006458819693330620e-02 -4.157494648225931039e-02 -1.998013792808137068e-02 -7.309544466695364062e-02 -8.423877834872273151e-02 4.559836602307666686e-02 -5.966749043608221559e-02
-1.198883727520108373e-03 -1.469151849594146075e-01 -5.875491082186749120e-02 1.732382502598946855e-02 -7.972899273779557316e-02 -1.283289868821177182e-01 -9.326417985683373157e-02 -1.117544128927536462e-01 -2.793643756957097171e-02 -2.273463050318558915e-02 3.416053366358290377e-02 1.325183125378432969e-01
-6.410458023947795958e-02 3.176088708315822490e-02 1.083299116919156646e-01 7.027131999665373052e-02 1.022069390592895421e-01 -1.921380885813876380e-02 3.668818175544971694e-02 -1.244447921239758698e-01 1.926342033780067270e-02 -2.368192092160441298e-02 -5.257910772614843298e-02 -1.250670576589611172e-01
-1.217853527491285504e-01 -5.823821516604758136e-02 1.652846913442260895e-02 1.085160951818885666e-01 -6.306471504268454376e-02 -8.433231280715638989e-02 -1.284499609852289004e-01 6.279705036248876826e-02 -7.295826487267842442e-02 9.612388736319149585e-02 1.581185002555185459e-01 -1.471377120923556860e-02
3.109422499333558908e-04 -8.150939365308523810e-02 5.229200872521946875e-02 9.023198976968171969e-02 4.070104008248175143e-02 -7.102361363968726429e-03 1.033639192627976711e-01 4.442390580155587687e-02 4.165289861914613090e-02 7.719672874410124508e-02 -2.673742951460639661e-03 -8.704376740699694415e-02
1.163590712228725482e-01 -5.963124719151702280e-02 7.273378949528294148e-03 1.795089081628905084e-02 -4.355971948062865168e-02 8.570401789999493314e-02 1.693489114993757677e-02 -3.017864369662286508e-02 -1.296730574381678158e-01 5.687165938082545252e-02 9.674545789352602398e-02 4.214107422890709526e-02
-5.914997099879894249e-02 1.756834503635446715e-02 -1.840265875399108020e-01 -9.090683157464503339e-02 4.201439687380939536e-02 1.164459636609870286e-01 -2.319666041241876323e-02 4.201839441724561364e-02 1.449317942249319369e-01 1.304633776306757809e-01 -2.327847649595275736e-02 -8.895730666029805223e-03
3.418198101225498192e-02 2.156563635854982508e-01 -1.848103938543920466e-01 -4.897267307924653423e-02 -1.103663327387497672e-01 6.329576865618238846e-02 -1.506282509356241320e-02 2.731826071466827294e-02 -2.709886748369848622e-02 -1.486480487316131915e-01 1.562339196349825723e-02 -5.276878075900821863e-02
-6.183829522606491824e-02 -1.307254885136424627e-01 -6.568528093537127910e-02 7.887990405051675813e-02 1.002572938060501961e-01 -5.989826920611006356e-02 -9.935496172708799256e-02 5.323892140665616168e-02 -2.284278632969169442e-02 3.435011349668502800e-02 -1.205299036316186539e-01 2.921222925998086944e-02
2.965501278536582241e-02 6.953935622545187600e-02 -9.841703710840424280e-02 6.320107256208869206e-02 1.058763912943525842e-01 6.768368789762324589e-02 -4.319742833004230897e-02 9.980958237006753997e-02 2.079093738081285586e-02 -1.050760429729145906e-01 1.953654018990695351e-01 4.200706214417804923e-02
7.946444315715373019e-02 -8.991103524799529123e-02 -3.438987118361826537e-03 -1.664787154926618273e-02 -1.669797618415118923e-01 -4.049475314023125855e-02 -6.905692841293364567e-03 5.153612689562031557e-02 1.328366375367618923e-01 2.170675595514553469e-01 1.163581056166735836e-02 1.720359903013883029e-01
-7.064250233685417935e-02 1.210488672710900160e-01 -4.984728436970368298e-02 -4.983640887482216481e-02 -4.903265556283936677e-02 -1.104244326063242299e-01 -9.555102485642616439e-02 1.014287439758129461e-01 -5.848580908944771284e-02 5.025463643188376670e-03 2.222999430070754512e-02 -5.553579963447766860e-02
-8.925444692003051475e-03 1.434139101290042850e-01 -1.156240672017700422e-01 -1.006136759285095224e-03 -9.582244677312831693e-02 6.613053475263813707e-02 8.864960156121116930e-02 -5.482953201927011355e-02 -6.370365241059815220e-02 9.634080004396607111e-02 -1.490624451142295859e-01 -2.676159032631600376e-02
1.687640260578056328e-02 1.197476065262039532e-03 -1.917220504705966638e-02 -5.902963487556856653e-02 -4.985197873369985946e-03 -2.109243073352582432e-01 -5.129998011179390943e-02 1.253389374516981347e-01 1.107762611927178842e-01 1.062902572923513089e-01 1.634968550909406820e-02 -5.216841015538127568e-02
8.303656198929048118e-03 -7.537309460816563056e-02 1.013485949490150473e-01 1.935134711152982634e-01 9.448354547107468138e-02 4.162568703041678170e-02 -3.442312451535863016e-02 1.467051112622149269e-03 6.096781128079147016e-02 3.793647358292905059e-02 -8.033039416333034866e-02 -1.955075662507477774e-01
-9.267688568235531166e-03 2.044967077684549731e-03 1.064141723140638041e-01 1.050223444936868381e-02 4.416062730052756208e-02 -4.780728027138925890e-02 7.679776579419083163e-03 -2.581660007939336893e-02 1.247040359466940473e-01 -1.509664421493021012e-03 -8.368242110687917901e-02 8.999841998165976353e-02
7.008328413492977138e-02 -2.216097705770334741e-02 2.238376439054489200e-02 -1.861280567884182890e-01 8.852731554794070201e-02 -3.797860088564150582e-02 -9.285064522872266135e-02 1.587827782651736741e-01 -2.979837210395841962e-04 1.124210079244384979e-03 1.917723500969177597e-02 1.558909466380714592e-01
-4.202034121346651108e-02 2.380254709250519823e-02 -1.111000237870685969e-01 1.093076969409506258e-02 -7.634197029633892247e-03 -5.966254136427190380e-02 9.453813243957287504e-02 1.446328585132178879e-01 2.848146079500671335e-02 5.780356143223017856e-02 -3.026926416621589927e-02 1.283659154326142506e-02
-1.446306301107045389e-01 6.616725321989008757e-02 3.783315468602556353e-02 -5.905161374401995955e-02 -4.934723609990092352e-02 7.819968958046266683e-02 4.868679200428827070e-02 2.021805614625330275e-02 1.338733276595137911e-01 1.548256614115836594e-01 -8.093768330955847246e-02 -5.190930346211811153e-02
-2.159494356969524423e-02 -3.735156154887572821e-04 4.537903386132689787e-02 -6.267543558830320112e-03 -2.662154140767987801e-02 5.041508726329430728e-02 3.029668209371489188e-02 2.489408800901584118e-01 1.018962750041120802e-01 -1.191174058521318746e-02 -3.537698713375517223e-02 -1.088835902505495140e-01
9.685551846827481978e-03 6.123157676824314555e-02 3.079382109360684350e-02 3.663448895446567988e-02 1.613473596919779429e-01 -8.610046673714760734e-02 -4.226153244466682862e-02 -6.116955113818681872e-02 8.264348461625520281e-02 -1.413436220870233247e-02 4.117111316281289735e-02 7.931168846394322236e-02
-1.534590455961906408e-01 -3.493890768573316291e-02 3.864650287867059386e-02 -1.054437041484056620e-01 -8.205079025652742622e-03 -1.354093225172110435e-02 -6.413861595035660890e-02 6.337108397719756758e-02 7.257130132772639242e-02 -3.059795962744666156e-02 1.196653602592655657e-01 1.418674449786343494e-01
1.294692656375539576e-02 8.511184233072356664e-02 3.792250692995847994e-02 -3.165652468377036510e-02 -8.332614665131143905e-02 2.470653720656222907e-01 4.516670065059394043e-03 -1.785343044262767409e-01 7.867922950339081151e-03 2.252546720138514508e-02 4.728547305103299181e-02 -1.448862657592056291e-01
-2.504644826078011866e-02 -6.514401820518432584e-02 -1.526715566303185265e-02 -1.104075336471414537e-01 -7.167825246636197467e-02 -1.617628863133035999e-02 -1.415525403213427902e-01 8.356000737661056776e-02 4.857789384576805675e-02 -6.037549237856891515e-02 -6.252298120572671869e-02 1.331283442196606881e-01
9.821599952173382109e-02 -7.585056292676613590e-03 4.871929493806640560e-02 -8.221639663867041925e-02 4.334852741238882229e-02 -1.140556723492401336e-01 6.732362496686369879e-02 2.266734934499567769e-02 -3.777701381637125176e-03 2.965902036867707620e-02 2.622846253182881809e-02 -4.393165794869819535e-02
-3.643412653051395639e-02 -5.171921919203806284e-02 -2.944462315814461856e-02 -4.221912630130639221e-02 -1.695010587198259033e-02 1.406194526256865640e-01 5.636507754505224593e-02 1.399971967135579254e-01 5.056875834563145933e-02 8.409971065509724841e-02 1.240746602449998709e-01 1.260900843335885091e-01
1.864250229061114109e-02 1.029546756988505840e-01 9.014483735639657047e-02 -4.425094218159893178e-02 4.541219387542146796e-03 1.168140129470820743e-01 -1.104548033221387088e-01 1.437744006763874982e-01 1.303406504986067554e-02 4.197894413579811301e-02 -2.313464760075006899e-02 -1.154573392677536205e-02
-1.652606303704309554e-01 -1.096760520366677760e-01 -4.862974225726308247e-02 1.689189781475394780e-02 -4.512026260900459107e-02 9.347270330023069174e-02 -1.236469094484930198e-01 -2.279829807376930473e-02 8.295744249320645414e-02 6.114999075146251850e-02 3.363002656519090139e-02 -6.548180430461366872e-03
-3.554674775291918887e-02 7.951283355865250424e-02 5.204389363770911547e-02 3.730458338047830391e-02 -2.894980834619733517e-02 -1.042375917643632022e-01 7.610123823003432653e-02 7.858884786905798170e-02 1.821429660981060961e-01 -3.472620706677084779e-02 1.053317873994842439e-03 -6.843328593346234556e-02
-1.781719565023336393e-01 6.992793208962452996e-03 -5.018682441552630574e-02 -1.183867315375736473e-01 3.827492670460250950e-04 1.013261549342977519e-01 -4.969874137596273084e-02 -5.763472078621609176e-04 2.199637297404279102e-02 2.189461207658053576e-01 -2.208793421617423827e-02 -1.473395144429041626e-01
-2.584747436894554475e-03 7.345983086794033445e-02 6.659927549464735030e-02 -8.161665861798368671e-02 7.779152682380920114e-02 8.585664145322285945e-02 -7.488889320971454933e-02 -2.177628785991507845e-02 2.373309877191617095e-02 7.925897261882297595e-02 -1.416677198059890785e-01 -2.492212561017498329e-02
-2.222302897971151908e-02 1.416732104808446704e-02 1.259958259527057811e-01 -6.745326034423379524e-02 -3.638287654784637393e-02 1.305236527773305510e-01 -8.057043706424408397e-03 -1.408259573469507198e-01 -1.019599744596930667e-02 1.683954669457812846e-03 -6.372101850369280875e-04 5.360084127658485548e-02
1.173706539461008141e-01 -2.806095550432593025e-02 -1.250611976825126148e-01 -1.002833699034680059e-01 1.008920820673998506e-02 1.059992869092138690e-01 9.813314232337511100e-02 8.273882573582974631e-02 -4.156552082604406811e-02 1.555190509745891722e-02 -5.547817619929649308e-02 8.377024112131916875e-03
-2.165003129609579524e-01 -1.205879258977539809e-01 1.237016637462466651e-01 6.086593709754424542e-02 5.091898956831199252e-02 4.417312411314198300e-02 1.330561358046682303e-02 -1.403027193695419172e-01 -7.157162394066915456e-02 7.634706837427193693e-02 4.029284516069008872e-03 5.733154601023658647e-02
-1.998362663753103577e-02 -2.067748365985400474e-02 4.058741050334680259e-03 3.965639321669296724e-02 1.072603916703762233e-01 -1.270987335658346762e-01 1.513962698986768274e-01 2.285795851127300771e-02 -1.459488123363820167e-01 4.327039871391401282e-02 -1.090630066003542981e-02 5.087045455633282080e-03
1.661354536907586610e-01 -1.300397513252261883e-01 1.866609213602679063e-01 -8.987052820834119660e-02 4.080490960588857574e-02 2.611566189102522764e-02 -1.591460449682436870e-02 -2.136374826092819063e-02 8.820727761951355217e-02 -5.598680686844795425e-03 4.661596244063306860e-02 7.130916840400805534e-02
-1.199975410986096371e-02 1.219363802798676712e-02 1.165314296605385325e-01 7.886411006631259546e-02 -4.014663008005050528e-03 -8.789364927431897456e-02 -2.058537290260781943e-02 5.814298904708279508e-02 9.405677305778875619e-02 1.002466385319030623e-03 1.090454837661706533e-01 5.338766267962544165e-02
1.759949453082236548e-02 -7.080575377731511411e-02 -9.388288739562067678e-03 -9.342497935171485690e-02 1.036736639826219865e-02 2.417429249947823655e-02 -6.386877441007540734e-02 2.115947055367775609e-02 9.186148137813422015e-03 1.785018309197702879e-01 -3.358548410501414894e-02 -1.295642462925430116e-01
3.759055202821689860e-03 4.679536238694207567e-02 5.647875902735143006e-02 -6.167666519444056639e-02 6.083826322479599785e-02 6.045001961537148361e-02 -6.166350697652801111e-02 -7.919090704404135872e-02 -3.798781479651665294e-02 2.504689560294835055e-02 9.059017158990632229e-03 4.297981910878724554e-02
-8.088492281758540015e-02 -3.457821548240380682e-02 -4.132789645840405021e-03 -4.470829180598724639e-02 -1.748314524188072649e-01 -8.811159553223842089e-02 5.947312596891908554e-02 2.386841600122225487e-02 2.031279995608897479e-02 -6.138586582013771942e-02 -1.687683543096412525e-02 1.980780356301353393e-02
-1.414367197662038667e-01 -2.570525072899070007e-02 2.147757913535962987e-02 -5.728250707999572866e-02 2.436726902835745223e-02 1.136762542436176582e-01 -1.482774395357232822e-01 1.718679672729822860e-01 2.517918836961171095e-02 1.677541904370159764e-02 2.395399570617329221e-01 3.879505795620705189e-02
1.906505410465911265e-02 -9.553593779283003906e-02 4.090954065226340766e-03 -3.716030899396322723e-02 6.833102727546414012e-02 -1.099180890595918975e-01 1.075558851848443243e-02 -4.641830041252285183e-02 3.729408883466014957e-02 6.667485542589102199e-02 -6.912053323999191312e-02 1.640362935467012673e-01
2.288832210186667049e-02 4.262818497254121375e-02 5.192363478252676190e-02 1.691094263539009296e-02 -4.174441326962705090e-02 -6.498809568972596651e-02 -9.119938189849143007e-02 -8.129100184309945298e-02 -1.761506992903448254e-01 -4.086393148720019602e-02 -1.498867467044907587e-01 3.317361978452788157e-02
-6.804728619490740815e-02 4.282228329378413856e-02 -3.194229706911526356e-02 1.026790802039997536e-01 5.457371585178828755e-02 -6.621262773841196658e-02 1.689711775921479975e-01 -1.158360095800721745e-01 8.076359514618569602e-02 -2.188160018190262249e-02 -3.335790216004515946e-02 1.898300818609676144e-01
-6.145043475622843920e-02 -1.135769322523730862e-01 -8.622615492471120968e-02 -7.437081862495016626e-02 5.721330328951421129e-02 -1.352358454392921933e-02 8.018395057124598491e-02 -1.148803224356985675e-01 -4.128266830875199772e-02 -5.823579001110368997e-02 -4.621481279919335133e-02 8.637068624582059165e-03
3.485691843268254320e-02 -4.797332189650830442e-02 5.767854114697040790e-02 2.291581189092402673e-02 4.205069053417338082e-02 -9.550423615095095242e-02 -4.226962502524014842e-02 -5.895747717528005555e-02 4.799949155584506966e-02 -6.606042688744540037e-02 6.481382332305983887e-03 -5.988094666221980417e-02
-1.474319926052668379e-02 -3.646270210271215784e-02 -5.918409727908703621e-02 -1.282639109717464143e-01 5.303859271486621729e-02 -1.652904814796899990e-01 -1.155769539504645366e-02 -5.977314079322457174e-02 -1.206647528775272107e-02 4.193318618727229219e-02 -6.864006868390594429e-02 7.060851900161785322e-02
-8.295968032091366462e-02 3.149909980387582270e-02 2.042049527913720672e-02 -7.868880563564095709e-02 2.605735111222066969e-02 -3.506492437338806778e-02 -1.363368119264482536e-01 1.134358977211815181e-02 6.805210995734130297e-02 4.306922651293041554e-02 -1.030186663856067809e-02 5.939898214845759639e-02
-3.354999906831144380e-02 9.367573668043728541e-02 1.331276420261963966e-01 2.095707854783114901e-02 -4.353170727560163461e-02 -2.146112612370414813e-02 1.094456573838399789e-02 2.761013840787016754e-02 1.594996577677540439e-02 -1.494644652465464997e-02 1.846517779946790228e-01 5.797744472980093794e-02
2.275024196285894695e-01 7.923797090594522641e-02 4.167542857478324231e-02 1.022973071464556849e-01 -5.112227035059223323e-02 1.624032232667715903e-01 1.880430085966202161e-02 -8.815412143126478972e-02 8.613218770594323337e-03 1.751184993648405852e-01 -4.831430625624664327e-02 -8.773090590096455088e-02
3.923278359325178821e-02 1.363294498365203167e-01 -8.204189053967211875e-02 -1.041806602744984322e-01 3.403079922697127731e-03 3.173044950699781264e-02 -4.938983631051127587e-02 -8.823977765089993652e-02 8.554594456514580045e-03 -1.694767428138185816e-01 2.570644951735259059e-02 -2.353885104781734405e-01
2.487177912894303344e-02 -3.855374278926045062e-02 -1.361612841957917097e-01 -7.236240462573345633e-02 -1.762402285480212383e-01 8.486149843262322245e-02 -1.004886671274371202e-01 -5.885507038506213734e-02 -4.937864611670401277e-02 -3.560068078489679599e-02 8.172052529117569686e-02 -2.238714104574103525e-02
-3.668398991090950773e-02 -7.708403570447183370e-03 -3.766723443522103365e-02 -1.052584380061287461e-02 8.271315398726439283e-02 8.834454636123457993e-02 -2.396672526389711372e-02 -2.020870736825514102e-02 3.864003059062147416e-02 6.188169959919129909e-02 8.514923985381545046e-02 -3.589873806511826877e-03
7.700707985071943151e-02 1.348183888877783898e-01 -1.150318717031560134e-01 9.498886939074169256e-02 -3.149473209225814307e-02 5.312458035883772800e-02 7.579510758750922228e-02 1.332341844375176665e-01 3.364920832599402594e-04 -9.102761458508046299e-02 -6.733567752252458440e-03 -1.325614004838240323e-01
1.831443085406022075e-01 -1.669702321926317401e-01 1.075702556022033185e-01 -7.775158435409563334e-03 -8.513952582086906085e-02 2.803324397913871738e-02 -3.097348682241125861e-02 1.478067557312685576e-01 -7.802655365352387240e-02 -1.014393446684782110e-02 7.707859819674627022e-02 -5.871251495777703167e-02
-1.586938601315372177e-01 -4.603774310906267458e-02 -2.636701749938299977e-02 2.953808380245299958e-02 6.343335350803064321e-02 -1.531783262293908571e-02 -2.385333297324514559e-02 -2.093172320704887179e-01 -7.371471964944514843e-02 -2.007734138583763817e-02 6.888392919434216388e-03 -1.861500470457171652e-01
-3.529848445894002290e-02 9.024248989305053148e-02 -1.608674300515909941e-02 -1.346299197048299312e-01 3.296801596216281799e-02 4.003831716260765339e-02 7.193867706304027387e-02 -4.859562036420296549e-02 -2.005584467133403499e-03 1.686763208418409488e-01 -5.013652589699358481e-02 -3.182777364624937710e-02
4.826513328407787407e-02 6.015219624879073607e-02 -1.978319733130572966e-01 1.501004133240717853e-01 6.636671536327432008e-02 7.992780723284564903e-02 1.020344040192393623e-02 -1.231842289598436948e-03 -2.690628314588489750e-02 -1.824717771338237732e-02 8.006723634939065526e-02 6.192784329381342823e-02
1.016356920609854525e-01 -1.412682345959523356e-01 3.852408163156209771e-03 -1.125126760958128636e-01 1.450847596496901599e-02 1.766595340581713913e-01 -1.159237066440065855e-01 -6.027272462121359420e-02 3.085656342117625364e-02 -7.862926045604665126e-02 1.761251977191983717e-02 3.223688894102902380e-02
1.301554014461148113e-03 4.079759594883914991e-04 3.094894038524878543e-02 -1.448996448586232361e-02 -7.084292460346265641e-02 1.278213448521161033e-01 -2.846353379550009902e-02 1.342255076084061249e-01 -3.429822087004218839e-02 6.675304132519004063e-02 8.191438008421500494e-02 -1.368378802302441799e-01
