-9.567332835263563373e-01 -2.884054619949919740e+00 -1.149105293451226917e+00 -2.065636484185436217e+00
2.769568314945229037e+00 2.926331120145514664e+00 1.357483438408147558e+00 4.289703488293794109e+00
4.405969139178714578e+00 3.086472735082992358e+00 4.781667153968955475e+00 5.421575135671612422e+00
5.875385940216277803e-01 3.367410094300330226e+00 2.016855308838778171e+00 1.370772191738571344e+00
2.340350403499114940e+00 4.475489201029340336e+00 5.510680772026647078e-01 -2.737501714767232031e-01
2.654854959457910279e+00 3.653047843174810350e+00 2.815506961391508245e+00 -5.214890532021534408e-01
-1.058170985390346264e+00 1.081526517851050112e-01 -2.368987394117544054e-01 8.719458591436296535e-01
-9.892001294815400136e-01 -6.133362366324464077e-01 -9.610923107103173102e-01 -5.555540526875530905e-01
-7.776254022150744794e-01 -2.822821964588919652e+00 -2.598724033176699422e+00 -3.276377151816715294e+00
-1.865602061299943770e+00 -2.833160820240835154e+00 -4.751623582496210529e-01 -1.214806238874841293e+00
3.107680685401524201e+00 3.253243574453426490e+00 3.782533166945427183e+00 1.964987248079051785e+00
3.496346657960580639e+00 3.858034742633114966e+00 2.824754883544849271e+00 3.185117137657867747e+00
3.479839505003103017e+00 1.463147281750075246e+00 1.276180660559945057e+00 2.888547672693769996e+00
1.694183536449434424e+00 2.239600158051439749e+00 2.549033551450984092e+00 3.249737301758406360e+00
-1.273699483492643156e-02 -1.008482542685767286e-02 1.204515453209035192e+00 9.315354863525378004e-01
-1.419087299534943281e+00 -1.043679906591532980e+00 -1.704941555120177421e+00 -3.356404875226301598e+00
4.431979557424494232e+00 3.482980063082886879e+00 3.664137343940456315e+00 3.559467850304026459e+00
-3.054006376063600037e+00 -1.826522538913810667e+00 -1.466271688007904084e+00 -9.814566188148797776e-01
-2.834363170049853053e+00 -7.903125605632073114e-01 -1.824343877851354545e+00 -3.141589621461577941e+00
-1.477640781025409744e+00 -6.739506192998251377e-01 -2.160713705026989118e+00 -3.083852139348482346e+00
1.050305149442299024e+00 4.430460502937836331e-01 9.429499237961060931e-01 1.206512094260944412e+00
-1.544868799891731204e+00 2.000359875754059491e+00 -2.205830511854669496e+00 -5.216168229801245726e-01
-3.084116728997475132e+00 -3.561631843194193348e+00 -3.702883202638546756e+00 -4.398799480806028228e+00
2.879471723643296066e+00 1.832455295096828252e+00 1.964796986265598511e+00 7.160449867738903906e-01
2.108288298039247000e-01 7.480323942968485351e-01 1.255478411516179671e+00 2.405147339081743940e+00
4.055811097008851784e-01 1.986298783777340482e+00 1.275183135057443629e+00 3.098717715544900830e+00
-2.570310739132486866e+00 -2.750629990225576194e+00 -4.306486881710307468e-01 -2.827663351846694262e-01
4.133127871588730073e+00 3.304800660110359889e+00 3.651868720656202605e+00 3.950825641790524312e+00
9.616111864845191537e-01 3.619944249178805862e+00 3.733208587369790665e-01 2.315618180955565819e+00
2.282992288296530781e+00 2.366676384197345495e+00 4.848399994860135287e-01 1.817166593481944536e+00
