1.732362076990169239e-02 -2.579142031822077574e-01 1.564425654096811280e-02 -7.125020590689604694e-01 -1.732509298590822200e-01 1.176882489656355391e-01 -1.661474599099212190e-02 -1.019116386619760978e-01 -3.417054203300632365e-01 2.451393746827393028e-01 2.824797616404552403e-01 -1.168562733995540254e-01
4.415507039961416927e-03 -3.621530355352324815e-01 -2.639160220409181648e-02 -5.608919630801744161e-01 -2.683890283951911870e-01 2.543346174143812366e-01 -9.679862821479612300e-02 -1.117623694344052482e-01 -3.684116184283986462e-01 1.820691577496166558e-01 2.368256545973564942e-01 -2.488454797515918526e-01
1.138151975878978900e-01 -5.556068548924637529e-01 2.581592970066643941e-02 -5.898623650001174612e-01 -3.037559855579047285e-01 2.273620171277007940e-01 -1.787005447117244461e-02 -5.129467921103959133e-02 -3.983423687533826918e-01 2.878005724387408537e-01 5.211782922067009771e-01 -2.673795415130969522e-01
4.057406050739240794e-02 -3.429368025123529229e-01 8.756068577389629348e-02 -6.490379896363499546e-01 -1.633663460732995565e-01 2.526177135570604193e-01 -3.723737331907102377e-02 -6.727743267950657413e-02 -3.949832128623558258e-01 1.363756485153909404e-01 3.663103269849681820e-01 -1.755778105913989029e-01
-1.837420066319559939e-02 -4.300336650840701491e-01 -2.009592305451239277e-02 -7.384305849334503735e-01 -2.712885920312823607e-01 2.564003548715840242e-01 -5.917534390745646244e-02 -8.954982086566228017e-02 -3.996182381749093793e-01 8.041526789244457518e-02 4.121100452608484344e-01 -1.295231455831534484e-01
-7.025482956214774977e-02 -3.564314312679667252e-01 6.544455294754999986e-02 -6.139440184645895693e-01 -3.270682457758095074e-01 2.291549758410442450e-01 -1.319537677691327848e-01 -4.613625035021331339e-02 -3.069047232231613132e-01 3.067521883818610795e-01 2.810259504575062794e-01 -1.906674512423579271e-01
8.413941908283482929e-02 -3.625361249006284758e-01 -2.141365063636279861e-02 -6.172056963701771926e-01 -3.101226227717372441e-01 1.217795332479650050e-01 -1.960545880955365805e-01 1.513055940804119287e-02 -6.502519371983174201e-01 9.038953911027700072e-02 2.784037250002623920e-01 -3.471454056586290582e-01
4.304115138816005243e-02 -3.788111610363176229e-01 -5.693143624908091754e-02 -6.548571411125106989e-01 -2.415215705531827406e-01 3.033881937758792779e-01 -8.834460659244228187e-02 -5.053959843985870309e-02 -4.719050272708773530e-01 2.749012407951247350e-01 3.295277486688736324e-01 -6.191918413497559531e-02
-2.218895171824181514e-02 -3.052164639289823844e-01 6.295917145305250651e-02 -5.802977903186414821e-01 -2.765764654499525133e-01 1.163093231419856655e-01 5.784606851292871388e-02 -6.421536402757387074e-02 -2.778013065456775843e-01 6.099495620998206941e-02 3.465402271168563364e-01 -1.675625021972109996e-01
6.041587239537826032e-02 -4.130174614111539189e-01 -2.453185583669023270e-02 -6.779418647394427344e-01 -3.268594773018483890e-01 2.373776596429604535e-01 1.469841365298645008e-01 -5.410690691371470608e-03 -3.519028656477872774e-01 2.009174754817963093e-01 2.108366390876042495e-01 -6.831689185706675549e-02
1.981201466892539009e-01 -2.586361503229995251e-01 -1.157916022610636225e-01 -5.916936207938515713e-01 -3.900066448981901468e-01 3.424399697345418270e-01 -1.706756601212379432e-01 -1.068942144698982882e-01 -3.606587942707827343e-01 2.843781892529642641e-01 3.919327695214462337e-01 -2.740556554505522158e-01
1.438989199619829587e-02 -2.497530089318996394e-01 6.653730261135681889e-02 -5.459065093939875490e-01 -1.702437893089101262e-01 3.243492501793882044e-01 -1.705845314204266876e-03 -5.823865204300226160e-03 -4.029194805595727180e-01 2.023700106785441266e-01 2.815560086993376676e-01 -2.891959600350125781e-01
1.411935148294300030e-02 -3.789933687117862382e-01 -7.201289954313459807e-02 -5.074062346521160949e-01 -3.383374924255694305e-01 2.554435537630264652e-01 -1.073271910376674132e-01 -7.021826005610119770e-02 -4.478048447614306760e-01 -1.028270780564790980e-02 3.125685873838983109e-01 -2.482522778595089297e-01
-2.321922834035611630e-02 -4.194226857754546067e-01 6.784280045514651247e-02 -5.632037109681174991e-01 -2.151934675105978689e-01 1.710534771150716560e-01 -4.574611291709473893e-02 9.143052321773635638e-02 -4.294393578643613818e-01 2.864964176182514533e-01 1.880004167219800904e-01 -8.041403602858206157e-02
6.479351172286203220e-02 -3.685229299293509841e-01 -5.781374425065555905e-02 -5.452607026084195230e-01 -2.677386496551861783e-01 2.545373866264703522e-01 -7.893820031542339577e-02 -9.133527811071041891e-02 -1.040921561518852456e-01 2.518904189114629100e-01 1.010162532952778996e-01 -1.225955421775383053e-01
7.359327450790516256e-02 -3.711406168718818233e-01 7.357584191509984606e-02 -6.596788456932415334e-01 -3.117859155694294171e-01 3.836561607850255129e-01 -4.732430492553281465e-02 -1.446200310251381793e-02 -4.262706011777543935e-01 2.580489469370269018e-01 2.693035229639161865e-01 -1.587494769866617805e-01
3.923271059060241123e-02 -3.013545087342746065e-01 -7.438840046379487092e-02 -6.359183249728647125e-01 -3.413712985948947898e-01 3.220663177091841467e-01 -5.264059219517570887e-02 2.041772908058237315e-02 -3.413089770860210370e-01 2.185287128239757071e-01 3.720511787610875643e-01 -1.669655980207553070e-01
4.392351646820542160e-02 -4.769003301280302365e-01 -8.964463190934494896e-02 -6.261716343304416510e-01 -3.572532898184703765e-01 9.624805040863393391e-02 7.148520894618365373e-02 -1.512231197534851246e-01 -2.930581934781497644e-01 1.615576928847640426e-01 2.069620190806198967e-01 -1.548953190247613632e-01
3.515988394462948169e-02 -1.066756732576307348e-01 -6.656969191009247389e-02 -5.000342107585029616e-01 -2.943876063745102245e-01 2.592156036094770410e-01 1.437509588434105756e-01 1.130358827243422154e-01 -2.669441979038568724e-01 2.735992354712195596e-01 4.361568198016057551e-01 -1.120115383320539754e-01
4.409476631661090468e-02 -1.972988686835660810e-01 -3.038221638224783156e-03 -6.961553280423070644e-01 -2.476083791680578350e-01 2.014813269637148740e-01 -1.410776701703434777e-01 -8.839746515262385251e-02 -3.518414485397158842e-01 2.163856362751250539e-01 2.779999995837538207e-01 -7.443820400063473619e-02
-8.297750804560054261e-02 -2.986473403031414953e-01 -2.009555907042378797e-01 -5.544991455870135200e-01 -3.063732889219578093e-01 1.413165334863888678e-01 -1.145407542898979614e-01 1.422666629391763221e-02 -3.564765560890681417e-01 4.491174050800149087e-01 2.882977756262891655e-01 7.989222914242952861e-03
1.421394533417750516e-01 -2.614798651637647020e-01 -8.702025132483483250e-02 -5.264199253193666550e-01 -1.387806219199557989e-01 3.070371062172235765e-01 1.023338216674708409e-02 -3.362739095941945800e-03 -2.838985673477199545e-01 2.638696921432787112e-01 2.318582461961701258e-01 -8.155016200550276040e-02
1.312381214203702517e-01 -4.494232367482461354e-01 1.037713956869413673e-01 -7.071559325547477348e-01 -3.185476524847247748e-01 3.565932936638582795e-01 -1.860397432487902875e-02 -1.077175007221296485e-02 -3.961950708561808865e-01 9.805663700450395481e-02 2.404889773950082410e-01 -2.722939563781102690e-01
1.598525595512965414e-01 -2.754113034685146122e-01 -7.651473129918691905e-03 -5.402281432061191158e-01 -1.955359627890732588e-01 2.147579893647671712e-01 -1.877913087363451044e-03 -6.966064113282650905e-02 -1.991826594034854236e-01 1.234505636149814123e-01 1.782320260225767616e-01 -1.213117055672421202e-01
-1.887825426009763496e-01 -5.311276654601649883e-01 -1.311714775233649259e-02 -6.860331987582558577e-01 -1.813419041962218148e-01 3.607860117740966377e-01 -4.924814485883306781e-02 1.688169107962393944e-01 -3.872512352638635136e-01 2.335914278694014856e-01 3.720925851665417006e-01 -2.246430637225148852e-01
1.670389047801432991e-01 -4.645691432323091341e-01 -4.426507115036317636e-02 -5.721615668427346701e-01 -7.685936009804063274e-02 3.601580875846647212e-01 -1.575211843782544502e-02 5.098520181400201766e-03 -3.136492584578354226e-01 1.791570559013025699e-01 1.918944238930532231e-01 -1.718990676789754202e-01
4.536324865364054632e-02 -3.348673896561046304e-01 2.209946007384338759e-03 -6.022298934292026340e-01 -2.090197335997382999e-01 2.445226661168486693e-01 -1.327502216708643934e-01 6.592340343825986264e-04 -3.867948154898620539e-01 2.501381831636164677e-01 3.292238837153647624e-01 -2.296697910429905953e-01
5.580329322665330410e-02 -2.641436734324140723e-01 -2.138830492364441616e-01 -5.358538589998000923e-01 -1.373929718081113305e-01 1.534661152478581647e-01 5.378146162046941459e-02 1.007127306503901448e-02 -2.672800795500746007e-01 2.181519810498026291e-01 4.113101690239747144e-01 -1.783128887773331173e-01
1.990330916163852437e-01 -3.183987214673249522e-01 2.194310248556919501e-03 -6.129965663223562178e-01 -1.893527012659337871e-01 2.091236484635291826e-01 -1.433726156534369245e-01 5.115623279464861367e-02 -5.387319564126519245e-01 1.156674347216666288e-01 2.647671562536410561e-01 -1.447753197927949820e-01
5.126862551919635774e-02 -4.666931092113498769e-01 -5.752501906403962445e-02 -7.493642720087160258e-01 -2.867157970872046269e-01 2.627959659887744159e-01 -3.941334583212230402e-02 -2.646380980239185776e-01 -4.168309528661957586e-01 2.346932639069103377e-01 3.493633464823459600e-01 -2.480718933163511275e-01
-4.449501484852805971e-02 -3.860863169777111192e-01 2.609168958755457221e-02 -7.031200972380512448e-01 -1.905168889782108410e-01 2.319214476276607872e-01 -1.808404558793654145e-03 -4.539105864604558310e-02 -5.139642836592414055e-01 3.218420807747287005e-01 3.317389630414057655e-01 -1.154875164919759584e-01
8.244913246086728320e-02 -3.627583035800332478e-01 -1.131230832299436190e-01 -7.982077289738506165e-01 -3.731343268719012896e-01 1.697791810077652064e-01 -3.899990537356167689e-03 -4.340621035177342352e-02 -4.558767432495427485e-01 1.045042311334017371e-01 1.560807239305928018e-01 4.145932453272740958e-02
1.121813906286820012e-01 -5.169694247203376891e-01 -2.211218927501733267e-01 -6.448559965023564766e-01 -4.792576548006589887e-02 2.315647855526694332e-01 -1.057642982649261432e-01 -1.514586590246141395e-01 -4.810977959215334554e-01 2.640867538112801061e-01 3.559286669794219926e-01 -7.095709376370869237e-02
1.640231075168331609e-01 -5.290233726498916322e-01 -3.002940373418532261e-01 -6.214469256639568728e-01 -3.541941200189622219e-01 2.812300819353381054e-01 -3.200388047941722658e-02 -1.038837664105118769e-01 -3.956623102975409534e-01 2.338760367813103314e-01 1.260036926993600703e-01 -1.513983962257983429e-01
4.438093878997075720e-02 -3.011007702549147597e-02 -1.267617883799959377e-01 -6.326845035224134550e-01 -1.619825315241186781e-01 1.826949686563925368e-01 -1.278512612728434361e-01 -1.976186595711049154e-01 -3.472952263917292726e-01 2.604289263640378604e-01 3.037193660142775697e-01 -2.512097908627869414e-01
-7.500357727665003804e-02 -4.887460973671049480e-01 -2.536397597618550090e-02 -6.289699478523885778e-01 -1.812161904910726540e-01 1.499028173507710726e-01 1.020305088923932346e-01 7.261031411596800822e-02 -3.193668884619978998e-01 3.922633515798688575e-01 1.845426198524401373e-01 -5.134929277120545144e-02
2.683166388333382488e-02 -3.321177049126620151e-01 -1.093413746044751139e-01 -5.937096750551270619e-01 -3.197642079755436684e-01 1.860133383711819743e-01 -6.727542811640141451e-02 5.622343436820449042e-02 -4.529873953201464243e-01 6.726722383359701185e-02 3.348486113889420079e-01 -1.917058762602945887e-01
7.637442518491603660e-02 -4.375176166800653910e-01 -1.685604002492540332e-01 -5.785495430050391352e-01 -1.609537987507438928e-01 2.969376208116408233e-01 -9.250696642673414405e-02 8.244271011648611480e-02 -1.521785874163831820e-01 1.857797613281761684e-01 3.172853677511387471e-01 -1.185214187764867949e-01
1.566877854856117691e-01 -4.094075735887451328e-01 5.387856153962292810e-02 -5.714363383354816861e-01 -1.250175985808015255e-01 1.046098551691085343e-01 1.078207402011587268e-01 -1.733395834500303656e-02 -3.533371143655146263e-01 2.665941334238640104e-01 2.943618195167690410e-01 -1.666058871222076687e-01
1.020691850669466355e-01 -3.806240436009390438e-01 -6.139189747555727494e-02 -5.697488057446021825e-01 -2.620422637231117347e-01 1.910789197925026051e-01 5.933730485739566185e-02 -1.526848050490834385e-01 -4.223424835102216335e-01 1.813230173407198997e-01 2.824029127938352812e-01 -1.011967570490933804e-01
4.596495097220291287e-02 -4.966569324683635100e-01 -9.653423784181010270e-02 -6.864466917931001388e-01 -2.733308644834498424e-01 2.036714258955651113e-01 3.125208124495524459e-02 -6.925326930300725048e-02 -4.542715203969747151e-01 1.973761383531220936e-01 2.352586143402292107e-01 -1.421505095379189954e-01
-9.788603265574374879e-03 -2.420226269933433982e-01 1.131101084692231612e-01 -4.927107053653821400e-01 -3.319111528920795084e-01 4.336187272164699902e-01 2.336216126592911835e-03 1.519710673221092434e-01 -1.773190473298607295e-01 2.263539212941294287e-01 2.879168069353817416e-01 -1.568143622240293078e-01
-2.013585387926486794e-02 -2.918808583659519007e-01 1.834581651220589527e-01 -6.845665793294618551e-01 -8.508260032014186569e-02 2.580522122506896388e-01 6.603646508720845132e-02 3.079373081045030242e-02 -4.641723743564091231e-01 4.479625116731528744e-01 2.663812564483953316e-01 -1.085496366469392709e-01
-5.798844740597742381e-02 -2.841149666757071812e-01 -1.431946851727256831e-01 -6.343691579641689282e-01 -1.560055316406724901e-01 2.722392628696099770e-01 -3.307296551845551047e-02 -5.138970898025229522e-02 -4.572049888197180501e-01 1.052125012552916905e-01 2.396640553203267521e-01 -2.884303711665486825e-01
-1.697100821330846041e-02 -3.228720475441030358e-01 3.873347481399472964e-02 -4.468804870320879918e-01 -2.403766452499833117e-01 2.638807368922132524e-01 9.815042435791074271e-02 -8.622440654163394946e-02 -3.146540854247146246e-01 1.984368481941571061e-01 2.509362633453138813e-01 -2.051024345696968731e-01
-4.927372146891092347e-02 -4.377012034970162446e-01 -8.569390921503212966e-02 -4.588866133831657756e-01 -1.743061367294398978e-01 2.165389866788853535e-01 -6.430608221141559389e-02 1.015190980043267494e-01 -2.892659878155728337e-01 3.631517567133326074e-01 2.974278630839998772e-01 -2.427034898898094706e-01
-1.142061095032803966e-02 -2.984663956870037826e-01 1.768087333298979345e-03 -5.943348352469045581e-01 -3.368859419273986244e-01 2.532828784837274916e-01 -7.693002265572687626e-02 1.263433506646749471e-01 -3.750618063784101341e-01 2.180394233351758693e-01 3.614907330733069801e-01 -1.403491503076140512e-01
8.424862956235400213e-02 -3.615537334889153964e-01 1.974871501870158544e-02 -6.124678466076439731e-01 -2.382692819677773022e-01 2.776102023666653373e-01 -1.891838697909070943e-01 -5.794909651486333108e-02 -4.877579025577872818e-01 1.867958747431654742e-01 3.035260448004324929e-01 -1.897132977962560363e-01
2.849820660191709418e-02 -3.373361491076850571e-01 -1.261740338649113835e-01 -5.311172519292707284e-01 -3.633046861727055044e-01 1.853692055745308764e-01 -9.385151068322142298e-02 -1.406185399268782832e-01 -2.197762251655623611e-01 3.684906285554821470e-01 3.447416894390442077e-01 -1.115167203482867325e-01
-2.366855764493882297e-01 -2.633995675916283030e-01 2.061264041126238122e-01 -7.495028789140333325e-01 -3.772076169726926720e-01 1.471950676582357842e-01 -1.200776463359192192e-01 -3.896191002780956952e-02 -4.756773169701485893e-01 1.353211821928673730e-01 2.860854772473781504e-01 -2.566700841669502520e-01
2.032504607944320141e-01 -3.852874617113020150e-01 -1.127413578583747605e-01 -5.910574697751163065e-01 -2.519465236125504881e-01 2.041260370076573294e-01 -2.406046433673938167e-01 5.716686038420040056e-02 -4.940675555287314946e-01 1.218440015221733952e-01 2.962340509451714676e-01 -1.124204523960173757e-01
8.679163923413520110e-02 -3.925982122068454316e-01 2.693022434120862993e-02 -5.617987414117274758e-01 -3.824408560557216452e-01 2.309723665882535693e-01 -9.167238221687559752e-02 -2.567434595939104003e-02 -1.928075924668079810e-01 8.312318752366643082e-02 3.207580157854498792e-01 -7.407188001326193982e-02
7.908902039377878335e-02 -3.417027958452738545e-01 -2.703458223246121284e-01 -5.173008582881070128e-01 -2.100763393881452390e-01 9.680157893936766622e-02 -7.474724801432652832e-02 1.212148636946819152e-01 -4.034850952401244362e-01 3.081082389009463518e-01 1.676761178718093603e-01 -1.212203660472556538e-01
6.565362709339592207e-03 -2.699833945884215214e-01 -5.602962841830132906e-02 -4.275865541338469966e-01 -3.157224631060693287e-01 2.492584966069233687e-01 -1.308865591692355557e-01 1.581804193589239071e-01 -3.523573228640896060e-01 3.063615954688359566e-01 2.184962398081221058e-01 -1.178903047081458350e-01
5.780480948520034384e-02 -2.169773872364946510e-01 -5.187146207822720956e-03 -4.886509754476823786e-01 -2.062020853402597997e-01 1.545771635321115112e-01 -2.923519136176293276e-02 -1.554484905161763186e-01 -4.822174617119026063e-01 3.912852748579824236e-01 4.151160693860998507e-01 -2.061928394803297093e-01
-1.397665314718558524e-02 -3.831276874140829847e-01 -1.038877995772328061e-01 -6.573101247430378491e-01 -2.509371740341399537e-01 2.215327385974583951e-01 -1.554391845943956796e-01 -1.478332478570584807e-01 -3.709658086713332192e-01 1.561093230194197379e-01 2.123016590782581536e-01 -1.054754192434898125e-01
-1.064101722463618588e-01 -3.078432941950044466e-01 3.624346118863367577e-02 -6.400639414233796343e-01 -4.407266110443286422e-01 3.321531910115792519e-01 -7.207770166945579038e-02 -9.182060228907930333e-02 -4.987970895133372329e-01 3.168356636443979135e-01 2.929973044157181961e-01 -1.279971585947968504e-01
-9.029410868119501499e-02 -4.107304413941845755e-01 -1.547635571667028108e-02 -7.575265102392098049e-01 -1.615360691413844640e-01 1.858248516640624015e-01 -1.714735934580748633e-01 1.808600760468079272e-02 -3.496211551885683999e-01 2.897312276449108270e-01 2.206551616663408599e-01 -1.005225828553289041e-01
1.392914600041249840e-01 -2.036146555645753364e-01 -5.229253046057428383e-02 -5.607859397331319551e-01 -3.304286398306771622e-01 2.545702159249652596e-01 -7.639626860992151935e-02 4.615215985864343923e-02 -3.711897921237203857e-01 2.471072016349471212e-01 2.625617394466813748e-01 -1.064473128856036482e-01
9.345212913307339442e-02 -3.101197370948760579e-01 -2.084919378918003441e-01 -5.320307966628134988e-01 -4.074080479566515312e-01 3.030655388388207028e-01 -1.365681913223953242e-02 -6.844592883616236467e-02 -2.816227842442581841e-01 2.130619655588269767e-01 2.450896511984008708e-01 -2.448980614661247779e-01
1.031194238690066739e-01 -4.183582228368640799e-01 -2.300631180104450654e-02 -6.724461592026890200e-01 -3.517402817418927574e-01 2.897291562839109935e-01 -1.395229252747384463e-01 1.175753182929805546e-01 -2.036669131368236407e-01 2.509217154623790691e-01 2.760879649040612338e-01 -2.157320775994514273e-01
7.974249924804525935e-02 -3.503750118666872915e-01 1.007409724076659650e-02 -6.029800796452136069e-01 -3.280363971050994643e-01 3.774866171814944549e-01 6.559566420452610409e-03 -1.300573310085163456e-02 -5.217157333991185864e-01 2.295612820122608089e-01 2.475185765267033933e-01 -1.468582619491897445e-01
-8.606029908705280229e-02 -1.883402658876781877e-01 -1.019862148478367508e-01 -3.685896140569855928e-01 -1.365223195976353610e-01 2.073995546233421139e-01 -1.754834183739309716e-01 -2.423717409487316510e-01 -3.710038571710354560e-01 2.368780507088185869e-02 2.130410197253782001e-01 -3.133173331797654004e-01
5.699336408144222571e-03 -3.393135910703634073e-01 -2.852100094822239071e-02 -6.795874245938705593e-01 -2.252692540024550660e-01 2.136260244319579671e-01 5.799071588876048011e-02 1.429391624832851426e-01 -3.141245468952361675e-01 2.170883258381827441e-01 2.971897073147926061e-01 -7.588275043011320428e-03
3.569936613366293116e-02 -2.953787861422997318e-01 -8.292877283640094632e-02 -5.138228740347575707e-01 -2.510433487305874789e-01 2.383956063633659028e-01 -1.580098773257687383e-01 -1.078354463436305560e-01 -3.807999558179268051e-01 3.382801118336756230e-01 2.921075049340888241e-01 -1.012320066034783778e-01
3.825469070019405643e-02 -3.399111257356156601e-01 -1.180530874890264002e-02 -6.177489910455774558e-01 -1.615791358004114719e-01 2.544909108036920720e-01 9.616460371116944969e-04 1.403374781509831304e-01 -5.337851042302147464e-01 3.056571831419452878e-01 3.584561868247237437e-01 -1.154591525146551750e-01
1.145666367082767839e-01 -3.499007328464220912e-01 -7.954344855551558069e-02 -6.096761656097056115e-01 -2.226429167466281167e-01 3.447967546336064837e-01 -6.664464905209827039e-02 -6.620600303050024060e-02 -5.821389672142628369e-01 2.526482656724005627e-01 3.228282271089166211e-01 -1.638457000653311402e-01
2.193894448332947208e-02 -3.883915578786923950e-01 2.202775091074332323e-02 -5.444408250456750364e-01 -2.639869702276816388e-01 2.357948009023879410e-01 4.239758197913784388e-02 3.728809823597171308e-02 -3.747706626215472347e-01 2.858808252044914844e-01 2.939954006965349032e-01 -2.585388135809534305e-01
-4.882151733605498770e-03 -3.377413620823250806e-01 -3.389578459166704000e-02 -5.313537399055081600e-01 -1.425171321699026661e-01 1.710187837207723660e-01 1.347058624254915682e-01 5.917154486800247498e-02 -4.568146500858228931e-01 1.626106644224556697e-01 3.501071890407946863e-01 -8.262870702991427507e-02
3.799166679171956523e-02 -1.881059088677955737e-01 -2.525945086855839739e-01 -7.418240253683466845e-01 -2.454646459630772104e-01 2.788041292550650918e-01 -1.798851478050226410e-02 -7.991124240555803893e-02 -4.522786700381744573e-01 3.179292956679467541e-01 2.784620553070165649e-01 -2.570583673264315028e-01
2.998248839502924354e-02 -3.579387109462038863e-01 -2.304712739558861453e-02 -5.646920374889492500e-01 -2.550206999431151589e-01 1.180690100579257773e-01 -1.148945875825739260e-01 -1.069993318076229855e-01 -3.979002798445590017e-01 2.574845089797281883e-01 3.047666987999230748e-01 -1.618908126564219951e-01
1.464172166723572699e-01 -3.624616990457559806e-01 -4.398885501583033736e-02 -5.755690146552220332e-01 -2.199839889394489267e-01 2.555247222234414139e-01 -1.161942135497185946e-01 -8.216536388633444848e-03 -3.204582826716628197e-01 1.434954581692955700e-01 2.682709976131770202e-01 -3.354827225942630387e-01
1.265099799396099053e-02 -4.278502190611412903e-01 -5.610769248855339980e-02 -4.282797773065520341e-01 -6.269257627149522893e-02 2.720079876219440584e-01 -9.125153285421885863e-02 -7.496166083366069544e-02 -4.556255544556213621e-01 3.791940005182347639e-01 3.042152384109415020e-01 -2.657311662020732379e-02
-1.003756439530602146e-01 -4.161926190145018856e-01 -1.795451399589000074e-01 -6.102051085310905565e-01 -2.005284980944128659e-01 2.710425917455694736e-02 -2.792767990484087415e-01 -1.597023371075095288e-01 -4.976476482417904190e-01 7.912457049701812628e-02 2.922038052458965640e-01 -1.702093088333052340e-01
-2.282349873203860704e-03 -3.304534016938504015e-01 3.470612604943783524e-03 -7.250276662775448910e-01 -1.844934560213406516e-01 3.422156712815265234e-01 -1.913638522116077045e-01 -1.846905669424993984e-02 -4.673517381429409534e-01 2.470255833468159301e-01 2.351540423166278426e-01 -1.588693549599975718e-01
1.325284336980456501e-01 -3.015433204718597215e-01 -5.230824342257928833e-02 -5.142702407510719720e-01 -2.626788384119951858e-01 1.597293469985394399e-01 -8.398996700516150882e-02 8.605235566692580329e-02 -3.688761024352990026e-01 1.105699444217047300e-01 3.205987350044960382e-01 -1.954390231963435143e-01
1.210513602915916503e-01 -2.767701844926213628e-01 -1.918256769592926736e-01 -6.151845052333687613e-01 -1.637545747636491023e-01 3.604434636465250197e-01 -3.215439122892893575e-02 8.452789815893226033e-02 -5.073293165012248140e-01 1.674043278169494442e-01 2.946320877022778340e-01 -1.734872484359574474e-01
-8.766466283225156364e-02 -3.040957202892958788e-01 -1.613318836274283130e-01 -5.207184841059611102e-01 -1.252924332724532075e-01 2.832454039041092386e-01 9.382520255310097812e-02 1.209585252379978965e-01 -5.087568166542660864e-01 1.781151492786533785e-01 2.478123316414836963e-01 -1.341056861850184190e-01
6.123488791513006374e-02 -4.038461359579997856e-01 5.633606411188380597e-02 -7.906757748180083256e-01 -3.138309580465031279e-01 1.223583948128925680e-01 2.997503221020674652e-02 6.141492525379919215e-02 -4.049731175201548572e-01 2.977500540648010952e-01 4.412293988742003736e-01 -1.557186150522932022e-01
-6.681053022145939935e-02 -5.564916581587575628e-01 7.754746838380684182e-02 -5.199932330498108213e-01 -2.165392791079919221e-01 1.518038964447296080e-01 1.353506668977088878e-01 6.578038976755680445e-02 -5.397829883664436723e-01 1.260223999718471100e-01 3.412155398377975657e-01 -2.007981928373087921e-01
4.423644554222628394e-02 -3.882780655146874649e-01 -4.268456173768008649e-02 -4.766562405821651027e-01 -3.070443775905309369e-01 2.689853037497462740e-01 1.184817131802765877e-01 1.692848808319609086e-02 -3.784230453506028935e-01 3.367464767980857254e-01 4.275795947724834734e-01 -1.119504626108418083e-01
-7.045758615125474050e-03 -3.423109026819751710e-01 -2.948923125122436817e-01 -6.792203006425866496e-01 -3.212817639606977416e-01 2.952175101395260182e-01 -3.199577515355907578e-03 -2.032544008405551828e-01 -3.588462118546089652e-01 1.847781961929935435e-01 1.314566240000222264e-01 -8.188834444401739410e-02
7.989577831400627994e-02 -4.468881676473237530e-01 -6.029423601685304779e-02 -5.912580580392849949e-01 -3.221049628701306844e-01 3.879836386776283064e-01 -1.556665316031770330e-01 5.636073374948166043e-02 -4.907823236389307064e-01 1.994654404617449417e-01 4.804299349101203709e-01 -1.460891242693877212e-01
2.765944460576711394e-01 -5.091721580259124247e-01 -2.140136760831092000e-01 -4.730926165291706176e-01 -1.637442844619927396e-01 3.856485848095423524e-02 -2.712156188532035411e-02 4.770250856278056978e-02 -4.309542364111949020e-01 4.372680401874385475e-02 3.294469222015396492e-01 -2.449141223243462562e-01
3.361501212988559084e-01 -2.813242835238072281e-01 1.371755955760342316e-01 -4.559227395388953386e-01 -2.169815730610866744e-01 3.179231231527614859e-02 -3.285928414964556232e-01 1.850219877169507199e-01 -3.617167093874172901e-01 -2.812280486007586247e-02 2.393264477763681897e-01 -1.820297761634676326e-01
1.582610893662521941e-03 -1.089081615304050149e-01 2.171554249900541633e-01 -5.184501177592713006e-01 -1.591926660361277501e-01 2.725628028040884554e-01 -2.344574967301409074e-01 -2.837037394323453920e-01 -4.813551146348186149e-01 5.134555644448764999e-01 3.341683895461846077e-01 -1.877244298324242389e-01
2.133938258244444663e-01 -4.431601228594943542e-01 -1.868213789697272323e-02 -4.872533682384949105e-01 -3.057490901677478168e-01 1.156793515198369926e-01 -1.480878873918769767e-01 1.031080361291996789e-01 -4.143793643090099010e-01 1.776176322048646783e-01 2.638306139560292474e-01 -3.166841724841239214e-03
4.314555264097940865e-03 3.845156213961487685e-02 1.721538900719755405e-01 -5.694083989635602139e-01 -3.217314683812488862e-01 3.276391763517783051e-01 -2.888195631625658510e-01 -1.667177382223072879e-01 -3.251725362766478833e-01 2.932598432213230910e-01 1.849882878758162263e-01 2.314512903293848047e-03
7.467237612982828565e-02 -5.119117303994386026e-01 1.812651781538551499e-01 -7.563838117685920404e-01 -2.157843933155480509e-01 2.983295955765379315e-01 -2.317555279340590968e-01 -7.044644162926171072e-02 -3.970818377143777722e-01 2.540691032537636951e-01 2.249205077596451163e-01 -1.671473726294101236e-01
1.644813635891192727e-01 -3.835892614701719161e-01 -1.099045801295912422e-01 -5.198468673247971239e-01 -3.587855247970672679e-01 1.337781503878091305e-01 -9.529808618025401024e-02 -8.808355472004113229e-02 -2.900781508204457459e-01 2.513695727910133515e-01 3.177538303376167828e-01 -2.226044565048045654e-01
8.777994963098804948e-02 -3.748555804895392640e-01 -6.699200314200903783e-03 -6.535337228100320806e-01 -1.696601531385239225e-01 2.348037762195826772e-01 -2.433461870203578459e-01 3.775340412242853688e-02 -3.175845411033894616e-01 1.755347618283330802e-01 2.464371950754820073e-01 -3.243558491430489354e-01
1.262353641437392593e-01 -3.035467427136857577e-01 1.064501442795397629e-01 -3.460534230484692553e-01 -3.798669668728653637e-01 2.368470807583643312e-01 -9.143130957533274206e-02 -1.949907538995176298e-02 -4.313209923914008703e-01 2.496605804486581870e-01 3.607583826466176924e-01 -1.028027862318531133e-01
1.017558233562050191e-01 -5.874835078594670135e-01 -2.849700619201461782e-01 -9.440193267750206507e-01 -1.570751719126301515e-01 2.897477923776349829e-01 8.881634431120660755e-02 -3.153487142027354695e-01 -9.667016645988774082e-01 3.243876761688087584e-01 6.492153438221962558e-01 -2.106851310898911478e-01
-3.044842033938402470e-01 4.485405380753135773e-01 5.591394324386198683e-02 6.779700171527758279e-01 2.364636696936570914e-01 -1.459557162109143547e-01 7.940999677602408879e-02 5.963866587207156122e-02 4.049673945322129764e-01 -8.928251434270416398e-02 -3.037351812296216202e-01 2.835518091623848713e-01
