5.159631924434611161e-01 1.857439060918415263e+00 1.002533032454199502e-01 2.796019238523993700e+00
9.988630188231609752e-01 1.969898872179542071e+00 1.474098569552140692e+00 6.801592305929613502e-01
8.534382673221720950e-01 7.340664768422410225e-01 1.067986255998621958e+00 -4.571565610841071825e-02
-1.176353306859570846e+00 -2.869636791289094546e+00 -1.502159318804646260e+00 -1.704281495993308582e+00
4.018309810211376787e-01 1.589049957489081732e+00 -1.845926382982732150e-01 -2.309871905237703416e-01
-6.318555169661489446e-01 6.175932488807897025e-01 8.532357146978186702e-01 4.946172986037006836e-01
2.048355127937684095e-01 7.419801576362575757e-01 1.233534073940741660e+00 8.464853963616069121e-01
6.164394825547196977e-01 -2.242683839962613668e-01 1.192898884086536215e+00 2.177083862424079364e+00
7.106555227851043544e-01 9.825890393376134346e-01 -2.207118932942236933e-01 -1.282978036150839163e+00
1.085227590307251272e-01 5.196842068589383468e-01 -1.355828587791332751e+00 2.072066760538544827e-01
-3.763871664175417187e-01 3.716335950803814070e-01 7.922168353249855466e-01 7.364439490544357758e-01
1.082937739024014023e+00 8.438213940414466263e-01 -4.500841218835818780e-01 1.786061113649943577e+00
4.094352079696513269e-01 -4.471412620678935079e-01 -1.590165855866562394e-01 -1.735232530038994248e-01
-1.453905236559251080e+00 1.169700442507561222e+00 -5.761008670650306085e-01 1.175477879766752665e+00
4.455478374662880658e-01 5.968842421069714410e-01 9.605785512566883400e-01 1.385257874205714446e+00
8.577364720903747353e-01 -6.365755280733460530e-01 -8.266871112215002926e-01 -8.507091530141759339e-01
-1.316578498744354953e+00 -8.866386038996699748e-01 -1.067892289945503226e+00 -1.343631005106485476e+00
-5.484488379942473735e-01 -1.359716464200190655e+00 -1.293513746662511066e+00 -2.071685604494279520e+00
-7.444834030057102536e-01 1.144896949120112861e+00 1.195802907446833929e+00 1.412047668071715112e+00
1.464658252712198294e+00 -7.744492984713313710e-01 4.509707332946502056e-01 -4.961982425764631111e-01
-6.633223571622206549e-01 -7.022356098944239067e-01 -2.728607729796214687e-01 -7.412707257778274883e-01
-6.701411418355668337e-01 -9.135887593846896138e-02 -1.068411081679168317e+00 -6.214948469408446696e-01
-7.882524923812113116e-01 2.154878970365222912e+00 7.934692824178528614e-01 5.702815084930118461e-01
-8.774537054119100343e-01 6.389279020523928043e-01 5.722781236267310279e-01 7.753254305781276390e-01
-1.558670348344641798e-01 -9.783974665203004628e-01 -7.783121342298936485e-01 -7.030847320255619870e-01
1.634772445151184250e+00 1.131356895227092929e+00 7.032608185028358383e-01 1.329258128514406501e+00
3.532615700957305593e-01 1.039343635020133716e+00 -1.267458134304056738e+00 -3.678939823960685196e-01
-7.546581592682046757e-01 -9.999386020298471900e-01 -1.146268145823871931e+00 -1.122929571082332156e+00
-6.846519486287017120e-01 1.764593284212164548e+00 2.173836447436455210e-01 -1.293221577053470739e+00
-1.086965609266592914e+00 -1.664616991833106630e+00 -1.263125362317961464e+00 -2.067840153103706946e+00
