-3.169289353038982626e-01 1.097940409756384739e+00 8.284398091376808937e-01 6.380419930539450446e-01 -1.951976588689559311e-02 1.247463798077734498e-01 -8.558056081876540266e-02 2.923568200484213953e-01 -1.819212171770604458e-01 -9.590282826148921469e-01 4.442445969172177378e-01 -1.643985452642649989e-02
1.201790822187606342e-02 -5.795163366654415560e-01 -2.833038153673250181e-01 -4.270979980410618410e-02 -1.938965047526547136e-01 -1.383375563142137388e-01 5.937129369065210355e-02 5.524441910942344824e-01 -2.641049958028873212e-01 -3.578976407860729458e-01 -3.540797256449008668e-01 -4.802979005048784722e-01
1.568125121852531889e-01 8.469568477569708320e-02 -1.466304399076536202e-01 -1.338905414642714176e+00 -1.048741806834789569e+00 5.223222105131634097e-01 1.484989865782436642e-02 2.712286255606230836e-02 1.246564022441503522e-01 1.170017016275445437e-01 -5.945204401341366851e-02 1.238128171608300632e-01
4.805264713184035918e-01 -4.593007598826562288e-02 -1.380256334279716945e-01 -5.389173007855418279e-02 -9.478422857810145929e-01 8.081870177995374993e-01 2.866047368637167359e-01 -1.089601140191504280e-01 9.061313597047526702e-01 -2.949999119871412057e-01 -3.093355814720257779e-01 3.701730763633416799e-01
-2.892546038359801175e-01 7.104449516131240427e-01 -2.643456990585627553e-01 1.166129492682734838e-02 -1.807277855403264799e-01 -2.805990915768571403e-01 2.909840739257047448e-01 -1.764554582524586190e-01 1.156144754560457649e-01 -1.215176975074605814e-01 7.163151436610012447e-03 2.716296710194877617e-01
-7.569222465654111831e-01 -1.552381455294711832e-01 4.015563705558005125e-01 -3.940306387395667298e-01 -7.575909625315460083e-01 2.319018348999768719e-01 -7.759213474969605118e-01 7.328007565302158133e-02 -2.759934818523035460e-01 5.217939106594892129e-01 -4.605047564504334834e-01 3.344482406228190818e-01
-7.509833605664635314e-01 -6.209158040756769248e-01 1.108183908701469322e+00 6.349280951043938526e-01 -3.460858210850162320e-01 1.137208105908877886e-01 -1.245001935608997107e-01 4.381776978181410875e-01 -2.252641977321085398e-01 -1.351830169757123612e-01 -6.038572276898495073e-01 -2.292811704141982099e-01
6.803690247557157011e-01 6.666936098860878346e-01 4.662368782085555829e-01 -2.894470882652713239e-01 8.468971333097743415e-01 -1.597943765866224608e-01 -5.138184103429568328e-01 -7.824349480730531659e-02 -6.334268880120469403e-01 -3.611367837854735918e-01 5.588330623139726727e-01 4.956764297505882738e-02
1.126333687686241092e+00 -4.461468362678469579e-01 -8.714443418527478835e-02 -8.290882976527260695e-01 3.446681039838436211e-01 -4.051841314985546449e-01 -7.864416588592225699e-01 -2.259156653170020235e-01 -4.171506070764496310e-01 6.704899014100738075e-01 1.125534736122523416e+00 1.405213065391784921e-01
7.668292614785583439e-01 1.934501317525534336e-01 -5.489485574827479564e-01 4.476812914751904793e-01 3.994197402190635682e-01 -3.069958284618651279e-01 -3.610721203585112726e-02 -2.136345628549034259e-01 -2.618230768537074260e-01 -1.303129334723133470e-01 3.749758768712083135e-01 2.040625259798913849e-01
-4.278490490394328827e-01 -5.248090007032306659e-01 -3.749465925946088296e-02 8.247861895507209162e-01 9.676200999153424312e-03 2.487769801663126945e-01 2.835826244336597801e-01 -9.753006301248334786e-01 4.851156791874593893e-02 1.786429843957734742e-01 -8.964807562945277253e-01 1.371906061541414978e-01
-8.748457222446101023e-01 5.888485718529056293e-03 1.033739174961979951e-01 3.169404555928105882e-01 -3.389689616810436790e-01 3.781991149300001354e-01 9.867843502821262158e-02 -6.086140586957556886e-01 -9.727909266410475486e-02 -2.031135066440792891e-01 -5.560707264223253565e-01 -4.766983842955325318e-02
-1.545221627525847352e-01 4.667089625247419077e-03 -3.907513320143835567e-01 -6.305699283478535255e-01 -4.522973194945402731e-01 3.941565546431681222e-01 9.419997512948591334e-02 -1.821010086287630503e-01 1.352037964677018922e-01 3.902352164636271881e-01 -1.243199671823441044e+00 9.125620714071233097e-01
4.519745915912604661e-01 1.061736520619217666e-01 -2.595860613866652344e-01 -1.995404170854815085e-01 -1.109661375287317009e+00 8.764056186465422060e-01 6.173757595049104152e-01 -4.382356390673428082e-01 7.366987634078825398e-01 -1.009326464622118252e-01 -3.378969228621953591e-01 7.183247896396167675e-01
3.536435874559547554e-01 5.332317906982448896e-01 -9.401184337630342780e-01 2.263460582354222261e-01 2.007709870139654795e-01 -3.261095571591615117e-01 2.896322984135671352e-01 2.686107307716297798e-01 1.779704656833947241e-01 -9.810395883823520846e-02 1.320829067787608335e-01 -9.526055446646813918e-02
-7.554784907188274445e-01 -4.678850644041157580e-01 1.224395512197783864e+00 2.705333706542683569e-01 -7.170972854666537999e-02 6.312664946275010625e-01 -6.029969375975504642e-01 -2.547530447313884477e-02 -2.824690217207950216e-01 2.251523459699737717e-01 -2.135983474784373601e-02 -2.395452826798847024e-01
-2.899681503972044716e-01 1.121532103179713413e+00 3.005565460589720850e-01 5.712439678949779789e-03 2.334104160914307891e-01 -1.252553883416351044e-01 1.136986393582576221e-01 -6.253353208181046119e-01 -2.840252467439715600e-01 -1.571079241490601630e-01 -4.353949627706338310e-02 1.507659107080707162e-01
2.089574142648317756e-01 -3.726646971735999569e-01 -5.796738702377968178e-01 -1.429098716272368952e-01 1.087353720962703774e+00 -1.029151329975395379e+00 1.864149026416655475e-01 8.565390052256596221e-01 -1.226263027856162036e-01 -3.047089338465360786e-01 -2.869264957170097885e-01 -6.016534070497021602e-01
-9.358360281512303480e-01 3.632542780219882306e-01 4.139141482770202218e-01 9.874109374905005732e-01 6.187263082179011303e-02 -3.253525086842269654e-02 2.609980900928750569e-01 2.719005961942407845e-01 1.045381492402603085e-01 -8.174618260762047672e-01 -6.148177930811422609e-01 -1.639843937087550885e-01
-8.954667234523612518e-02 -5.545158750390798419e-01 -8.821908615481295346e-01 -1.030612392740157118e-01 -3.208462731496804915e-02 5.164558050133724043e-01 1.017714590436211014e-01 1.390569367385223742e-01 1.098489945319985339e-01 -3.634671353604137511e-01 -4.628409255269611555e-01 -3.320958680294842646e-01
-3.417093012317768963e-01 -5.975683113186580631e-01 -3.854519886756330727e-01 1.325049711305240074e-01 -6.483669372538796161e-01 2.276287382037175400e-01 4.169792958408330974e-01 6.169472459946285549e-03 2.229511060077802032e-01 4.491326354066819682e-01 -4.092500700938318525e-01 -1.829116923763848268e-01
-8.549054353048062271e-01 -3.317272437525308759e-01 7.284441333832629706e-01 -1.667214717021407167e-01 -5.696851695984631592e-01 3.021693266380889864e-01 -3.621558729849612135e-01 -7.722121217520529213e-02 -9.530932813147847960e-02 7.703249088965914704e-02 3.109732257121893273e-01 -4.715724317987104452e-01
-9.489554233523999072e-01 -7.174867208051562972e-01 5.538827151803611404e-01 2.636782033258949776e-01 -3.045498536643045928e-01 2.112758261065553478e-01 -2.439389386046779407e-01 6.822535748123176313e-01 -2.333189263762412147e-01 3.059926698969095971e-01 -2.819191692222919876e-01 -3.891895934539538193e-01
-1.170135352376834026e-01 -7.047556822621136030e-01 -5.723663355843198186e-01 5.847916057353194086e-01 -1.918887388176832298e-01 -4.543093762844027106e-01 4.290273535796780280e-01 1.119483111929148178e+00 -1.474522913700885944e-02 -1.756142061595686310e-01 1.268555591641791214e-01 -6.137939917669443801e-01
4.766311122438303127e-01 3.516832941598145301e-01 -1.490188794671480910e-01 4.992839886068196620e-01 7.651808200113145719e-02 -3.810399553257257654e-01 6.828684313044092180e-01 2.195356507639054933e-01 2.940648293278783632e-01 -7.622509832855649536e-01 -2.599372847038021739e-01 1.428239421063135506e-01
-4.568707308480583484e-01 -3.510605818312446946e-02 5.291772244264075775e-01 8.216238892611448241e-01 4.324774326234608335e-01 -2.346183683570471634e-01 -8.634612660452342658e-02 1.102261405078243939e-01 -2.494074470085063389e-01 -1.278457779967828722e-01 -3.548599814738358314e-03 -6.493689309140765475e-02
6.951839953695835295e-01 5.449881449754718013e-03 -2.749296617545244348e-01 -1.510020976706405449e-01 9.048428942600035274e-01 -2.477041974789827017e-01 -2.731860702462415857e-01 -1.253808621218021335e-01 1.940779317196120179e-02 5.845517092091611494e-02 1.226059213149666323e-02 4.560007988111870053e-02
2.176205922541544768e-01 2.968302773221498381e-01 9.820843836083317235e-01 -5.342617659612426406e-01 -3.976131869000316121e-01 6.632560028384669737e-01 1.937513229367147649e-01 -8.887096092237413147e-01 3.219423791997035322e-01 2.881368811436720856e-01 -1.669723757327965519e-01 5.861209066679187174e-01
-1.112016494282681789e+00 -2.430446873267431973e-01 -4.691931002719840205e-01 -6.197591275211285916e-02 -1.573281852807360881e+00 1.493347664680238385e+00 -3.789317704448811330e-01 -5.419396628385760861e-01 2.652376255741413225e-01 2.138283688158266194e-01 -1.385592864276557368e+00 2.286999575048204864e-03
2.904095928096130375e-01 4.165779231567876550e-01 1.149460572669868813e-01 8.564602454108931340e-02 -6.371809237719608943e-01 1.202127847568045915e+00 3.208901551225544768e-01 1.168102426094724672e-01 9.970502864545411903e-01 -6.455685197944633913e-01 3.264914140079633320e-01 2.597709750577475440e-01
-7.607145254438015813e-01 -1.735511456633696548e-01 3.160426393422574032e-01 -4.690817896587909375e-01 -3.015682411829405107e-01 2.892334488554552663e-01 -3.871989732218293345e-01 -4.991280984707163748e-01 2.903951233834388690e-01 3.105896767201610231e-01 -1.381747592989067130e-01 4.322178659894639341e-01
