1.269737270676233321e-01 -1.724577193584980184e-01 1.050211936254204781e-01 -2.998638518773429767e-02 -8.972073707122911468e-02 1.246671083070001462e-01 1.196944590616731696e-01 -1.311333284510569214e-02 1.044902996176017285e-01 8.883066581547298390e-03 1.398943191450780291e-02 1.244539951487390328e-01
6.371739225386524597e-02 -3.768483346912109289e-01 1.341877541206841218e-01 8.123249274081012147e-03 -1.683840797973392145e-01 -1.034568072908315095e-02 1.265196891554611069e-01 -1.129530120187930836e-01 1.257977937549481506e-01 1.432068988084045091e-01 1.766153988624976634e-01 -1.088383951311671649e-01
3.773461022069943965e-02 -2.091780480962113775e-01 7.315952073240888920e-02 -8.165671430633371364e-02 -6.777941580831887969e-02 -4.005045669885262671e-02 7.411762363243698526e-02 -4.951927337872171625e-02 2.520489748146956602e-02 -2.512215004076564714e-02 -3.371956294413422373e-02 -1.296176045834601109e-01
-1.930734627219133498e-02 -1.676140310529361521e-01 -1.914605192856053129e-02 6.625347030447474583e-02 -1.577947674112243348e-01 8.602454005066324794e-03 -4.954800154705154419e-02 -2.072600762389573137e-01 -6.925467398877824254e-03 -5.922327113908684715e-02 7.658130208866537059e-02 -1.057124433933410643e-02
4.291288834456988624e-03 -1.967397638128072224e-01 -2.643281315539428716e-02 4.379485871140137432e-02 -3.371221304680718095e-02 3.773656659095114829e-02 6.348888258296689346e-02 -6.648181286201813867e-02 -1.042639505806730593e-01 5.459413773601044795e-02 -1.157539467640505623e-02 1.134614175027204575e-01
9.115468603266516090e-02 -2.604194901090349790e-01 8.488635800157998124e-02 -1.073188058235570314e-01 -6.106649815907776863e-02 -1.646036394504681033e-02 2.075288545941487983e-02 -9.411484252312905807e-02 3.102162936167872018e-02 -5.921257993243039808e-02 2.752986998002205851e-02 -1.332745147893550364e-01
2.596228909494360804e-02 -2.393062117074065132e-01 1.126529355643098307e-01 -6.549470874624596650e-02 -3.036967444782417980e-01 1.289500801454923073e-01 -2.386365911623473859e-03 -8.761206716014850737e-02 1.387081443121167268e-02 4.345730619014354437e-03 4.774355493346985058e-02 -5.528265032883018099e-02
1.876328475286018205e-01 -3.582389071461119512e-01 1.255309823568894756e-01 -1.321591800454440524e-01 -1.206892489370997995e-01 -5.662877498252077979e-02 5.895619245353639695e-03 1.268367070566180921e-01 7.432261103486261997e-03 -7.826559692173482019e-02 2.124315033299490826e-02 -6.924364486235673466e-02
1.024447652633972694e-01 -7.192310907048153623e-02 8.352122158003408292e-02 7.861132031965938072e-02 -2.115035832641610769e-01 7.006349353621196818e-02 -2.077255473603693142e-02 -3.559059267815057465e-02 3.466543108757110664e-02 -5.212803278349463498e-03 8.072378177097860874e-02 -1.624159540965107451e-02
1.027077050986038576e-01 -1.915915016925124337e-01 1.033321830896734572e-01 -1.862078150047570546e-02 -1.333294580502262239e-01 1.479822288355578941e-01 -4.276832239173123523e-03 -8.268553321072850959e-02 2.175930521037989021e-02 1.464956538240291470e-02 1.640748576044762652e-01 -1.775863404513367549e-01
-8.202757857039897141e-03 -3.359973772089607236e-01 6.021577723897572620e-02 -8.073209328441365018e-02 -6.969127101301654525e-02 -1.140191298440683745e-02 6.667645476337558108e-02 -1.151292293553644180e-01 -4.452375648447392392e-02 5.803357788411325768e-02 6.760369520584139091e-02 -2.501559719912029023e-02
7.024471014267483215e-02 -1.671018501485255769e-01 1.266163148688954909e-01 2.847439377341863531e-02 -2.058083768406945846e-01 -1.521559464645757045e-02 6.915045131135211243e-02 -1.542814906434975541e-01 -1.063912598743545768e-01 1.141735758318966065e-01 -9.291703481934948661e-02 1.027214384170860584e-01
1.143723467215631284e-01 -2.773920528471939262e-01 1.080563319073811201e-01 -1.010926589387496494e-01 -2.199941074028647914e-01 3.996394291237177765e-02 -1.728107256698458577e-02 -1.575731799268669242e-01 3.292153503283953148e-02 -2.306826642230615579e-02 1.442174513654411738e-01 -9.586531803157435916e-02
-1.372808675872418394e-01 -2.708985552484320936e-01 7.670213856922214468e-02 1.128711623582338147e-01 -1.830708356772068335e-01 6.687772260173496797e-02 1.325727468418023414e-01 4.760110915831682749e-02 9.039388570779452459e-02 8.875778422845095883e-02 7.127755512092570633e-02 -2.782014708267104008e-02
-9.252586423462378154e-03 -2.779991650990542018e-01 1.755839781288563994e-01 6.483258535338105866e-02 -1.403875671006815651e-01 -8.242266440029524799e-02 8.028547896791449201e-02 -7.799144265712674995e-02 1.578947161875753902e-01 -2.808521779899972315e-03 1.194690257170946818e-01 -9.131427931349919702e-02
1.160066060774580243e-01 -2.880204953875290519e-01 1.357618228643025504e-01 1.487994249520409491e-02 -2.041880442990764433e-01 6.707478511157283219e-02 -7.940447559600594118e-02 -1.338742742686066522e-01 1.358175452937395167e-01 -8.498690513894308074e-02 1.580044219991352250e-01 -2.706191232090779941e-01
2.093939083223940179e-01 -4.434609139673525435e-01 4.860044842164205903e-02 -7.859722424103006422e-02 -3.945122387924892421e-02 6.473072090723713812e-02 5.666665169253049666e-02 -6.782354331738577567e-03 7.362220339956410120e-02 8.331244310752883298e-02 7.978948146241771761e-03 -6.357018325732372022e-02
4.974324449938908460e-02 -1.601908446749752968e-01 -1.184661977578146778e-02 1.098221787747890449e-01 -3.812124223271618623e-02 6.842323072060488287e-02 1.111443710885433866e-01 -1.451804103433747620e-02 1.467962387587994771e-02 3.882876416389084706e-02 6.758157325078015254e-02 -5.735989600900618518e-02
-5.870339857676735648e-03 -1.251567472207260612e-01 7.009086726795960010e-02 -1.291323994915502815e-01 -1.994343405732275643e-01 3.386824980815996561e-02 -3.046191122783140082e-02 -6.585683815454652923e-02 1.523099195276875206e-01 4.624558871623990486e-02 5.333793272212253300e-02 -2.167498444291399845e-02
1.078597180559086044e-01 -2.236844852167759190e-01 3.638743520706652634e-02 -3.944095861471981490e-02 -2.489692905133568945e-01 -1.305405638799840284e-01 1.112290210242529442e-01 2.564204331199951281e-02 6.551964385569753607e-03 -2.210281956981337628e-02 5.656209029622297213e-02 -5.675607105844674566e-02
5.975687962103511802e-02 -3.094008791838712691e-01 -1.281054596973355865e-02 -6.270333948493157783e-02 -1.577276776240035816e-01 -1.547662698503565401e-02 9.160753655818715258e-02 -2.096722344709229802e-01 9.098889267196039188e-02 1.282585741759372511e-01 7.197300403319811801e-02 2.985613844360706509e-02
4.314272250107004797e-02 -2.275132901226697979e-01 1.106080999671635486e-02 1.295609466106477925e-01 -1.700462382863250355e-01 6.684509693152615450e-02 -8.721922361572767568e-02 -2.119468523584215891e-01 1.495929293599629339e-01 -1.409433305050097340e-01 -2.864919455619584568e-02 -1.848632704573545671e-01
5.903209466053496030e-02 -3.198731035768430653e-01 1.079720527462063595e-01 -9.367723028877274205e-02 -1.035934999296793911e-02 4.300203229516263992e-02 1.208748637355815114e-01 -3.533273063385199836e-02 8.431156397690472981e-02 2.629003206255705050e-01 -1.219016879102728310e-02 -3.458480638965526904e-02
2.848536117406991891e-02 -2.289650329551642938e-01 -4.785725241369187533e-02 5.598041886597923678e-02 5.399095130923867863e-02 -8.812385207997580627e-02 5.798988779509643005e-02 1.340460653800780444e-02 -2.154912958233970097e-02 1.076917388490350458e-01 9.841255493110212527e-02 -7.121186157998735111e-02
-5.256940478897267205e-02 -2.398802101184979163e-01 4.962677894761215180e-02 -8.341312309576857931e-02 3.615985518863939346e-02 1.337083177567537362e-01 3.235625512268961584e-02 8.933040499016157987e-02 8.457919097686419918e-02 7.326026645843464191e-02 -1.019010541083751817e-02 8.939063473155473005e-02
-5.666733327378280921e-03 -3.519679345505428714e-01 1.390993226085026624e-01 -1.130509082939024600e-02 -1.081246117612751495e-01 1.061573357170513543e-01 -1.197349099250479346e-02 -3.370801299029838743e-02 1.449509256959798575e-03 -7.367498711550260482e-02 1.752042165934364348e-01 6.891976607644356712e-02
9.444214178844367868e-02 -3.560507896944056228e-01 4.100188292023493331e-02 1.387734971297170106e-01 -7.540339091201243849e-02 -2.802507149532870029e-02 -9.131930350443090427e-02 5.127215425222238915e-02 1.371679831802469218e-01 4.300419905951846644e-02 -3.432995208592443115e-02 1.025010729321087777e-01
2.580034159796298909e-01 -1.370545854834482880e-01 4.642613513968520123e-02 -1.758251812986236506e-01 -3.027501798822808121e-01 -7.039713849511408661e-02 -2.278086859434980561e-03 -4.431028934483437903e-02 -5.159790353689058112e-02 6.988119170096235289e-02 -1.432800395531379483e-03 4.878954947551902149e-02
1.203539817110023669e-01 -2.411996477340775935e-01 -7.264532110776211749e-02 4.406857746802858578e-02 -1.987099768871450900e-01 -6.044766256662145731e-02 -2.158780928908058533e-02 -1.293864580568120093e-01 -6.783413426373813282e-02 -6.053475223332253907e-02 -4.074097951447069876e-02 -1.318369232711999461e-01
3.929346435297973589e-02 -2.832827382765126245e-01 1.173630625084512435e-01 -1.301530485445774599e-01 -4.184813989017600183e-02 1.903800166623357409e-02 1.043583942978925927e-01 -1.944333026291008015e-01 -4.103032861074335652e-02 -2.389896076399061417e-02 2.380717219977292534e-02 -9.826377092781982125e-02
8.170725246629761962e-02 -2.868406494589260669e-01 9.943142882410909832e-04 -7.225521830272620127e-02 -2.043693977619183699e-01 1.000705708939871597e-01 -4.196926429575036782e-02 5.491079180054012771e-02 1.527487130143519445e-01 -2.298629002258392381e-02 -3.427895825526026952e-02 -6.721773889464116580e-02
1.650051937539520619e-01 -1.906500828271798786e-01 -5.636899314443234721e-02 1.236468199522802597e-01 -8.977638253620806238e-03 -6.655120351899740383e-02 -1.029348591229024557e-01 -7.176554463300778564e-02 7.754705143989099048e-02 -6.045315871852080525e-02 1.058092972072795512e-01 -1.037990899817180790e-01
2.310199939138556785e-02 -3.820717755490992129e-01 -2.737393019178215037e-02 -1.391891124090658127e-01 -1.269146371358297887e-01 9.035809191253473677e-03 1.936897594814475376e-01 -8.398298410268810466e-02 -7.089911866121809125e-02 9.003363295956137713e-02 1.668734580972836001e-01 -1.933903934784706596e-02
-1.277632478271467087e-01 -1.560684016836010324e-01 -7.463349720611653360e-02 -7.276714559885739952e-02 -9.874421354483335633e-02 6.297522482355803752e-02 1.063923656702744081e-01 1.186889928058687538e-02 7.536001513094284232e-02 5.058795465622946408e-02 -4.936467817873574360e-02 -7.376328578065771691e-02
-4.162321523625239078e-02 -2.084357762088822619e-01 8.597218397902309239e-02 -1.762085704393933500e-02 -1.060000414407013952e-01 -7.688040440466037406e-02 1.549578468898452355e-01 -8.411080127795463046e-02 1.763950507742582108e-01 1.137947160508250843e-01 8.627735403681430215e-02 1.077303989399157683e-02
-3.336519334434857181e-02 -1.720285314906238039e-01 -5.529862762102820406e-02 6.267659266994113354e-02 4.462536495202076153e-02 4.040100438513928582e-02 -4.345925597202635743e-02 1.236169636278605238e-01 1.489683642825394630e-02 6.986549555777324394e-02 6.795567497477553176e-02 -7.990871322854919967e-02
6.719610295595263016e-02 -1.569211100435160544e-01 2.477180090160397753e-04 5.011899837140306943e-03 -1.628711391418953824e-01 1.440188939276149105e-01 9.517601456740384935e-02 -4.835072372259605761e-02 5.237617183927618242e-02 -1.912291401302130753e-02 1.144630713964639168e-01 1.146075707601281954e-02
1.091148763531297854e-02 -1.577586661464776552e-01 1.114428867188509420e-01 -1.290586260555704745e-01 -1.708804870272687682e-01 1.216905819952007195e-01 3.338702406329035338e-02 -2.114013251508050500e-02 5.042886061692532923e-02 3.607923472682211807e-02 1.773758031956078618e-01 -1.283281288905019357e-02
4.504914750323386202e-02 -3.462123892661571611e-01 3.614662991930006272e-03 -8.714106510433937414e-02 -9.239706603085313941e-02 1.142523037462511437e-01 -2.894194409177882482e-02 -1.775040654553837645e-03 -1.386584782069105182e-01 -5.383732130648107017e-02 -8.154296726948603857e-02 1.040196939076438454e-01
1.280663306690829617e-01 -1.969872703750331078e-01 1.310235885277273304e-01 -3.694362789696162275e-02 -2.357031230169202018e-01 8.586850469151527387e-02 7.615509956272892289e-02 -2.416311715806043064e-02 3.421334515440443286e-02 -2.107374267603766005e-01 -6.062282304366617414e-02 -6.461339902052462558e-02
2.348552813172444936e-02 -2.841845080171654381e-01 1.239446980173563861e-01 2.551329563077878865e-02 -1.502475855343108901e-01 5.302825225737536896e-02 1.355116345145392087e-01 2.946884982180136142e-02 -4.411290097735400678e-02 1.259578143623621693e-01 8.491215377798394526e-02 8.812669004032308573e-02
-1.247835264669905353e-01 -2.684462141378854971e-01 7.832127785176082324e-02 -2.376082511066591463e-01 -1.098319491949091148e-01 1.919561227592002095e-01 -1.023027015287413799e-01 -1.660310496706227656e-01 -4.438919210210998806e-02 5.311634806059249703e-02 2.581235040478913403e-02 -1.567764624413864327e-01
-7.047056356484628081e-02 -2.222154454141967994e-01 7.778153774909038476e-02 -6.595381043190805259e-02 -9.195128317340676982e-02 1.104987889720882022e-01 -5.073790940965588331e-02 -7.726521069648058238e-02 1.779389601691121333e-03 -8.686895636191990788e-02 -1.414643023246124967e-02 1.141875402573171508e-02
6.947339552495543358e-02 -2.923250438542523977e-01 7.285880949170531196e-02 -7.673965653879204207e-02 -1.131609117328015307e-01 -1.876696490564785380e-01 7.264581132850317369e-02 -2.372102587282917674e-01 -1.100683398501160759e-01 2.129552775119841201e-01 1.370291385965810571e-01 -1.000142417451609922e-01
4.148107252918020044e-02 -1.393438813289968325e-01 -9.595493791107242293e-04 -1.662001425224327866e-01 -1.805643861173815701e-01 4.296134492778701242e-02 2.794761492443761930e-01 -1.930772839868816204e-02 -5.438079831123391467e-02 7.817001952826576824e-03 5.560685285594313410e-02 -5.363137118122097285e-02
1.543801274551554782e-02 -1.734430601266312988e-01 -1.511136469608736176e-02 -4.079313159538799916e-02 -8.412920949295595030e-02 5.294558561602455415e-02 2.312992445078122100e-02 -1.254248621137803721e-01 -4.464083943379249658e-02 1.319837956525526587e-02 1.596730553274715025e-01 -1.828856192645128553e-02
4.913682864330528449e-02 -2.942444021555770117e-01 -3.889652371314668289e-02 1.294975847253005685e-01 -1.048810552683136638e-01 1.197746778015282842e-01 6.481319512213659650e-02 -1.715584975150462599e-01 1.172958912652687369e-01 -8.629610248643354575e-02 7.042975665902373970e-03 -1.129512463992838056e-01
-1.567752646227197483e-02 -3.247885200284416074e-01 3.484624643317836556e-02 -1.064056011098101356e-01 -1.513950867274138461e-02 8.647311258296480618e-02 8.463891544571655601e-02 -2.577984995881700547e-02 8.561611681814768060e-02 9.490069380973197716e-03 2.039005061592846779e-01 -1.203457264277341815e-02
1.139417949279274700e-01 -2.312128028064334151e-01 1.303935879626273997e-01 2.507161894965828815e-03 -1.296586562719977964e-01 -2.999027731048504314e-02 -6.783126683813681113e-02 -9.623515324883619160e-03 2.544980815072278232e-02 1.361276161395007928e-02 1.472174524942687079e-01 -4.809539770057268820e-02
1.734420817782324903e-02 -2.397580849284588478e-01 6.169192758605777926e-02 -9.768713910793791130e-03 -1.990960682056345243e-01 -8.432870489740770803e-03 1.297118947890251242e-02 -1.473351033259037712e-01 1.505521763922262890e-01 -5.519606512561940626e-02 7.808655527015086369e-03 -6.947212640090991154e-02
-6.503343252445533199e-03 -1.725682009142895934e-01 1.939625225478978643e-01 3.899235663122291307e-02 -1.186010766649501086e-01 -2.327954915711076544e-02 1.271007787424262292e-01 -2.250620220405882138e-02 -3.676047503800655009e-02 -3.786059168129329855e-02 5.547151412429973671e-02 -5.145866264710292209e-02
1.654338701058404859e-01 -2.351175851967692298e-01 -7.537235962989849436e-02 -6.772978895788574205e-02 -1.781336432343657572e-01 1.879941520724423554e-01 -3.698323548213518913e-02 -1.151982125671140583e-01 -3.092383225404375310e-02 -9.993978209051754269e-02 -7.645332145303937454e-02 -1.338632041777565451e-02
-8.746138391678301427e-02 -1.185324073646365356e-01 -2.850296133401013926e-02 -1.143308686823325676e-01 -1.691134157982961406e-01 1.288851233595436074e-01 8.425461785792065506e-02 -9.744571343277881603e-02 9.036261848808468944e-02 1.823531790315045462e-02 6.987373460647419710e-02 1.072159916779682684e-02
1.835028991597641157e-02 -1.938651712024005436e-01 -6.185972059052520511e-02 -9.912442228552671708e-02 -1.543434901845105456e-01 1.537180378034685435e-01 1.728557792513717717e-01 2.395629395462757494e-02 -1.264738410229772625e-01 -1.286807238851334773e-02 5.995794898475501761e-02 -1.748297309766534413e-01
-8.349345339896771523e-02 -3.325844978193259749e-01 1.439326363252161900e-01 -2.745041583440527844e-01 1.450766762699053948e-02 1.130657618787093976e-01 -5.302919004697321387e-02 -1.233510480224605382e-01 9.357200920415562062e-02 1.558945739807590103e-01 4.613291471041806868e-02 -1.778837041520625051e-01
9.964926135894008885e-02 -2.532272152192228121e-01 1.391462028854654753e-01 -6.406568801206984076e-02 -9.615733859950957585e-02 -1.110334949346618583e-01 -3.099356917483711907e-02 9.940377287729899175e-03 1.918885045297047398e-01 1.147171904479457050e-01 4.742966281228025438e-02 -1.001883993878608103e-01
1.229636853700499660e-01 -2.307317899923063687e-01 1.102284264585129958e-01 -1.321510984926512443e-02 -6.010105824880578734e-02 1.691044244783757589e-01 5.890881640568799288e-02 -2.127564336512278720e-01 8.346136865648970393e-02 3.701433611388324496e-02 1.343610265890822775e-01 -2.684732985696150487e-02
5.302929172698226529e-02 -2.537131799232742457e-01 -1.308829785547646098e-02 5.297297361277392147e-02 -2.346176978077850750e-01 -1.113729713369806251e-01 9.258108446573451444e-02 -3.529522383852792128e-02 -1.443863464000006425e-01 1.072893889491487729e-01 1.767703769987575835e-01 8.139801003492053155e-02
3.008976359200929429e-02 -1.482960431543797197e-01 -3.373445080295267573e-02 -5.104373272708039033e-02 -1.009898718819194768e-01 6.393496378231527943e-02 1.751053670724223854e-01 4.021763976851090022e-02 1.972369917132035799e-01 -2.494885352033860207e-02 4.385028945313071413e-02 1.292304814710719396e-02
-1.576888538312811588e-02 -2.275731019988315174e-01 2.288712348241953021e-01 -1.361708578229451627e-01 -2.189282232083423346e-02 6.439827270732195741e-02 -4.644294755666173932e-03 -3.790153036452837548e-02 -5.012814348062853004e-02 7.622976671126646675e-02 -7.445890873075085466e-03 2.367420640182615887e-02
-1.591461162153906539e-02 -1.400366766981180899e-01 -5.377171947059179724e-02 8.491749104423122751e-02 -1.531374912532630361e-01 9.180130570420871883e-02 3.264443265287448326e-01 -5.667050081084224616e-02 5.998891097324703797e-02 2.083345563860638031e-02 -9.997061157642275764e-03 3.100298667166666994e-02
8.220966674624122228e-02 -2.359351063331283638e-01 -1.057677002558850554e-01 9.318247895174998352e-02 -1.738211036806680543e-01 9.761057182745785932e-02 -2.392591915400507901e-03 7.416791545955636437e-03 1.354902299541662150e-02 3.586279705562032960e-02 7.413891967050562082e-02 6.413312974100737751e-02
2.441484115552206013e-01 -1.980853285067142866e-01 1.803620400558205716e-01 -1.468296691458652325e-01 -9.622395014750938225e-02 -3.489813443133681914e-01 -2.015104661560627453e-01 -8.588264541239044869e-02 2.216572855305802905e-02 -7.079139147432242374e-02 2.615190504108097502e-01 1.962338854079272998e-01
-8.756643923187634737e-02 -1.182337249111781868e-01 8.229704038491217344e-02 -1.178044262241116219e-01 -8.522288824552963493e-02 -9.798922967372827864e-02 -5.964016747176944383e-02 -7.524067804863933395e-02 -5.770844729920427546e-02 -1.518087838074529405e-01 9.743890504553756604e-02 -5.622255844183581680e-02
7.028022732347652402e-02 -3.159782841296512323e-01 2.444472435715301928e-01 2.269348304269089289e-02 -2.017834812070016248e-01 4.943716515247519039e-02 8.045700332016299250e-03 -5.385271952879156637e-02 2.854553042742321786e-02 -3.322133958660596076e-02 -2.207742800837163635e-02 2.383795495345527801e-03
-6.721899564599852217e-02 -9.062148526532377846e-02 1.275324088212305695e-01 -2.051237117834080748e-01 -2.210304361951085372e-01 4.615463354569679377e-02 -9.958400585318497727e-03 -1.150208188143097415e-01 -1.538668634476771623e-02 4.081703195340445969e-03 -5.284617854139438131e-02 3.013699460073082821e-03
-9.776439793315921944e-02 -1.731050078470902642e-01 7.262161140040232499e-02 -2.364856506752699150e-01 -3.086465618112735898e-01 -1.268146354737676243e-02 -2.294496913602500632e-02 -1.109321439242988566e-01 6.923540940111357414e-03 1.732638005905310918e-01 -1.145880633922740643e-01 1.146638245539071399e-01
6.597292799927501061e-02 -1.503317934787201660e-01 6.698639434998548969e-02 -6.373756646722840424e-02 -4.916136650508604738e-02 7.978588549683476860e-02 -3.093083125215313409e-02 2.778057400000572691e-02 4.647342305886598829e-02 4.292272207577940701e-02 1.220598858439008727e-01 -5.778618394953117382e-02
4.106658671990370130e-02 -9.167476584845864196e-02 1.452571006217911465e-01 7.833566309741753220e-02 -2.429879260334980307e-01 9.219034988161692312e-02 -1.195765923888984783e-02 -1.042882152147460301e-01 -4.282388050376898653e-02 5.442538839277363122e-04 2.690592852937459881e-02 -1.186404262116769748e-01
1.614307376146819489e-02 -1.728647218819168718e-01 -5.578576860876585664e-02 -3.881283739103197350e-02 -1.437989642363692207e-02 6.618528627645006712e-02 -5.887911444842956060e-02 -8.245436492452347388e-02 -6.217641905683215370e-02 2.409125206791341844e-01 -8.624783964217411225e-02 -7.319933335104125693e-02
-3.463096059700238732e-02 -2.726798451688164926e-01 4.984672854271449127e-02 -2.645626816202261561e-02 -3.781237376864141769e-02 2.738031723220546998e-01 -4.786146763696954437e-02 7.026875764876526487e-02 1.333504457956734002e-01 -2.434734512032208156e-02 -2.771459186370501745e-02 -1.620699105209228441e-01
7.699098127241590928e-02 -1.691148943783698511e-01 1.058445167109306195e-01 -5.096741077116198615e-02 -2.418775753684437174e-02 1.734393627971433371e-01 8.066259622388155873e-03 -6.246983765825156465e-02 2.800963779223590300e-01 5.037850625045885156e-02 -6.557459760480846556e-02 -1.291405635796853777e-03
2.614565749227493741e-01 -2.432320375513768451e-01 -8.863362338871358381e-02 -1.529266608054838106e-01 -9.261954111022262237e-02 -8.046453309016949468e-03 8.464309070053691042e-02 -3.647772987172608755e-02 4.306711510520736669e-02 -1.365085611400303489e-01 -1.174776167556061332e-02 7.540279651167780539e-02
3.016948894374815726e-02 -2.736690537003699797e-01 -1.101728480102046569e-02 -4.317190020325360755e-02 -2.580401694879834729e-01 5.485183296893263172e-02 6.965914147315205307e-02 -3.950285188854656820e-02 -6.123702145634525237e-03 -2.527937396432304237e-02 -1.761263559103653717e-02 1.094223782440982840e-01
1.473854370587418527e-01 -4.970169183774170163e-01 -1.353162097695615462e-01 -2.556639138628637176e-02 -4.993445890918931512e-02 -1.014091856457164653e-01 -1.550402396739554989e-01 -1.343837081076732221e-01 7.455385370788252669e-03 2.205624398907843897e-01 1.505882597176120830e-01 -5.971002963103379940e-02
5.574712077168268026e-02 -3.761680409941935421e-01 3.942773286147044365e-02 -1.484592354087433674e-01 -2.350913616159696073e-01 1.760984319581649915e-01 1.845945497997729945e-01 -3.246787752934331833e-02 3.305160399522853037e-02 8.908513233544052001e-02 8.786853805515248972e-02 -2.807952171897065002e-02
-9.470559641534770368e-02 -1.884422078266013711e-01 6.421934784419670514e-03 1.069430520994086725e-01 -1.273695122486847575e-01 -1.025733972882409556e-02 1.077401214302361188e-01 -1.032392756930928940e-01 8.776370496126589815e-02 2.030279603675503863e-01 -1.821449748510889713e-02 -2.830317022334756516e-02
-5.679420198167028228e-02 -2.569466346360318454e-01 -2.003777482769448365e-02 -5.588954807363280541e-02 -2.275622104046043370e-01 1.506794399670647322e-01 7.704341304975417803e-02 4.920183270624538946e-02 -3.337216408366469600e-01 4.039113098435288818e-02 -1.073429299889445410e-01 4.384933344466247773e-03
1.731346911514240472e-01 -1.744381023794382979e-01 -1.756098593802499219e-01 -1.392586883343721431e-02 -1.358307851726190396e-01 5.264731500642486073e-02 -6.900697354328982902e-02 -2.176472176973980877e-01 7.111276221907988915e-02 1.771899290056610510e-01 -2.698596686408690978e-02 -6.152345516632868466e-02
1.468660146402071542e-01 -3.293906717850459964e-01 6.417573847712811086e-02 4.300640934279002792e-02 -1.552455983405905959e-01 1.605397417551138184e-01 -4.292201458398828967e-02 -8.073617870861883594e-02 -4.880448223047494788e-02 1.579321340411827396e-02 -5.735113648032168741e-03 3.682547535957367973e-02
-6.536202568558187320e-02 -2.328844292809271743e-01 -1.512825704718770252e-02 -2.330944366690751446e-02 -1.708343905102189808e-01 2.319358845540098885e-02 -7.596384937314551444e-02 -1.028648350248709958e-01 -1.126914323031678322e-01 2.385852085428874850e-02 7.937015018349630191e-02 -8.877132411955918068e-02
-8.573207888920080996e-03 -3.057952663985353814e-01 7.822840279219644977e-02 -1.877518924925092036e-01 -7.522716903355171347e-02 -6.971799977044229601e-02 7.781830314934773396e-02 -5.931288616851185941e-02 5.223595071910328708e-02 -1.929473828295062351e-02 4.500550611030423864e-02 -6.744878866596970557e-03
-1.026363402548146342e-01 -1.544324975664377320e-01 7.153491568055686534e-02 -2.435884583908444478e-01 -2.745072529414200879e-01 -5.353187277071352890e-02 -1.822329007938931072e-02 4.712240242269755824e-02 4.799839449823615350e-02 3.771328613315555467e-02 1.706656247894421385e-01 9.045932065079756446e-02
-4.627318810040297881e-01 -3.914620354102643749e-04 1.644159926224457169e-01 -3.727374875530146681e-01 -3.243797614549809305e-01 3.974382999664738958e-01 -2.888256495729351614e-01 2.432504071299377568e-01 -2.047455528988482154e-01 4.031890771405964302e-01 8.104180032581728699e-02 8.225549767249948352e-02
3.910034688669659225e-02 -8.006870344179169152e-02 1.424626971651046792e-01 4.748929000593142546e-02 -6.522893877211753677e-02 2.326746191682714515e-02 1.689136019552159584e-01 -5.335938822198468129e-02 1.463578189382011008e-01 1.398464936395213756e-02 7.594683864091048009e-02 5.400960608790133372e-02
1.602212446205573126e-01 -7.860370164593118159e-02 -6.997823489748319914e-02 -2.061802831442550304e-02 1.692186929381201965e-01 2.188615691812571540e-01 4.004017986182959593e-02 -7.488101848423568685e-02 8.611741248471396770e-02 -1.634075654138880673e-01 3.660844965106747895e-02 3.517567873390114314e-02
3.737719488206727170e-01 -3.093596372120694937e-01 -2.311501121743565410e-03 2.791323410064919935e-02 4.527518031728481468e-02 6.783451571491419529e-02 -2.004838705961044243e-01 -1.744549859347759857e-01 6.550178856888860812e-02 1.760193194658802307e-01 9.938107032140641728e-02 -1.229978182121444831e-04
2.549799864901229340e-01 -2.888272348116313060e-01 2.092599492821397011e-01 1.965595876702583567e-01 9.044079026351457828e-02 -1.036214248091281986e-01 -9.356962282652223073e-02 -2.188127410485147251e-01 -1.224746571879129636e-02 -2.208895429056076387e-01 1.437005682138495222e-01 8.180234020179844023e-02
-4.080943141566715018e-03 -2.535690918667450888e-01 7.962154520276443215e-02 -5.485941024816665124e-02 -1.716124173596165203e-01 -5.618522021460539695e-02 1.504762172855757252e-01 4.044542736134932454e-02 9.347267784595339468e-02 -1.499594232098256166e-02 1.010401274468810534e-02 -2.488756863230252858e-02
1.354469410907706006e-01 -1.516433291389443494e-01 1.081562359988414435e-01 -2.888186883751099887e-01 -2.876100666852735577e-01 1.167358228202168835e-01 4.543979887456964933e-02 6.716216371799992035e-02 -1.133712051167925228e-01 2.478977772325359208e-01 1.273016672153011175e-01 -2.705567747510271293e-01
-4.849922504620914759e-02 -2.409314407909463607e-01 -4.070775669143802955e-02 -7.113320035307500733e-02 -3.523625846955954488e-01 -7.612008404084213975e-02 -2.732707437141936035e-02 2.663578565841238921e-02 -1.058131278080728377e-01 1.453452801242637385e-02 7.332148967899315695e-02 -1.335510398629959905e-01
-1.069522400729982885e-02 -1.859985197252431166e-01 8.288402226175625720e-02 -1.220700791482883657e-01 -2.131338209150322911e-03 -1.765014919107315561e-01 7.433260222659460181e-02 -2.090078201183840495e-02 4.416235694042797838e-02 -1.014833609577881213e-01 2.453176128990121677e-02 -1.136915857787335338e-01
1.186907104522676865e-01 -5.164592839695930637e-02 -3.342810061595745397e-02 -3.043681129818698872e-01 -4.278864390703958076e-01 1.362507706461060786e-01 -2.481830829903775293e-01 -1.065164967212621078e-01 -1.594239885994244155e-01 1.178088722559216817e-01 1.608523761803697383e-01 1.132602732925470923e-01
-8.061377069020578268e-02 2.699646147051424916e-01 1.041598837111344239e-01 7.309788298848801658e-02 1.516370849847067659e-01 -6.853169622804160255e-02 -1.019623268323266024e-01 8.339962843491519062e-02 -2.244543769797550381e-01 6.442733747530102195e-02 6.569484868830931246e-02 -5.616309678842721503e-02
