6.199667803299103719e-01 9.560466025719600580e-01 -2.484387975871198140e-01 -1.506350605389196462e-01 7.078237352800094140e-01 -8.975837309610874837e-02 4.321702914951049967e-01 -1.275517804951195489e+00 4.169430972952072878e-01 -1.164244705754691411e+00 -5.126863175135010220e-01 1.885493517240055816e-01
-1.828533812984782514e-01 -5.311188493218181872e-01 -5.696836754130496158e-03 -3.010148231346861936e-01 6.894454772626196215e-01 6.447669876099240693e-02 -6.849536998492380402e-01 8.258378344192102150e-01 -1.522491134855804007e-01 -6.474350433569664443e-01 2.351394434962767732e-01 4.480139259170302229e-02
-3.297467550994688801e-01 -3.552339345510433510e-01 1.218742080167152908e+00 -7.523754082729842141e-01 7.274968917991226913e-01 7.564860733954670291e-01 -3.696149899278344808e-01 6.836044902444279314e-01 6.022895459889134884e-01 8.847237173740702953e-01 3.546717992950106368e-01 4.696320496173317371e-01
-1.195579750375014016e-01 -2.594450863052998324e-01 -4.011663552095506291e-01 1.032349967489012199e+00 -1.092552449754213173e+00 -1.115124533848310007e+00 -1.715235337985761277e-01 5.300535935366195162e-01 -3.749762802606321221e-01 2.422862697338608318e-01 -2.242685689461189902e-01 -7.653305377748795824e-01
5.280404760959728216e-01 8.629064870819376232e-01 -2.002249914862100910e-01 -1.412109288883203195e-01 2.013693332054527496e-01 5.332790962185689487e-01 1.114389067179024861e+00 -4.790358958445809501e-01 2.558049509203900729e-01 -2.315519866127533910e-01 -9.124149511839801940e-02 5.687793752264392877e-01
9.582801604686689290e-01 3.472128475092609717e-02 1.391818869532025715e+00 1.142380246602834881e-01 7.145979399385565811e-01 -1.132500798682044424e-01 -4.033869758199011557e-02 4.818303562413231989e-01 1.043648252205847671e+00 2.977481029470813723e-01 -6.270337052662354749e-01 8.456523106089351982e-01
7.057562930307532678e-01 2.773932029280864464e-01 7.065198105469583378e-01 4.655515079575363591e-01 -5.455769750191657996e-01 2.654075034966509872e-01 7.675514120237151294e-01 3.204596420911207666e-01 1.182139932850478026e+00 -1.631293552684519310e-01 5.042192547614552378e-01 6.873652024381578240e-02
-2.768905585802791114e-01 3.867613858094607476e-02 1.063109188991843007e-01 -2.837134996572139300e-01 1.957324327041623513e-01 -5.646003196321933704e-01 -4.991497311625875399e-01 -2.879210811662427649e-01 7.026187789010208962e-02 -2.033309902672961189e-02 8.608867785646985293e-01 -7.873515113281329691e-01
7.065875884364172799e-02 -2.673532893388069764e-01 -8.823911866707869756e-01 1.167290033605274946e+00 -1.077082064137668604e+00 -4.996305722734962207e-01 4.040775922283155741e-01 1.398657888737838140e-01 -5.540798906502129029e-01 -4.399921904122517935e-01 -4.672282865700027044e-01 -5.516411741179638728e-01
6.734551932833550136e-01 -4.923264680329026421e-01 6.643640649265450948e-01 3.154378515887812373e-01 -5.854211929709925988e-01 -1.103349733232495272e-01 3.059459840984021795e-01 1.288049781423614260e+00 1.617788169422659905e+00 -1.081852141890148999e+00 2.623675735070918891e-01 2.542708999205400833e-01
6.985447329746331535e-01 5.548324475772048459e-01 -2.197977536221025763e-01 4.732899255617738499e-01 -9.289452994817098963e-01 -4.678780203666345616e-01 8.374782566814679141e-01 -8.318784710954142403e-01 -3.044641032251182988e-01 1.118429528951077195e-01 -2.136749413373278950e-01 -5.394137497898933153e-01
1.852264803416540928e-02 -3.715393737736958912e-01 3.726952335298265861e-01 6.159611581275377112e-01 -9.476916565927148151e-01 2.133183521357142898e-01 8.125381026971456588e-01 -7.770300910704512898e-01 -5.623629777971281829e-01 1.125874893849413416e+00 2.014743901848277674e-01 4.825201392029695446e-01
7.459233780317813256e-01 -1.544556578563046401e+00 5.693495463642568311e-01 6.474121157814687333e-01 -1.509220520650143227e+00 -4.393668133444079138e-01 2.564891983410892695e-02 -3.696979419486420837e-01 1.324763405698356378e+00 -6.722875322505105222e-01 1.674872251712083093e+00 6.747304592583402982e-02
2.107539219431501520e-01 5.477300148717466344e-02 -2.272216728939979377e-02 4.054772511642793509e-01 -7.025710373981228218e-02 -2.680383433621018052e-01 -3.162584514206316366e-01 4.963563497718468942e-01 -2.226582288376325602e-01 -7.073302711029281209e-01 -1.844638695942928119e-01 -1.737364286256485590e-01
-1.249353652890753258e-01 4.060187531781053183e-01 -3.096904750647680449e-01 4.868035870071481253e-02 2.307261418821246746e-01 2.412072704105188148e-01 7.762476006139228391e-01 -6.798546860177877571e-01 -1.855956704038433103e-01 3.429412623455095899e-01 -3.636179975248856611e-01 -3.969316638044620427e-01
-3.738986374275647395e-01 -2.793062447135910009e-01 2.511483909117839461e-02 -6.367320001545893060e-01 1.144759440792690770e-02 7.783559136661505340e-02 -3.759526395261119092e-01 7.418187156198704502e-01 -7.185982542621043301e-01 2.210872486385791202e-01 1.912329098426877871e-01 -1.260290333412775743e-01
-2.414022823368292825e-01 -3.132950278601619454e-01 1.838880988293712044e-03 3.243639680840318396e-01 2.745449317423770963e-01 -2.630644478627506763e-02 3.386020779679453641e-02 2.968405362842873041e-01 -4.616276542684323303e-01 -2.454022610304571195e-01 -6.996338983067597050e-01 1.988019326137713538e-01
1.419357459630492979e+00 7.356615858531105889e-01 8.384336114436212739e-01 1.716970900828377111e+00 -1.772072145161994294e+00 -2.701197498572772138e-01 2.075090322909088680e+00 -1.398353697804382012e-01 4.976305977704544858e-01 4.584855578750195448e-01 -7.262621894995667342e-03 -5.379823142558479709e-01
8.952360126735502133e-02 1.613890622128395791e-01 -1.130064371463065376e+00 6.710653984086312196e-01 -6.105428071926948252e-01 -7.317461161805414172e-01 2.021083188674658027e-01 -7.237867564601727643e-01 -4.602315272220127151e-01 -7.667878869136303122e-01 -2.915792845079168139e-01 -4.359440212471651366e-01
-2.782125253447632063e-01 1.713188855448815051e-01 -1.881487323177139792e-01 -1.175000009789920440e-03 -1.398580245605382244e-01 -1.262887522492801562e-01 4.971256477409138896e-01 4.308651301971259673e-01 -5.491607880649872486e-01 1.031812805188299098e+00 -4.714446680965451997e-02 -3.591579605682623799e-01
1.065778135453622877e+00 4.176485875787333546e-01 -5.846317602885811038e-01 2.356372623442842540e-01 -1.078057449847880100e+00 2.479549986154511443e-01 6.186445539021336870e-01 -4.328385223735788101e-02 2.412526725638514391e-01 -7.133577468195712035e-01 -4.410475920191469362e-02 5.438457231930160507e-01
2.759444717427095295e-01 -1.176340546251080504e-01 -5.927679878933175134e-02 7.395447591525852182e-01 -6.758467641351638688e-01 5.960483802211684612e-01 3.381070041554689043e-01 7.049048791915674128e-01 -4.193378613829021329e-01 1.099008014383616033e-01 -1.104750956131768547e+00 6.516866451583852582e-01
-1.843696860409294036e-01 8.733687309897765483e-02 -2.963600281717729823e-01 3.412776307121952180e-02 5.131741166549343841e-02 -8.998105142588476157e-01 -3.040467890377971938e-01 2.003424317602907345e-01 -2.083087572560332335e-01 -3.598130233141001444e-01 4.361650803216847727e-01 -1.234730294736128553e-01
5.395549871843094980e-01 9.788409038819859131e-02 9.157179469983162123e-01 -7.028660136257481872e-01 -1.905465644034337325e-01 5.321852149245631658e-01 -5.266197138033803515e-01 1.132580197115553799e+00 6.828428488648076167e-01 3.422380262944839102e-01 -2.830758368499193892e-02 5.767527806211322217e-01
2.966204403996913763e-01 -2.519125889438342258e-01 2.994203026460625638e-01 3.640907260034005888e-01 2.119898478112370865e-01 9.196243595355114708e-01 1.785028999546410811e-01 -3.404284469035618321e-01 -5.024842577485869599e-01 1.974718458796565768e-01 -7.872431370375455595e-01 3.628066551919135185e-01
1.850549476935300919e-01 -5.059171227463881565e-02 -3.107743417605750014e-01 6.509044083222692567e-01 -5.648057675508831865e-01 -5.801430621511980551e-02 1.312142209331511600e-01 2.729085488031017803e-01 -7.448241128599850103e-02 -2.853067789563133727e-02 -2.004112892685550873e-01 -1.234566050353930744e-01
-7.863863151993814860e-02 3.022994726499828033e-01 2.899881407495532581e-01 5.277774040957317753e-02 2.814608306100416582e-02 2.449441506064853891e-01 -1.360899913239930759e-01 7.433884738938641989e-01 -4.158404060853349016e-01 1.107616708930208693e+00 -2.917770940892737697e-01 2.416861792412712817e-01
-2.092955719971950068e-01 -1.086363575921147490e-01 -4.377025198648175630e-01 -6.655481793446270389e-02 -4.001859282221980063e-01 -3.372080872258669815e-01 -3.425763093491689393e-01 3.428566688753248992e-01 -6.375174736703445588e-02 3.213351779139707320e-02 1.502886372441583351e-01 -2.323105374288798874e-01
-7.211865340563452520e-01 -1.394450001984329779e-01 -5.701642772051628283e-01 -5.290017852967713319e-01 1.868867933398923598e-01 4.967155116246060875e-02 -4.109185458538219815e-01 -1.690713589797923078e-01 -7.525476726513576908e-01 2.233496030940495258e-01 -6.406269361978159105e-02 -1.961149838292312042e-01
-5.942491106996234951e-01 -1.124349053749384542e+00 1.001039214863633564e+00 1.026151510825870528e+00 -1.582950696278536684e-01 -5.087080522339326727e-02 -1.050207696882731412e+00 7.767987743658132382e-01 -6.017224721846194946e-01 2.159458533318980855e-01 -2.223113494240000210e-01 1.668423619492582777e-01
9.180718055954918688e-02 2.646935206059653975e-02 7.951461402476253659e-02 3.255988791919382508e-01 -5.011069924875644066e-01 -2.462246863605148384e-01 3.458619005231577392e-01 -5.455139622914322306e-01 8.038838976463914543e-01 -4.481031371489867521e-01 2.240765543538029425e-01 -2.222473384091628035e-01
