9.442479351730505288e-02 9.202352857938417285e-02 5.726112758906194006e-02 1.097601948250443160e-01 1.614269318269772047e-01 -9.689399194197895193e-03 7.541720226783636682e-02 -3.570147406591882983e-02 -5.484239859992921101e-02 2.030648561513036521e-01 -7.820000003114727094e-02 1.236542570729623480e-01
4.245661339865419714e-02 1.170156568441965972e-01 -2.172711085328681291e-01 9.909668495188533877e-02 -6.514968640259395302e-03 1.208496351655805601e-01 -1.393184978358296688e-01 -3.516911223278015863e-02 3.028155190937625862e-02 -1.601834630036357704e-02 -4.687218491292827541e-03 6.708988732707314891e-03
4.179143928412182990e-02 5.517281751413109087e-02 -7.094481416530548645e-02 -8.946960785800162075e-02 -8.884568025962555349e-02 1.240494389815184617e-01 -6.991564954141687993e-02 1.044893474695246099e-01 4.947178177479514410e-02 -3.707323461219776822e-02 -1.111627124146127021e-01 1.620999103275613112e-02
5.028689649627794689e-02 1.852631980023843328e-01 -3.779363472662439216e-02 -3.302568341171509270e-02 3.639261941773966336e-02 9.004268116022125235e-02 4.492824332159514600e-03 -8.376070769706112085e-02 4.850334630678718867e-02 4.256730085863284080e-02 -3.794340408486032712e-02 -7.899191324387341839e-02
-2.507449884137577870e-02 4.265868484119928958e-03 5.297687147591640007e-03 -1.679810282751985351e-02 -1.355499912871881985e-01 8.238460040962683473e-02 -7.755854617076746171e-02 -9.982419231644203139e-03 3.391144851109147151e-02 -3.258574920779841455e-03 1.629716783399228278e-02 -6.342154243827916038e-02
-2.135856972291909350e-02 9.110205332480044924e-03 -1.803362640450955831e-02 4.738861534864746705e-02 2.039494073897541067e-03 -7.967764654123288270e-02 2.536950698545834687e-02 1.836063508257586296e-02 -5.424937333917874416e-02 -1.098788924098299986e-02 -8.627735659569008009e-03 4.867393839598849192e-02
7.190371069557122130e-02 1.403838549074781783e-01 9.972602444786754505e-02 2.768065441802772600e-02 1.466114579426899267e-01 -3.205284833819818657e-02 2.188264521734968604e-02 2.168548381506962830e-02 1.134267175685002710e-01 -7.175613913085093776e-02 1.584512161151453019e-02 1.189352981238021578e-01
-8.316738654259218932e-02 4.109366841247985569e-02 -3.876870707560217677e-02 1.066814501555804068e-01 9.346865256043560000e-02 -1.521709580775810339e-02 6.591480879923260205e-02 -1.005229338895594071e-01 2.945022846969782421e-02 -5.388570268008894409e-02 -3.284429813282063737e-02 -1.822713868491394190e-02
-1.314295751403376025e-02 4.975997278165267962e-03 3.294799029464372947e-02 -6.436739463291604735e-02 1.980978694297898246e-02 9.112956668388875027e-04 -1.330011852355116320e-01 -1.180170601864656901e-02 -1.010079975873526825e-01 -1.989228637414753101e-02 1.103804971570137849e-01 -5.345300237047321407e-02
8.898541846457853899e-02 5.014586161841820544e-02 -1.386017997892385056e-01 3.240441215416826198e-02 -8.542868249282842968e-03 -1.946881633545263085e-02 1.052138890730827392e-01 5.614918487017940552e-02 -1.275332291836093757e-01 -6.792668106223006055e-03 2.358514043992151858e-03 6.526641434434507505e-02
-7.281201768879488889e-02 -4.971154440889142406e-02 -8.261340075964819507e-02 -7.691023658362992899e-02 -1.052501686824005023e-01 -1.178124992560491968e-01 -4.146312604723401130e-02 4.421644323892721939e-02 -1.501419281849170062e-02 8.070886510612644560e-02 -2.240991746342350238e-02 -4.677139137979808431e-02
-6.031756250383214085e-02 4.264628065745619534e-02 2.020661464377770944e-02 1.043435549424424763e-01 4.658530420745789213e-02 -6.389732589680612897e-03 -8.288878284447906419e-02 -1.445170358714197301e-01 5.832999050360741788e-02 -7.898517112740163770e-02 -5.731575356203778143e-02 1.309066179476415237e-01
9.471085797950923313e-02 7.314130155210017692e-02 7.885471018498230178e-02 4.470385052324819808e-02 -7.491704697009976543e-02 -7.452425020235813047e-02 -6.874811540695728584e-02 1.597196216075290331e-02 5.923729347959983543e-02 2.043167362084680888e-02 8.413913684413834582e-02 -2.910077752298761977e-02
2.792387210755430810e-02 -6.408209260609795677e-02 4.689289569725876849e-02 -1.307572156561168375e-01 1.430717665789525694e-01 -8.082609584900446453e-02 1.291189807003791656e-01 1.032819113528225530e-01 7.414909139956640804e-02 3.370376502342169178e-02 2.457416237117851857e-02 -8.332907790265595138e-02
-8.177974043558562667e-02 1.326742465070580024e-01 2.121183123718957744e-02 7.220122022544969709e-02 1.203014089882384341e-02 -1.549922024740103543e-01 -5.168304146514830083e-03 8.252750819150121708e-02 -3.212250110389986910e-03 -4.193856666060639948e-02 -4.619647964971605042e-02 3.257927090988287089e-03
-1.787152504266588046e-02 -4.385341839922875240e-02 7.564763384874426122e-03 1.157953819015680175e-01 -6.557109701327825876e-03 1.273052543817183857e-01 1.450452376370232055e-01 -7.546609353055991343e-02 3.277740988880006173e-02 -4.153543160244147631e-02 2.008254917282871824e-02 -3.961962004196932507e-02
3.080014472785226609e-02 5.609915621148027498e-02 -2.218070969889261168e-01 -1.755264477410796720e-01 1.774860810129688382e-01 6.489936866219297995e-02 -1.334295314553056444e-01 -1.316084404207825409e-01 5.632818756265363380e-02 -3.442080915179823730e-02 2.587239053557293528e-02 -1.382369481491191876e-01
3.691966534394487687e-02 -7.266184733450035960e-02 1.533085405591385619e-01 -7.207671902511104955e-02 -5.347568770992847109e-02 6.246352730477310045e-02 8.254456899687984128e-02 -1.018506032941807540e-02 8.000342781160053873e-02 -3.014421217851974422e-02 -9.547839493133253308e-02 5.926786432934630366e-02
-1.029959260334428750e-01 1.553116600356388086e-02 2.355229366631660277e-03 -9.956349952036615270e-02 -6.353405013657993650e-02 -6.293196670835927986e-02 7.988940936372215806e-02 3.512894618651811462e-02 -4.317447460667640791e-02 1.256090827888938222e-01 -3.682136897434878930e-02 -1.020311793593626365e-01
-7.939638560361612918e-02 -2.789107911081089089e-02 1.326248736621990498e-01 7.636687973757633197e-02 -3.789266030551329684e-02 -1.101153796598746543e-02 -1.439026971310695124e-01 -4.752911947394346248e-02 5.091412227764752219e-02 2.310447973574583994e-02 2.090732626158690183e-02 2.474637392674848280e-01
-4.282143015553289273e-02 8.923587327964618843e-02 -1.765594723344002595e-02 -5.194943785271198154e-04 -1.662118813525865699e-02 5.555123817527295171e-02 3.456409046291852860e-02 -6.032762199827033239e-02 5.546293479715143360e-02 7.838399317787375642e-02 -3.197608055864077908e-04 -8.806459786548088975e-02
-6.872524051573469794e-02 -5.203179760330231551e-03 7.239489342872909572e-02 -2.164677957531651459e-02 -5.615192230163346121e-02 2.991182431968094496e-02 -6.202823182781821987e-02 -6.845159631205949280e-02 1.012237613527595392e-01 -3.025679036293920515e-02 5.511177306539871701e-02 -3.993098112763236729e-02
9.157353382411095866e-03 -6.582030814671023522e-02 4.376168090348289685e-02 7.139249246486836786e-02 -1.290936244253644283e-01 -7.905523169540690231e-02 5.901077045775306174e-02 -1.770507785211564156e-01 -1.041889800699031948e-01 -4.966996670450669199e-02 -7.207334042960419906e-02 -5.191898470036253321e-03
-6.801611904710364032e-02 1.922514276060308669e-01 -2.798043064287344256e-02 3.507720814138647059e-02 6.388175110636830356e-02 -1.103366036473064360e-01 -7.677587253928788713e-02 1.815472229319559441e-02 5.235667365858263922e-02 2.238466241327238815e-02 -8.338351813179226135e-02 6.904193480292530882e-02
-3.376826792554232792e-02 -1.427602999195299628e-02 -3.727925726481731705e-02 1.138758163371310222e-01 1.073352818987241553e-01 1.059199066428795528e-02 7.572704341365868452e-02 -1.383021652455357631e-01 -2.211583726504507200e-02 1.891280862921558281e-01 2.229393452028715500e-02 1.126652293215077150e-01
1.686972941740852994e-01 4.176645530248992988e-02 2.592849262594446036e-02 -5.830178091507179361e-02 -1.308423115997000563e-01 3.788290540319443761e-02 -1.818239935438671628e-02 5.795186933879500901e-02 -4.515850464786900359e-02 3.693934435816792873e-04 -1.247218130566249555e-01 9.273287429469835585e-02
1.055053378569717759e-01 -9.229811332618711311e-03 -2.332439452303220005e-03 4.965635206551519132e-02 -1.091349265381629380e-01 -5.583506944527478338e-02 -3.440912051242207836e-02 -4.263241385977578624e-02 1.534007506350942851e-01 8.981059890030312909e-02 -4.727977815293034347e-02 -3.142035475013212065e-02
-8.973501686839224778e-02 -1.019055910842609075e-01 -5.668092728988877518e-03 6.083350933105829972e-02 3.420548741406411776e-03 -8.310974406495186262e-02 2.711788487866661351e-02 2.748957996325607570e-02 -4.360588603963539561e-02 1.664360431906363180e-01 -4.122956746491772406e-02 -1.045044131611591598e-01
-5.558873085653419366e-02 3.455105043161474376e-02 7.238090305617372877e-02 -3.685700175486185393e-02 1.307667974082077911e-01 -5.784521841614162496e-02 -2.519073783879177686e-02 -2.654462657852533353e-02 -5.666325367011255248e-02 5.134303404633506346e-02 -1.406207416011807099e-01 5.872571293403438739e-03
-5.176189065078307810e-02 -1.651515049747684927e-01 2.721516019803279368e-02 -4.615989200711910490e-02 2.477747150089114510e-03 5.231910467933764686e-02 -3.359657084946134162e-03 -3.665491760252935494e-02 3.382546570394324298e-02 4.805389688515027818e-02 -3.062082380400570417e-02 -3.366855522784339971e-02
8.800810040669942991e-02 -6.325869060163471017e-03 1.345983525131040359e-01 -4.211544404588060675e-02 -8.324718794029087321e-02 1.013143474437581265e-01 1.434992656435556402e-01 4.742907286039318993e-02 2.867975851706859591e-02 -6.015929646118354721e-03 1.326367495002184205e-01 4.395109475752877193e-02
8.124215844904175698e-02 -8.285180534305615352e-02 3.527197296086036216e-02 -5.108491986944083130e-02 -2.476726524383777994e-02 -1.889413116342265886e-02 1.554508758845764976e-02 -9.408737283002804874e-02 -1.474352658543744143e-01 -1.935255292052609488e-02 -5.161391858162594354e-03 -2.835503704721916568e-02
-5.194469003437025834e-02 4.072095601223230110e-02 4.864211834559090814e-02 2.026998242256975585e-02 -1.029353754361531786e-01 -6.439376414261619060e-03 -9.560093842321112922e-02 -1.097918762949996047e-01 -8.463862434074570507e-02 7.410074652934069139e-02 9.708466408273032366e-02 1.277248474133086953e-01
1.516362598507296489e-01 1.094437705270502326e-01 1.837638158425987378e-02 -1.165269081189820866e-01 5.131969162909524873e-02 -2.912630811621511051e-02 4.050323303485711679e-02 6.527690527088161887e-02 -2.962029281680094318e-03 -5.953742368914220068e-03 2.286686196026760376e-02 -3.514077806181933189e-02
-1.795707486725130891e-02 4.776465132037187311e-02 -4.233752433735728238e-02 -2.235549536666408058e-02 -7.806100349282102391e-02 3.077400692351861533e-02 -5.101598468823688448e-02 -9.720543804609156624e-02 -8.292760710157451309e-02 -2.465760337777048519e-02 3.137466798129617818e-02 -1.272431282200890967e-01
1.505441671907828405e-01 8.088833533568201908e-04 -1.028554531101068120e-01 -2.250335691710190870e-03 -9.783457139293197380e-02 -1.357362973072394063e-01 -1.634077152911747044e-01 3.754806321847704853e-02 -4.875239936692155052e-02 6.883732671275744064e-02 1.009959659658216380e-01 -3.838336268961248243e-02
1.795781470869645402e-01 -2.653933889552916037e-02 -5.589188979535950064e-02 -7.382234308309053306e-02 4.583444143362092049e-02 1.936450140264518727e-02 -7.161487953228221071e-02 -1.190858733314643786e-01 1.930917090734196040e-01 -7.013802927096425208e-03 -2.686137881143328687e-02 6.199724712337869453e-03
1.088993124789080086e-01 1.458307864648199503e-01 2.975816341930734299e-02 -3.140197713318670925e-02 -7.949089615139831588e-02 2.093155553440544797e-02 -6.334804420694094274e-02 -1.429964423763178116e-01 6.135202567859419920e-02 3.855816726402327976e-02 -1.309178810987534081e-01 -7.986302931943378702e-02
6.560505709448347100e-02 1.293112170058564880e-02 -1.973618155004733948e-02 1.337800429555641331e-02 2.441953435717814785e-02 4.849449244061374703e-02 -9.134655170167451516e-03 -2.926351305419971904e-02 8.415770853934941009e-02 1.277159560625948376e-01 -1.366549661246670710e-01 2.594601729857831662e-02
-5.901952486435559087e-02 1.623444276576517520e-02 -1.963597701080890823e-01 -1.700156379270218454e-01 1.035981455234554482e-01 -4.304313728570388631e-02 6.774425763301580861e-02 -4.091982917126521513e-02 2.862173044342474285e-02 -7.256766210751361412e-02 8.186055242332075654e-02 1.235791418305384193e-01
-2.879084380133670878e-02 -8.754999986004470547e-02 -3.054014125010687947e-02 -1.981997729724056887e-03 -4.396611300142608952e-02 -8.981115277242601724e-02 -5.334692708096367558e-02 -7.715720296017938851e-02 9.005278598933443013e-02 -5.620051841762606359e-02 2.073530182626719814e-02 -6.375640885472635966e-02
-1.604265060464608525e-02 1.001057578017338634e-01 -5.730253093442064238e-02 -4.709028890296121372e-02 5.746656779666156623e-02 -1.255260387226141833e-02 1.414545341779509247e-01 -2.441379769268109401e-02 -2.961916220472611549e-02 -3.188455100782706594e-03 -1.946931927360852632e-01 -1.260569078005029375e-01
-1.981403110461805311e-02 -1.044060513120829981e-01 -3.170995706468852926e-02 -2.548077794126617224e-02 7.935166248105136877e-02 -4.473161729095537220e-02 3.612649904416485175e-02 -1.631126520262010313e-02 6.795887731429398060e-02 3.169173586554071415e-02 -3.096200346926304692e-02 1.288606326926456935e-01
1.556909880437234994e-01 -1.289396501150730512e-01 1.278468675678093025e-01 -1.916550070286370325e-02 -2.644864477791649543e-02 5.299938860348472197e-02 -8.696611230924934655e-02 4.235336496550803909e-02 2.352155458172843633e-02 -1.776191442171061799e-02 1.650135002844638210e-01 -2.341789137805836973e-01
8.565515565874055881e-02 -5.854491379342036117e-02 -1.114094586689260008e-01 -6.569390538998477747e-02 -1.840150676362160009e-01 -1.496488236384778958e-01 3.225276171983321866e-02 6.948953421353415427e-02 -1.443938487312482755e-01 -5.533745403318236084e-02 7.465646926405025696e-02 5.485436274098213355e-02
-1.170619626121613549e-01 4.326446484704432605e-02 -7.959400621518114560e-02 6.574119029502098477e-03 1.207555146302459210e-03 1.009771162439967174e-01 6.510530611626673403e-02 9.532280502013693035e-02 2.317999169441579271e-02 -1.244344073880577217e-01 -1.134541724889238934e-01 1.039872210788896911e-01
-2.740869395505026590e-02 -7.324910954937395580e-02 6.042145649471182545e-02 -2.302200938755716297e-03 3.829490868770992623e-02 8.439673560859350943e-02 3.877966169103854582e-02 9.916398422899119769e-02 1.014105115980163119e-01 7.589630998516677662e-02 -2.234990493127141098e-02 6.865149386252275554e-02
-2.033597733939678659e-02 9.404859033869129858e-02 1.201762606298941438e-01 -3.237515970809849014e-02 -4.921463510767883076e-02 -1.171050286926772210e-01 5.839856691438824639e-03 -7.376068857180340110e-02 -1.279134514881860585e-01 -5.899765325056894466e-02 -3.854990766396620971e-02 7.165697659629238769e-02
-3.204043502415766798e-02 1.238609050466044914e-01 -1.570791994025388678e-03 6.784165927970705473e-03 -1.219516717124802946e-01 5.531490005493155428e-03 -1.029788577644249609e-01 1.409107039564356789e-01 6.132255534953360426e-02 5.565294587067538129e-02 -6.853504178280601933e-02 -7.045701370336168723e-02
1.302355722429587859e-01 -4.359668760504754881e-02 5.415362937238886454e-02 -2.520838439763491146e-02 5.601479130731812361e-02 -1.034580957157475584e-01 1.647292152328685422e-01 1.280879200660641759e-01 1.825374662414482388e-02 4.400839372570203301e-02 7.311117948627396390e-02 -7.896383851159018141e-02
-6.219674229943999988e-02 1.697004428015554955e-01 6.182615056556210048e-02 4.941279821858396426e-02 -7.558334730493117271e-02 1.211370199286511407e-01 8.356339219355579662e-02 -7.094902185569820774e-02 7.949621591965222445e-02 1.377817480267751931e-04 1.208636954498785651e-02 -5.734952783815512600e-02
-1.250061650008960426e-02 2.464991307141890797e-02 1.633029677750352793e-01 -2.688132145834116679e-03 6.703637408023152555e-02 -5.709513900147013613e-03 4.673782799357446144e-02 5.654301743521359530e-02 1.211521048391509259e-01 -7.453382012601253437e-02 -1.963642475970688028e-02 -2.205496642864493775e-02
-1.348336457375720054e-01 5.768127457946623654e-02 1.651872334812827872e-02 1.276749091119768476e-01 -2.588127932860759955e-02 2.896439354555313539e-02 2.975270089029966730e-02 3.614987054069461470e-02 -2.017102304545881700e-02 -3.508472329403850010e-02 4.470316533824030339e-03 2.562475386056132023e-02
-5.521656248378224024e-02 -3.606082308389589597e-02 4.024177378295635404e-02 1.292521636032300039e-02 1.119967721172016317e-01 2.324300394618443802e-02 5.017744611395309057e-02 -1.322070434274365547e-01 -6.031200178242560744e-02 1.520427412046697901e-01 -1.294813874393094810e-01 -5.870638472822826970e-02
-9.711249266700006100e-02 -1.050682359823194023e-01 5.279672436157224064e-02 5.746738569755573817e-03 -3.252967033738497771e-02 3.926249257903484391e-02 1.061913146442488715e-01 6.976923601130059771e-02 -3.334056532185389332e-02 7.468966077546174143e-02 2.552483675763405485e-02 4.945401958985060076e-02
-3.006410190108521965e-02 -1.346789631449574753e-01 -3.190917057732286372e-02 3.758515343040209206e-02 1.426275332984744959e-01 2.964703776790224288e-02 -4.793448714040900172e-02 2.286606570029119656e-01 1.294777939285132740e-01 -1.732207923346279575e-03 -3.412514385786474119e-02 -2.545279126623207003e-02
-5.468780188601858605e-02 9.270694361208683953e-03 -9.599223845048407422e-02 -1.147834682267919182e-01 -8.143273602780216891e-02 -5.996187236375948026e-02 1.001600708260722353e-02 4.260648622476683606e-03 -3.844441960566461619e-02 -2.138891682504181491e-01 3.748370876126169704e-02 -2.791115425962796895e-02
1.364136530478326365e-02 9.985730896783518926e-03 -1.244962469661285362e-02 3.597687344780024776e-02 -3.604450598974548448e-02 -4.527475420899923497e-02 1.407028976952312029e-02 -7.491860347744200288e-02 -2.846810004583184145e-02 1.086394894652594617e-02 -3.833365670527819763e-02 1.023394074998861952e-01
9.025600449621605514e-03 6.529587006626616508e-02 1.436010870292343984e-02 2.253054456225100088e-01 9.777165738368853720e-02 2.806729880808376404e-02 5.730428967517561811e-02 7.113331923362470333e-02 1.594209442046527064e-02 -5.890499603059996814e-02 -1.921324603962451250e-01 4.822198738215847935e-02
4.951548325772989201e-02 5.422811175366411274e-02 -4.642896507561648095e-02 -2.879234433050464198e-02 -1.725103433166955691e-01 3.560481283586756918e-02 1.145905930348642063e-02 -1.075410720630987638e-01 -1.240090028681494275e-02 3.290634286696029337e-02 -4.337082342638138438e-02 7.180948767586647907e-02
-1.980142714226097028e-02 9.188768673381262145e-03 9.436547473284850537e-03 1.237750865609311413e-01 -9.109061259973871838e-02 1.453704697727641881e-01 5.989470070060502749e-03 8.613905133307458994e-02 6.773365435121657396e-02 -4.591554029569712425e-02 6.506804918360717394e-02 -3.373729831769451716e-03
-3.761262955527416851e-02 5.089387491337888508e-02 -3.748635770381164578e-02 5.044236896264964881e-02 7.285008504205550683e-02 -6.455740946924523604e-02 -3.942985721877374783e-02 -2.003887431181416989e-02 -7.950212609451520751e-02 -1.487633245481306474e-02 1.013729852371589302e-01 -3.438782599358648773e-02
1.611699402497966394e-01 -1.075164601443317769e-01 1.312942656297224064e-01 -8.922209023905487354e-03 -1.076867199536919173e-01 -1.600566564523354246e-02 7.939195373999469174e-02 4.634967065752207405e-02 4.289300035379108034e-02 1.263532763564277905e-01 1.120389479245749442e-01 -1.262595405769535162e-01
4.582932894582396333e-02 -5.786342539596510404e-02 4.336733222853606656e-02 -1.061330237201677656e-02 -5.976247800500370660e-02 -1.457475312387336297e-01 6.866287619404279341e-02 2.029009522605747934e-02 -4.156333049018112041e-02 7.712515412519618807e-02 -6.332726402005744992e-02 -6.061006710292099475e-02
-8.055619783043911630e-02 -4.624278939534261224e-02 -5.710885241096064213e-02 2.657468320072487247e-02 1.201502068611464830e-01 2.268816376927765624e-02 4.846916757042771251e-02 -2.104202053311002296e-02 4.503995560477750543e-02 -5.848144374514769456e-02 -1.997520813177862311e-03 -8.724055935514242466e-02
1.765849500494863777e-01 8.851976400490510488e-02 -1.373827499861784152e-01 -5.927643492216941312e-02 6.908284631617929439e-02 -6.341511406202056389e-02 5.750662788365835942e-02 2.259174742122923435e-02 1.754967733820177005e-03 -6.040693503838427333e-03 -2.075419573208997503e-02 -8.124417525391135209e-02
-1.470735583540444188e-02 1.353358322046691320e-01 6.759276548855226718e-02 1.273047180598735340e-01 -1.645378322447881847e-01 -1.345975684769821490e-01 -1.213855322785893087e-01 -2.363321985796816571e-02 5.256891732438311905e-03 9.766150941686911960e-03 7.025988045526433690e-03 3.906498471395254690e-02
9.020571163493121269e-02 -5.827767807021273783e-02 4.017722895817133627e-02 1.508657344047567572e-01 8.862238935473092799e-03 6.422764777879081538e-03 5.809604480507936722e-03 1.365023839508380799e-01 7.174870488809514946e-02 -3.835767595999366869e-02 -5.445082698632992130e-02 8.888230659709839276e-03
-5.906729999244236806e-02 -2.054580035333691476e-02 -8.666138659585427388e-04 -3.865555587182325560e-04 -5.862162618116180390e-02 8.048542249245345392e-02 1.286007680731220404e-01 -4.430714870208210532e-02 -2.155267658601286301e-02 1.691136738364861641e-02 1.245482974883265759e-01 -1.917705662973889225e-01
1.377601362614015203e-02 -2.697156273629458534e-02 9.696035930760793509e-02 -3.319665852106465104e-03 -7.076552258123233741e-02 2.282959717457717225e-02 4.959805130881045354e-02 -4.072556381100726069e-02 9.099975100662696659e-02 -1.201785616377244598e-01 9.319682310267773939e-02 -9.563148586152003805e-02
4.062406974190557740e-02 -1.531539275801839864e-02 8.776765136872383133e-02 -6.952838895074928138e-02 7.417087139550193609e-02 8.296807337659242720e-02 3.525463921025583092e-02 -5.533779388032906282e-02 8.122549191074528163e-02 2.391725989899790017e-02 -1.056192397966096153e-01 -1.474560545968263692e-01
-3.772744512175150999e-02 9.327326867724711201e-02 1.492641628220947592e-02 -2.227814284869849334e-03 -1.035688756986471656e-02 5.154884641952261516e-03 -1.063369558003650212e-01 -6.938934952214681484e-02 1.106289082050946893e-01 4.840589163978691045e-02 4.072817150417705478e-02 -1.142122199592331550e-01
1.322372865777975970e-01 1.392656454588022952e-01 1.829422012137784104e-01 -1.434475032284671277e-02 1.158629525769215296e-01 5.053821003413950380e-02 -6.686663659461011822e-02 -1.761737144275845879e-01 2.384922483834017726e-01 -5.637879751503942563e-03 -4.547472181947496278e-02 1.421321364720281033e-01
-6.327122619713018703e-02 -7.293557391240232390e-02 -9.794473214949767081e-02 2.283547790798782021e-02 -2.651898293035615493e-03 3.445538973217990297e-03 -2.307554347119789365e-02 4.328259407332408354e-02 -1.391362556852494547e-01 1.305952931072092427e-01 -4.034697613892208184e-02 -1.959403342483765353e-01
7.776051731902415554e-02 2.358576672223709064e-02 -1.331132331923554901e-01 -6.990799385219764739e-02 9.165956212961665073e-02 3.403704860995377876e-04 -2.162687898758383631e-02 -3.090689489461755091e-02 8.660442640216198251e-02 -5.711805692304790238e-02 5.132600789359702265e-02 1.962210067054224842e-03
-2.096577941847913573e-01 7.636936707747675121e-03 4.493219321690154061e-02 4.899231948645408480e-02 -5.007493836470985372e-03 -7.260360549577392700e-03 7.685481046688912021e-02 -2.105838167365250285e-02 -8.319342882070956957e-02 -4.274384448034500295e-02 -1.703097333314640971e-01 1.733210428518170421e-01
-3.910048463502829169e-02 -9.384499621968361849e-02 3.147919675238039505e-02 4.178922116537005238e-02 4.985620380301461485e-02 -4.988106149102679299e-02 8.491884675578362240e-02 6.895131803754636635e-02 -1.706910315135402867e-01 -6.613605948585579708e-02 4.090406612103626716e-02 -3.005564834551167214e-02
-8.457142205445374039e-02 1.571900583191873924e-01 -5.479144591788179253e-02 9.382578137895930537e-02 7.865583510251379640e-02 5.964293815988673531e-02 -7.017293361302862076e-02 4.042136797455837469e-03 1.415091821020441343e-01 1.516011411835244474e-02 8.236150041593484628e-02 -8.846345467916424954e-02
-2.825835615032887965e-02 2.464515187297961277e-02 4.964800967837827705e-02 3.109237516934090090e-02 -4.117074721595784942e-02 6.430901343181152918e-02 -8.446564164051731383e-02 5.875762626362537877e-03 -2.460693620065501630e-02 -4.684265431629180965e-02 1.225836258023341521e-02 8.899715898075136189e-02
-8.766953889122519605e-03 2.407287084083929718e-02 5.932696683264232496e-02 1.500308688486830591e-02 -4.045642313372870003e-02 -1.146209469228461897e-01 -8.657328860872373633e-02 -2.317082670932528801e-02 1.347629341358497768e-01 1.800866185303827138e-01 -1.326426186909214211e-01 4.571532742671376159e-02
-1.410827078894080489e-01 8.843446490073564314e-02 -1.951675762000323194e-02 -1.023195102826129355e-01 -1.868357468891608808e-01 -1.009160674308397579e-02 9.018591462174577189e-02 2.783798817282290630e-02 -9.386954389397592080e-02 -3.901592148928291481e-02 6.888084433111865690e-02 -1.631446394651693277e-01
2.547406317561533295e-02 9.102660736149638387e-02 -1.247615153061287264e-02 -8.959667012856456503e-03 -9.845096953802406903e-02 1.219657721885945845e-01 -1.222831627103564134e-01 -7.693602246187318527e-02 9.005005555595210634e-04 -2.625406173809157612e-02 -8.000130977134302379e-02 3.371791963179359558e-02
-1.555238924887571844e-02 1.206809681899351921e-01 1.415145985400942941e-01 3.417693292470078137e-02 -1.612493742299829502e-02 -7.024356072547492669e-02 -9.471156505604362563e-02 -7.975559734021421543e-02 -2.852407723740198360e-03 -1.401819199497207902e-01 1.013057727115807688e-01 -3.999350062963429042e-02
4.500935760368993815e-02 1.790626878291382840e-01 -1.640750403824001516e-02 -2.630018711577392435e-02 -6.593073396756550519e-02 9.519067954033957933e-04 -1.506241119802638750e-01 -4.632246986241542880e-02 -2.570378355059876906e-04 -1.432097426883514359e-02 -7.781000442019465890e-03 3.560894472071916839e-02
3.092611468595889840e-02 6.976760124023566323e-02 2.158209690786733193e-02 1.053651484991012521e-01 -1.134318456028268890e-01 1.178936556425679884e-02 -6.162304335811248646e-02 -7.597827466728015317e-03 1.090336757817050028e-01 -3.284863495711426440e-02 -5.066404383385510191e-02 6.070562955036699210e-02
-2.117662094857234237e-02 -1.887421149222489464e-02 -3.603371546085829685e-02 -9.673714291118160752e-03 -4.381019459009054262e-02 9.566193906053890861e-02 -1.655899066639526518e-01 6.489359353902154903e-02 -1.015718919355093341e-01 3.807846893614622030e-02 1.362387575222629155e-01 1.202650432470352051e-03
-3.136227935868605987e-02 2.129071584946752929e-02 3.453902386893412113e-02 -9.731538217728766260e-02 5.465570708265822530e-02 -9.703215646951429685e-02 -2.415802606213415527e-01 1.962267881917351478e-02 -8.144174492186728731e-02 5.272342265581609483e-02 1.320642433899260788e-02 5.799566168249665338e-02
2.214920232362486974e-02 4.305244808099820131e-02 -2.570267030395102098e-02 -1.886943776671902440e-02 5.365915184104400049e-02 -1.958286274346252367e-02 6.753837652761056354e-02 -4.511589298002030568e-02 -4.597629711352281545e-02 7.900787508606837983e-02 -5.317171299406054513e-02 1.088918262340310417e-03
1.018250475483023498e-02 6.952950337481048071e-02 -9.730770237952128185e-03 -1.805222153881832770e-01 1.689721900345811101e-01 1.157988487381200748e-02 1.703784657281587345e-01 6.991221571050316996e-02 -8.599985737788991280e-02 -5.286390440868266039e-02 1.591174850112701822e-01 -1.736611245954704785e-01
5.980890106616218449e-02 -5.780888482989873789e-02 -8.657400955339886184e-02 -1.742708997516424080e-02 1.147334598245564746e-02 4.476736090799254657e-03 -1.835042586934998443e-02 1.152342064240601850e-02 8.652752279003082022e-04 -4.978346764643203082e-02 -9.191898658099756370e-02 -7.017314063744069241e-02
-4.348888596539366574e-02 -1.577415626854344610e-01 9.148087617687568340e-02 -2.173578266647532564e-01 2.516283960872591208e-01 -5.907161385182758268e-02 9.712484295935187861e-02 5.823781022240488020e-02 -4.221454136501843953e-05 -1.129771682446513853e-01 7.067069527679711860e-02 4.713145443621511582e-02
-3.489016766564506655e-02 -1.165915150047890647e-01 1.321259007360676974e-01 1.692045472101512057e-02 -9.724393211167423404e-03 9.380978482251826900e-03 1.137871495253816728e-01 -1.102888609699174266e-01 -4.055913756590241726e-02 -9.080099133782600779e-03 1.371463994075015069e-01 1.136180649241762680e-01
1.307940155218849099e-01 7.187235451437978817e-02 1.774154704520681603e-03 -8.049107363376005464e-02 -4.986148132551788958e-02 -6.404554403999269951e-02 -1.150146111069112465e-01 1.501479367854633151e-01 -9.092859685517815094e-02 -2.204939860571659693e-01 4.798221893733193438e-02 -3.744175237109853560e-02
-9.083794516934319552e-02 6.358595825564836851e-03 -7.118811038029179694e-02 -8.968582710957725967e-03 -3.708036767743976003e-02 4.214759421025538605e-02 -6.905061402077232457e-02 1.426465482826642581e-02 -1.052871741840404919e-02 -2.012506211314951943e-01 -8.341707414322280245e-02 1.319821164731883878e-01
