8.959909865178491417e-01 -1.204605037157364111e-01 -2.644398884524692406e-01 4.069801156768498296e-01 -1.200350746464393659e+00 -9.725876682003280205e-02 -5.997843319807041190e-02 -1.315092127904980979e+00 1.337506823902066266e-01 -1.342669927939611207e-01 1.109220720984979591e+00 4.384006612821564897e-01
-2.418801446544929512e-01 1.932247080775209680e+00 -1.385599252219857705e-02 1.066164898482010237e+00 -1.654548011933530738e+00 1.031863751166358201e+00 6.794465021572682062e-01 -1.645485073893645234e-01 -9.291581925993902535e-02 6.037352346769400135e-01 -1.232636031279833455e+00 -3.943726528469789216e-01
7.131404795480802417e-01 6.214778093637383094e-01 -1.625534533067527931e+00 -3.672638559854438434e+00 4.572907836621831756e-01 6.155309972529706686e-01 -4.694137355559130920e-01 9.405712024710607966e-02 2.341176891111007297e-01 4.637093548368939055e-01 -9.937231525334090654e-02 1.525512540830293029e-01
-4.755542748304081996e-02 -1.009112111773940113e+00 1.043368423284710689e+00 -1.562186714419833811e+00 5.852601742312231181e-01 -4.557612335360641809e-01 3.609927531716171090e-01 1.881839093261178153e+00 -1.350070355900890862e+00 -8.344131127756075905e-01 -1.491145051288395029e+00 -3.839879135255868103e-01
8.613121146813750295e-01 1.542533068839894606e+00 -2.602294600834017396e-02 6.499945150464988552e-01 1.687560103083433072e+00 8.896888932610250711e-01 6.104795377252763000e-01 -1.360666423738813968e+00 2.105711809319488204e+00 7.506565843601401555e-01 1.251129203551128777e+00 -3.881826621084690232e-01
-6.691822562952932929e-02 1.333169351303729600e-01 -2.438292648745645219e-01 -1.525532280225360360e+00 -1.006283163678041603e+00 -7.806401687804378486e-01 1.254047948807977819e-01 2.344767367159690807e-01 1.565963973616521399e+00 4.553477519384757644e-01 -3.180852962444041809e-01 7.899066586679706070e-01
9.566506657724868079e-01 -2.571822628242631525e-01 6.923058982392655825e-01 3.982337183863068342e-01 5.907797434901659317e-01 -1.134704498572101788e-01 -1.499155421462598226e-01 3.658709383077431432e-01 7.910619546736376018e-01 -9.142712078845853796e-01 2.984025225611942611e-01 -2.721592820020435899e-01
-2.229745582633123391e+00 -1.988857631066233977e-01 -3.227617356468787668e-01 3.934343389985593964e-01 -5.114903594123016983e-01 6.787184129185224180e-01 -1.501714194933727320e-01 7.700743377487749564e-02 -2.007947288252579232e-01 1.513371838936486524e+00 4.110947319270336076e-01 1.224609863145195376e+00
-7.562702654978189498e-01 -2.071517917984894430e-01 6.378709014766674734e-01 1.044440053591835449e+00 -1.571679832391962073e+00 -2.032201360572212165e-02 1.062165581700877270e+00 1.911047304894488041e+00 -5.453045714524467485e-02 5.157415986033728750e-01 -1.200755362725493658e+00 -2.068120778328531861e-01
-1.808962202364215122e+00 -9.142128196615464941e-02 -9.815745573567826732e-01 -1.221952532841847905e+00 9.593389896508033865e-02 5.598101379004830624e-01 1.176078900851806608e-01 6.255910351958734461e-01 7.061499676289221261e-01 1.737293778762230012e+00 1.234753297125565474e+00 -1.022144552407900475e+00
4.175793395954873199e-01 8.494033469448805107e-01 5.866999052548772520e-01 -3.839493543436114931e-01 -2.772225481917704459e-01 5.645286603325767594e-01 -6.872540605600725439e-01 3.661094946327327349e-01 1.471185208390859978e-01 -8.120705727517778527e-01 -2.555524289048866082e-01 6.291115426592637228e-01
-1.108584195564273900e+00 -9.335884952426759531e-02 -1.475295688848198283e+00 3.732063445884242214e-01 4.816160201530451934e-02 4.489151005030142527e-01 9.525358051709673646e-01 4.710078305697101841e-01 4.231470564571340187e-01 1.532020872756427510e+00 1.935567676054454622e-01 -1.235005572482758440e+00
2.687886864399160469e-01 -1.112600228361754873e+00 -9.420196049440165975e-01 -1.176927649739658299e-01 1.154069693128785934e+00 -6.650959590192072612e-01 2.461382598876409311e+00 1.234541680923194606e+00 1.972036987189975388e-01 -3.516654165659151565e-01 -1.628721333257582060e+00 1.844891217215240409e-01
9.798527461457555710e-01 -1.372120569313992899e-01 9.726341428205874384e-02 -5.243562559495399400e-01 -1.742565941239337723e+00 8.428802562587989211e-01 2.359083315635492450e+00 -4.007733757625422388e-01 -3.751983048342836247e-01 -1.032551495368118355e-02 2.936569190249918027e-01 -5.512215735895440449e-01
-2.328367274506184526e-01 1.502829765594012879e-01 -7.717409817529335969e-02 -1.193431453661706776e+00 1.097291242154534885e+00 -9.063958124742144129e-01 -3.386849519822430210e-01 1.462449725176914628e+00 5.326789052041919909e-02 -1.100138945174856074e-02 1.505493548760889810e+00 1.244520006099790521e+00
2.524579142048918312e-01 2.205100634164741114e-01 -1.126778168145927128e-01 1.206578731655810088e+00 -3.089815638671573050e-01 -1.288453344815579715e+00 -6.784976913365559081e-01 1.576208882946305456e+00 -3.382004218718817068e-01 6.183505533121689268e-01 -5.594455659928306845e-01 2.583028940288803366e+00
1.512290476061607825e+00 -5.937073775906410722e-01 -2.113834583162692127e+00 -8.080712328477990258e-01 1.237948369934609660e+00 -7.087238649877154462e-01 8.446589055160373949e-01 -3.861041851124498714e-01 6.722325740477236300e-01 -6.913706700046265974e-01 -5.114563712485582503e-01 -5.794989207156866495e-01
-1.889497561450814711e-01 8.293800695426561953e-01 -1.242321398118560349e+00 -4.092675870286409112e-01 -4.917800727240531633e-01 -1.378543471307193957e-01 -7.214138929631825903e-01 2.118902053189438695e-01 5.349939039545843489e-01 1.361748595789284144e-01 1.343402226047063719e+00 -2.671035678473403507e-01
3.935226177520245172e-01 -9.203834859035381344e-01 6.739328693651456259e-01 -9.690502885653831111e-01 8.427490982932940300e-01 -1.191455739484849508e+00 -5.041313873099279030e-01 -5.340579686297307338e-02 -7.711833794562283906e-01 -6.416833084784114849e-01 2.135665535394489292e-03 5.067702937875905311e-01
6.030556635501055363e-01 2.588006484646728222e-01 6.784532600393100576e-01 1.351011836180047165e+00 -5.797895933187243722e-01 2.314272664568589599e-01 2.716197961742402023e-01 -1.021304823706995046e+00 9.138397116656512553e-01 -3.897327171874027940e-02 2.037758347384539259e-01 2.169005487309292879e-01
-7.187958188319492070e-01 6.484262532120024236e-01 -8.468148667663523144e-01 -4.342908825245738735e-01 -1.252302429442551546e+00 8.245241122843648407e-01 -2.016733155022948587e+00 9.157630768369396934e-01 -2.845428563125064758e-01 -3.291777856311042250e-01 -1.189993385416521443e+00 -9.072039591112091017e-01
1.534853114001063536e-02 -1.608568751415386799e+00 6.478114891932444941e-01 -7.375859800508747198e-03 -3.661754129018114368e-01 4.214223284177580631e-01 2.939032465969278474e-01 -5.158033835933165667e-01 -2.186501236365955003e-01 2.864410163786544894e-01 2.432927258490796274e-01 -6.194463857050914735e-01
1.089685061488291140e+00 -1.208524658179556815e-01 4.493887715770864683e-02 -4.262863112412051958e-01 1.540027859375505015e+00 -1.172537124076843407e+00 1.071282066641460196e+00 6.264973053961542249e-01 -4.904333275473989895e-01 -1.982330469949689311e+00 2.652374013079616399e-01 3.875473660874632076e-01
-4.426911118134292666e-02 3.512962630050839863e-01 -2.395446250145319145e-01 -5.848060221017369331e-01 -9.985340011221919276e-01 -1.802024659962406128e+00 -4.540307189489211082e-01 9.806778112326856034e-01 -1.330261206340003888e+00 -5.685176314029652955e-01 -8.314612747735455889e-01 1.200806157301822497e+00
-1.192171798360689650e+00 -4.010601794965742983e-01 2.587957436128687783e-01 -8.805248911047791616e-01 1.205897587648380176e+00 2.430300232845752084e-01 4.113671494663636574e-01 2.235610863025286055e-01 -1.643476707599222264e+00 1.515539305586619090e+00 -1.052242994344736005e+00 -5.988059029188735893e-02
1.824695025503032505e-03 8.918346883764577404e-01 -1.548496297616542838e+00 -1.864184466926201988e-01 -1.500162454725471717e+00 8.928581202044943987e-01 2.550692609289623713e-01 -2.214613293688647289e-01 -1.033410353048058949e+00 3.234542223725045962e-01 -1.809301155417840368e-01 3.005638516474068989e-01
-4.674757408247932067e-01 1.023084540312384494e-01 2.825000176494282117e-02 3.640434683142636518e-01 -1.125875974200520435e+00 1.715727028725538839e+00 -7.764385930688473547e-02 -1.065352912248337169e+00 -2.181361986149353283e-01 -1.149583605591224938e-01 -2.132359636497189737e-01 -8.960662882016344477e-02
-5.043995264720126936e-01 -1.366941978601436403e-01 2.441987930707131549e-01 1.431297536050680330e+00 1.345074343615490498e-01 5.154879845082794843e-01 1.176389925982503221e-01 -7.566091309782507768e-01 -8.624291180476634233e-01 -7.965555415927826344e-01 -2.193925814177108136e-01 -2.244639943345791422e-01
1.354217495098322399e-01 1.210859034398117373e+00 -2.975366630447681682e-01 4.354550499512557793e-01 -1.687607206036193797e-01 2.232901521170795878e+00 4.585148548498892418e-01 -1.048154199963336586e+00 5.088339163993190750e-01 -7.139426949987698334e-01 -8.169593387205575929e-01 -1.567823007789709844e-01
1.315912409507371816e-01 2.005145419306973431e-01 9.564230805999823781e-01 -5.094123074232783654e-01 -4.738027030033146736e-01 2.534066066660916605e-01 3.061796172963956453e-01 4.415796054280588523e-01 9.537955110695250927e-02 -5.248916436924551121e-01 -1.255908125462596447e-01 8.206009178245098068e-02
-9.371945927684964539e-02 -2.037951211356540115e-01 -5.394544867887506312e-01 -4.019857665762445187e-01 2.172183093756275551e-01 -1.064272418996594499e-01 3.760146089513432544e-01 -1.190546634379671537e-01 7.590584925906578295e-01 -5.244577868609258120e-01 -6.674358096500982995e-01 -2.295271837073686316e-01
