1.987785190712391403e-01 -2.520696962313531686e-02 1.677609336112882155e-01 2.169913279063198364e-01 1.793173336502975612e-01 -2.695045836019835384e-01 1.313245336187558177e-01 2.438477220527532352e-01 2.742518058409794679e-01 -1.345766049079266148e-02 -4.056444948282504626e-02 1.920043400751541562e-01
2.007572289286479739e-01 -1.114631115680718293e-01 1.687001756788354123e-01 2.922527998807149530e-01 2.957361767330276558e-01 -2.330661391368507585e-01 2.866356215043405764e-01 1.481791130444242155e-01 2.799960935618702185e-01 -4.164662865680401893e-02 5.150300178403414975e-02 1.913606907132796575e-01
2.902063697090587757e-01 -9.554557812366111513e-02 2.208814008787244043e-01 1.520885343639017673e-01 2.158563060144047530e-01 -8.772005582670788781e-02 2.416222378892754763e-01 -2.161682999269332051e-02 3.642562208214794595e-02 -3.464772792404479662e-01 8.654519913912728235e-02 1.508243462297592097e-01
2.552780312374939298e-01 3.942224335304877342e-02 3.656715754335756463e-01 1.595377896774752002e-01 2.433522274189006129e-01 -1.991179695262891292e-01 2.322524440997699446e-01 -2.081779831788856810e-02 2.967779765439790274e-01 -5.950358615321355059e-04 -1.252790015210858698e-01 8.437255697488434125e-02
2.459455627762371227e-02 -3.072482238587682934e-02 2.055337891348517909e-01 1.280249451746973410e-01 2.992173693318139760e-01 -1.950798403395242464e-01 1.872430669872508779e-01 -1.090411245914118255e-01 9.159793102663796316e-02 3.260936374339785167e-03 -1.005763226537460808e-01 1.947859238907821977e-01
1.244189656818317086e-01 -1.129166689936240281e-02 1.873750172303016714e-01 1.747935787016949571e-01 1.484209452236399385e-01 -2.453498966376406812e-02 2.042938349199687476e-01 1.184316475144341352e-01 -7.975746772629160875e-02 -2.365882212389101014e-01 4.071571876489910036e-02 6.733504989840753685e-02
2.949920857253633677e-02 -2.753464052841715637e-02 1.162461516947089907e-01 1.496505956124865866e-01 1.576665451462074818e-01 -3.065818301969199244e-01 3.317574058086622535e-01 -1.265196740470949099e-01 8.299014023122852635e-02 -1.576056330419607354e-01 8.394123617027518525e-02 1.951483187545418052e-01
1.475157805387209697e-01 -6.129256628414407604e-02 1.815455712610560546e-01 1.348985968293811288e-01 1.343055173860367435e-01 -2.247241534147288999e-01 9.542611253072293132e-02 5.486512384455045216e-02 1.158059469892920579e-01 -2.871297551307748219e-01 9.266797605695437090e-02 1.185155278108255134e-01
1.833319203651629647e-01 -1.236041928468575718e-01 2.708402681706413295e-01 8.695039374287222636e-03 3.200626065580991497e-01 -1.691926536253305358e-01 -1.165398319798255714e-02 -9.352997701810739084e-02 9.887792065212017145e-02 -1.218946228120249692e-01 1.004286636468689209e-01 2.201657992508910811e-01
3.115373553283334873e-01 -6.147755069699615410e-02 3.258718744867507011e-01 1.497125487842339286e-01 1.207793963798111103e-01 -1.605298221164766156e-02 2.941916472298782836e-01 -2.257331222283419370e-02 2.251875614359606370e-01 -3.112404767853556575e-01 2.515995261949310544e-02 1.482841434611655296e-01
2.434501075880945303e-02 -1.903383067644210669e-01 3.871917343564705849e-01 2.081031481545380368e-01 1.776100872404449138e-01 -6.129144706027173789e-02 1.623145482688787278e-01 1.391375822679031260e-01 5.164428983445583377e-02 -1.554743017026088969e-01 -1.950578161324763651e-02 1.290789533735332562e-01
1.225746497149941133e-01 -6.645658555400475731e-02 1.283850254557233062e-01 1.608165607743677616e-01 1.867184264131454552e-01 -1.856199364961713671e-01 8.730910776785695548e-02 1.110451280263250462e-01 2.450785938990669988e-01 -6.045915678944215055e-02 3.583858647530312191e-02 1.546640557492564953e-02
3.222843604244720606e-01 -1.378213477139138970e-02 3.156280811055740543e-01 1.283004833772899145e-01 1.479783449587928346e-01 -2.946478121966979447e-01 7.895864983005705662e-02 8.930842418134338212e-02 1.724036529852638333e-01 -3.037285704666131125e-01 4.083674044233090439e-02 1.653982086754140490e-01
2.911022544151466995e-01 -1.215748269394973519e-01 2.282275547969322138e-01 5.644709297604249415e-02 1.254628138816039351e-01 -1.492886762571424275e-01 2.549209160503518867e-01 -2.250855765433960182e-02 2.598617133228118825e-01 -1.081838636969112560e-01 3.325080277116292116e-02 1.479906018165173531e-01
1.758441970531041953e-01 -1.027262309026208548e-01 1.580495158398103894e-01 1.473174178463052819e-01 2.501207432979701273e-01 -8.843701281680563242e-02 2.057915835695237894e-01 -7.179910628619082247e-02 1.788873225476023676e-01 -2.263442630523537225e-01 1.273947836790257637e-01 1.832072581799625843e-01
3.356057455460143002e-01 -1.762883993939924065e-01 4.639569321695263815e-01 2.849557993107251219e-01 1.623702764291595213e-01 -2.174607903504885420e-01 1.353539280559404867e-01 7.051077195140553755e-02 2.285285100452826290e-01 -5.347600748698892736e-02 1.055059356118135672e-01 -5.492734524583091360e-02
2.241936248719022251e-01 -8.306116041498244618e-02 2.111454842454371372e-01 2.207798407008669528e-01 1.309221310454149467e-01 -1.392034108334019860e-01 1.909032904661387142e-01 8.773065526118559165e-02 1.405475335029057748e-01 -1.283976282773437450e-01 1.857217746301759453e-01 1.369950585933387144e-01
2.211429817026397127e-01 1.015526092282793419e-01 1.052817571543214620e-01 6.427846576482497409e-02 1.622645946292985975e-01 -7.089658010874094751e-02 1.628682090564391449e-01 -3.604602276110110276e-02 1.119209612610019833e-01 -2.088224967703322665e-01 5.668054192678143033e-02 9.497987424491259600e-02
1.007475275964996447e-01 -9.773027498536684260e-03 2.465835062605753192e-01 1.492001873908312681e-01 -3.758186803858212365e-03 -2.371635139945062476e-01 2.017763002852838994e-01 2.573360018091145479e-02 3.049939499397072429e-01 -1.242053010732925428e-01 1.895266918091418062e-01 4.380568564071186943e-02
1.874911843579702697e-01 -2.196554724700350014e-01 2.404018068257476048e-01 3.668954522380213357e-01 1.968972928485285823e-01 -9.490539016936877514e-02 2.258248071523275835e-01 -3.375742381210052739e-02 2.612529509628801483e-01 -6.065073311388083366e-02 2.340094818189094802e-02 2.517247389481975794e-01
2.706276735615457119e-01 8.338890147606230208e-02 1.621228259621846635e-01 1.677088764977023583e-01 2.276060208821576447e-01 -6.637562302955965499e-02 1.004330988442222045e-01 1.026479475275518527e-02 2.681255502648721145e-01 -2.008169438125949613e-01 6.197941573562136541e-02 2.403748789443058836e-02
1.474824314375754175e-01 -1.060025941094018959e-01 1.895379274997713581e-01 1.652420001595678312e-01 1.145129845552450287e-01 -3.073752782894366153e-01 2.837336318136022828e-01 -1.060926507800306375e-03 2.067225951612503554e-01 -2.513428013761667135e-01 1.068880294910697082e-01 2.610972339137133946e-02
3.326890014744261492e-01 -4.843025583081925906e-02 2.158817818205257810e-01 4.868241263233129973e-02 2.486200320716098200e-01 -1.460220099243722536e-01 1.245722423428116538e-01 5.210518863098304726e-02 1.807600803279948432e-01 -1.699548685802722003e-01 6.523500351547463494e-02 2.855570329616206604e-01
2.144946063087802834e-01 -9.418764536141278898e-02 1.524682032426242506e-01 1.095535375352617996e-01 2.550177260166124338e-01 -5.578610385294927726e-02 1.896354224826449497e-01 6.144147017693300100e-02 2.761774395154233397e-01 -1.511072441258832222e-01 2.844933816013537134e-02 1.465204649368929447e-02
2.755218570618024332e-01 -9.897094465931295659e-02 2.418597569158046079e-01 1.406764279854969824e-01 1.322396447867533742e-01 2.657053681558955646e-02 1.805764413019611825e-01 9.945979204689556208e-02 -4.181928011349447805e-02 -4.420557234766814281e-02 6.696470536626358827e-02 1.667308124438526828e-01
3.811819970221164144e-01 8.318630793233976195e-02 2.325724382189681416e-01 2.160081683997488733e-01 1.293282833745539595e-01 -2.848762497136113070e-01 2.714604523603533770e-01 4.680241888960150892e-02 2.290279217112644039e-01 -9.360921791731173502e-02 4.331609884704837321e-02 1.064799299423970086e-01
3.110958847484749379e-01 -1.091929541374270091e-01 1.362810544724637751e-01 2.654712304658869426e-01 2.315033256080660795e-01 1.817215891575452505e-02 2.636994673937310130e-01 -5.710888378596985088e-02 1.582960421997814393e-01 -1.465139695837577860e-01 9.475380055022264436e-02 5.923332727443027246e-02
2.006001138835629971e-01 -1.367606921329892755e-01 2.212988643755987306e-01 3.260667342276830222e-02 1.647274564321640766e-01 -1.052817806347016993e-01 2.316521585112125969e-01 1.259040610289093864e-01 1.335024872572160293e-01 -1.993610778160079255e-01 -3.824354771413613404e-03 2.990591428285507836e-01
2.930915855711310192e-01 -2.581489920469578559e-04 3.150362536124960977e-01 1.874771330820972082e-01 1.800503111552101410e-01 -2.023777475349924360e-01 2.208129797197364852e-01 -1.139675424909046830e-01 2.751741451676691930e-01 -2.180219742640301384e-01 1.765577299790118959e-01 3.435845483170228698e-02
1.609162048898925834e-01 -1.353822727348304722e-01 2.176205542028451234e-01 1.069901881447212350e-01 7.966489999587236803e-02 -2.154000518633578665e-01 2.591060630361726735e-01 6.544567641820657478e-02 2.628813092451109390e-01 -1.422270970649395783e-01 1.571085019516831049e-01 1.955919779334279740e-01
2.673015352622268859e-01 -1.795127083978532434e-01 2.759943312095543000e-01 1.781175918719888063e-01 2.219885754775702269e-01 -6.226160411913652520e-02 7.939602186166609676e-02 -4.854059527363548815e-02 1.307688490091233613e-01 -2.916666975572170251e-01 1.045611762612748963e-01 1.963637250853527694e-01
9.602032201308387249e-02 -1.402514371503328083e-01 3.466042529827292329e-01 9.205189487286767613e-02 6.734247755295866278e-02 -2.698781991854763418e-01 1.459103472623138054e-01 -1.214406527669114472e-02 1.194286769269519710e-01 -1.068129303200068408e-01 6.633587205005052334e-02 2.015538620364755729e-01
2.467905659372261196e-01 -1.036112726395492928e-01 1.411000810350467594e-01 1.364712638355591035e-01 9.965891018098799181e-02 -1.783245918831227739e-01 1.547069325137316043e-01 -1.097664984888131745e-01 1.736041744659747033e-01 -5.838948357247744636e-02 8.791325683273584768e-02 3.567381625904038622e-01
2.207836585025183262e-01 2.927485555701914155e-02 2.995231576412352714e-01 1.555066324945346412e-01 2.408626638423756461e-01 -1.501999299602503890e-01 2.000604043388131970e-01 -1.044799359611656986e-01 1.467858370995839268e-01 -3.647354179953517239e-02 -1.235636498017519437e-02 2.170862559582038137e-02
2.452846526991639131e-01 6.873490044887085870e-02 2.687991933972526670e-01 1.392122848411383174e-01 1.585683413160676736e-01 -1.362784412787898525e-01 6.478660250398150799e-02 7.466305567564723855e-02 4.180957568316777395e-02 -1.200261003587959480e-01 1.765475720096882084e-01 1.286095885286280827e-01
1.403773116771628027e-01 -2.190721234821490782e-01 3.605491128334991080e-01 2.489940424693507237e-01 2.243727936985417393e-01 -1.361685010103882432e-01 1.519482516293124974e-01 5.853927771488950244e-02 4.254258294677948915e-01 -5.617742071708015095e-02 -7.571041292333083317e-02 1.738710062265679812e-01
1.050343951169242090e-01 -1.466816228203739539e-02 3.130864961611796726e-01 1.822405616135809592e-01 3.637923055443313958e-01 -9.135328615416640763e-02 3.221220310972869316e-01 -3.227445236596176298e-02 1.909415044430889941e-01 -2.359395634294005895e-01 5.877608748630772095e-02 1.750127791351686612e-01
2.369088411007156669e-01 -8.783395536579625962e-02 2.066080426397299552e-01 3.486155281420939139e-02 2.360680271943494390e-01 6.743341958119852819e-02 3.043293792706221468e-01 -4.699458789852806878e-02 1.206706282323456725e-01 -1.757554356673798335e-01 4.932001348376578720e-02 1.130486923503332547e-01
5.439209367320656935e-02 -6.786832744821875985e-02 1.703133115556883792e-01 3.036906460872298430e-01 2.198285765837885708e-01 -8.191217404050871176e-02 2.301430501844430043e-01 3.833673849953995322e-02 9.781728963335256655e-02 -1.159750915475293714e-01 -7.299283048664120810e-02 2.660685930239407027e-01
3.278878435792326185e-01 -6.464627576897351291e-02 2.357027808138215941e-01 7.172023149486735083e-02 1.442196020562840630e-01 -1.764409914956665548e-01 1.229482214708296356e-01 2.448260441396744869e-02 2.392628180623558309e-01 -1.594213000171504357e-01 1.043587557793044518e-01 1.997787519694277369e-01
2.128949240656661523e-01 -4.670393125886675850e-02 2.454091498373892344e-01 7.756139710193675485e-02 1.375303068021509756e-01 -2.039539538924142748e-01 1.437293794412598802e-01 -9.317985595393377118e-02 3.134136417696023469e-02 -1.625911686398893718e-01 1.711833142536069718e-01 1.864165740834943241e-01
4.805918278347861561e-01 4.499926078587158061e-03 2.921970707843206672e-01 3.658779396942785523e-03 1.197449476507168320e-01 7.308123102522567915e-02 1.452058382679009274e-01 5.872470348833221804e-02 1.415852339375981983e-01 -1.191248988895981381e-01 1.484324409088162156e-01 2.091077329488227332e-01
7.770423264095714655e-02 1.103799742886109186e-01 1.143262380053712141e-01 9.368377201491442929e-02 1.013952360498729388e-01 -1.471182533052171060e-01 2.103360630053800195e-01 3.820717760864632967e-02 7.104371427624531221e-02 -1.843649267500097610e-01 -9.900123895987567035e-02 9.855295389838349129e-02
2.928605645866491081e-01 1.067369237303873591e-01 2.437615933528672618e-01 1.241937424044720767e-01 1.434066279571157843e-01 -1.052580993129590969e-01 1.457591395276476576e-01 -8.184346578810797190e-02 7.430638346514098491e-02 -1.626280607631471198e-01 -1.220832342682479366e-01 2.179846739422506285e-01
3.078859690671023053e-01 4.737607048148944483e-02 3.662780994636551934e-01 1.608500735193695574e-01 1.568324360375321636e-01 -2.306397570233807426e-01 2.200069600160402816e-01 7.330495568176662036e-02 2.146080845713650431e-01 -3.056713771611212216e-02 4.383423949890659366e-02 1.837436316499308497e-01
2.268053278056058331e-01 -8.384962960756746353e-02 1.751580098287281173e-01 2.466708793062518945e-01 8.252892984833132273e-02 -1.917283997098190307e-01 2.456671063146738387e-01 -7.853504872926643163e-03 9.107863344516659021e-02 -2.834585179051032910e-01 -2.335361641172531075e-02 1.859736573217825595e-01
2.089841760945268800e-01 -4.660658727233014248e-02 3.039324019852748249e-01 3.677261604658902533e-02 6.251624402825961546e-02 -2.173551719252853065e-01 1.407921568393092349e-01 9.125027216974804234e-02 9.042506390816523743e-02 -2.497969245699272183e-03 1.187355843552730661e-01 9.218098790320243541e-02
1.198874969652801853e-01 -9.456740489621178608e-03 2.733550946959533157e-01 1.312563359038951549e-01 2.207762077463602535e-01 -4.447406349117311725e-02 1.559996047588948220e-01 6.435232346589922492e-03 3.643167628371725697e-01 -9.752896242400273252e-02 1.421085983990812707e-01 1.967680286092384212e-01
1.851674462430582813e-01 -1.126318925690581868e-01 1.705921964504743815e-01 1.415211792017640746e-01 -3.596988901125915822e-02 -9.053489320696689324e-02 1.044775829418529561e-01 -3.063728189420403605e-02 2.567268038300972721e-01 -2.236419717131305496e-01 1.212448691976035775e-01 1.808784331661319467e-01
1.480020248647937742e-01 -1.352767916796459857e-01 3.813245164397968123e-01 3.491997588665172181e-01 1.480842408003031907e-01 -1.035025523057215846e-01 1.175112247639092250e-01 8.948944855994447889e-02 -1.949151328636097760e-04 -4.874877602366618767e-02 -4.267406805555579163e-02 2.519925912956359065e-02
1.979141291447665540e-01 2.226234072643654832e-02 1.665226356669954610e-01 3.182048109042486233e-03 -4.187024862063682545e-02 -2.019605328450866932e-01 1.283465943438991952e-01 -4.342874034364429398e-02 1.977060963682580330e-01 -3.775502058649084225e-02 2.643918504323343119e-02 1.057062159081434000e-01
3.228224485000693589e-01 -1.320387387781206956e-01 1.951277243811747331e-01 9.904492217235656704e-02 1.220587440339854501e-01 -2.833234261722458736e-01 1.453088630741960763e-01 -7.314832257836165197e-02 1.028144024289324998e-01 -9.399783357555187291e-02 1.003734285470981313e-01 2.286079485317812354e-01
2.393045133225094878e-01 1.016734553338776575e-02 -1.066210972446589161e-01 1.942411471414128010e-01 2.411838194025633930e-01 -2.943553974836255471e-01 1.782580270131355060e-01 9.150521057717020401e-03 5.346731967146320375e-02 -9.890137564306435147e-02 1.075738387273683094e-01 2.628895513752550483e-01
1.111373039945259683e-01 1.016260558616054605e-01 2.244268934795178028e-01 1.626568306140565301e-01 1.887183814468392229e-01 -1.510921068965809799e-01 4.888277592258687132e-02 -1.499818241560454957e-01 2.622266210274872347e-02 1.067243258072440686e-02 -1.724762205089611367e-01 2.596667298202213342e-02
3.014339147938401853e-01 -5.207089948193655699e-02 3.403831350103206921e-01 1.427513598672081330e-01 1.252408103113496207e-01 1.237671457022136365e-03 1.869122357458311845e-01 -1.201457565713531794e-01 8.972899904572245733e-02 -1.222474907849903508e-01 -9.441817163850488304e-02 6.641838579951707400e-02
8.891318497307081070e-02 -5.555909192629359013e-03 3.335104927538462549e-01 1.225693208918557514e-01 2.572801165665951073e-01 -1.110654928353002613e-01 1.424293439068802791e-01 3.938356178197292140e-02 2.520513181732073615e-01 -1.101235246097058279e-01 -3.515123970599356995e-02 1.281801500312157449e-01
2.187901734219128980e-01 -9.310256591885572586e-02 4.371739485670187442e-01 -3.867284248748018623e-03 1.382348360815157107e-01 -1.134112807692254643e-01 1.888375822630962431e-01 3.379755066748910824e-02 1.002364947945772744e-01 -2.296739079144049511e-01 2.144068874738628561e-01 8.493621007156308689e-02
1.336800302240852834e-01 -1.271767289587101904e-02 2.649294563670108182e-01 3.489420962432768919e-02 1.672316266335733270e-01 -4.377093449669414854e-02 6.962375038026773211e-02 1.026384518051613737e-01 1.430125866551026914e-01 -7.363612353226085816e-02 1.166301301834727355e-01 1.149538744906124649e-01
3.506449174632911836e-01 -6.277541816347706471e-02 1.933045974506248099e-01 1.294222444512954130e-02 2.053594457677161422e-01 -2.268510052519757125e-01 6.005909120048888439e-02 -3.244858814043958400e-02 1.789604852270620383e-01 -1.283998168160148112e-01 1.710863546134731294e-01 7.965505408928209852e-02
4.639743395342772470e-01 -1.001326980256196236e-01 1.868259822179675622e-01 5.867580814672828521e-02 1.611168485190105915e-01 2.450508996721508306e-02 2.690524319920327145e-01 1.642567027607188535e-01 2.048891140922911025e-01 -2.375834391694504610e-01 8.880758347143799525e-02 8.335040116561635848e-02
3.117391246685775608e-01 -1.408761845511200816e-01 1.987630219408411947e-01 8.349305492064040823e-02 2.026556414526891059e-01 -2.259769187447920880e-01 1.655346207908111322e-01 -8.905996524436501915e-02 2.085647201488419755e-01 1.719640196897825879e-02 1.054704792558225634e-01 8.090803864703814685e-02
6.495885563546378860e-02 -1.148424779386979927e-01 1.518003871798850046e-01 8.451000596433026757e-02 2.215494696122429774e-01 -2.476364264089505607e-01 1.015817787734673155e-01 -5.446987508469702116e-02 9.996426350315584797e-02 -6.707490357467975339e-02 1.108281779955432207e-02 2.881679429898910683e-01
4.916429242810187450e-01 -4.462460963833371208e-01 2.218231751854853606e-01 1.846456270000224331e-01 1.370020383500035639e-02 -7.518444820857081434e-02 -9.628619310971532619e-02 1.186157304950413716e-01 2.856733170102541686e-01 -2.139191073498385998e-01 7.720451719130497215e-02 1.026401776652492021e-01
4.102178234133861956e-01 -2.259219958089982716e-01 2.416388842644331125e-01 1.794285028999845488e-01 3.109341063303898700e-01 -1.627378352635384662e-01 2.518971095910596536e-01 2.833190630314873226e-02 5.283352195869234214e-02 1.486438989988595090e-02 -1.901621452474180074e-01 2.297434873108635256e-01
1.875293029464697170e-01 4.671009556510710009e-02 2.421996332128727170e-01 2.221373462177826663e-01 2.445886998036939652e-01 -1.171132406282098248e-01 1.183376829705757444e-01 -5.969719659533265915e-02 6.358737169204557726e-02 2.395935173326129135e-03 1.941635276217252570e-01 2.582672618070611104e-01
3.303347312904229005e-01 -8.816964187211780157e-02 1.473347485254588862e-01 1.085007583745505461e-01 5.431506172321718534e-02 5.481807476189410472e-02 1.558426892295875221e-01 -3.142578130641099105e-03 1.286281943871692146e-01 -5.649908380292611998e-02 -6.588673976726014923e-04 9.275775677953333742e-02
1.943980541122051486e-01 4.976381539241942625e-02 2.164181152278245313e-01 2.225542372390341972e-01 4.016477241097169415e-01 8.148664849474748784e-02 1.515648955066396797e-01 1.703964889526485282e-01 2.813284100185590719e-01 -2.500446089386221815e-01 1.111907121295739320e-01 3.025531865449388458e-01
2.990083991989795908e-01 -9.377312008659284548e-02 1.873223924376812566e-01 1.454629400223388103e-01 2.512795865742294410e-01 -1.817595687276217231e-01 2.973211373046825146e-01 -6.752954056850796194e-02 4.515976969637411353e-02 -3.615144578882718840e-02 1.157684373493335084e-01 3.217943135411108213e-01
2.497506684336231741e-01 -1.480109617762200014e-01 3.167986408143621535e-01 1.067318976113523915e-01 1.053187456570476022e-01 -1.626808825129144598e-01 1.839687719810208233e-01 2.272944417827106600e-02 2.153850819550492401e-01 -1.179572671741958428e-01 5.838086183058688317e-02 2.646302021606517507e-01
3.012811337174310378e-01 -1.554221084792648255e-01 1.796890537540497823e-01 1.522724808757869586e-01 1.299325813794318385e-01 -3.802683234087970293e-02 9.100823283826202370e-02 -1.825415147294751766e-02 3.410073220421547258e-01 -2.013067579455673495e-01 -1.665719521188585919e-02 1.721691982413287025e-01
1.695056079188459741e-01 -1.510462640617038776e-01 1.759168329132307085e-01 -6.676813230988463965e-02 2.394073337467399476e-01 -2.195898452918668697e-01 1.019311743243468266e-01 4.084874798743150931e-02 3.477229588291269047e-01 -1.867196930971239954e-01 8.537417599134444757e-02 1.875969050575775343e-01
3.448887322194574834e-01 -7.392656526366077341e-02 2.299455594981809903e-01 1.791619651050007367e-01 1.689478606028335661e-01 -6.690580699062143033e-02 5.245729881098264158e-02 5.112054403317380785e-02 1.606589470615471527e-01 -1.943038918669646731e-01 6.611755504364145997e-02 1.828810464088671539e-01
1.951193373619679317e-01 -9.572590233960202866e-02 3.136252000005558260e-01 1.677554057142679189e-01 -7.336213596101801016e-02 -1.209306857760849008e-01 1.949455917912518987e-01 1.927106868779687732e-01 1.860391100754434923e-01 -1.946993960138257429e-01 7.123215464391308149e-02 2.354450506586218683e-01
2.683844581077312608e-01 1.919690625900965786e-01 1.708453140726459984e-01 -2.762192727524587221e-02 2.458647265946861671e-01 -1.171502245802382436e-01 3.865644739458825030e-01 -1.039461144957572192e-02 1.949883984483555821e-01 -4.549748985387268296e-02 -3.776993273032204501e-02 2.791456126423095818e-01
1.197402487829434953e-01 3.313001262789917051e-02 3.421092756503510968e-01 1.805911636771489193e-01 2.501095754472941191e-01 -3.868365692962629637e-02 5.978207861664458674e-03 -4.139934442906038209e-02 2.065479498459417140e-01 -1.260804771546890080e-01 -2.330492892258554660e-01 8.221986320871137177e-02
2.920766911588033032e-01 1.846607361481259618e-02 2.971939507079200959e-01 2.834238633619581282e-01 1.164232721311513619e-01 -6.015866512783452774e-02 3.137253087710106247e-01 -1.417721707367337602e-01 8.394791383093788695e-02 -2.246603290177891510e-01 -7.874584358224877290e-03 3.029859962165533660e-01
1.493333680508195788e-02 -6.506131379880690513e-02 2.637113618057407294e-01 7.117912447044903723e-02 2.739318086457632750e-01 -2.186473294598006989e-01 2.217155482657527099e-01 2.151798934070398017e-01 2.538353133674207118e-01 -3.783066880756675299e-01 -6.530712152199974474e-02 1.925977215973981305e-01
1.979301927931282068e-01 -1.722392585080377569e-01 2.783466298987896659e-01 2.221977161452775851e-01 8.688039097334648853e-02 -5.694194113350949799e-02 1.618988104047764665e-01 8.009654682598821296e-02 1.874620040643570906e-01 -2.613438844592387289e-01 -2.760262950211377422e-02 1.282990995857001826e-01
2.903517404043716166e-01 -2.041244562445833910e-01 2.928871260556903389e-01 1.750168827247891856e-01 6.003776152731076649e-02 -6.775750361773100194e-02 1.098502980189104833e-01 6.482754883452426786e-02 2.138801244692551951e-01 -1.227509892795992236e-01 -8.270893082400537777e-02 1.322951188965975633e-01
4.293904170984774726e-01 -1.146597009339975215e-02 4.273076310741384942e-01 1.466706624208537757e-01 1.493617818963224042e-01 -2.206030323986136743e-01 2.484193232435398524e-01 -7.713314542631494186e-02 -4.511132462688995093e-02 -8.800986728693895034e-02 1.342322833270120641e-01 2.417561831001527328e-01
3.192238791815027454e-01 -1.087018308288118656e-01 2.090490076410890519e-01 7.433683227561974083e-02 2.563679984958706637e-01 -1.274222332484541975e-01 1.743944335901572440e-01 -8.777340522703555581e-02 1.804507560064224636e-01 -1.466720971552747388e-01 -3.395868948684685473e-02 1.171618452370718072e-01
6.501543180737547056e-02 -1.092140573243995522e-01 2.842467667410123466e-01 2.189673137303634609e-01 1.145063576617149081e-01 -2.738412789403793859e-02 1.459824779173332365e-01 1.546843200607012081e-02 1.499180263071313024e-01 -1.582329202112747746e-01 1.917970445291651907e-02 1.421866132004968586e-01
1.000481556237410169e-01 -7.724724187618429994e-02 4.254400179900067469e-01 4.798913370043709353e-03 5.303635580575060543e-02 7.236237025122227440e-02 5.446312733342054124e-02 -1.014169568546112732e-01 6.230852080216861544e-02 -2.964554570283733370e-01 2.373620406114700446e-02 1.254424410894842690e-01
7.666846347691016472e-01 2.452215197676901604e-01 9.732352566229383051e-01 -8.242487483205653831e-01 2.223908918785706956e-01 -4.029662087351252864e-01 1.186384367029223313e-01 4.547280144994505502e-01 1.219409854351375833e+00 3.275647550474604375e-02 3.784775003580307939e-01 4.107311919840696546e-01
1.704242248211134403e-01 -3.056108118977615140e-01 -1.411021965780967780e-01 4.051189930771995629e-01 1.063656234113323773e-01 -1.566075381879141748e-01 1.377695030619966732e-01 1.735538446841810023e-01 -1.853212042509386204e-01 -1.834822807592855209e-01 -1.934260451782693624e-01 1.814367164363901441e-01
7.489734841107366370e-02 -3.508708451749378288e-01 -3.548716050360167362e-03 3.919970960900576173e-01 -4.427779827839000977e-04 -2.025394271376768085e-01 2.220428521882582273e-01 6.726314393307793182e-02 -1.045500874759960896e-01 -3.070163908816885834e-01 1.826701321234560915e-01 1.011554551826423093e-01
1.758767766750283512e-01 -1.685414987384782071e-01 1.090481274973552524e-02 1.033754496316502264e-01 2.060595616248481199e-01 -1.336494594142009773e-01 2.904450535328714778e-01 1.449836627553465762e-01 -3.567062736357373698e-02 -2.776870377388530042e-01 2.069187558784053305e-01 1.377429091148950069e-01
5.380205929680868110e-02 7.578120078647108959e-02 2.742756056164965053e-02 4.124423543928980029e-01 1.123522731403705510e-01 -7.051134568343264686e-02 2.311268395563062239e-01 4.381697609738603033e-02 -1.189231408155860259e-01 -1.289374632936708398e-01 1.058041073387093189e-01 1.699817612657648740e-03
1.227845522439082321e-01 -1.020351345645225880e-02 2.391497973487177464e-01 2.952886236645929641e-02 1.584916768442647950e-01 -8.081545305908954813e-02 1.090745900566973264e-01 2.670182593420145079e-01 1.856104726331680443e-01 -2.649728123079913011e-01 7.193037401848778600e-02 9.109901647630604116e-02
1.726178896462699786e-01 -5.374143701524506517e-02 2.936538468964385862e-01 -1.004401871887737087e-02 1.304843176677362160e-01 -1.333094550969423087e-01 1.356184763047481312e-01 7.391570225168564434e-02 1.008471260276575521e-01 -2.155870966889862905e-01 4.459363967214688418e-02 1.741999941168694832e-01
2.653020096440346087e-01 -1.507683349958288954e-01 2.058467936069406645e-01 1.418517017681338588e-01 1.815556240558695023e-01 -9.279149245471360330e-02 1.584657882256290395e-01 -2.537449469184778483e-02 2.194544603523831405e-01 -2.517651086481736966e-01 9.997919432971880127e-02 1.606145711293844869e-01
5.359566626885581969e-02 -6.873946871398863012e-02 3.063623548227418780e-01 1.983383229935967440e-01 2.344958367085000495e-01 -1.754917152528687185e-01 3.918718281274596316e-01 2.229790480564396160e-02 1.146151972545746411e-01 -2.577573953597865897e-01 -3.669962855519226519e-02 3.778592929713321669e-02
-3.773566786260875577e-02 3.945150174388696307e-01 1.852507052241808283e-01 1.411875719101880755e-01 3.833897821564540287e-01 1.333416521690659606e-01 2.051215513891440911e-01 2.076303206851920491e-01 1.098683195778332178e-01 -6.248135970297522164e-03 -2.639486480554125714e-01 1.711401341891086725e-01
-3.379786169854107625e-01 -8.003459438839706855e-03 -3.047007943842250932e-01 -2.367713038803178072e-01 -2.701261124971178762e-01 1.960870690917415615e-01 -3.651961832671331981e-02 -8.607977053392523725e-02 -1.644003839913492082e-01 2.129816248349331587e-01 1.688636630138882350e-02 -2.969559384130974755e-01
