5.722620158566378568e-02 -2.348839803618636424e-01 4.503080066436743190e-01 -2.815692497817809947e-01
1.640623087330295160e-01 -6.477708482790207889e-02 -2.552212937025221673e-01 2.318503291219266571e-01
1.812666909849166841e-01 2.022527920355181863e-01 1.550872719529075849e-01 9.853533016140446354e-02
6.645451043058676899e-02 -3.475868195756630363e-02 3.285077492623442730e-01 -2.678008258426769483e-01
-3.947605589158091899e-01 -2.510389563829820703e-01 3.170665526715928384e-01 -2.467448954091434332e-01
8.062800939512559939e-02 -4.070976583921902953e-02 2.203029054677357601e-01 2.700488362517912133e-01
3.022169411634043623e-01 -2.208295641725881164e-02 -4.580208420157590860e-02 1.570561428110030244e-01
-7.345911635264319728e-02 2.871545871071709000e-01 -1.743085153148699329e-01 2.344148602284456817e-01
2.599386139420057362e-01 1.910789438432961840e-01 -4.051475533037852683e-01 1.299248466366072219e-01
1.221397374165301558e-01 9.296956260570402031e-02 -1.497980436372225478e-02 -2.330205126615642330e-01
-3.304915028776068131e-01 -2.727116920708111403e-01 -8.984715909796893094e-03 4.210037448759331169e-01
3.360993883578319852e-01 -1.713069014554185199e-01 -6.630987881484846913e-02 -1.775692903668732447e-01
2.082167961026352987e-02 -2.176876290684385262e-01 1.362632880632660415e-01 5.220929556316136755e-02
-2.376536479514640421e-01 1.658908402706522345e-01 -5.244198009542443834e-02 -3.418051769265944562e-01
8.957523823630041127e-02 -4.815320396050409846e-01 7.320856282805662286e-03 1.920217364470297727e-01
3.456427492619132957e-01 1.009314065434597230e-01 -1.682034466765127134e-01 6.122341789282930158e-01
-5.694485479489864721e-01 3.589857481497617520e-01 -4.868882197319934421e-03 -6.190588388539855491e-02
1.963191233353259457e-01 -6.534398631074287735e-03 3.277791476779559066e-01 -5.564301558101821810e-01
-3.828979909684895183e-02 -3.943859452171415425e-01 4.280307017496656763e-01 3.744369801188924818e-01
-2.556794072229892079e-01 -1.751937556194869960e-01 -3.581745835521728538e-01 -4.727643549062212625e-01
1.525981587273136653e-01 3.792218500419279326e-01 2.817231508996848599e-01 -1.475010647582078727e-01
9.098636492613734750e-02 8.660468381123330450e-02 4.090865281988905200e-01 -5.112790767891742805e-01
-1.387792509723067419e-02 1.358494282284299637e-01 -2.027325845030618634e-01 2.788423396750623340e-01
-8.760624741708938901e-02 2.034533800946186910e-01 -3.222727221766630290e-01 -1.097347209822426978e-01
-2.271402053450449765e-02 5.102720425001837645e-01 1.565235542363028753e-01 -2.168238625655907748e-02
4.928091940861541453e-01 -8.109163205032271504e-02 -3.827952431018737806e-02 4.101510022995076832e-01
-6.392473920605143411e-02 1.317802140095255259e-01 3.823749049865108329e-01 1.980677649764306658e-01
-1.330941234215230751e-01 1.827316382471720346e-01 5.449657065014005264e-01 1.736688187129588612e-01
2.176033471249654294e-01 -1.416236024378013936e-01 -1.753806256786088758e-01 -1.272003507889569451e-01
3.189987938929416122e-01 4.784385041742508227e-01 -2.101627661729704166e-01 -3.868890026546649152e-01
-9.394513857509964594e-02 -5.647074612640194946e-01 -2.314596208274218025e-01 1.264321090042404561e-01
1.115211130226224784e-01 -2.738822660891322425e-01 1.372954316775984451e-01 1.795657809568585242e-02
8.707871789718245326e-02 1.070761743322592857e-01 4.606286814235178301e-02 6.259200007137668553e-01
6.532383147088238751e-02 -1.873360484541511661e-01 -1.928221497979023535e-01 2.596109308327622656e-01
-2.054576313319728398e-01 -1.859631646264371385e-01 8.190338151484904960e-02 9.108474595345075406e-03
-8.330559213057209256e-02 -2.812427072360926816e-01 -1.441744436722706690e-01 -2.205779760319353522e-01
-3.455732608716948207e-01 -7.210771250496492146e-02 2.749595441438960064e-01 -2.695758021397154369e-01
-2.922938682671333624e-02 -3.933612127406500847e-02 -3.325485643480490250e-01 -4.004155495239223456e-02
4.850249764216012921e-02 -2.361499124015230960e-02 -4.468529643118712147e-01 1.181269349422368747e-01
