1.710365553563132357e+00 -2.377849165053879665e-01 7.391466372664177165e-01 -8.353300819787646825e-01 -1.674751050720944823e-01 -2.496462634010098380e+00 -1.974504412600936454e-01 -1.354934838517460674e-02 -1.464067144551462363e+00 3.456633401770202729e-01 3.125780049350473933e-02 4.752396036849665939e-01
-1.710621570286131155e+00 5.023558694771638328e-02 9.017685085726747651e-01 6.456022106438595864e-01 1.215511987842188724e+00 -4.638071511982542194e-01 -5.005159671673746757e-01 -5.762341190160317345e-02 -9.582702751718308321e-01 -3.735094241658139247e-02 -5.982252079022069846e-02 1.007884874660702063e-01
1.032456962444821408e-01 6.796836476972426544e-01 -1.618549343551396902e+00 9.318135743082874844e-01 -1.850208938343333331e+00 3.707816712390435976e-01 2.323166213930350638e-02 3.582959772721102110e-01 8.437398798133982636e-01 -2.789024721266140650e-01 1.746867058131264527e-01 3.157655985033381296e-01
-4.072989077308138972e-01 -3.455142929097569371e-01 -2.209527075558496284e-02 5.909028950463902641e-01 -9.824541479368136265e-01 4.291199959322013480e-01 3.500821531232095607e-01 -3.803925664094134906e-01 -3.685020734764316019e-01 1.978675689667176163e-01 -2.052082184234229473e-02 4.144090416509839114e-01
-7.770420855583911601e-01 2.667946817119631886e-01 -1.344102487150733882e+00 3.300288508886354055e+00 7.767833331670472852e-01 -1.143097420629259675e+00 1.994926682403108387e-01 -7.986304521409196000e-02 1.065760249422348149e+00 -2.563017049635853972e-01 5.434874251535098955e-01 -5.686173895554725854e-01
-5.723094858807211693e-01 -1.753133085555402371e+00 -1.217662012081224709e+00 -7.459254821846328376e-01 -1.060154758338481384e+00 1.375610648322157958e+00 -9.496514764211080317e-01 3.677978411195058639e-01 -1.204714632502411842e+00 -8.110241498678510963e-01 -1.036939561945423027e-01 6.560376956495779233e-01
7.352213386299560893e-01 -1.353319204440050827e+00 3.713006533347631977e-01 -1.397560325598338871e+00 -5.244907042225935845e-01 8.461573356719336303e-01 -6.781760697323394593e-01 4.179571118632046667e-01 4.074722553269745640e-01 1.748441389842432470e+00 -1.007686736367169766e+00 -5.830770749267024655e-01
9.239412227659786481e-02 2.738805207489748983e-01 -9.228303854482893254e-01 -1.121540712048265220e+00 -6.388850179907552551e-01 1.871981290000321874e-01 2.223045836082485405e+00 -4.050410706229905233e-02 1.706614663618640337e+00 5.509911871931985061e-01 6.959251364798636486e-01 -9.088492979504995128e-01
-9.452694820983435775e-02 -6.849678361729110154e-01 -6.792769689143446366e-01 8.451969784648661888e-01 -1.522123216033944293e-01 -4.020419149536001019e-02 -9.356872834955711760e-01 5.937766324260723705e-01 -9.302339800533578895e-01 -5.721567847790068884e-01 4.191305214631370624e-01 5.386830618735991560e-01
-9.852245500636247488e-01 -7.462555710863782998e-01 -2.843135175689961436e-01 -7.136342590043790457e-01 3.935359202998913730e-01 -2.351845781121620071e-01 -1.202847116883442175e-01 -7.026807747659824521e-02 -1.882365182112643309e-01 -2.419621598441746568e-01 5.625201944602812310e-01 4.480320543378352172e-02
-1.588591233782266077e+00 1.635175056057768250e+00 -1.657297137202016879e+00 2.711640639673473352e+00 8.837621727939982685e-01 2.003917278267046964e-01 -9.513717098914113990e-01 5.702111049603174608e-01 1.555219415696434404e-01 -6.469170082313003833e-01 8.161842300649475579e-01 9.818588102855073663e-01
9.611461808617312030e-01 -2.495070674742198846e-01 -3.702224284056500059e-01 1.286503318882514513e-01 -4.112402119689274049e-01 -4.402452085979149249e-02 -9.018040005827132610e-01 -8.086549811480230332e-01 2.570232553913777807e+00 8.663477902458607272e-01 -2.958106868910672094e-01 4.856135206842526753e-02
6.553351576169542947e-02 6.696890432484513545e-01 6.915939781837974198e-01 2.057846038735650432e-03 3.106561622798826861e-01 8.980046083636437082e-01 -1.228641771605600841e+00 -7.579338469187113514e-01 -1.281805593293730450e+00 2.422594585457831240e-01 -4.176049780992305283e-02 9.596974568676753803e-01
7.243410700693799775e-01 -1.038992506709750963e+00 -7.188690351154800040e-02 -7.082056991958493031e-01 -1.037010986066661200e+00 -2.352160458422427047e-01 -1.633708093808473594e-01 2.666156243825217320e-01 6.629377224888450826e-01 5.381183804911220114e-02 4.825649919798025711e-01 -1.245308727509549795e+00
-2.259066028906432100e-01 4.967733083743147149e-01 2.987195451848307162e-02 5.625897462377777991e-01 9.998087010564359334e-01 -1.228962371276073995e+00 -5.025008401804170743e-01 4.429640841463796663e-01 -1.557007318190886391e-01 2.007686676128005859e-02 -6.837458412827672749e-01 1.165681116658412592e-01
-1.246596212920213498e+00 -4.996340722040649718e-01 -8.933013083672910470e-01 -2.171573260504896796e-01 -5.580685722408148530e-01 2.479894950472350812e-01 -1.492614953239973508e-01 1.322367636611507941e-02 -3.017079079792922003e-01 -9.786199724633727337e-01 4.556830963023683623e-01 8.090828736986883651e-01
2.605823032756826141e+00 1.895801729340145014e+00 -1.020278373784109016e+00 1.446279170402236858e+00 8.346264921370722956e-01 5.510411923618354635e-01 -1.255676321420703623e+00 -2.349128974424714578e+00 -5.551270478806872299e-01 2.621316744916368791e+00 1.424588359209097765e+00 2.234843902803723026e+00
1.086055432345657712e+00 -6.646541548826910839e-01 -9.274305276271037624e-01 2.011570499520974331e-01 7.499942704938304672e-02 1.152320647246169560e+00 4.328043052668499868e-01 -5.593287874803959392e-01 2.020202148083659055e-01 3.956406047380084945e-01 -4.052447398046613580e-01 -1.658848234150852030e-01
-8.260385153929349356e-01 -3.072868731278897148e-01 -1.125303543154824171e+00 1.085420342891597389e+00 -5.519638357908043247e-01 1.934679891596480239e+00 2.610800750682151783e+00 1.129676476621329861e+00 -7.106768454142892155e-02 -4.137145733341990872e-01 9.507219890290810049e-01 4.938450677946346068e-01
1.124541566592772046e+00 -4.277865827543707589e-01 1.318556361926771947e+00 -1.301466841827042975e+00 -2.761721429525195171e-01 -3.415100146384448254e-01 7.379994656180686174e-01 -1.516332972909831156e+00 1.032115081798305578e+00 1.009115404091065260e+00 -4.844944479738345633e-01 1.073419975064372894e-01
-1.005072277259869695e+00 -4.872957706001702638e-01 4.055365443698378397e-02 -2.233640497110989942e-01 3.514982178768977228e-01 -6.782949753299570839e-01 1.905453357593973884e-01 2.731200165263317214e-01 -1.203133886939865338e+00 5.757334443944527314e-01 -2.739594396027942302e-01 -1.809594796248875648e-01
-6.640693356399102187e-02 -1.239698327782599169e-01 1.296240348607454185e-01 -1.700284642857922135e-01 -6.376029365034282526e-01 -3.075034764077572702e-01 -8.537680761792399986e-01 5.114518040345349403e-01 -1.636838581527341741e-01 -7.622160497939679535e-01 4.766226596360968737e-02 -4.148625294266826691e-01
-7.850248432576785174e-01 -1.356603905269327059e+00 7.804050175967893743e-01 -5.763868661998409193e-01 5.262037731256394291e-02 1.209255549206086355e+00 -4.026738510943915217e-01 -6.569614064021896960e-01 -5.672715811228957739e-01 -1.551044684404420115e+00 -3.137039727358424956e-01 -7.565512923010675461e-01
-1.035503765962124678e+00 -3.991146851878127899e-01 -3.537361007159117166e-01 -2.666957686121538273e-01 2.252344005370203184e-01 -8.320612881510532910e-01 -1.722203693464481988e+00 1.331637759716862268e+00 7.126261283197564411e-02 3.451787886857202864e-02 1.151933790637975526e-02 7.450000063595711985e-01
2.206470481579301257e+00 -6.211269224524785804e-01 -3.207739751738087453e+00 2.984462188817276207e-01 -8.240774115225372176e-01 8.011259481654893211e-01 -1.575552195230578434e-02 6.741680715664734036e-01 1.293702304164150219e+00 6.705725846326410222e-01 1.221942291689505911e-01 -1.405702724698853601e+00
2.114659843517476268e-01 -1.284251131105283106e+00 6.364853154985572470e-01 -1.524191218906221224e+00 1.301152101305974029e-01 7.763145899899291935e-01 -4.156900046195030063e-01 -2.177184869317152049e+00 4.565062195023825709e-01 1.173743956009520861e+00 5.297131519242865849e-01 1.182364586687571384e+00
-5.944989291286237876e-01 -7.611711115414069306e-01 -4.966717238311586513e-01 5.577925260081623149e-01 -1.050649001295980600e+00 -1.804288303948103023e+00 1.911038336744002794e-02 8.156870611063113952e-01 1.848317509679181514e+00 -1.078359876995798938e+00 1.033348601593898630e+00 -1.575539750305768316e-01
-2.485238928845260875e-01 -4.287146831790178414e-02 -7.864258092628588492e-02 -7.625750746824675463e-01 2.786086925726343755e-01 -9.787098017063206035e-02 8.232750027013634453e-01 3.132698072466605921e-01 -4.516314407173061679e-02 2.706110631605772032e-01 -7.536983317167535168e-02 1.723663664479719582e-01
5.468778081637304389e-01 4.334081432732241335e-01 2.383112491457255178e-01 -9.856689467414879446e-02 5.178018953860684670e-01 -3.618333064069468863e-01 -7.232526526113440823e-01 -5.473021686244937678e-01 -8.846680599260308142e-01 -2.790321871642649845e-02 -1.807705481683675730e+00 1.678650966813711731e-01
5.027424422997467390e-01 -4.667646217292037436e-01 -4.849636114104087237e-01 1.927715873452937878e-01 5.356518399720897605e-01 -1.436031482373906654e+00 -7.004953988480980831e-01 7.433350624734034184e-01 1.813579741855508631e+00 1.831737848399300761e-01 1.839860967404231662e+00 -2.964040238571160057e-01
2.849416871929041362e-01 -6.105593997879197321e-01 -3.854754219795263337e-01 3.053201032209728605e-01 -6.612921954479522579e-01 -3.643377287445865864e-01 -8.553235558470361211e-01 -9.737163269807337374e-01 -5.635780758133759338e-01 -1.136492975006488382e-01 1.385950143469032725e-01 -1.476622827611352717e-01
