3.813526022734673587e-02 -1.616935142058673058e-01 4.321993261209071402e-02 -1.459190467132731248e-02 1.809774005580054856e-01 7.135732783802928303e-02 -3.257404134372976490e-02 4.323262438467775914e-02 -3.257435361462523993e-02 4.316253782886624035e-02 1.092215656841808991e-01 -1.975275636568439921e-02
3.175474709613522462e-02 1.226147825981005746e-01 -9.906298920789208262e-02 2.638425852388895723e-02 -1.377498653208609203e-01 8.594765012715846475e-02 -4.842721408198129296e-03 4.263070744032224080e-02 -3.903557063235862240e-02 -4.395488195734859049e-02 -9.422275112654798779e-02 -1.532566332117452357e-01
-8.644308036566958342e-02 -2.863962316928713239e-02 1.293912646285711940e-02 -4.638349182810578425e-02 3.636372236997508639e-02 3.770152484911805379e-02 -5.468788125291106084e-02 5.313733352192627490e-02 -1.118948577128453248e-01 -1.496320465840962968e-02 -9.137016768176517423e-02 -3.353506089454705297e-02
-3.762667880509831114e-02 -4.072447312480810544e-02 -2.513662782372517307e-02 -6.415698656034257708e-02 5.015875766964034144e-02 6.209866053656733220e-02 -1.190943961777755633e-01 3.975617907932875450e-02 3.079742359568583571e-03 -1.340003544197730309e-02 -3.202693876159265485e-02 -3.178513165597993823e-02
-9.228196836303539929e-02 -3.181924186465655280e-02 1.227810116943634511e-01 1.518565133053259020e-01 4.203435705605908235e-02 -1.447883722969631193e-01 -9.662389111519503748e-02 3.759968203966639749e-02 -2.682167087475038209e-02 7.246693026388886794e-02 1.138735614410629760e-02 -1.914062882404251459e-02
1.354152496428814856e-01 3.534363192450656194e-02 -4.084499418204377494e-03 1.205835901849318381e-01 -1.454612310670371639e-02 -3.590997125512875032e-02 1.094126864115967518e-01 -6.264620887428190565e-02 1.821690025027238036e-02 4.767993779502319868e-02 9.617500847749169135e-02 -1.548385945546088341e-02
-7.474006231407089029e-02 1.198194609883744405e-01 -5.770946435791097368e-02 -1.232719306322031666e-01 -1.030443723194284789e-01 -1.005916883148626623e-01 -6.463224688572740545e-03 -2.330561940211215571e-02 -4.058076657805216592e-02 -9.290639815266345247e-02 6.681864377455046244e-02 9.902963604665968034e-02
-3.734504603461281935e-02 -1.795571657951468558e-01 4.958119260133313742e-03 2.923637043598921806e-02 -1.665917449970730213e-02 8.782535894474002847e-02 -1.156430292781125690e-02 1.063480289293438907e-01 1.397446499947027632e-01 7.748082520296088738e-02 -4.932802563338817281e-02 1.161850768202368983e-03
-1.691352250440929517e-01 5.219908370105020429e-02 9.810715550901565052e-03 1.361465407559734331e-01 -6.322110809592296210e-02 -8.361184678368999146e-02 -1.596826184344553867e-01 1.319570478372183997e-01 6.436907950853185123e-02 -1.392566928050524046e-02 -3.344693813358077389e-02 6.343141293491129026e-03
-1.029581262618465554e-01 1.659208542285556254e-01 6.018566172896370331e-02 7.211947144543995325e-02 1.613079412554117575e-01 -2.882909470363491725e-02 -8.792793962174112743e-02 6.060642018412711052e-02 -1.386763242081518743e-01 1.234665611878548244e-02 -9.564472028027043438e-02 -1.039874811386888032e-01
1.692342062652349433e-01 -2.141644416968782952e-02 -4.547956824416477667e-02 1.016631996126278470e-01 -4.080113548051546302e-02 6.250963542904217074e-02 -9.919708876423526805e-03 -9.106153680088635571e-02 3.207627790260417222e-02 1.971282750793627511e-02 2.929086663692016812e-02 -6.885838137360192346e-02
-1.098950999975081277e-01 -1.320087452314091039e-02 -1.766967911468594887e-01 4.600419624586785106e-02 -9.611535621313251065e-02 1.354598019592282432e-01 6.336503979797303288e-02 1.923101642872924316e-02 -1.282574273065758830e-01 8.932907370780646117e-03 1.798306324538804790e-01 1.034667299469117646e-01
2.224159720378459000e-03 2.305958969264644901e-02 -4.108524206563695519e-02 -7.533763200478343913e-02 6.958250838078998413e-02 -7.463606026005195626e-03 -2.729096305918435883e-01 -7.545305055092856039e-02 -2.218171216364116932e-02 5.318284188069187512e-02 -5.295156211382415906e-02 3.531844148864896754e-02
5.586415080410472855e-02 -8.803565886889821307e-03 1.150553438013852681e-01 -4.738805509749711292e-02 -7.391183841550857947e-02 -1.131786581281688103e-01 2.479477505438230922e-02 4.215966472835548304e-03 1.246131631120115657e-01 -8.136513350723465626e-03 1.564082115762923525e-02 -7.103412823456360659e-02
-1.930427690279984954e-01 6.838701100827568498e-03 1.177839238594048932e-01 -1.713236747113105474e-01 -5.760946684795189600e-03 -6.677797704041377180e-02 -1.379782742661376793e-01 -5.430108948983205716e-03 1.364223429231471441e-01 9.461348917142914372e-02 -9.010445141865622287e-02 -9.896050470761269535e-02
1.151804435497369578e-01 -9.553408350418843287e-02 -4.830310226960999676e-04 -5.608097140887484400e-02 -1.281739672257254381e-01 -3.821458518392230851e-03 1.023876521868383183e-01 -6.857901692343099098e-02 5.227935955365663190e-02 -6.457474922167441567e-02 4.763425843137548271e-02 -3.530463129005863288e-02
-2.663943668184618092e-03 5.752277027489514222e-02 -4.049001108962550083e-02 -2.395551287471577029e-02 -4.028757105817760975e-02 -1.449924405044154818e-02 -4.788420752156009180e-02 -8.022819713654498475e-02 -6.222481640935222102e-02 -5.581621663207674694e-03 6.658443071267319303e-03 -5.348422624806600800e-02
-7.541733076740422814e-02 3.324926669498744214e-02 -8.674182068198189183e-03 -7.593099926343993555e-02 8.022583316834114298e-03 7.341426777710909068e-02 -1.010361306404857773e-01 -1.509812441477096367e-01 7.753839406147568052e-04 -7.156313467381235360e-02 4.299251074149409296e-03 4.080521870167211351e-02
-7.256395224976577851e-02 -2.995633476871430861e-02 -9.418336290613758127e-03 1.274947394921665915e-03 -6.268127860121129602e-02 -2.969679282660051337e-02 1.112955620114894489e-01 3.271836522569054884e-02 -1.889599064651361357e-03 -2.985852664398028211e-02 -7.616118616418782183e-02 1.186406691783509389e-02
-8.023546031110725951e-02 -4.430835236215352468e-02 1.868645139574515168e-01 -4.916514556365580990e-02 8.726114761432331168e-02 1.190675014992268041e-03 4.662519715526636244e-02 3.409760994548205471e-02 6.881602981749843084e-02 -8.186297557570224037e-02 1.095662278226350594e-01 -2.944838185542942091e-02
7.832987674027427905e-02 5.011150885859005921e-02 -3.031910088777888673e-02 -3.487398967036314801e-02 -1.087482747243883746e-01 1.780803387228806767e-01 1.038062690087138140e-01 -4.793452635115794114e-02 -8.235091215781525920e-02 -7.696591096320061498e-02 -1.731646465274215008e-01 -7.103534708651505769e-02
-5.795751259167725503e-03 3.354928506685331963e-02 -6.501027079785742790e-02 -1.155551667339013155e-01 -5.450078186028656235e-02 1.732003779230002483e-01 -8.608180461479458812e-02 -2.821066920716498033e-02 2.305525823131499008e-02 -2.919760892751454076e-02 5.141121893765819573e-02 1.112337253527602779e-02
7.544620272324384369e-02 1.348296242742210160e-01 -1.259561629403807212e-02 -4.274210140360439059e-02 1.839500065170869558e-02 9.392307946669115060e-02 -6.799923948087758727e-03 -2.367534259486138784e-02 1.756735339417324071e-01 5.299213552551058221e-02 -4.902218223258620472e-02 3.174514452821720900e-02
-5.276873428762721141e-02 8.352664024432655820e-02 2.890628897026676150e-02 -2.081134515419478040e-02 -8.017393136803373233e-02 -1.382778522337637650e-01 -4.924001967613224340e-02 -3.765218678324252360e-02 -1.747352989772472664e-01 1.709459320920418413e-01 1.306971007685055752e-01 4.365774493040561893e-02
2.200700877422124072e-02 -1.421143215427933537e-01 1.092984762306553753e-01 -1.093476440114470316e-01 -2.999019059885777230e-02 -4.920575886862720363e-03 5.170010232454192584e-02 1.309141715863770261e-01 -2.055386751989173033e-02 -9.078481622445699895e-02 3.195220528142021787e-02 6.173481729422888864e-02
-4.745142700962615145e-02 -8.209177100862190268e-02 -4.796248105468289835e-02 -9.091073928913750990e-02 4.297364582366092201e-02 1.130150676142850502e-01 6.482041019936780543e-03 -2.975015483954199583e-02 -2.882645324578978277e-02 6.688678070087111793e-02 2.069543724060168843e-02 -4.908689987016973122e-02
5.427215165036303884e-02 3.617161072593988447e-02 -1.959234500126858652e-02 -1.393896543816648681e-01 -6.487043658364455290e-02 -7.940443640735192488e-02 -3.582729063790546231e-02 1.607930782099626504e-02 2.682697566601080844e-02 -2.949286406718675847e-03 -7.315306126401528719e-02 5.622202415350721627e-02
-1.328844746840643007e-02 -1.194760525173000076e-01 1.458283522708122117e-03 3.253619607584071205e-02 7.219187415451715217e-02 1.195886022342563804e-01 -1.413756285316223604e-01 -1.577333693433144723e-01 -1.912520958759321710e-01 -9.546014433084433481e-02 -8.536333860828046460e-02 -1.796963744040959432e-02
-2.823915431686168168e-02 1.092798617779908305e-01 1.115135312209642737e-01 -2.801607966324715093e-02 -1.222749881292870267e-01 6.364580989548183909e-02 1.014624714282609703e-02 7.272092894226372950e-02 -5.305729027690806593e-02 -1.312120337349226840e-01 -8.743901846847207393e-02 1.672429161984532731e-01
-3.752654967054133012e-02 9.049502359933939144e-02 1.117950813713141922e-01 3.204603920795830868e-02 -1.026147036652168623e-02 -1.135561852894297480e-01 7.360524243867620775e-03 -3.655530020178794637e-02 3.984773376332916700e-02 -8.791581073087363640e-02 1.965131193928070785e-01 -9.682188478921096783e-04
-5.096960551896474690e-04 8.069839877663198546e-02 -6.795487235410731242e-02 -6.297836108019506940e-02 -9.534640780085751333e-02 3.395209463361466284e-02 -1.440984990784172082e-01 -4.352017218181842423e-02 1.101630811182370551e-01 1.474554133118556043e-01 -1.035955011665642689e-01 -3.138230452935784204e-02
-3.047415877100379325e-02 3.918155267532121011e-02 -1.611595277030450912e-01 -1.633677085289955144e-01 4.142011101004962337e-02 -2.601134160040862592e-02 -9.955376116223177418e-02 -1.776900518829473974e-01 4.005900002785908395e-03 -5.748499309832797582e-02 3.012889976578681656e-02 8.804142344180732049e-02
2.938393389883817500e-02 -9.267821479237493831e-02 -7.641989725292994140e-02 -5.222583367097344970e-02 -4.838380255772696537e-02 -1.372933020867610210e-01 -1.751608521977298660e-01 6.172158828380061579e-02 -1.006176156576095437e-01 -4.142530516987245198e-02 -6.950069986664791921e-02 -2.339536913726491391e-02
-1.480757180147830032e-01 2.092194774785563482e-02 7.715962238964294354e-03 1.222496350292516937e-01 6.749172797297507860e-03 -3.996795263106805995e-02 -7.759833034953235453e-02 1.754140227474713654e-01 7.398015103707496556e-03 -6.507836961280258348e-02 -1.011290853566757242e-01 -3.723047952018161688e-02
-8.827520003974553831e-02 -9.377641178618306705e-02 5.127737527332358602e-02 -1.514855004953319373e-01 -4.779384872313347660e-02 1.113937101957618026e-01 5.127759648791353070e-02 -2.095178698031333313e-03 7.694016426941274744e-02 3.874747274537330977e-02 -9.760294068444533289e-02 -5.361639137775163488e-02
8.822005853159316582e-05 -1.155539031654924387e-01 -7.924323072072453344e-02 3.367113187695754128e-02 5.673943673238372731e-02 -1.331936990402343146e-01 2.316769936424006859e-01 1.533161959906976547e-02 -5.529153661555753080e-02 1.949141817487091977e-02 2.530072860955933159e-02 -1.146556164466161765e-01
-4.053251882515420020e-03 3.320705848709923358e-02 2.274095357328588009e-03 8.819884856759330205e-02 -4.410859589338723963e-02 8.534766439539463040e-03 -1.479837000664240287e-01 -1.701133188724799628e-01 6.237849666243859559e-02 1.411636965472818916e-01 -9.337584832809792817e-03 9.116208710915318925e-02
-3.709739336221568040e-02 1.759376105197594797e-01 1.060667334064502448e-01 -2.052935644113084573e-03 -4.225992734709105303e-02 -2.892486804994973820e-02 8.959436715824248276e-02 2.544157047926005888e-02 6.022991643965446180e-03 -2.681818057368445807e-03 -8.184541928450742021e-02 1.145004311586571635e-02
5.076430938792369195e-03 -1.223083125685727190e-01 9.020747173016865905e-02 -4.569998676260893233e-02 8.685864361656053800e-02 -6.195812523784638426e-02 1.057307563977041565e-01 2.090725974669362455e-02 9.400744204757166544e-02 -2.892789780928008495e-02 -4.781582263082098661e-02 -6.617807635257011434e-02
-2.845324925201985281e-02 8.729704146792954811e-02 -5.676271036391355995e-02 -4.089780746341588683e-03 -9.058995627667013051e-02 -4.164337593322049724e-02 -2.399880164106701214e-02 -4.536025922604817323e-02 1.931005994943026799e-02 1.918456959850722149e-02 6.988915909677921590e-02 1.544983613275023315e-01
-5.649472647298396655e-02 4.364254937786446464e-02 -3.006711210025994618e-02 -3.087227640598168982e-02 -6.187381846761500631e-02 1.480803126890784839e-02 -4.867436758916528217e-02 -8.183807783795310486e-02 5.322052845373932695e-02 6.893799377423406871e-02 -5.810639363385509959e-02 -9.183901420245410563e-02
-5.258808335148477259e-02 4.509083188008919385e-02 5.198502852712479083e-02 -6.107221975348318954e-02 9.772504697071821012e-02 2.050969421180693503e-02 2.745325716540674560e-02 4.602907289071517423e-03 -8.081024327299837773e-02 -1.057513685647226420e-01 -8.073137968304791579e-02 1.174354523373331294e-01
1.923019529827944551e-01 4.172482859361126284e-02 4.534316341604574530e-02 4.523851676712463410e-02 -3.380116226570206717e-02 -2.097170426172681457e-01 9.235613085158442259e-02 -3.320174093354587297e-02 6.543874214544642687e-02 -1.404776643089238886e-01 6.878163541946196759e-03 6.753917157049699194e-02
1.063388622117067139e-01 1.591255245107408567e-01 1.030478529050833647e-01 1.277321675024226805e-02 2.250573376525565050e-02 -2.181334147545947039e-02 2.127972432387336549e-02 -4.288673171136421491e-02 -6.399804840824269148e-02 -6.281952444599545049e-02 1.741612475521424341e-02 5.109416115081333309e-02
-7.299403774496443856e-03 2.175633545027404539e-02 -4.993711779929482786e-02 1.000701766731066922e-01 -5.481506472752596670e-02 8.736493266838438188e-03 -8.014104592156430854e-03 2.152281795229987749e-02 1.659396157213071654e-01 1.071293690086341927e-01 -9.013688364054979474e-03 -1.485056228187922045e-01
-3.473693636981330102e-02 3.084924915792740599e-02 -2.348803327168796223e-02 -2.945904715352829634e-02 5.111219924825002349e-03 -3.759337673754684778e-02 6.975340161805607120e-02 -1.224258772875201351e-01 -1.339280340618739240e-01 -1.308102468175430591e-02 -2.950299010936328903e-02 1.307094447569504547e-01
-4.027495644549457243e-02 8.859068921008328434e-02 9.588648353747521169e-02 -2.188318320399678177e-02 -2.027763766413431118e-02 -6.805664942538816597e-02 -7.543641467482785357e-03 -3.741673985304340422e-02 5.911283879593011437e-02 1.317426096759838350e-01 -5.888287666044153719e-03 5.247244805710842008e-02
-1.708681179985401255e-01 6.872822941041831224e-02 -5.268298749649180657e-02 4.386160417172125375e-02 1.607957765298718977e-02 7.634330171934819442e-02 6.449181684525748595e-03 -1.129995270239533833e-01 6.453276426817475264e-02 -5.905345852194258255e-02 8.912852100232772357e-02 -2.642749982002690068e-02
2.056228354631867705e-01 -1.125886533061667416e-01 7.602817400239266638e-03 -8.085558940765015523e-02 -9.836965350041622369e-02 6.505116612354225336e-02 7.031612271976034334e-02 -9.833863946114582144e-02 1.206277721523730945e-01 -8.036600529344327393e-02 -1.558937920662856191e-01 6.522495287216006910e-02
-4.063867109411457845e-02 -8.390079754459250916e-02 -6.056114899302498383e-03 -7.635759324012571236e-02 -8.961377176023628544e-02 -5.664926028494971649e-02 -1.657168611977452577e-01 -8.413437231468520738e-02 3.954271465516667511e-04 2.480960201433988002e-02 1.465023542896239095e-01 4.805790728363694420e-02
-7.327226473629713799e-02 5.795387440792507117e-02 6.880872065010290584e-02 -1.281249370460019882e-02 5.741454856172964472e-02 4.494973138115677253e-02 -4.070101954040158260e-02 1.131140054133058653e-01 -9.638825911018195081e-02 -3.114562396589896920e-02 1.336108453931670326e-01 6.528166258510507448e-03
-5.391582668362244340e-02 -4.358296769773190721e-02 -1.661313986157427203e-01 -1.007294493933716117e-01 -4.351028173841254426e-02 -7.028476571351698239e-03 -5.953551566660741923e-02 4.799415094937595910e-02 3.144213073361402933e-02 5.426587063958710627e-02 -1.136946226491711426e-01 -1.900220227251450400e-01
5.673779405643274154e-02 -1.729549333087532096e-03 9.806852827198592193e-03 -1.014664065218192079e-01 -2.664872394822201396e-02 -1.571990604506407485e-01 1.170639069267556120e-01 1.200114901152915109e-01 6.692028759205536151e-03 -1.241601956007081300e-02 -6.262790459351980088e-02 -9.472274692077145564e-02
-3.817456878482295562e-02 2.178234416579557034e-02 8.748570731413937707e-02 6.522111018112325583e-03 1.119400304730435447e-01 4.188161490122845054e-02 2.855763181425429592e-02 -1.275370839895850761e-01 -6.672455901921750532e-02 2.996066917949567841e-03 -1.383795800447546742e-01 -8.530505217842189458e-02
1.221910717692495547e-02 5.584462474262558845e-02 -8.671731673061240653e-02 3.351755138447184285e-02 -7.290302819369404164e-02 -4.263515531012689042e-02 2.074902158234786520e-01 -4.459137734165158351e-02 1.085580886060108219e-01 1.193609307813045181e-02 9.938104195558428167e-02 -7.100406811778017802e-02
8.868857831768629796e-02 4.755942102847211805e-02 -8.097970316875893748e-02 5.559351692379567444e-02 1.001354861335231050e-02 -7.312622016748698828e-02 2.133646752686414461e-01 -1.282779155053473050e-03 -4.626698652926639760e-02 7.925770158017042544e-02 -1.205299059570238002e-01 -4.460960575336015560e-02
1.702595115931610503e-01 -3.367716501378433761e-03 -3.771105708941681345e-02 2.181846698732589976e-02 -1.368985757280738458e-01 -1.104198193037225773e-03 -3.420264017023581099e-02 1.746095815106846888e-02 1.506183683907848236e-02 8.447779291081855546e-02 -8.701119251540591348e-02 1.603629428318952693e-02
9.748068669685172605e-02 -1.663706816647934073e-01 -1.570325599110026019e-02 5.524749536031277330e-02 -6.481699400473570072e-02 -9.405733310405690883e-02 -1.069767065430160674e-01 -6.872256551274591452e-02 -5.324803580120426871e-02 -9.210126001413391009e-03 6.708218515193967169e-02 4.175922483262018564e-02
8.173842592883570971e-03 -6.912666348967300145e-02 -2.214086984700991412e-03 6.209892453072997365e-02 -1.841023340769746830e-01 -1.939449855732626737e-01 -1.232093270216351871e-01 6.121469241304919318e-02 2.407349700345470800e-02 -1.166488851834044105e-01 1.307982006618382265e-01 -2.326571861691200532e-02
-5.000555472278762209e-02 1.581059337705549572e-02 3.523242488322625432e-02 -4.130281508221474163e-02 1.891230245079950426e-02 1.111156941578059776e-01 -8.124726846281078718e-02 2.700534464053070544e-02 -1.623379142829806110e-02 -9.100092694969359741e-02 6.797798647399624916e-02 -2.125738838878942633e-02
5.685359118440275888e-02 -2.113820206187575629e-02 1.358981719554109846e-01 -1.977577441052977836e-01 -1.307645747548892047e-02 -3.820574977646500753e-02 5.882460509791296449e-02 -3.206321669888641951e-02 -3.675439012408189543e-02 -5.464214588129871764e-02 3.015947418115682080e-02 5.057613283787237499e-03
1.632078912784772420e-02 -1.663422789226160631e-02 -1.118714259802637834e-01 8.198224853885635599e-02 -1.689533414262972821e-01 -8.955960075892799299e-02 3.158012382299391074e-01 6.110640546365212616e-02 9.670937825092917883e-02 -8.187668199115947414e-04 4.632588803982959358e-02 -5.005876880074153906e-02
-1.857597654678652122e-01 1.989853143583367179e-01 -5.872450952460476353e-02 1.399819381862695000e-01 -1.809528334290504414e-01 1.269904253445271365e-02 -4.415087990108927662e-02 5.945388874598871165e-02 -8.496723538113135077e-02 5.702419592631186029e-02 3.818864315029819878e-02 1.488404125210957170e-02
-1.139229451993095249e-01 2.586907312987310817e-02 4.652449602681472951e-02 1.986765589115204247e-03 8.169141860430067029e-03 2.497202427282425863e-02 1.717875226730657678e-01 9.413370586062437539e-02 3.412351826356678931e-03 -6.631189845550053592e-03 5.950783572606112987e-03 1.215806133485041601e-02
7.065160076592608140e-02 -1.276600256258834665e-01 -7.570175739891599198e-02 -9.422467852783603104e-02 -3.657317402559867592e-02 -2.336608138319259675e-01 -3.035316131117448551e-02 2.189455105841913579e-02 4.471600582201197549e-02 -6.660886867632018205e-02 6.926505734852880791e-02 -1.022844541824701747e-01
-5.502392700330614034e-02 -7.136782083409864974e-02 3.735559699534797551e-02 9.723736424125506428e-02 -1.130371541884351294e-01 -5.009074236337185404e-02 -1.243504294636729179e-01 -4.749454832884388022e-02 9.240593906068451935e-02 -4.685084620888514684e-02 1.165919317119240572e-01 -1.782185522504633329e-02
9.561646306932114481e-02 2.397263255913743146e-02 5.813585076332240115e-02 6.072097587720630407e-02 -5.442710696318205088e-02 -2.238838897986264453e-01 1.786092503277930676e-01 9.815700005904083592e-02 1.642453299016311680e-02 -9.090853130187294406e-02 1.516310817092582364e-02 -8.301261722527905618e-02
-1.211858565072473498e-01 7.448487253528610075e-02 4.379575828932306958e-02 -3.558521547612752273e-02 -1.482676959764541724e-01 7.592501050540884089e-02 1.481272590959777369e-01 6.104164531157236367e-02 2.013662266972415099e-02 -8.162064323045264969e-02 7.346512382760903015e-02 3.681239471739043700e-02
7.220633028165182815e-04 -1.767588194019069636e-01 -1.280120828362901753e-01 -1.374726723004398576e-01 3.561342345209787819e-02 -1.732855052107932226e-01 -5.057100316273918650e-02 1.442968527778304422e-01 6.900970410781648301e-02 -1.037279473464891577e-01 4.692454073018512140e-02 -1.231818548121248053e-01
2.729490266750770125e-02 8.135435274231578306e-03 -6.216156504011295658e-02 -7.357040761790728522e-02 2.852986698477624067e-02 -1.055899156533253863e-01 -6.191373591376785231e-03 1.145944539231052717e-01 -4.239946402572924988e-02 1.285167906744739130e-01 -1.474177316060972243e-01 2.026412162278909135e-01
-6.837224129297501951e-02 2.166536015607824217e-01 5.121465481023464161e-02 -1.829139265528847633e-02 1.414900049045058061e-01 6.834596139084890554e-02 -5.298810703411641065e-02 -7.290305828173876401e-02 6.311021769113554086e-03 -1.015979858037109468e-01 -5.614878329386347594e-02 6.664828287152074759e-02
4.972222380204947487e-03 1.653138192884013868e-01 7.525231098530252294e-02 -2.191057285839834168e-02 -8.946733702681142208e-02 -1.835802375870513592e-01 -1.524837920349000342e-01 2.746741907178746472e-02 -7.527686513249204348e-02 1.614375910859728869e-01 -4.373104109024263109e-02 2.540091797779141583e-02
-4.508830089550641684e-02 4.043461892521929557e-02 7.136243378944910620e-02 2.309446093332783584e-02 -5.391286848751143668e-02 -7.067328836633668399e-02 -9.899332066978645817e-02 8.639468590351497002e-02 -1.284503202384972564e-01 -3.403169068734453184e-02 -7.157584926925568414e-02 -8.529605396393508121e-02
-1.388757122400607891e-01 9.670541586521713695e-02 -1.231376328445887985e-01 2.587298308258739049e-02 5.173827223529597896e-02 -1.902118585390435513e-03 -1.062792216411283658e-01 6.908439557027654110e-02 -9.389363341821763131e-02 -6.980296534823393628e-02 -1.112917852528749474e-01 -4.012821454515871911e-02
1.784249856613048801e-02 -7.857959875335526756e-02 1.983210267559433471e-01 -7.036301854461743388e-02 -2.987698320867825455e-02 -2.174868949225207404e-02 9.843262543573616519e-02 5.583050644415468722e-02 -8.547759429185766700e-02 8.934754979913522854e-02 1.482651417875646173e-02 5.185890719657093584e-02
1.101763494153622409e-02 4.198994209734385752e-02 1.531733719442513464e-01 4.629365878056898587e-02 1.132080619385019971e-01 1.439437907268958927e-01 8.093101458447224394e-02 1.424383129436787576e-01 -1.878414809730799828e-01 4.926325623118542330e-02 -8.943729807586987823e-02 -4.468074831925435142e-02
3.755276738191011543e-02 -1.245144642942031810e-01 2.042931943240151871e-02 -3.579963924540542023e-03 -6.096402338431785098e-03 3.755538291396517958e-02 5.697978993163937966e-02 7.159730022008864436e-02 -3.236684748551264465e-03 3.961500717477045574e-02 -9.370797110932713170e-02 -4.397039481350061008e-02
8.591779102042959929e-03 -1.779042852218302440e-01 -1.048612503570292703e-01 1.835589295118408293e-01 9.404929194840511153e-02 -2.266063481618869058e-01 5.727125178088385282e-02 -1.236287035558501224e-01 -7.927569871233119958e-02 -1.215765892565273121e-01 3.942897626708018188e-02 1.487123283345578861e-02
9.634741529960437565e-04 3.978330114573573606e-02 4.837722348957052693e-02 1.821376854065934886e-02 9.981149756587459621e-02 -7.703716421504721093e-03 1.069654689182809176e-01 -1.527316640058997699e-01 9.371548898638548675e-02 -3.343305133185545119e-02 -5.553614480111474655e-02 -2.862727694212297003e-02
-5.298028303544901653e-03 2.084415360263858208e-02 2.421612557878708577e-02 2.959622229403516616e-02 -1.189698828606193005e-02 -6.743724542387721788e-02 -3.967236513426908306e-02 -2.310204668202935421e-02 -2.487887155120139249e-01 -2.900620711706096422e-02 -1.219478406169651197e-01 -3.814578373047956134e-02
7.121859835269292449e-02 2.424094638092144996e-02 4.718182258033651322e-02 4.670588283804262553e-02 6.924837452962920303e-02 -9.435351253099533153e-02 -1.060027088816755808e-01 6.730492452412328852e-02 -6.351278078935247706e-02 3.662297293310830260e-02 -3.173324371957993856e-02 6.912879638399439808e-02
5.706153799902237422e-02 6.779285472333587692e-02 -2.763305168692348560e-02 -8.865547453963365521e-02 -5.536035932600534559e-02 -1.080366809135931971e-01 -2.001221374242843354e-01 -9.926303757569496233e-02 5.377519561990652674e-02 1.674741626802717098e-01 2.450097721926568911e-02 -1.613065113867843958e-02
6.261867511211219317e-02 -3.578844939589302665e-02 -1.788777475628439140e-02 -7.938731550669998749e-02 -9.693854646091795702e-02 9.052255872502709688e-02 -1.707542381302314810e-02 3.528324261438705537e-03 -6.383004983609040506e-02 -5.463752692103593378e-02 5.620272355007461390e-02 9.379349285166863059e-02
-1.327039184742325184e-01 -3.300436651348053092e-03 -1.031289241513338589e-01 1.010763666980313800e-02 8.269893860562263499e-02 -1.635596466372983906e-02 6.348046974529653053e-02 -3.162069492775311519e-02 2.424731628922236273e-02 1.814510414027531437e-02 5.203314439549194814e-02 -2.383457927129670889e-02
1.169358155142881557e-02 -1.291698374386644754e-01 -5.694424667827969327e-02 -2.020200548091388368e-02 1.476797483122986032e-01 -3.942472045241775941e-02 1.512671400337998462e-01 1.079452770615518115e-02 -1.392648501861039334e-01 9.518829947248315382e-02 1.442344237961755704e-01 5.883254660508983880e-02
-1.107414389697730372e-01 4.651223192732732020e-02 -9.370725167506739617e-02 -2.054715256679033944e-02 7.760337784324397060e-03 3.853687814932988537e-02 -3.685279065370536747e-03 9.542032582994836032e-02 1.776620295335766889e-02 -4.963722912602348131e-04 -5.550859554833213749e-02 -5.411390283116417066e-02
1.708501971672052033e-01 -1.072443982920859989e-01 -1.307190302861386266e-01 8.531943336609870698e-02 -6.334693671465074262e-03 -3.683049801896364633e-02 -6.616790947713530047e-02 9.490589510384368765e-02 8.975819179826419192e-02 1.605430789485167431e-01 4.422953738320264949e-02 -1.119207812443184791e-01
-1.020331482168461423e-01 2.518866780500239599e-02 4.516789548988068420e-02 -1.843246292803930528e-02 3.726983429132165598e-02 9.111417345994994588e-02 -3.903912213945859300e-02 9.650074943702990904e-02 3.797271470961024326e-02 2.637482078966934401e-02 2.787593561148260859e-02 -7.655093494215767236e-02
5.687728772244295128e-02 1.709594523698496904e-01 -1.019953678081700482e-01 9.213372619566025101e-02 7.250961666019414831e-02 6.653594862761366691e-02 1.826237837021338906e-01 1.010404429089467870e-01 -1.499265759064307979e-01 8.246231005206302537e-04 3.451168550496771115e-03 8.126227372696787077e-02
8.651523914167481843e-02 -6.675115939418158062e-02 -4.240390479932446000e-02 1.337614513565553720e-01 1.152319172278404025e-01 2.114488144407197789e-02 2.931332031699592292e-02 -3.085425450546021992e-02 -2.347063915644501553e-03 -3.751742991697015750e-02 1.579023099487044668e-01 2.535721631505573684e-02
4.868102403944223056e-02 1.046897097934387441e-02 -3.807950705230015581e-02 2.486242880786235926e-02 -2.374715771966098843e-02 -7.331808002196438245e-02 2.110538198770165602e-02 -1.085332115760121157e-03 -1.628252162049283192e-02 1.902037181227431706e-01 6.058508539216251459e-02 -1.627162208313109593e-01
9.478953141724708042e-02 5.117651517321759186e-02 -7.226667648367794683e-02 1.087051525627931309e-01 -1.339258425859342627e-01 2.070229855222287946e-02 2.025402578450425511e-02 -3.323695842882637419e-02 -9.631669695331956937e-02 -8.409591436357191641e-02 4.571698263839656107e-02 -3.026365130854018898e-02
3.472697000484679247e-02 8.379192925150566462e-02 7.683017864183040724e-02 7.911574019574433431e-03 1.147813111482632875e-01 1.222394306729069624e-01 -5.234575601980545698e-04 -1.272009818128530256e-01 6.594790747713991097e-02 -6.517710843290637490e-02 -1.609667525085413040e-02 1.439574254738462331e-02
-1.259111907523662865e-01 1.270810284780438115e-01 4.464625598764405262e-02 6.075925649667786310e-02 1.408318697542040032e-01 2.790052984005097353e-02 -3.390531743113781027e-02 7.348448993068576462e-02 3.965413177464240102e-02 1.473171665647353135e-01 1.816866194089310563e-02 3.786959890591071881e-02
