4.066793474552389542e-02 2.903595304205251054e-02 1.421133148782959266e-01 3.145662136206314741e-02 -7.615294289898565105e-02 -2.893000245131230677e-02 8.438769389607776727e-02 -8.879578924456951738e-02 7.367398440210644328e-02 4.170137785370982286e-02 1.005209795501586512e-01 9.559999597854774989e-02
-1.429518576389425255e-01 -7.938105574653614882e-05 7.726267235517191023e-02 -8.261786018826126551e-03 -4.031971084070502809e-02 6.154734844871884158e-02 -4.388808886073900656e-02 6.136464233116985245e-02 -2.418825784527904935e-02 1.292208891868500409e-01 -9.382237351563404992e-02 9.656197023329438078e-02
3.960358579248845351e-02 1.664071550198622518e-01 1.775159976286010410e-01 -9.002598433464795158e-02 1.340998930367981457e-01 -1.692223501250184406e-02 1.055793145099325897e-01 1.181072683485845931e-01 -9.431313123454301839e-02 6.917506066221015826e-02 -6.621677490325510174e-02 5.332960073929404743e-02
-1.398320238800210454e-02 -8.570941562784815601e-03 6.322380482770930711e-03 -1.061365731961410874e-01 -3.045655912893895437e-02 1.194367960756958363e-02 1.298913065798444066e-01 2.176291264654199031e-01 5.331961752120344122e-02 -2.571038135993325771e-02 5.920043292483927189e-02 -1.231987939077040795e-01
-8.977018170367240951e-03 1.463531200217515760e-01 -5.535602390169895581e-02 -8.734637579401741125e-02 1.897842513170452244e-02 -6.439328998709960283e-02 1.224900783335096804e-01 2.529049228290733420e-02 4.737066531525466195e-02 5.002207276681198966e-02 1.096580736001709355e-01 -3.198909363174427811e-02
1.383992070301215405e-01 2.830214495704195393e-02 -4.781613468638777620e-02 -2.975430652375005841e-03 -1.475333491649620798e-01 8.131887412933391790e-02 8.554283787312845500e-02 -1.188413146882655591e-01 5.716679917624765267e-02 -1.652266498158506958e-02 -8.200623867558017033e-02 7.857403416592665529e-03
-4.117230637546088340e-02 5.849027225191531787e-02 -3.180059780890397148e-02 -6.201472360402938977e-02 2.444449422994700999e-02 -2.438483683636329113e-02 -5.612119684631451839e-03 -2.425099715466619288e-02 2.467906326063999678e-02 1.326761751949413759e-01 -7.949263216280709476e-02 -2.289700774879655648e-02
1.322997336905965826e-01 -5.906399097136111331e-02 6.450197181545970493e-02 -3.675001713867490777e-02 1.641756882531913986e-01 -1.010460918538888010e-02 4.287150097275589655e-02 -1.354405182528378992e-01 -8.490023917044592361e-02 -6.860503787409144572e-02 1.208933650492642620e-01 -1.473631481348222638e-01
-1.111489592650749259e-01 -3.407577377702245003e-02 -9.783530358371386737e-02 -1.537693316365235097e-01 -5.084592184383081304e-02 1.074924814579961280e-01 5.737630567011135080e-02 2.113770444958125438e-02 -3.134412828273643731e-02 -3.081004099499515952e-02 -9.864863198527670796e-02 -4.466708588135887004e-02
2.960213305493859543e-03 1.981889096579018961e-02 -1.265661241917273305e-01 -8.460893934010946249e-02 -1.091600976868091905e-01 -8.606546148791090201e-02 -4.511799302392643929e-02 2.085659645663939799e-01 -2.898151060197773354e-02 -1.240158562256252206e-02 1.008121929089789669e-02 -9.022600097443252143e-02
-6.191778663385517911e-02 -1.535511295964382163e-02 -3.249116909851688939e-02 -1.016917822662975757e-01 -1.118808800578756923e-01 -4.473138272538898508e-02 1.557686082151037155e-01 1.144182729142162736e-01 -6.985173009565050217e-02 -5.315609431722532335e-02 9.120197745477348628e-02 9.209274956418586622e-02
4.847089466890564663e-02 -5.540099681566520995e-02 1.027459525432318360e-01 8.942779961469801697e-02 3.262854175671601326e-02 2.277465727919567029e-01 -5.527143658210900701e-02 3.273660922956832947e-02 -3.875043080734007911e-02 -7.755600634481191191e-02 -1.112738870427761040e-01 -1.468014228159686962e-01
-6.522811159114792409e-03 -1.343839573314578074e-02 3.111949900560691262e-02 -1.424458947176742152e-01 -9.410344131878990714e-02 -1.251980033393607951e-02 1.052871533097732848e-01 1.045400818678605820e-01 6.223809458700706176e-02 5.691381594755284823e-02 4.019650076515886294e-02 9.445362030344535420e-02
3.237944273713414325e-03 8.998894819648714516e-02 -6.359717788595614651e-02 1.346885988297760184e-01 1.587509447098420790e-01 -3.210711269936193657e-02 -8.178436199233468651e-02 3.752289245444209026e-02 1.646074687496489330e-01 -4.139540917104772566e-02 -1.188147951116860362e-01 3.215254068439316049e-02
4.875893370050505930e-03 -9.336776483675002236e-02 1.352687062071324942e-01 7.317136842541568931e-02 -1.846281430476471447e-02 1.170480750159940547e-02 -1.419929337212431225e-02 4.876568498381128602e-02 -1.188225551961452353e-01 1.782885807748169071e-02 2.318499081229079620e-02 -3.040188191488311237e-02
1.276013075549602832e-02 8.927729579970211660e-02 6.557366866525393689e-02 1.693180124929783564e-02 -9.020891085662492703e-02 -2.329860198667569465e-02 1.295768939631492256e-01 1.453083482295185469e-01 4.730558821328155472e-02 1.716043163717282348e-03 -4.736232666216604048e-02 -8.517613059085205746e-03
-8.362141930136973711e-02 -1.353363599654955340e-01 -1.505883329391860710e-02 -1.722262749357947043e-01 4.345095649515673397e-02 -4.112403210350729088e-02 2.143314576054549715e-04 -6.161313411216799707e-02 -1.325961664148612162e-01 1.318324946327735780e-01 7.861051043273661540e-03 7.423883449530492562e-02
9.279794764910684335e-02 4.109642669734732238e-03 1.746669155163120268e-01 4.401887016952613779e-02 4.171868155692704666e-02 4.896984960479824900e-02 5.699112326425976455e-02 -6.018603141286556213e-02 2.037723131569930610e-02 8.199575369821501813e-02 -1.013699160310661540e-01 -2.505504128619225751e-02
-3.098832132884066920e-02 5.513439976695480582e-02 6.639229556552302125e-02 -1.214381612682997880e-02 1.431243418072464801e-01 -4.880394955823835756e-02 -3.338414249362637448e-02 -5.046349065095370734e-02 3.505373595973552275e-02 -5.332658833054976927e-02 4.503874724887037273e-02 -1.453690308091648434e-03
-1.596278231501298550e-01 -8.070114377334264288e-03 -5.243485594377335357e-02 7.399559518613471609e-03 -8.632609799947345286e-02 -2.915706531985281375e-02 2.111842218358348650e-02 8.514178485997495049e-02 4.988007293565840938e-03 1.189146423916242201e-01 -6.468772583356975636e-02 1.275350614961250420e-02
1.748299765542849632e-02 -1.100841712225698321e-01 -1.179043012438913685e-01 -5.345923166789305625e-02 2.496402111529113371e-02 -1.788175943090798414e-01 -5.789779897473842918e-02 5.290666264263669399e-02 1.114598179140538839e-02 -1.414900519896409026e-01 6.987867147761001041e-02 1.705290509973984847e-01
-1.072456831449260239e-01 9.667420813237233290e-02 -1.054083541616548103e-01 -2.081769798454139592e-02 1.279253998782210744e-02 -7.957565444637980379e-02 -9.402562427732082118e-03 -2.681749388161134076e-03 5.845012240709486495e-02 -1.121054554135844372e-01 5.251995744400149782e-03 -3.282642353513644945e-02
-5.610510503286816712e-04 -1.452681153953807036e-01 -7.625442719790020973e-02 1.268469403346215718e-01 -8.746457602501067630e-02 5.479772032542563898e-02 6.793546580473225349e-02 -1.520300034383599841e-01 1.944867174800599119e-02 1.260934760613159900e-01 7.281222678215513999e-02 -4.731662106170803767e-02
9.049345263008308493e-02 1.001810866377852577e-01 -2.013985489600740586e-01 6.963184083596728191e-02 -1.327273423208559788e-01 -6.560913284197333883e-03 9.469920528506045945e-03 -5.247164091377024692e-02 1.317229023733877957e-01 2.920039650168666789e-02 -6.935437561448506982e-02 -7.614951229793912035e-02
7.847004259741543683e-03 -1.005049084070950595e-02 -7.904238740009325581e-02 -1.353654432220479653e-01 9.761647766136619456e-03 3.793603238754674617e-02 1.888931165603623397e-01 -5.169548669152115861e-02 -4.202346328428991501e-02 -1.830691222801066886e-01 -1.057386434481819848e-01 4.548579480335830649e-02
1.122275096685958484e-01 2.017196313377035699e-02 -1.246810747328162550e-01 -1.108737078991224763e-02 -1.555757693298128186e-01 -4.156690020873939073e-02 4.307018667942429102e-02 -1.860874198929559908e-01 1.680474943041615765e-01 1.768810731124242919e-01 1.147611603355280507e-01 -4.988126562285567778e-02
9.421643032827345388e-02 4.995328026389207754e-02 -1.203420850642972911e-01 -9.064166444439147874e-02 8.694738586981283490e-02 -1.464377105611244789e-02 3.968642743096939540e-02 5.812564997603433814e-02 -1.861180577722585661e-01 -6.381103675674255210e-03 -3.118570084591700334e-02 9.549584213777800867e-02
4.156267456749811184e-02 7.103245231407490090e-02 -9.587058912846993519e-02 -4.334335363541901021e-02 -2.021210864619569780e-01 -1.260156732988849115e-01 -3.212735690751423318e-02 -1.924194826476106554e-02 -1.229516453902710915e-01 -2.465058755205354682e-02 -3.585068971684208123e-05 8.165168567131064759e-02
-3.968341310699308178e-02 3.853253591726222421e-02 -1.508209709174023194e-01 2.415566277177009710e-03 9.553010458449180675e-02 6.383079467106286820e-02 -6.101251247643014325e-02 -6.426499837453122921e-02 -2.478687517400370854e-01 -1.246609685691448810e-01 1.064881855377408093e-01 -5.624370253925645158e-02
-3.404251624695477096e-02 3.843411906538826694e-02 1.316635770497041613e-01 8.085350618687094440e-03 -2.352054889898398671e-02 -5.560740254301674984e-02 -3.600955604814473632e-02 -7.670113188202970500e-02 -6.178158957926777051e-02 -6.613980907812397336e-02 4.347080283848137744e-02 -1.316986555733537234e-01
-1.237731237713613486e-01 3.806016261495011321e-02 -2.547183065011985464e-02 -2.633619029209609969e-02 -7.236802532934902277e-02 -1.289180483633642696e-03 3.412909467981924821e-02 1.192640799595697937e-01 -8.462278014051391462e-02 3.330188152480698799e-02 7.786717968762933706e-02 4.499911264259520705e-02
