-9.182329047181300163e-01 -2.642345932271606301e+00 -3.642092773946772333e+00 -2.899420501376086978e+00
-3.548296129307735747e+00 -1.243198309822764802e+00 1.020220582788606167e+00 -5.036038981225353872e+00
4.166177846823439168e+00 -2.195478895788981255e+00 3.620994733263013465e+00 6.050129813645484411e+00
-6.601703730035215045e+00 -6.897298628360265305e+00 -5.690959589826460885e+00 -5.940698466061768990e+00
6.504744912302818705e+00 6.069674572440782789e+00 6.543191697613027102e+00 7.779115097388946687e+00
4.075501512698080475e+00 4.246894584432745035e+00 4.794951156315019780e+00 3.686537129310373917e+00
2.754965362795247508e+00 4.173814458462651089e+00 3.808503837260508895e+00 5.607445751681282786e+00
5.885790003230063405e+00 6.640898352946571492e+00 4.772371754930283316e+00 5.127318788775481195e+00
-1.234253047138327286e+00 9.593713274476283193e-01 -3.293728602068379807e-01 1.517784742396981024e+00
-5.468617525700301130e+00 -5.467818726732596168e+00 -4.826214512232293252e+00 -2.482276873780528081e+00
-6.029279413950797917e+00 -5.597223363203771562e+00 -5.901925660129527351e+00 -6.565713412039708707e+00
5.149153030596796299e+00 7.201328897894077485e+00 5.930531661810160671e+00 4.611599267737539698e+00
-5.920170240649265558e+00 -4.379009400459207946e+00 -6.323080441477205049e+00 -5.346041921240635375e+00
4.295582002395817334e+00 4.557801723795702920e+00 3.749389493724030853e+00 4.095835175467963829e+00
-5.304940113233683974e+00 -8.082295179678476771e+00 -7.133800144295071810e+00 -5.424519546546395787e+00
6.319273551988799476e+00 4.960784463094705998e+00 6.287238178648776099e+00 5.453654671332488491e+00
-3.148921650045543696e+00 -7.302704140655801979e+00 -7.262481222111432544e+00 -5.989529927683642896e+00
-4.499426721039069932e+00 -5.450175361199105062e+00 -1.477899896634211618e+00 -2.119833811460196227e+00
3.755264411954604142e+00 6.309106031317004870e+00 5.555738806140141151e+00 6.139860898521066979e+00
-6.012640540642280484e+00 -3.109348666681012396e+00 -3.925628503239654510e+00 -2.241138242035254802e+00
5.350236442764761513e+00 6.504557337724511612e+00 6.849576128466607017e+00 6.189264667764768468e+00
-6.195248488232422801e+00 -6.143818193650713688e+00 -5.770674945378823750e+00 -5.309110418831923361e+00
1.495085989252272540e+00 3.054708855916765109e-01 -7.105915953840818977e-01 1.748367632636190550e+00
-4.758328270704665464e+00 -3.414680552616836451e+00 -4.106839287433318830e+00 -5.054066852114678987e+00
2.865990679089108983e+00 3.850551265502591303e+00 3.470418353001547551e+00 4.194681680400018209e+00
-5.802347187486768476e+00 -5.315067433160645116e+00 -4.480070259912096731e+00 -3.840207455094774680e+00
-5.761868398153657367e+00 -4.412554211192352582e+00 -4.672006833586109131e+00 -4.845388013398737037e+00
-6.667939785402180242e+00 -5.359670050125204810e+00 -5.805807297343374529e+00 -7.242440011950071366e+00
-3.134591027103314609e+00 -1.603492911102478491e+00 -1.411378790399250294e+00 -3.584142446044279673e+00
-1.626778415155327728e+00 2.500811849061393310e+00 -1.410407846130776965e+00 -3.784529220050489862e+00
