1.130197110096612528e-01 -4.132703817737001101e-03 3.158755825915635085e-02 1.017161500272551478e-01 2.645652404412709990e-02 -3.073198391030192503e-02 5.778065722095046541e-02 1.668121358834223633e-02 -1.261753280614975881e-02 -1.256379348762939885e-01 -1.824445754919740929e-03 1.728323524794902477e-01
3.967241777359353794e-02 1.099247600844565631e-01 1.119917621853224882e-01 3.047962305209983569e-03 -2.787173959233399390e-02 -3.210406597652821353e-02 -3.521201180187041868e-02 -3.458213802306257106e-02 5.323873719869060689e-02 -1.166922828029766657e-01 2.682707989973438789e-02 1.134419028675132807e-03
5.337997986458768111e-04 -2.022564596908708601e-01 6.677115709569542146e-02 1.521791610117146365e-01 3.010497035676268363e-02 -7.362795130863350641e-03 1.351611453663494750e-02 3.712130708077670399e-02 -2.372120363783250183e-03 2.505309273076799376e-02 1.278575584599867254e-01 9.524062084233221592e-02
-2.870503563455394092e-02 -1.602999123835621015e-02 8.860105136639262469e-02 1.751794882469435155e-01 -6.297343619658155034e-02 -8.754829598686261760e-02 6.250820449719983463e-02 -2.300443343739098229e-02 -3.614418160256188672e-02 -3.282727563949342127e-03 -2.606227911628938160e-02 -9.121016142555367356e-02
-4.859256219844662605e-02 -5.894677170524890292e-02 8.232133124240022248e-02 5.429778078036027328e-02 2.894841278084514871e-02 3.609966354794705290e-02 9.606069164704846008e-02 -1.142903572724626171e-01 1.470569596178148419e-01 -3.683864131273918707e-02 1.633123074309945910e-02 5.207970656266250331e-02
-4.141619449056053656e-03 -1.280507049711437639e-01 2.413256805737011568e-02 1.411540468948966898e-01 9.153543465395276232e-03 -2.247051074327867659e-01 -1.895788927646212610e-02 4.773617165973624565e-02 -7.528369627664696639e-02 -3.140538952502699988e-02 9.075395659907489754e-02 7.825235761577771162e-03
1.520402618036750808e-02 1.321348850106818518e-01 1.241459858016121798e-01 7.322812878141947424e-02 -1.200110932356187807e-02 -3.327276406478762300e-02 -7.328075090047622697e-02 -3.160690516072064710e-03 -2.135345867403591613e-02 -1.176489722124693660e-01 4.897984633555023393e-02 -1.330639507506548580e-01
7.561204459191436800e-02 4.962281001042086193e-02 -1.116923407198782831e-01 9.516724676026596958e-04 -1.584591284502176733e-01 6.774177620124367805e-02 -1.778574898623500739e-02 -6.075002635982484911e-03 8.740962958660045135e-02 -1.929275494719294159e-01 -6.190811964822574842e-02 1.347436555873406383e-01
-4.231198428386312438e-02 4.928376323035097567e-02 -3.267307296908455311e-02 1.351544490636803486e-01 6.525906339854140037e-02 -8.864926136462321360e-02 2.968441379774386935e-01 -1.163540192226358155e-02 -2.549862220296407467e-02 1.768465230633415874e-01 1.311574007631629291e-01 1.005104902561248514e-01
1.090468352824115611e-01 -5.842291902862774278e-02 -5.493728926231065957e-02 1.980199852329889154e-02 3.561267606229856497e-02 -8.265856516708370780e-03 1.762135805383630016e-01 -5.720062690075154027e-02 2.433626080573814479e-02 4.404362814177589271e-03 -2.442391845817040719e-02 -1.232352623622303247e-03
8.790638944102736885e-02 -3.083628887490360432e-02 -7.373093678834452547e-02 2.099514697975975869e-02 -1.838529030925322161e-01 -6.673390182402563764e-02 7.249562210198043366e-02 1.327940256879963365e-01 -5.474031629084805811e-02 9.058339745174648350e-02 -5.996428499644619603e-02 4.596556051832526718e-02
-2.294337116523473274e-02 1.552251400005101589e-01 1.635871130556101061e-01 -5.185073702434722480e-03 -2.280073828068845954e-02 -7.088084589082592479e-02 1.005067315614508044e-01 -1.762349439387972047e-02 -6.317865073295139688e-02 -1.484815716581838752e-01 -2.019610139624700845e-02 2.768376548985023583e-02
-9.708244943717301775e-03 -1.719179765774486168e-01 -3.003964882087219873e-02 4.883071407059645652e-02 -5.691885109909848584e-02 -8.894514222304747419e-02 -5.007987543324931255e-03 1.988774568425595579e-01 -2.934785164248361611e-02 -8.851339387474763121e-02 -8.608582021635315107e-02 -3.547206911325999357e-02
4.789888970766421200e-02 -4.043611505540339879e-02 -1.207585712818703694e-01 -6.285961528917930786e-03 1.122529280223584225e-01 -8.271850357355373107e-02 -4.291604986482298878e-02 -5.715979892971242982e-02 -7.356617570637118131e-02 -6.900225238379112391e-02 1.454827057730356116e-02 1.051758325426547236e-01
2.605327318473409093e-02 -2.453645924256070421e-02 1.439362993916656064e-01 -8.940512001677354548e-02 2.528479335053271729e-02 -2.225757245681338550e-02 -1.627784466150366399e-02 1.606645875990518335e-01 -3.732642252921744563e-02 1.569620396825800041e-02 4.111372655967579504e-02 -1.233142537609166756e-01
1.119525740037056322e-02 9.139214176433781145e-02 8.967477147166642848e-02 -7.236572138195926374e-02 1.816848431079846615e-01 1.009565448821196643e-01 3.252787700157527828e-02 -1.165611284102565509e-02 7.570909122581244433e-02 -6.096750665016266446e-02 -8.057472467625628743e-03 1.381254328300108580e-01
-9.025439825555667261e-02 1.277568727571011808e-01 1.036827924421714064e-01 1.843064743352339219e-02 -1.109239500718611354e-01 1.043696661319462177e-01 4.906534436713742842e-02 -9.959603274064696143e-02 -5.249720752182435168e-02 -1.253591884979018689e-01 1.398734015133361042e-01 7.266736290297196033e-02
4.410088453620158999e-02 -4.006144630076784868e-02 4.466541080281586501e-02 5.419963792697860688e-02 3.487075513404703370e-02 9.431263360242442273e-02 5.449534948853819449e-02 6.958328847190936584e-02 -4.349260180657703312e-02 1.304996196277977139e-01 6.243808403028023452e-02 -1.034014994751468811e-02
-1.707957448166942671e-02 -2.490589355761694060e-02 -1.131230406693009283e-01 -3.794622330825872525e-02 4.853893363174513649e-03 -7.954926188219398064e-02 -9.193368600400576851e-02 -8.148143372854330102e-02 -1.702907931571862044e-02 -1.129249864583557750e-01 -3.720596389136009152e-02 5.864664941567110379e-02
-6.455836190821243048e-02 5.182023207219649957e-02 1.319101047712984975e-01 7.743136540771518306e-02 -1.010615304770432626e-01 3.750094826248137614e-02 -6.050991145854082293e-02 -5.181165157793586606e-02 3.051163367925207193e-03 1.119473854034926941e-01 5.279847566771592171e-02 7.108110456729142823e-02
9.776580906360889112e-03 1.502938459262767035e-01 2.546499891450837785e-02 -1.264023673891083166e-01 1.406286791860574259e-01 -1.909339778395550274e-02 5.646934204045557515e-02 4.020276623776875002e-02 -2.119831933053510364e-01 -1.187274322730202392e-01 3.087707713181815986e-02 6.958749529254232291e-02
8.641033115170870804e-02 -1.305796187553487364e-01 -1.019469583415415388e-02 1.944259183904927663e-02 5.520071816546017092e-03 1.215823562219059545e-01 -1.909915122336314774e-01 -6.332291319429662890e-02 -1.130021860346676205e-01 -1.858031013982055779e-01 2.593030240084148730e-02 -4.329677773393311724e-03
7.936092006815123612e-02 -4.190950766841620989e-02 -4.690712430819177214e-02 3.110076871384961916e-02 -1.171304983507167191e-01 3.646774635049344904e-02 -1.391529952645001456e-02 -1.984637371912736925e-01 -9.743638167602156064e-02 -2.526057950838898891e-02 1.086231701929738502e-01 6.282375473551933542e-02
-2.140311977873455423e-02 -5.816864555659379682e-02 -4.911425291058992004e-02 -8.080575680140171524e-02 -2.992514733535885790e-02 -3.680306260105081773e-02 2.723101520039401206e-03 -3.094302179673781919e-02 3.114557988447347325e-02 1.016956104447353099e-01 -8.730238234821716126e-02 -1.420863340354284743e-01
7.798848091408591698e-02 1.161587225442956353e-02 6.061599398354074186e-02 -1.005118565065814124e-01 -9.931151831623880044e-02 -5.928607800518947979e-02 7.317590897860515309e-02 2.486340267153045250e-02 6.897095304062259014e-02 1.858379549589391222e-01 -3.890319244348534877e-02 6.766180383985241631e-02
-1.347912810049737772e-02 -1.119023783339031797e-01 7.704046307173950670e-02 -1.439185086671646852e-01 -1.001698384661627306e-01 1.062733188119754646e-01 -4.267178464543089703e-03 7.585312581962599943e-02 -8.202846873577912534e-02 -4.301894627802872739e-02 6.560897883342134418e-02 6.159842032915480679e-04
-9.394968029396474907e-03 -5.512231559604922199e-02 -4.947809990131894070e-02 9.847846219551162350e-02 7.137456082436874349e-02 -1.875976102148727009e-01 5.760536430758361748e-02 1.301920975907256035e-02 6.730482661411220369e-02 8.621887593291488461e-02 -9.526302260660068910e-02 7.904693997788937720e-02
-1.645334949256600232e-01 7.563057846330996370e-03 1.477363986097659510e-01 -4.300794517730775757e-02 2.435620788909421686e-01 -2.252494386169969637e-02 -1.285432530626758885e-01 1.209512715314550041e-03 -2.453363448926770135e-02 -7.240495107507853578e-02 4.364495000831059013e-02 -3.493822288790635056e-02
4.873845866709609204e-02 -5.677697657381634844e-02 -2.890295988723578027e-02 -2.308444361205827869e-02 5.981581538187131369e-02 -1.045703458439019573e-01 -7.532591144239084158e-02 2.229420921800315952e-02 7.776362563818683959e-02 -7.740320259276525783e-03 -7.592051767809788673e-03 6.143795396607394654e-02
-4.143135152367359575e-02 -1.773628218038978410e-01 8.924186663865521507e-02 -1.519717788491889432e-01 -1.539589898690075023e-02 -5.038759903086918041e-02 5.771330107217173544e-02 7.036152993961433677e-02 -3.392851047708873857e-02 5.148088012886970627e-02 5.279937570310218320e-02 9.501055264438634795e-02
3.798315398274976218e-02 2.922132142815157124e-02 -3.751813852743771105e-02 9.451989038883976124e-02 -2.115664673441100541e-02 2.418273340030169943e-02 3.775271953743221387e-02 1.538458325362027437e-02 -9.788370486984127039e-02 -5.614361551581209531e-02 -1.103491608124068796e-01 -2.542197574779282016e-02
