1.352127017302111323e-02 4.204692038731092790e-02 1.481967193748560258e-02 -5.288622543911315060e-02 -1.616511727420542610e-01 1.083830885976581060e-01 4.508854892174948836e-02 4.525389967345456316e-02 6.586282026916503475e-03 8.649624404618869167e-02 -6.861455033668913128e-02 -1.203789326764400681e-02
-2.037795839444259474e-02 1.205669619013312044e-01 9.266380928126367877e-02 -4.971803695920638116e-02 -3.352220052267092243e-02 -1.933285100208703006e-02 -3.595831825687258870e-02 8.050577714573459165e-02 4.999371202412947190e-02 -4.706092203965820536e-02 1.015678042538338544e-01 -3.470111585980176216e-02
-1.110584708069996263e-01 -5.573310594631807925e-03 2.436202931903962490e-02 -8.164598952605989224e-02 7.596634641718910674e-02 4.001674908342518766e-02 -1.265299336512536350e-02 6.315222788205570800e-03 3.436553508058480012e-03 -1.514082852927969847e-01 4.090987962977415959e-02 -5.903786309413906752e-02
1.390583820806600701e-01 -1.747075369560656954e-01 2.046678918032227706e-02 -1.215450702995084786e-01 3.730129421757732988e-02 -4.913146562819415558e-02 3.580164334043888300e-03 -6.814392949593820088e-03 2.423162688415180302e-02 -1.295249483346795905e-01 7.255971593341824233e-02 -1.127699390077297609e-01
8.949182831028934526e-02 8.524866648967716065e-02 7.008730618291555969e-02 8.897082433768328802e-02 -5.605017912596339108e-02 -5.558486821078773184e-03 7.596523698684227999e-02 5.837497566025658287e-03 -1.299626259274391793e-01 -1.115776384165830942e-01 2.314825033765643275e-02 5.250335161093849790e-02
5.701634836475928669e-02 2.882200302159926633e-02 -7.143414082235896578e-02 2.025805565199360614e-01 -1.124390996238323545e-02 -4.829999421056352382e-02 1.255067457767774231e-01 4.211380025418795525e-02 7.318984636847578051e-02 2.308667958865082831e-02 3.568741997374709485e-02 3.602029285215462701e-02
6.365776645396306610e-02 2.006917077269547087e-02 -1.615827543945265454e-01 8.386369913492566774e-02 3.389977744089288370e-02 -6.315032596117259311e-02 7.136599959452269437e-02 7.610279400436839592e-02 -3.601823866749695457e-02 5.280844294496477020e-02 1.191829609189795983e-03 -3.615507758893257706e-02
3.458244201900920883e-02 -1.324630821317379914e-01 -9.626760917878218748e-02 2.773094253769001205e-02 -2.237388500981297990e-02 -2.301174247116764132e-02 -1.421886931449831692e-01 -1.189393183797289449e-01 8.924735755610899851e-03 -2.751287356051390978e-02 1.089329903735975213e-01 7.946803156499987475e-02
1.222298894799407100e-02 4.169927755260376123e-02 6.392721717838178996e-02 5.318473704095315682e-03 -1.173600372303636452e-01 8.903270578333719043e-02 -6.644205503189192820e-03 6.192152625195341403e-02 -1.049056136180802068e-01 2.772383465273061190e-02 -9.058065721210005472e-03 -1.640751353993886996e-01
3.584378226195200634e-02 2.487638533285095599e-02 2.339048862189503988e-02 -4.394156954093556694e-02 8.014656874904511896e-03 1.579250441196562021e-02 -7.393200860938278773e-02 8.233083241955482801e-02 8.107893968444640498e-02 -3.757322103274135516e-02 3.142320036854329146e-02 1.152033000361528114e-01
5.527726901234576717e-02 1.838358614592459084e-01 7.041550458676348878e-02 -6.410773943724212831e-02 -5.201796693730956905e-02 -3.684702641173229209e-02 4.553118948759557472e-02 -3.584658829480752429e-02 -3.639154634635412278e-02 2.335705897909844814e-02 2.314521851676737407e-02 1.329072345822554235e-01
4.716390855207033828e-02 1.225797657275160130e-01 1.685750146155035323e-01 8.835282675969802213e-02 9.593901291224459643e-03 -7.737405605596420211e-02 -5.101866010612007840e-02 -9.483838274380823608e-02 -6.207533522105809776e-02 7.948768950944967715e-02 8.175948576956071356e-02 1.554907510368284673e-01
-6.637517145577850886e-02 -5.382694210684751263e-03 3.816824690493159089e-02 -1.569602565656131113e-02 -1.326864730298967232e-01 -3.025437303048695084e-02 4.409659367781141454e-02 1.310514869197542398e-01 -2.547468310821365128e-02 -1.711998775497024783e-01 -1.134502862515139252e-02 1.712990965466775484e-01
-1.290373504208254252e-01 5.389936492804676266e-02 2.891380212124390787e-03 6.398665610415321670e-02 3.836508933486439121e-02 1.958318267097255705e-01 -1.274260388574197447e-02 -3.734587458845529256e-02 7.622756337935496229e-02 -1.467833777538427587e-01 2.914221345906221894e-02 5.213622719713176257e-02
-2.848761823111752370e-02 1.226822281529127596e-02 8.400350545265878460e-03 -1.362380072122210684e-01 1.945027190292972913e-02 1.411952758327166824e-01 -9.174794400871698688e-03 2.887582528697373724e-02 6.068192373265889061e-02 -7.702754076151392681e-02 -7.635065556654518915e-02 4.136996478794296994e-02
-1.013003694494265666e-01 -4.916910424937354085e-02 -2.448041059261105851e-02 1.185713478028216639e-01 1.579192041332069113e-02 -3.704726190185857193e-02 2.005940924198175782e-03 -4.311567839324800810e-02 2.217073873891906716e-02 2.385233092719005535e-02 -3.565004083598878604e-02 1.567145992468321758e-01
1.624188633102844337e-01 -1.650996191941370150e-02 7.893429618373108692e-02 -1.220290326757805799e-02 -5.883963131845152544e-02 -1.176975440488563091e-01 7.833939537340980919e-02 -2.558472346231802780e-02 4.222423981814686644e-02 8.106875567227225798e-02 1.823067230203538613e-02 -2.275193825500324354e-02
3.167171566712939645e-02 -3.636522688767657597e-03 -9.697927227608174779e-04 -2.134125683138727858e-01 -2.196744685723518026e-02 3.071205903255149264e-02 -7.176573105046132883e-02 -5.203563407732561541e-02 -4.765960399103483930e-02 6.891233158080678489e-02 -3.764424105350468175e-02 9.275774824767187010e-02
-2.503052228085620584e-02 -5.969245374952703020e-02 3.253215068102629365e-02 -1.041303093386460460e-01 1.178549101514620445e-01 5.137027986763742504e-03 -6.166614240539643188e-02 5.877731672135254326e-03 6.037980682479571898e-02 9.175596897977995881e-02 -2.747114863275321520e-02 1.477283239766763109e-02
-2.633541909792443958e-01 5.381587432400462834e-02 3.728695870213250690e-02 9.812249301272035762e-02 8.276767813677069277e-03 -1.027351203682369263e-01 9.986259271769022672e-02 1.411501004069010135e-01 9.004561314632993085e-02 -1.906555250974265828e-04 -4.281864063955066746e-02 1.177165424866648685e-01
6.499859267684908459e-02 -5.064808724724907674e-02 1.872401497951233298e-02 1.442172700287308248e-02 -8.504477765904196185e-02 3.229908566456763525e-02 -1.017123492987199174e-01 -8.074021568768638413e-02 -1.871201877091972082e-02 -1.707209830889455937e-01 4.927479351476056826e-03 7.376790073438471707e-02
2.534549457600849057e-02 -1.482401618528136067e-01 2.197037556583850398e-03 1.468591770309767355e-02 9.254041451771173599e-02 3.711464539814353369e-02 2.253700924706378284e-02 7.003082391029075149e-02 -9.038680682279195272e-03 -2.054054794086057276e-02 2.490107656457795152e-02 1.845565822268623382e-02
-6.943326861191233268e-02 -2.012451714448468959e-02 -7.167118078902051659e-02 1.574601614351556489e-01 -1.827681223676375089e-01 8.235449756304025204e-02 -8.045909308074250532e-02 -4.790374840836784942e-02 -5.990181579833246672e-02 -3.135350395068139256e-02 3.972109616788350311e-02 -1.059807200146537232e-01
1.056478217458705349e-01 -1.149699739859334768e-02 -1.523221190639815203e-01 -2.176207462480116706e-01 1.897955894103607599e-02 9.319330201552905590e-02 -2.387119126055001900e-02 -7.862162794234671404e-02 -8.927809427534452724e-02 2.849990062384775980e-02 1.170404854099086484e-02 -8.873646635593995802e-02
1.430387509842163951e-01 -1.323554839204160172e-01 1.197412390836248008e-01 -6.784587089578053565e-02 -8.247849280157383556e-02 1.931036776367667934e-02 -1.512032388972240626e-01 7.580756899658398773e-02 -2.731888691505128877e-02 9.529872438174061267e-02 1.751821140961290491e-01 -1.175716828451541518e-01
1.227795231366714673e-01 -8.923779215110096141e-02 8.146552050001570899e-02 -4.458690830192599958e-02 1.321733522398180899e-02 -9.619843158593523180e-03 -1.158134062924578642e-02 -5.472733274457811103e-02 5.462165530598157848e-02 -4.887464810269027266e-02 3.074897777135015414e-02 1.261973911955044103e-01
3.826323629090449402e-02 -1.332105621522118311e-01 1.413928014292691882e-01 -7.071327627243341463e-02 -1.201321849183069751e-01 8.097855940349926729e-02 -1.438313666103807099e-02 9.628991631297023623e-02 -1.247206714343797734e-01 3.599193311751264918e-02 1.070378094691836202e-01 -1.619504672084766742e-02
-6.139919254301735851e-02 -9.832989519926890742e-02 -1.598738821450866598e-01 -2.518280847514230841e-02 1.402746965001848145e-01 4.120109540819089089e-02 -8.623777820476397071e-02 -8.066914563533382487e-02 6.368595871924460916e-02 -7.491827142123901051e-02 7.941033021695725891e-02 2.501371617601340358e-02
-1.607695089075823064e-02 -7.305700725826813624e-02 -6.058930918442104879e-02 4.487338787620090419e-02 -4.209285602796376119e-02 5.436989826450589619e-02 5.512211437854609708e-02 -8.387403833206585890e-02 -1.388241878956341518e-02 -2.137004411480664112e-01 -9.302421147929336442e-02 -1.095432456710222508e-03
-6.102219577272841033e-02 1.194567544629087236e-01 -6.086561968715285820e-02 -6.029873329896363876e-02 4.611197241731468388e-02 -3.200004021448224489e-02 1.094725681808823327e-03 8.317621291122317961e-02 -2.169926648354023394e-02 2.369629915156015038e-03 -5.237662420995906759e-02 1.974152032056351869e-02
-1.188326197128048052e-02 -8.221271593988122017e-02 -1.658236709903250228e-01 -4.238105372456468789e-02 -9.442486751987094751e-02 -4.131226881772012693e-02 1.953486049603208805e-02 2.425822903865477369e-04 -2.655863420921844922e-02 -9.073759403047378103e-02 -4.349222442139750316e-02 -5.199348147488608990e-02
7.443969722133005062e-02 -7.103747951805640393e-02 -3.584064658342026727e-02 1.519800273579750283e-01 5.714902403051530522e-02 4.027233196181633293e-03 6.804697018454064494e-02 2.981718911445694481e-02 6.198160374879152501e-02 1.028767739053878805e-01 -5.342063708250561344e-02 -1.010195736532956343e-02
-7.241166033079488029e-02 6.362513044002714169e-02 -9.357511674705688842e-02 -1.223030018250521322e-01 2.581696523321697426e-02 -1.157989616105988412e-01 -1.252787131675908716e-01 1.300877137773721048e-01 -3.514625086259184211e-02 6.379282232923343121e-02 9.006938896639302139e-02 -7.514138598400348090e-02
-6.846892041978651366e-02 2.201358306804573894e-02 -4.255481969232235984e-02 4.335989450342200846e-02 1.465019815471137882e-02 -4.503232501650559355e-02 -9.637285154052885328e-02 -1.581650562585905362e-01 5.557909565375349081e-02 -1.178918882926087291e-01 -1.177845148737811931e-02 1.254320645100470422e-01
3.574456328228703406e-02 -7.292937858278000784e-02 8.159350754518737703e-02 4.137003632448666562e-03 -5.183799890277021594e-02 -3.330052365385293561e-02 -4.094733479065666704e-02 -7.854790793954558731e-03 -1.179742888138672618e-02 2.364082295180017571e-02 1.806644504183242406e-01 -3.750966372688026296e-02
-4.636542336304500661e-02 -1.566137881791052622e-01 -2.404129727330170108e-01 1.215546589280296352e-01 -1.765837438648869551e-01 -1.583045414488141178e-01 -5.783546538303772216e-02 5.203235974382992846e-02 8.724414358437684869e-02 -1.598520801353937870e-02 -9.696107333934002315e-02 2.025759726882431222e-02
-5.073982410843595053e-02 6.346582173314944952e-02 7.911123397975665383e-03 1.067853469227481727e-01 6.879209478982466208e-02 -2.372603145216962972e-02 1.542757656700977087e-01 8.068999711892727369e-03 6.565899299625366226e-02 9.382070264750227984e-02 1.671407171962175364e-01 -9.461288092836697694e-02
-1.653738749012780007e-01 1.228213586034001131e-01 -5.741871634327536111e-02 1.543024744381301938e-01 -3.930888505618908291e-02 4.255002148293250859e-03 -5.844741167334308041e-02 -5.461749540486450505e-02 -9.431614519188441861e-03 9.727724827175624964e-03 -2.889864885039322706e-02 -9.841128592293421629e-02
7.554824648364329154e-02 -1.190582985045083447e-01 5.708149398466205379e-03 7.918102437889019962e-03 3.651353781379765295e-02 -2.613562607883158639e-01 -2.946428544826414520e-03 -3.489663576952382884e-02 5.803742563769292984e-02 3.815516420592789809e-02 7.650334545381959339e-02 -9.865596420101803432e-02
-1.696937969054335138e-02 1.334113484479592660e-01 -3.616436256511343372e-02 2.215950147178509522e-02 1.321937091557318644e-01 -1.739513056137287905e-01 -1.038600299367449173e-02 -3.925683098430579610e-02 -1.079739158172524915e-01 -2.706874458872198311e-02 -1.591640479115490059e-01 8.307559973223488381e-02
-1.078945109420445109e-01 7.308173270144453781e-02 2.584277213483692284e-02 8.014897164430595522e-02 7.876985624893201310e-02 -1.531922330503585339e-01 8.174395414819071726e-02 9.898235457290988082e-02 -4.945915188695251818e-02 -3.899117622752430734e-02 -3.816845883029415520e-02 1.920228644407472041e-02
-1.242122772367275640e-01 7.240127189576482832e-03 9.829627390417222665e-02 -6.911495324920105066e-04 3.560443289353938667e-02 -2.107528509697401825e-02 -1.321746094627118673e-01 9.549843237360586615e-03 2.249065633285795077e-03 4.626005816218740907e-02 -1.705152186319068841e-01 4.502715897785831978e-02
3.524513528545523272e-02 -7.601812364359897267e-02 2.242353312545574545e-02 1.266154481253790043e-01 1.284016334666572834e-01 -1.287627701935940561e-01 -3.116881425952899853e-03 -2.636595429529241252e-02 -8.098077076128484819e-02 7.023897496994285783e-02 -2.881424152751281900e-02 1.222684537003478761e-02
4.056597117989035883e-02 1.469857017664892851e-01 2.161803820101749207e-01 1.957582456959690818e-03 -4.204152358340974144e-02 7.651040344854520558e-02 7.065879730862392738e-02 -2.350904127649471390e-02 -1.175830321873271370e-02 1.382525672141765583e-01 -2.083054503723072784e-02 -2.253230164981994410e-01
-5.207994192795412786e-02 2.710503625320146229e-02 -1.386646097527336474e-01 -1.272686284352489428e-01 -1.798914964035655539e-02 8.431237422996534780e-02 -1.907829860460199811e-01 4.078636066668060722e-02 8.453416851838374546e-02 4.146539214065352030e-02 9.074430431923327656e-02 1.675471213440412688e-03
6.317324100760005057e-02 -8.865153126834252051e-02 -6.703221142249206344e-02 -7.687513565435035584e-03 1.203443316919911577e-01 -2.287919935978757757e-01 -3.895838063863373002e-02 8.619629976521221704e-02 -4.551970217078774722e-02 6.986753138062531954e-03 -2.965458466664101789e-02 5.126784616841484343e-02
6.014944195422881196e-02 8.402335707093941397e-02 -2.837855109203568649e-02 6.782742015589459869e-03 -3.692573309831916062e-02 -1.589374027404008268e-03 -6.643806787588690810e-02 -8.662097172133527423e-02 1.079565746609006428e-02 2.893304927217530201e-02 9.206115157716837638e-02 2.360208840914308076e-02
-5.340864483157701376e-02 1.087694829192378462e-02 1.343704456749041931e-01 1.350197571490464182e-02 -5.682519568509646068e-02 3.736816400257194498e-02 -1.129154798970936902e-01 6.075146997739475779e-02 -9.797010161826305574e-02 -5.231497054784670780e-02 -2.191810015904653661e-03 -1.141938963702338918e-02
5.251486989279234574e-02 -7.418158886359527138e-02 -5.241541356094328585e-02 -2.605721399473596989e-02 -3.505257327997804428e-02 -2.550402093890339478e-02 6.595621534145179599e-02 -8.457915568116639027e-02 -1.348387384404031442e-01 1.003211256684641006e-01 -7.992993535861023235e-02 -1.089560261510088557e-01
1.140307543795607836e-01 1.186176472331897103e-02 -2.723514486114319427e-02 -2.126778014238219286e-02 -2.400841707208473466e-02 -1.026090371728582001e-01 -7.648180593834280616e-02 4.652914236336389703e-02 -7.874029846254768789e-03 -4.516466077470605162e-02 9.398011956944721246e-02 -5.788851265682238428e-02
6.689051748435143052e-02 1.382435705318413657e-02 5.636032353713217591e-02 8.403193433834427184e-02 -2.672653486868467598e-02 1.226031527092195927e-01 -6.771200445233957477e-02 9.193274456804700900e-02 8.864049951484993806e-02 9.054582763472374118e-02 -1.774362284361364894e-01 1.288098322909382309e-01
5.712161613816369582e-02 -5.759956762725929741e-02 6.030339496569332713e-02 -4.258634889203117418e-02 -4.712520512358762959e-02 -4.558514629902033627e-02 -2.817240670299008334e-02 -1.639299934872106290e-01 -9.272824914731322976e-02 -4.701929414270350494e-02 -7.528414264281677037e-02 7.411387712205602663e-02
1.355010528554894955e-01 -2.912526084336982540e-02 2.467674963475675540e-03 1.673274691345335852e-01 -1.180670519578193578e-01 9.903196744980907740e-02 -5.221615993607750528e-03 1.037913584967151415e-01 5.316959384669340443e-04 5.407620094654514570e-02 4.613780800384953418e-02 1.211775526401249418e-03
-1.582488250773312483e-02 -3.821894748045174400e-02 -3.476579287225063652e-02 -2.582959284191090402e-02 3.535827983258925389e-02 -1.136431798063904097e-01 9.570303890053755147e-02 -4.176668471059652443e-02 -8.695680320555565501e-02 -2.383992208760936371e-02 -4.193494549437094127e-02 4.793953561665460078e-02
-1.301830006185389355e-01 -2.108191717587129879e-02 -2.666050476095299659e-02 -3.581644539846905173e-02 -1.217649100173692767e-01 5.606731007251108956e-02 7.263015870875385097e-03 1.865143934533023892e-02 -2.123977261725798829e-02 -4.273382299844590004e-02 1.102280942102046302e-01 1.890462611258920261e-02
-6.783852407502802273e-02 9.118791421705943825e-03 2.940138307827293296e-02 -6.252078241847201789e-02 3.596979752014732579e-02 7.795587048711966061e-02 1.145146801008360971e-01 -8.347312249717843413e-02 1.818764332208734624e-01 -6.470176849363251659e-02 2.038828944504788576e-01 -1.272658159474512364e-02
-8.657998295562165103e-03 -3.553140945400912881e-02 -1.060100792330375685e-01 -1.471148270870074604e-01 -3.661336152284289103e-02 -7.537419214101487297e-02 7.633450141370606845e-02 -5.307133792178506809e-02 1.095637414433441384e-02 1.610475178454308723e-02 6.966640546151561808e-02 -7.428294542868223160e-02
3.216146814667409509e-02 -8.950607853304656802e-02 1.897897150710437242e-01 -1.692986667132675982e-02 -1.163784377741178822e-01 -1.042711539161620543e-01 -1.757244437924746772e-01 8.818209871113372178e-02 -4.317313033609861128e-02 1.028566774611920365e-01 1.486461895189925553e-01 -4.614126329233489421e-02
-1.005873552564029577e-01 -1.685835468490781697e-02 7.324150440599279388e-02 1.228574621476482137e-01 6.548978112882491986e-02 -9.905647508627474229e-02 3.274687050342740130e-02 -1.185365673562287780e-01 -1.933823480556489532e-02 -1.140728479470042578e-01 -1.345574111074063391e-02 -1.054213537705897680e-01
4.235853605864220439e-02 2.566837980619772822e-02 -3.547291410967562397e-02 -5.488481299341139985e-02 -3.902901885244849239e-02 3.900472371738030429e-03 -2.391819118179934825e-02 7.671268456801638713e-02 3.896456234341950930e-02 2.751650192136886712e-03 -2.502527389865117149e-02 -4.212972800942333534e-02
-1.842433475086425743e-01 1.709396455675958257e-02 8.803775727957841024e-02 2.535877274556798747e-02 4.155572624048792935e-02 -2.139097526603102317e-02 -7.845433400195875318e-02 1.300390877393144962e-01 -1.083911506459507013e-01 -6.699235431558558940e-02 -1.017759033353962950e-01 -5.116763933396768771e-02
-1.076724597241009995e-01 1.048565269614164658e-01 -1.053637430145419468e-01 8.457453512040866150e-02 -4.369105749017851426e-02 1.179716712003262002e-01 -7.796978565750505019e-02 1.570799238165181133e-02 2.262902525310235557e-02 -3.544839651282528925e-02 8.812104642164353407e-02 6.557633472936703900e-02
-5.700786811953646727e-02 -1.846871511796837478e-02 3.099998975397054782e-02 9.572536096533898475e-02 2.270291948758488068e-02 -1.751116402492380320e-01 -2.816876080562113333e-02 -1.210868070440890842e-01 -1.360061313240782110e-01 -1.211141125188990447e-01 9.862461972724348436e-02 -3.521329862248190334e-02
1.767100477340638465e-01 -3.443113874714179290e-02 -1.964500313260728048e-02 -9.442941990678056785e-03 -3.101782476951286255e-02 -9.496336671911372040e-02 1.465443138005166068e-01 -1.919632302452402295e-01 7.084939387071591960e-03 -8.082798790451928284e-02 -5.098511079111358322e-04 -5.900019888444513194e-02
9.120808250981594228e-03 -4.047263154353269998e-02 -2.712322228736431876e-02 3.713103596157123210e-02 -1.491483804388976653e-01 -8.545314252956048851e-02 -3.577422304203252412e-02 -1.133795594591035100e-01 4.491107358668348926e-02 9.019291225659911704e-02 -8.585289018260292004e-02 -1.280594263059414706e-01
-1.214898040084739714e-02 -1.593979641340743658e-01 -1.088357484749090803e-01 -1.734501325508950864e-01 1.373738441643923280e-01 1.866890483853514970e-01 -1.516184803689157035e-01 7.374871056054607688e-02 -4.174831308517998329e-02 2.207002119207695026e-02 3.780741201251327371e-02 6.284844028082911538e-02
-9.463925786314594801e-02 -6.407769150413761272e-02 -1.507737519350683952e-01 -5.934077605243591458e-02 9.947624855563360138e-03 9.399535005743164806e-02 6.388303055511275930e-05 1.562761668363013209e-02 -5.860738314609165167e-02 1.288821909616885142e-01 -1.108867637843326537e-01 -3.536702153248177244e-02
-4.939663138537295911e-02 -2.849676396453676517e-03 7.747506733496098419e-02 1.182889224776272619e-01 -6.059536916261804018e-02 7.568847330244005134e-02 5.400046240380493301e-02 -1.039272907706217663e-01 -8.667248712018356394e-02 9.094411592952562906e-02 1.493485729448431054e-01 1.818741197152835137e-02
2.028883297360162263e-02 8.723551885499419845e-03 -8.884734751317813206e-02 4.879229323027466092e-02 2.408103449415933267e-02 -1.049029097590970794e-01 -3.668929865420385295e-02 1.001828140445019250e-01 -1.017512796576186124e-01 7.406364897633781197e-02 -1.263814156080246554e-02 3.652183786174990898e-02
1.080424062463833518e-01 -1.044347353850758608e-01 -3.018278581254224893e-02 -1.873128747444470221e-01 1.325931708496511652e-01 1.128960776787191374e-02 1.218967962758313317e-01 9.016295708351759752e-03 -5.307781528643018554e-02 5.705726205494980607e-02 -4.182213569640048229e-02 -9.838027723885031661e-02
-6.938783043121155014e-02 -1.008399802819644614e-01 2.019789040396832713e-02 3.366339770883487736e-02 8.054570106073563607e-03 -2.666275374403246148e-02 -3.937013983723667426e-02 -7.261484869568168854e-02 1.324874897719439254e-02 1.719530661120182435e-01 9.910067447392767459e-02 7.507271151813899035e-02
3.351231604485180315e-02 -7.711112367761424613e-02 -9.111114971922884553e-02 1.552740873314412962e-01 5.245599401152312852e-02 2.671334893877776173e-02 -1.094975749685479696e-03 3.922377407257482407e-02 -7.851925849234917681e-03 6.822176439414215365e-02 6.375328532262230369e-03 2.888923686475390606e-02
-1.482092669774859491e-02 5.722181909317257398e-02 -4.769798063431224255e-02 -6.960578373178044620e-02 1.478443171063101693e-03 8.810060412971039423e-02 5.310851548742594186e-02 -1.152385750910386308e-01 1.155462172457650954e-01 -1.095010215340121718e-01 5.670356406029719055e-03 9.723139663031060698e-02
-7.570476669981118789e-03 -3.190914288033964291e-02 -1.087290203613431039e-01 -1.196058008428142749e-01 -1.358188318643071546e-01 -5.288078393158088947e-02 -5.404047419489096948e-02 -2.550647662558061871e-02 -1.670828434857037081e-01 -4.138293247959595744e-02 -4.658389872036249046e-02 -1.350726673088185059e-01
-6.214966835773242521e-02 4.906788133699425264e-02 -2.347602327510563223e-03 -1.297206713840464154e-01 1.549399690306038288e-02 -5.531836618420164081e-03 -2.497805041078801636e-02 5.462834845407162077e-02 7.439859610357736630e-03 4.746376801698580505e-02 -6.174061016524580447e-02 3.177316624880596740e-02
-2.640342399457889025e-02 -5.849228461881103569e-02 6.569849247846308582e-02 3.902263884561339713e-02 -4.486686502260231468e-02 -5.469300744267633491e-02 5.533450007043033345e-03 -9.974366053556194336e-03 -3.534996413677520682e-02 -3.614814299747835802e-02 -4.383453548187352111e-02 -8.857565790854333987e-02
7.253434602371033879e-02 6.622814037860305647e-02 -2.067113868877809568e-01 -3.541010661115603225e-02 -3.004697519140051443e-03 6.056897203568985255e-02 -4.161062998930119966e-02 1.430162848565994307e-02 -3.626337394941702569e-02 7.184537686097206000e-02 -1.192306149875556054e-01 6.798922246632647937e-02
2.262199060547204210e-01 1.175513907405554975e-01 4.954731117200661047e-03 3.832967577829638622e-02 1.217299059521988747e-01 2.192116233015526175e-02 3.429766932365629212e-02 -1.360555623828947625e-01 -1.178556258340054674e-01 1.505568766724704188e-01 2.592030351611743222e-02 7.508209004143079346e-02
-7.622034169638920720e-02 2.940922851278974376e-02 8.278227241773432332e-02 1.232575757361212831e-01 -1.833501607431000935e-01 -8.190416313084905586e-02 2.007359373931862923e-01 -5.725337143190795119e-02 1.566288337716467416e-01 -1.046015673436233029e-01 1.714647395492448559e-02 4.615479732299768850e-02
5.803716093483247615e-03 5.837318700986990350e-02 1.085743588795507475e-01 1.630534281400289331e-01 3.671824558761905416e-02 2.928216572448301760e-02 -2.373347721138582139e-02 -5.568298463952493088e-02 7.523896051738186708e-02 6.403163215110657669e-02 4.440375006232887001e-02 -4.197178626972606491e-02
-1.319584063236489135e-01 4.627414887999102035e-03 -9.453543250137591558e-02 -4.870454450709428562e-02 3.332564020344274541e-02 -2.342861356450930826e-02 6.210955511850946298e-02 -7.394240877458378366e-03 -6.410560873206028187e-02 1.297024169787555734e-04 -7.166168828317662221e-02 -1.325250492115863654e-01
3.649296096736459605e-02 -1.618229945731259820e-02 1.617106908686127276e-01 -8.141958491995970881e-02 5.413418486138487674e-04 1.106203785678938067e-01 1.786039573240522649e-01 7.587192319837091081e-02 1.391815738125618852e-02 4.965679342252802414e-02 4.805968019666279067e-02 -5.020722692431295320e-02
-6.844268931390155852e-02 1.987119627965882457e-02 -3.505639508631440415e-02 -5.795251335584875735e-02 3.792676607862870836e-02 -3.696746915148426543e-02 -2.590247651119147870e-02 -3.826872211557386105e-02 -4.848581177510963292e-02 -2.857017050989354295e-02 4.189920872387823542e-02 -1.063880254054165447e-01
-4.898604373453185890e-02 -2.024675556742059901e-01 1.951790144982109426e-02 -5.833895410862131869e-02 1.210724559364620700e-01 -1.497986840657599128e-01 -9.835410948066428127e-02 1.590118213304388128e-01 -2.600472280222417693e-03 -8.742681089479267809e-02 1.278281746121407714e-01 1.662113075466702117e-01
1.589608763586647724e-02 1.038316668531517051e-01 3.022596855638811156e-02 -1.594297178986068542e-01 4.774195177796225834e-03 4.852056432623916976e-02 -2.296952685340059724e-02 -7.691286520332177301e-02 -4.071308686807855598e-02 3.979981896925848667e-02 -3.527313162958287118e-02 -2.968062193249621644e-02
3.859109309555455725e-02 -5.788133118302541541e-02 3.611122664302249957e-02 -8.772403085740201889e-02 -1.116851357487705088e-01 7.479634685073733615e-03 -4.824764559462191293e-02 6.256130024765076125e-02 -7.287346898656660299e-02 1.242571325372429925e-01 -9.038719326461780446e-02 -8.557164271891595786e-02
1.972777314313243612e-03 -3.376546105638965345e-02 -8.838426275463426296e-02 5.052065759420083096e-02 9.314693784971268820e-02 3.704308115550764002e-02 1.926539981628811946e-02 -3.981455352668970132e-02 -1.607412038791677100e-01 -5.068362943143803201e-02 -1.023841581051279787e-01 3.924581235662133460e-02
-1.028738548176741929e-01 7.122538001888004122e-02 -6.352098974194453351e-02 4.947134053713046764e-02 -6.760540521537856951e-03 -1.827427291234931528e-02 -5.073785878047393921e-02 -5.559774232554749729e-02 4.458821154040252394e-02 5.512364593287664982e-02 -9.490264495318359583e-02 -2.800042559388868368e-02
-7.058723257483817681e-02 2.248747525029606287e-01 -8.186625465274439961e-02 -1.056122856745761174e-01 -5.151970010480774742e-02 1.341533136411910410e-01 -2.555433961330441650e-02 -1.160296651774995504e-02 -1.477702741865228805e-02 3.399841528688296588e-02 -1.418348682224938873e-01 -2.393015329135493932e-02
1.275305627871693437e-01 4.460702517108438084e-03 9.874426146481971034e-02 3.315512349957110139e-02 -9.466403664832247211e-02 1.627449359441629842e-02 1.433678390203986242e-01 5.382677584187362668e-02 1.105158447794057641e-01 -5.876638249068516506e-02 -4.472514809743720343e-02 1.130999688719530188e-01
-2.464682480027020461e-03 1.230702480243290042e-01 3.049936591538564626e-02 2.903915677156777564e-01 4.008038801256341016e-03 -5.220271488716860669e-02 2.758584861173991182e-02 5.462061400378543513e-03 -5.218949159560629103e-02 1.579710648438106824e-01 -1.053890752771927675e-01 -7.778910894849236368e-02
-7.054107218513498700e-02 -2.186211821144706802e-02 6.446177433114080868e-02 3.766098910611360290e-02 -4.181206016778894752e-02 8.343098313322619419e-02 -7.622024086715581577e-03 -1.395231705246651188e-01 -1.773336946714638637e-02 -1.600446593135288198e-01 1.027158573099125893e-01 1.248654575761000696e-01
4.709004742491696566e-02 -4.285562777507712778e-02 7.767023250530033507e-02 -1.106855673450555522e-01 -1.136221511845389026e-01 -5.415005924231862389e-02 -1.374048016334752098e-01 -4.382495930596795597e-02 -5.076023729466900419e-02 -1.055704080707187825e-01 -5.253324279990562173e-02 -3.628498924318389329e-02
-2.813347271812289066e-02 1.181275506059075928e-02 -4.397610981647874506e-02 1.414163740513486034e-01 3.997451779247215842e-02 8.342079687601974824e-02 1.330611444024367152e-01 1.342168820359904979e-01 6.812568272563898630e-02 7.376810035258134224e-02 -3.552282779215105296e-02 1.718958310579712656e-01
