-2.404955053506468710e-01 -2.153501116432279261e+00 1.578391760458874860e+00 8.372377456753467007e-01 1.380785470519336311e+00 -1.928431560377132647e-01 -1.727173484195404229e-01 4.272236009806627544e-01 1.364246431070907706e+00 -7.558106136152800136e-01 -8.292273935081507785e-01 -8.908371961554194529e-01
-4.944974989478383431e-01 -9.314943121757313094e-01 7.687559064188439484e-01 -1.263142948434881410e-02 2.179960154504630154e-02 -3.555124389753082648e-01 -7.094591994091824505e-01 1.912449482336889162e+00 8.016916365362252161e-01 -3.746267836384175043e-01 1.282223766739465642e-01 2.944648794598075381e-01
-2.916082392018711777e-01 6.424764483689626715e-01 -6.029767755397517082e-01 5.984200849927930888e-01 -8.219919173413284819e-01 -1.931641372589562589e-01 1.254442052147647646e-01 4.378467472251613701e-01 3.312450254025783303e-01 6.937311672753887493e-01 6.140876033688668079e-01 6.272340790698884838e-01
4.354082004718827781e-01 6.250590316831994286e-01 4.858609991522284122e-01 -4.046531877569606861e-01 -5.379610132975267689e-01 4.571317956071831445e-01 -2.171525155476576874e-01 2.660687922733590005e-02 -1.959670455949547585e-01 -6.047908925939622371e-01 1.060557003941560383e+00 2.305976391573787976e-01
5.281439598069020969e-01 2.390090710151457354e-01 -3.256331175262958122e-02 8.311174160074095152e-01 4.688765451719129618e-01 1.534318946886417678e-01 5.663136339126471075e-01 -3.629415318814461222e-01 6.710792167165496869e-01 3.761356888537657484e-01 1.934697248841111272e-01 -2.820818332436008102e-01
-3.383895653181329122e-01 -2.518539881763583455e-01 1.015585952465832609e+00 -2.342120347659983060e-01 -4.234625097119954495e-01 1.744219604602662566e-01 6.113343299635471961e-01 -3.983106339748679336e-01 -7.864217489921400128e-01 -6.122539409055557380e-01 -6.412300984411754001e-01 -2.465890531244670225e-01
-1.255365935124193033e+00 -2.095437667545325608e-02 3.152000454907168403e-01 6.009199806636699170e-01 5.512260733317069228e-01 -3.891885470778282397e-01 2.088222046688288369e-01 -1.841282646258521338e-01 -9.252710786655333752e-01 -6.206505797867049035e-01 -8.174961695483610180e-01 9.664021216652759483e-01
4.243258273615102549e-01 -3.181178419916788069e-01 1.598698419458601361e+00 -2.068374389502324551e+00 -3.216934848711814898e-01 -6.340839067667697337e-01 -9.596231910551391575e-01 -6.340814435218918022e-02 -8.452055026496733126e-01 -3.559151735394558980e-01 8.142250553701407823e-01 -7.340065686246127763e-01
-2.886644301881636232e-01 9.967408134925551666e-01 -1.154381931383184762e-01 -2.157452688834640586e+00 3.988188971490941662e-03 1.088493279899137578e+00 -3.579009118856621430e-01 7.582358401682346427e-01 7.895285088104232463e-01 -2.193297709686840569e-01 4.513979753620508961e-01 8.025894171150447232e-01
-1.647838923353411589e-01 9.553314201394800392e-03 3.942845653610740908e-02 8.376048733739711594e-01 -9.017309678317729782e-01 6.916814351519206617e-04 1.114974969763830925e+00 -2.830383913952659869e-01 -7.503936985440708973e-01 -2.950851524888466453e-03 -2.884474990650029436e-01 -3.798693137333278291e-01
3.740195748277774235e-01 2.902250649818495232e-01 7.230722026350556043e-04 1.970655876791317374e-01 7.275431258805388213e-01 6.450180003214149860e-01 4.036059883076107413e-01 -1.102880067039703871e+00 -1.382026426489953511e-02 1.310458320061405058e-01 -4.360315862191064262e-01 1.437015426781090843e-01
-2.194973512644391889e+00 -6.250739564603563503e-01 -1.266882464039176481e+00 9.836289186962099418e-01 6.577385832432292023e-01 -1.298873606048946305e+00 -8.997885321753607002e-01 3.287654416939079560e+00 8.736174019659781464e-02 -1.125946950523647905e+00 -8.314156423836382981e-01 9.879591037794223096e-01
-1.095970347657606314e-01 1.021328321700082364e+00 -8.809520222153093272e-01 -1.499290979998893492e-01 3.468833023475894617e-01 -1.112923775305709073e+00 -1.279179788843352927e+00 7.390850047454594618e-01 -2.049085411406221358e+00 2.488248161021326954e+00 -1.739323797113046854e+00 -4.619106013927213317e-01
5.462777325086327629e-01 8.934799340069771167e-01 -5.837522030789260574e-01 1.926993330586086461e+00 -2.522044142094994612e+00 9.219997412387334057e-01 4.134754296553411201e-01 6.258403090289837989e-01 9.505604981878203186e-02 -3.358213878310374878e-01 6.752036591497082574e-01 -7.436150334325215550e-01
9.716581870898846063e-01 1.503921214976393861e+00 4.357390982266879376e-01 -1.424269791439569222e+00 1.062146204548980677e+00 -3.517311684996539678e-01 -6.886595125306314014e-01 -1.228087954634581092e+00 -1.177815103587859236e+00 -3.014373409402825721e-01 1.501069752555525723e-02 -1.582200000233318748e+00
5.375471367645622278e-01 2.065461139608683883e-01 -3.854052786811275055e-01 7.119118691696559864e-01 4.198019565061962832e-01 6.464407524257276272e-01 7.480561468426695226e-01 -1.156598267529922008e+00 -1.152247560505864632e+00 5.876813203610345981e-01 -9.716262554208057178e-01 2.650034626277830707e-01
-9.505205296557358574e-01 2.408536735188390038e-02 7.767127243911542411e-02 -5.019019781569447058e-01 -5.186684256446325580e-01 -6.921351561156917631e-01 -1.619253789332987248e+00 8.412446170135602364e-01 8.583538200662449436e-02 -6.043256411231698877e-01 1.586226999215972766e+00 -1.423929435960504530e-01
7.439113509484319708e-01 1.541735455462792004e+00 -7.997199628892058820e-01 -1.891469411590044558e+00 1.221483052300240013e+00 -6.169815119643863310e-01 -8.476093898739383015e-01 5.602972378023782785e-01 -3.945402923555267893e-01 3.832957685955175331e-02 -2.688243434666032772e-01 -6.920978267437913889e-01
1.923974969909806598e-01 7.258995895986432301e-02 -4.570127580927530464e-01 1.381228754444215667e+00 -2.482454082404153897e-02 -2.709577445405657592e-01 9.627631447438854684e-01 6.330633260489698655e-01 1.241201108750884519e-01 -3.420927967267329284e-01 -3.428622278705717452e-01 -1.285139868246686634e-01
-1.224477712450772887e-01 -8.483889870633473107e-01 1.419108543947928291e+00 -1.194930527013282173e+00 -2.503602780546833606e-01 -5.121380300309139599e-01 9.409174801174113867e-01 -1.126204811882800305e+00 4.880909938557810301e-01 5.768175102108927255e-02 2.374360485244280394e-01 1.009994195510914183e+00
1.160766907228572009e-01 1.414169375534388928e+00 1.178955176734884785e-01 9.156758988844165836e-01 1.729556236591716312e+00 -6.773079034788626052e-01 -3.568605803492179707e-01 4.489426771125207272e-01 -1.329170344505594459e+00 -2.485187948883777587e+00 -2.626497052607126292e-01 -5.856110467920033757e-01
7.692849733893931952e-02 -6.524629250159882377e-01 4.975260248651357520e-01 2.890352511482635056e-01 -1.497320266547198242e-01 -1.262839968723137307e-01 5.839708692469727236e-01 3.153635875921621534e-01 6.653194109919364774e-01 1.658302689347992409e-01 4.855788629716124571e-01 -4.042669758625077048e-01
3.081405773123456759e-01 -6.331630147150869858e-02 2.993446450517689983e-01 -1.366513931098659151e+00 5.975353844254399638e-01 4.966152033810100619e-01 3.577486664002508254e-01 -1.529810689119981137e-01 5.653558646909271346e-01 5.777731989486885045e-01 -2.691440566746887073e-03 -3.718651908447774268e-01
8.148120256595973165e-01 5.865782796251902687e-01 -1.593621957004300038e-02 1.297352368527983080e+00 -8.570180747754809758e-01 7.812451762527975463e-01 1.715495609893203488e+00 9.922409683596219443e-01 3.492213162283613892e-02 -5.178312552609003472e-01 8.767866469812035657e-01 6.906113422844848415e-01
-1.116419421270840595e-01 -1.995752916111309394e-01 1.970063255171136674e-01 -1.125432391267862764e+00 1.644324681108668029e+00 4.963216432458609773e-01 -5.677277720091706836e-01 -1.648715383607064489e-01 3.218275024795818617e-01 -2.559283494421283889e-01 -2.381667117107696963e-01 6.239427720474993722e-01
-1.363201318612604629e-01 -5.769719567410824812e-01 1.140914206833775424e+00 4.516712441460508098e-01 -4.789399166626862603e-01 -1.323505358994193915e-01 1.940934250794728866e-01 1.183996984728236113e+00 4.555757102899705702e-01 -1.125692208327041532e+00 -1.706607178124403823e-01 -4.635867495257385840e-01
1.581242691327693350e+00 -6.475955214872358701e-01 1.501976980581116727e+00 2.064154604359217604e+00 -9.643490192913546366e-01 7.709750174135563405e-01 1.807736061886269896e+00 -1.160988509270129532e+00 5.913438891531861419e-01 1.706472013931386034e-01 -6.120247988769536018e-01 -1.302332175563718719e+00
1.701828765837618329e+00 -5.170043497655267828e-01 -5.690921560496269294e-01 -8.692455020437460655e-01 2.023414370036385468e-01 3.011173574411798004e+00 3.369539085919731058e-01 -6.171656999009763993e-03 9.846828164997142308e-01 8.841668206473286551e-01 3.190518774520493928e+00 1.205044178899373986e+00
-3.983022176668409194e-03 1.652731123944956027e+00 -5.284160222946284735e-01 2.379735246868220633e-01 -5.017433506173918367e-01 -3.458153253925110859e-01 -1.862593156605085731e+00 9.247863585042624957e-01 -1.717415736888183053e+00 3.880354583799728307e-01 -4.625466029044706939e-01 -1.408234019117815317e+00
-1.496384800048626840e-01 -2.826513135662924725e-01 2.392824563932792969e+00 -1.516245840675152001e+00 -6.279471246734773526e-01 9.090623619840288994e-01 -3.185504091854630127e-01 2.152763535718739962e-01 3.070255285704500681e-01 -1.219398777485294350e+00 1.412342607206569678e+00 -1.184986425703916657e+00
5.527468548237958190e-01 1.695347184561034337e-01 5.716607988439880161e-01 -7.236383886921067266e-01 2.218667335037456112e-01 -3.008910639787963359e-01 -4.459735745824816022e-01 5.854718889763300682e-01 -2.371198081680202241e-01 -2.082696917071026610e-01 7.499855942805140618e-02 -1.078214989826865811e+00
