-1.344742644033585510e-01 -3.076913032685011512e-02 6.431212593215297757e-02 1.009282881918646818e-01 -3.947296127387020515e-02 2.271061556740486612e-02 -1.196953194225334194e-01 4.193227581689302347e-02 -1.754116455978455280e-01 5.872940011124505588e-02 5.918920812981773305e-02 3.379055220162607842e-02
5.415749811899497890e-02 1.152867991129493119e-01 -7.462814762132272128e-02 1.283083101018860361e-01 3.453862366666272249e-02 8.064813165889399282e-02 -1.848510834356163063e-02 -1.075002104566433747e-01 -1.769943176367719251e-01 6.301178633272354335e-02 -5.635556833868250390e-03 -1.045799881542115173e-01
-1.251623553495357158e-02 2.341456897360963407e-02 -1.271049834887480641e-02 -4.466139218633866093e-02 5.485154722354628268e-03 -4.941073431742272828e-03 -1.131651601004521890e-01 1.192776184307880738e-01 -9.421914790798990857e-02 -4.694527132313325302e-02 -2.265635398882481777e-02 1.364957062256783472e-03
2.060804614997072126e-02 8.585842834314907912e-02 -6.648727334290235880e-02 -9.004057241399845979e-02 1.086822631705442778e-02 -3.640277590312632205e-02 5.325924216507838677e-02 7.805932131030290932e-02 5.429818302142719322e-02 -6.166633737183825625e-02 1.547608265692716478e-01 -1.504387964103963762e-02
-6.890099525657075730e-02 -1.222805556820825978e-01 -6.814110860079937437e-02 -4.258084167720917190e-02 3.815342431112988403e-02 3.343741839125882742e-02 6.107587077501980266e-02 -6.903548559241317120e-03 1.515008438802365465e-01 -5.851326576861302919e-02 2.785611460092517547e-02 -4.428595264682272381e-02
1.227016982362531677e-01 3.600840106495886705e-02 1.176873928505595412e-01 6.043141137774628302e-02 2.127229019898527890e-02 -2.044265857950273990e-01 1.943034637345259635e-02 -1.982140405993643162e-02 9.310605992244577744e-02 -1.184933039553674045e-01 -2.366754367561946584e-03 -5.991797874688901265e-02
-1.355470419157887851e-01 3.148671076906731092e-02 7.644414544806105161e-02 -2.478861743466781800e-02 -2.837422697319858661e-02 1.398267949352355669e-02 1.593531892540910391e-02 8.645607262948992039e-03 -4.730150119482393750e-02 -7.175357607423402118e-02 8.100560006555590498e-02 -8.046863712800554624e-02
-1.292218241014556901e-01 7.223495648631421406e-02 -7.438438427385085649e-02 -3.490795365830473562e-02 -1.006495102206659831e-01 -2.546633103991442770e-02 -1.588347203117693729e-01 -3.034839301499722697e-02 -4.303408929101435604e-02 8.370484343810787042e-02 -2.353386206024335459e-03 -5.980176171228822335e-02
-1.075405421426569585e-01 -5.780086551103031517e-02 -1.897806565766658321e-02 3.413337466082826122e-02 -1.010889651198247641e-01 1.413622230229776566e-01 4.347380191696129104e-03 1.922242186254283225e-02 5.683636921754306459e-02 3.345866344860073949e-02 1.533486201242526270e-01 9.061121402441035810e-02
-1.694580412657994972e-01 -4.174784736852862888e-02 -1.060867644612705357e-01 1.884257925998890013e-02 -1.162034136385809019e-01 -1.409413611252569587e-01 1.164972540682453761e-01 -1.479429602133897903e-01 -7.869759708579225285e-03 -1.990226388574554139e-01 -5.112989589739500018e-02 1.747381726200764041e-01
-7.682041845748933950e-02 6.822023334053956348e-03 -2.279183959720127578e-02 4.413798262175680498e-02 -4.721779631557285889e-02 1.409173657981079297e-01 6.883221678542200683e-02 1.543678824394116855e-01 -6.872482552616347717e-02 6.317916333252886207e-02 -2.595558739085408306e-03 2.571333032805367749e-02
9.129054311297393753e-02 1.840289455859633050e-01 -4.882868770875551517e-02 -5.254534565789022345e-03 -3.292082664554166899e-02 -1.061399815146093634e-01 6.028930229292608911e-02 -3.161681759787232648e-02 1.517500396951745878e-01 -1.768087938651093927e-01 2.202750351453686833e-02 2.825995943034976046e-03
8.977040837587400846e-03 4.411943980979151844e-03 -3.541840067525682534e-02 -7.374170187997691750e-02 -6.155040143753010701e-02 7.521119635296308337e-02 -8.339223587922622860e-02 1.145860440657875401e-01 -1.442421717913441957e-03 -1.260841855906973397e-01 -4.704117727264629789e-02 -4.045756552771222897e-02
2.485798399858270627e-02 -4.307947386861085692e-02 -1.014760423418127611e-01 6.847237253151641778e-02 2.110103112317266438e-01 -2.303976573589436860e-01 2.251287500545799680e-02 8.730284439313190648e-02 -6.477114308775852591e-02 4.342347564609487509e-03 1.089599096265611577e-01 4.730183320398460844e-02
-1.455533914739938657e-02 4.359872980323174774e-02 8.159543303892889676e-02 2.659961254737820691e-02 -7.927303633346259246e-03 1.087944286950203870e-01 4.433224315138233063e-02 -9.446461436304598447e-02 -5.453991776386642176e-02 9.086056392551869476e-02 6.380838638059042889e-02 5.688686441946518013e-02
7.968839649996327379e-02 -1.105152127769591930e-01 -9.906712557683550191e-02 1.261014344938626297e-01 -7.134287428023841637e-02 -1.649277310920738149e-02 9.842667086226750822e-03 -2.566387094179527553e-02 9.416939114965403035e-02 -1.608199042832695463e-02 -2.432511501766042306e-02 -2.137643662977271874e-02
-7.921301837736482998e-02 -4.679058608815572437e-03 -1.466233682101759569e-02 9.403846982266220178e-02 -2.990716348379564987e-02 4.835565427733544419e-02 1.825548362604854750e-03 3.779487886201571278e-02 4.379874361468969607e-02 7.478430604655679492e-02 6.771143182497480102e-03 -3.150036279569682490e-02
6.552722760296047014e-03 7.670087224131877379e-02 7.118992182998898355e-02 1.114411234317071522e-02 -1.235458188085727660e-01 2.977040550262608290e-02 -7.069170222861360930e-02 -7.035570333684752764e-02 -2.961880066234653247e-03 8.746310525735014052e-02 -1.429113712788728785e-01 -7.248449619688157597e-02
1.650983725817611603e-01 -7.523949826904444138e-02 -9.845968955048048366e-02 1.886869327773431915e-01 9.854616439789531945e-02 -1.305113275655157487e-02 -2.083925670253275464e-02 1.468876745640441614e-02 7.274923088573412300e-02 -5.361931128434358623e-02 -1.694997825206026598e-02 1.483052274750090438e-01
1.114444219726544866e-01 -1.060360353450864462e-01 -5.784591514458040790e-02 -6.838691425080922759e-04 -1.795595411854586099e-01 2.627325978971373766e-01 -7.319444314100215926e-03 2.267997839558272277e-02 4.624016815390621926e-02 1.443435611206168034e-01 -6.464770773615198529e-02 -7.765333175878541550e-02
5.154146557692144276e-02 -9.031909950740910076e-02 -1.065278084481673659e-01 2.003729350539840137e-02 1.152321299886241782e-02 6.804497855891583624e-02 3.486826148771161871e-02 -1.101015542878056863e-01 8.539410346222197495e-03 3.032716951361597718e-02 8.462191659392412357e-02 -1.232907060803017929e-01
-5.535730827055934666e-02 -3.741237728235145832e-02 3.456352467867952749e-02 5.274011863454845100e-02 1.648043024702249004e-03 -6.968378923733876615e-03 -3.645171117627997448e-02 5.574766683151989588e-02 1.679876774558826738e-02 1.457046553202681616e-01 -1.425140135740478597e-01 -2.361568119592304116e-02
1.437018013790881954e-02 -2.368708226924319885e-02 -9.752919787848801647e-02 1.256053644665291458e-01 -5.591157827145927517e-02 -1.060918660461855484e-01 6.018893970387034775e-02 4.301068988014446204e-02 2.028396735470579526e-01 3.133840951293309640e-02 -5.200147159259491808e-02 5.980832960965103140e-02
5.131308691503964903e-02 6.024191502966518008e-02 5.864671391621451707e-02 -3.611775485234045013e-02 -1.578456275990695185e-02 -5.307995001196721963e-02 4.910096734419137909e-02 -1.651350513626851507e-02 -8.267923441478776392e-02 -5.075342282487230877e-02 8.360783974884483660e-02 1.242044073520267161e-01
-1.031761908968167052e-01 -8.646700439472461419e-02 5.711596411653575150e-02 5.414238421898905085e-02 -6.764070898399973664e-02 -8.858851101552517315e-02 -3.995843293266652246e-02 -1.663468025049551491e-01 -1.005204677445852290e-01 7.895966654903334436e-02 9.406429173704723701e-02 1.696511613468911217e-01
1.320364327045762398e-01 1.321743848423864894e-02 7.308126866323734483e-02 -2.744402759203353262e-02 -7.377121842061734949e-03 8.063668507272880870e-02 1.585632858882615390e-02 -1.334657169548225941e-01 4.809771894875757015e-02 3.691935329108402691e-02 -2.102284079647469967e-02 6.193453960355151111e-02
6.839210494618601366e-02 -8.941612696125884885e-02 7.557939643622495207e-02 -3.052065385721793381e-02 -1.947725430588488887e-03 8.134104174805226184e-02 -6.826236043120044450e-02 1.097665043774580657e-01 -5.723158785478358462e-02 -1.541488068467331551e-01 -1.547261237664699085e-01 -1.108871247353589162e-01
1.053648956058877706e-01 5.948466322870719220e-02 4.168924286721784750e-02 -1.440597700272591153e-01 1.093597892332610899e-01 1.638780190945494097e-01 2.280632502596667555e-02 -8.841894590251649089e-02 7.171522194047474930e-02 7.261115667785160432e-02 -5.366858258177555074e-02 1.248235357610344709e-01
-5.949649175626968434e-02 7.228277417718972919e-02 5.746739775526933658e-02 1.235731578927421193e-01 2.545479112911070568e-02 -4.020533532777782748e-02 -1.129321416754429930e-01 -9.320121896788731430e-02 -6.697050045950994623e-02 9.470784896854243101e-03 1.257557896580738244e-01 -1.529478013730577457e-01
1.159208550920797359e-01 -1.232072170567722821e-02 -1.451519119337855435e-01 -1.209768750031516432e-01 -5.622093340805851824e-02 -2.770292742177496155e-04 1.059076314642084654e-01 7.489101384558517760e-02 -1.151055371743388706e-01 4.191533589333436283e-02 3.490172587971546170e-02 5.256156154669031078e-02
5.130863057750176953e-02 -1.196071469401914630e-03 2.615861347290078520e-02 -9.834979847177550971e-03 -4.445752429065608774e-02 -3.302620612553014423e-02 -7.411717709931245346e-02 -6.816614363826091483e-02 1.145344466855431342e-01 -8.380010549288631483e-02 6.449278217726896190e-02 2.272848932341938258e-02
