-9.042957270767447708e-01 2.533193419134221469e-01 -3.322728817210402474e-01 2.651307219968917495e-01 -1.018054854895366512e+00 -3.167787740212514302e-01 8.541301099421456655e-01 2.179424438295676503e-01 8.515469216222596449e-01 7.279046709674901194e-01 3.265670598038251330e-04 1.304534741128093644e+00
2.515178649907380271e-01 6.683315887897429697e-01 4.676613378922993003e-01 5.535294339434251309e-01 1.240386204264442460e+00 -1.481431078897794407e-01 -1.113849683231104226e+00 2.972858917708163240e-01 -5.829194358128008124e-01 -3.328872198623944456e-01 2.180242662959796240e-01 -8.076953938026882884e-01
5.113628800612849412e-01 8.640701208811740752e-01 1.069920942911602779e+00 -2.541082853533077057e-01 3.474844427740342301e-01 1.402940075491418137e-01 -1.242671617545188095e-01 -7.371169006863166340e-01 2.572609757909545547e-02 8.544851276859800615e-01 6.964653935910991578e-01 -5.642247400674734736e-01
1.160871829540146338e+00 4.251391293834342333e-01 -1.026077349502688030e+00 8.996314552698708722e-01 -4.103551645869830261e-02 5.410837535110946811e-02 -4.075848851930969907e-01 -5.133173765773265673e-01 -9.336343207007072875e-01 1.257606914646675289e+00 -7.766041696113445969e-02 -6.247064056080767758e-01
-3.473360039753514150e-01 1.213934286103740962e-01 5.911052330687113221e-01 -2.550266060143401847e-01 1.179174621298477166e-01 -5.232308016489187752e-01 -1.309571147328793088e-02 3.002614789086741620e-01 7.377703047357768718e-01 -4.296890888185576074e-01 4.844835728501357131e-01 -4.457477017049915058e-01
7.959079898481421500e-01 -1.267829188972446453e+00 1.821791566931966866e+00 4.774210249996391209e-01 -7.007509880290463400e-01 2.467932344383279908e+00 -3.405042369981066686e-01 7.464633975862965121e-04 -1.281202436547820955e+00 -1.249851332283816729e+00 -7.137425236276673246e-01 2.995114040551512868e+00
3.587430036111184939e-01 -8.433590724261671014e-05 -2.773732359540342918e-01 2.875859187298924688e-02 -1.257650229435735290e-01 -7.533015896337822426e-01 -7.958145151141138296e-01 1.038861815191614163e-01 2.182441712891927399e-01 -1.296346431265652965e+00 9.307734687264671569e-01 -3.278331070357861088e-01
8.691382988231834972e-01 -7.238963811218208644e-01 1.419084320314545122e+00 2.652695352911062621e+00 3.779950911716695172e-01 7.917131252555468235e-01 -8.644982838178133511e-01 3.662100333410772124e-01 -1.383222626199559713e+00 3.383941665803215648e-01 -1.464240997354129714e+00 -1.326621491153647581e+00
1.917606507254706605e-01 3.713211150384909676e-01 -5.697336069726072205e-01 1.437772337881922047e+00 -1.848941879932052279e+00 8.873459394672742473e-01 1.644807822223132154e+00 -8.465906147599006060e-01 -1.285974684555862391e+00 7.714726854276316992e-01 1.297744429242046194e-01 3.968119836196041250e-01
-3.517396718890043461e-01 4.739867295854922197e-02 9.603763045392705866e-01 6.995172819629673355e-02 8.007436368405600469e-01 -5.004356636027955663e-01 -4.559024594327404367e-01 -1.944626421608040279e-01 4.953642642101647176e-01 -3.052833047811480127e-01 -1.355864413452321671e+00 3.922698936363830380e-01
-1.232220292030058451e+00 -4.872646099429404631e-01 -8.005960844187433034e-01 2.300040431968849997e-01 -4.154552555980565165e-01 2.210682131405406814e+00 5.895408318699956601e-02 -1.756727420894000913e+00 9.586059490083072288e-02 -6.052759193532635251e-01 -1.872340523417594715e+00 -1.927592208645418914e+00
-5.889116825585511972e-01 1.150160198494178942e+00 1.919079434273365026e+00 -1.804717832264411959e+00 7.283002072644951808e-01 -2.251306641219513072e+00 -1.611173932807057119e+00 -9.284968671384736805e-01 7.618391666041149923e-01 5.634030039416991764e-01 1.763599351196353804e-01 1.953916631975591567e-01
3.471140234597840379e-01 -1.019669167182885548e-03 -4.086175993693832442e-01 -1.281579562961863594e+00 5.348234443686865625e-01 -4.846920384231581669e-01 -5.392692398590801517e-01 4.172509668176438424e-01 1.235524149335231470e-01 -6.325651634787163857e-01 1.633283527964281889e+00 3.120604101047928514e-01
3.548968330409921212e-01 8.238840318924796069e-01 7.932082514291027842e-02 5.183016844172669835e-01 -1.118880096404792690e+00 1.254376209347429993e+00 7.239621779662815948e-01 -1.173834906072675155e+00 -4.883146749440084311e-01 -1.399274841708154395e-03 -3.170006090024438117e-01 -1.162206651088860260e-01
-5.625057614842413622e-01 -5.220997397853024413e-01 -9.627450980577219042e-01 -6.283421146151084435e-02 8.942286152627230145e-01 2.666567478325558849e-01 9.076472770441167404e-01 -5.834065671300360245e-01 4.250926559218959344e-01 -8.215081356128212109e-01 7.225495724744168680e-01 3.138905005448434093e-01
-2.626850537609247915e+00 -1.129275249339812603e+00 7.891540866991926251e-01 1.456417920947612687e+00 -1.661273259982646300e-01 -5.399699593576283707e-01 -1.228539401408566267e-01 9.832432453198483024e-01 1.653742146270060553e+00 -7.824058202768922055e-01 1.121988802784799732e+00 -1.364037853971371006e-01
-1.628950915930522436e+00 -1.422885601646370679e+00 1.591327537396992176e+00 7.988841920658511508e-01 -6.620271140276785538e-01 3.254183953457783773e-01 -8.092593643042512996e-02 -7.202183533330637211e-01 2.361797147591577495e-01 4.540296071870785211e-01 -2.009351269285059027e-01 4.765179271306212855e-02
-5.295441161420942899e-01 -6.301816354038195511e-01 -1.284052545827042424e+00 1.610682241633090594e+00 1.844072632680677559e+00 1.301496173312351123e+00 9.950883153838289974e-03 -9.612998372107022238e-01 -4.670893823407634704e-01 -8.068597962799796408e-02 1.271395037582576659e+00 -1.230138501306015320e+00
-3.534081702850524476e-01 -4.339937019322036571e-01 1.340994761910833111e+00 -2.660672422848319937e-02 -8.935463810056339939e-01 -9.770021028146524955e-01 -6.799373493500250332e-01 -1.207606025902112856e+00 -3.627174508066163816e-02 -6.827377068054637510e-01 -2.013292190049280686e-02 -3.635474625712986074e-01
-6.383412842657045783e-01 -2.594065512084586356e+00 -8.184848602548622232e-01 -1.325980836740427771e+00 8.649644235197399000e-01 5.028954958748397264e-01 1.323228082288629148e-01 2.733214721294194849e-01 5.484667454580979262e-01 3.013595110143119093e-01 -1.621434440072894390e+00 -7.776477891428160150e-02
4.751793010636207737e-01 4.325910982179841935e-01 1.315639702751950413e+00 2.358510849335706816e-01 2.644935362312180738e-01 -2.233672798740539367e+00 -6.081927120887771210e-01 -2.053264819871845545e-02 -4.968602860437541513e-01 -3.892749541820476611e-01 -8.186609044686894709e-02 -5.362918006291852446e-01
-8.314404964634571904e-01 -4.016049921746353557e-01 2.219175725751316441e-01 5.006991952177906047e-01 4.174139877473968807e-03 -4.073614887986917732e-01 -9.669031642770310742e-02 2.214191534777683601e-01 1.698204497090943788e-01 -2.527602790078693484e-01 7.457340955476789157e-02 1.845947506326447163e-01
-6.795600496699382154e-01 -5.190992053856630095e-01 1.293679314283404214e+00 5.921955893330841381e-01 3.534017616184255695e-01 4.533663428230602088e-01 -7.450431901561105352e-01 -5.147484552540134706e-01 7.365851429919345605e-01 -1.578110756399769166e+00 1.810579164972122568e-01 3.914663094395487986e-01
-8.041291380140088707e-01 6.153361857563660609e-01 -9.835712908438981605e-01 -2.070128005797743587e+00 5.535287236790028542e-01 1.439045335000886272e+00 4.583342637781823159e-01 -1.855270611570085881e+00 6.866112542915000505e-01 1.031334931563762103e+00 -1.964874657963337823e+00 -2.832075435516709372e-01
3.421836275069048972e-01 -3.150763998090675977e-01 -3.331193034181657353e+00 3.257212525715475482e-01 -2.109189321204131273e-01 5.194181901527361589e-01 1.956382811219256057e+00 2.750086022403740518e-02 1.937763501882614758e-01 7.203365787277557497e-02 2.458592870796917629e-01 -2.803376802347788410e-01
-1.116951363717030743e+00 -1.273896839084619037e+00 -2.186850243560372498e+00 9.590428736205893756e-01 3.268086883129882048e-01 -7.224686455934423712e-01 1.507580806074996227e-01 6.493717264392043775e-01 -1.236337896470256215e-01 -1.317624290283162969e+00 9.007675492551850960e-01 -1.321232682767575550e+00
1.181803896074322124e-01 -9.689725540055824093e-02 4.978231185347286591e-01 -6.642686057036164549e-01 -2.349998832576624952e-01 -1.761867746416484026e+00 4.226158224591629042e-01 3.921452565797307055e-01 5.661551642420052655e-02 -3.612915510780336237e-01 -1.944356649163057615e-01 -3.685740584601111119e-02
3.935870818727060794e-01 7.072262398332003208e-01 -2.429702534178045936e-01 -9.995219141006596031e-01 -1.167397274681813979e+00 2.606413797424313450e-01 6.148584933948534337e-01 2.496395348685029436e+00 -1.642085526997907191e-02 1.903499348640075861e-01 -9.358322609050225838e-01 1.475754216863109036e+00
-5.822996351443721075e-01 5.675500414778921199e-01 1.007641791530455633e+00 3.422779582728040920e-02 -3.924332593982675643e-01 -6.574682672207166068e-02 -2.565475318051262943e-01 7.043668538013879710e-01 2.143583763249169993e-01 4.637706409690382503e-01 5.344745258645268449e-02 4.150671876495963808e-01
-5.417547122388954861e-01 -2.093279448792307873e-01 1.541325448097885520e+00 5.470261635858190141e-01 6.725043172451437012e-01 1.011930709973243081e+00 5.020509137437951797e-01 -3.467716527768927581e-01 4.863471871362598682e-03 6.323486024597165800e-01 4.997094974075502183e-01 -6.557283552874633159e-01
-5.582875738190375969e-01 -5.991582116335841812e-01 1.820018825159980258e-01 -2.577142823368321900e-01 -3.902714811635403513e-02 2.323392902059630283e-01 2.289948797946907422e-01 -1.040410439784571206e-01 2.733491349419743255e-01 -6.141130062933298772e-01 -1.298320886067632352e-01 -4.418288479081147746e-01
