1.015367923493011748e+00 1.113560767653185346e+00 9.198247206498688655e-01 1.926100502910423451e+00
1.716515396058975407e+00 5.473852801390407530e-01 1.012625634060620783e+00 9.860720707177883515e-01
-2.505273943081940846e+00 -1.656368821920372270e+00 -2.297551283341444428e+00 -3.174940638760218814e+00
-1.577838457855068377e+00 -2.315920512592860803e+00 -2.715890811330765597e+00 -4.404370503188544284e+00
2.125529366350187743e+00 2.559909623658605859e+00 1.975553713644672138e+00 2.586583090661670692e+00
6.244027257456427060e-01 -9.646813817082733333e-02 9.673867513288408881e-01 1.499237408445342146e+00
2.175077899021131689e+00 1.970719385035439641e+00 1.592914532405238281e+00 2.464156241376712408e+00
-2.326975616552704018e+00 -1.196523980635679996e+00 -8.876156457663536559e-01 -8.547296958288956858e-01
-1.103190627421273051e+00 -1.181740798350654487e+00 -5.305013963594276127e-01 -9.961254041291930372e-01
-1.041983431028024487e+00 -2.252465256538742189e+00 -4.888299754824693144e-01 -8.579591091901429822e-02
-3.310268806328858227e-01 1.124129283194724438e-01 7.297329002341078619e-01 9.545234985424183582e-01
1.890225418727392859e-01 -1.125096090099537260e+00 9.522012879749368330e-02 6.406338567015132379e-02
-1.985892182084121993e+00 -2.109593831557202481e+00 -1.715767832896046174e+00 -2.582301894891964267e+00
-1.417536924057653858e+00 -2.872458758478143359e+00 -3.158550335264641296e-02 1.695578080542979649e+00
-1.945806479478227047e+00 -2.643172705462531358e+00 -7.126244595251878255e-01 -9.756602101520772674e-01
4.434621256372471843e-01 4.183310951589767512e+00 2.193937993601569048e+00 2.745855459248563446e-01
-1.268284565505555683e+00 -4.831601485298219201e-01 -5.108737654633892511e-01 -1.438185877152349246e+00
1.018100113311049437e+00 8.012660383430220135e-01 5.952088124473332575e-01 2.346717104540233523e-01
-2.176922349973565707e-01 -1.283572849906534641e-01 1.321181763975668222e+00 3.914399685118603145e+00
1.700520685476358151e+00 1.402872954487881518e+00 1.422397406889625460e+00 6.608546634405125797e-01
-1.106467716563595660e+00 -1.201215975703152861e+00 -1.027207972724932583e+00 -1.428195188358643675e+00
2.888150345560530408e+00 2.370290316805819142e+00 2.846606921254133837e+00 2.505445007091630316e+00
4.938875402479354082e-01 -6.085413819402722968e-01 5.106256528472420397e-01 2.634065605433260515e+00
7.353947202266579719e-01 -8.962361892101510241e-01 -6.774989370748114581e-01 -3.725895075583205429e-01
-1.479916287765433713e+00 -1.792425156002060316e+00 -1.869373809899057548e+00 -1.373903006027025198e+00
3.011532086415811271e+00 -1.394876403073037063e-01 5.912197023251453132e-01 4.933137566287679743e-01
-1.675600432777105020e+00 -2.192181937338077979e+00 2.042341252634253049e-02 -1.746431728982733800e+00
-1.270716581583220206e+00 -1.771516422944222402e+00 -1.415884035924180662e+00 -2.434012408763405855e+00
2.092382962822258996e+00 2.782765000195849048e+00 7.277119588877609679e-01 1.494798635458547409e+00
-1.887843205498743737e-01 4.377103717093893565e+00 -2.121840612101041357e-01 -1.960303083039136807e+00
