-1.346366735084676192e+00 -5.453155891080546658e-01 -5.905629238478878884e-01 -2.012513765726652970e+00 -6.361642939603934233e-01 1.314302778881684342e+00 -7.686623832740412388e-01 1.103135447525337570e-01 -4.371179131823411113e-01 1.172044628948700096e+00 6.157399485831995811e-01 -2.562716289360459365e-01
6.119854535056886702e-01 7.612361358125324662e-01 -9.465609232434160081e-01 -5.505448835446674627e-01 -1.420104416652080981e-01 6.591431688632096719e-01 1.783546771106092332e-01 -2.364911524924071251e-01 6.931749877891949518e-01 1.323820956543318994e+00 -9.374544457430007416e-01 4.980738204164359972e-01
-4.462751966243440616e-01 1.147867041817470124e+00 -7.917007724449276473e-01 -7.246931240511073069e-01 9.713993778249597755e-01 7.444766592570282171e-01 -1.097564285217928370e+00 -5.005607644075242835e-01 8.704374307635958097e-01 6.217604603687978404e-01 1.018376297934600716e+00 1.521038671575509760e+00
1.914530904668266142e+00 2.214692332143132214e-01 -1.881057985651179432e-01 -2.117265629180127728e+00 -1.613349591984231335e+00 5.152927728672327401e-01 2.092897732163179203e+00 1.531982828647682648e+00 -1.128909794373340603e+00 2.572876377007881632e-01 2.107823429719706820e-01 -3.941318233846003993e-01
-1.120858623420456501e+00 -1.421874195219186454e+00 -1.144453264240335111e+00 -2.783324733919846361e-01 -4.826163840809297723e-01 9.303564460495553079e-02 -4.565300812223764271e-01 -1.029272853530176723e+00 5.411275816011336115e-01 3.001920292803428661e-02 7.452854313668245967e-02 3.937894684444377402e-01
1.354264924300021544e-01 -2.920383162251503628e-01 5.074794957038224474e-01 -4.743864420550421568e-01 7.255015615397640838e-01 -2.519403042247678748e-01 -3.022586326414733460e-01 -7.430535100310783903e-02 8.386233833153180495e-01 2.494538094145017926e-01 -1.241223587081567575e-01 1.455010747124555470e+00
-1.323766133692168279e-01 -2.448812896066199229e-01 6.970469949671991294e-01 -7.148452948598806034e-02 3.135917812112924419e-01 -3.728351134761127006e-01 1.071161538432895188e+00 2.920708956592391395e-02 -1.544814990356488671e-01 -5.184454566154718391e-02 1.248329746670127305e+00 -2.254481090139175484e-02
-5.217844937064042288e-01 1.018511374356856625e-01 7.722682190531108271e-01 5.268077741778178641e-02 7.450033773925137659e-01 -1.471839216148880247e+00 -6.558890109725141748e-01 -2.891295268822356435e-01 3.395838240512474848e-02 -9.786004545957979195e-01 -3.840457666855182084e-01 1.045928414935574313e+00
1.074058536925346363e+00 -1.288501840419350453e+00 6.874800262667768447e-02 7.956640806328225957e-02 -3.423600647306044853e-01 -3.357381265383369562e-01 6.053266023434570320e-01 -1.253682634065256263e+00 -1.674992246295719411e+00 -1.111616952443958084e+00 -1.441759206428421258e+00 -1.285482430905004747e-01
1.666560097249122907e-01 -1.611730349169702592e+00 -2.428864975571449342e-02 -1.394222273669380341e+00 2.455995807271212361e-01 1.952628230037485035e-01 -1.259375341030906092e-01 7.230157845441144149e-01 4.672484847378813866e-01 2.278017041181943647e-01 -2.091948473141028941e+00 1.493629224770487651e+00
-8.436952257414246370e-01 -8.325427063928685367e-01 -6.367515486097268251e-01 1.397372136713520008e-01 -7.939834520605871804e-01 -3.092992658479394863e-01 -6.335876812736752628e-01 -7.514308194928972506e-01 2.835591762579501296e-01 -1.463798516770181968e-01 -1.026618577636083524e-01 4.941175249465430408e-01
-3.631490405229586549e-01 5.709077779146098930e-01 -1.554015372262484429e-01 4.653667617701538750e-02 -3.000749242619651369e-01 3.260012225084897852e-01 -6.797673285823622180e-01 -1.320536209934875638e+00 5.076877411603601502e-03 8.095078059176888940e-01 -5.265129584071195912e-02 -2.537486815497958514e-01
-2.637397071776026447e-01 7.518681147726331560e-01 6.154891736908760791e-01 3.217516451799298238e-01 1.184254666184481886e-01 1.750527904683860381e-01 1.087149536534095740e+00 3.364322112467754144e-01 5.237774142572716035e-02 -1.045749008368107802e+00 -9.873460364335931438e-02 1.610445542752839965e-01
5.720416326723193334e-01 2.649986977610834238e-01 -2.254839487475044368e-01 7.494573365837974288e-01 1.949152074612990004e+00 4.068819683999611025e-01 -2.180714494415358473e+00 -8.781667548701217463e-01 1.964133456061670224e-01 7.241711488705907529e-01 -1.903141041652745447e+00 -1.355140789837553594e+00
-7.344704894589723088e-01 -9.585081690425782674e-02 8.326045792417015035e-01 -2.989734175823925422e-01 1.019120548271611693e+00 2.098628954786295742e-01 -6.271186548061720156e-01 -4.104261669883830232e-01 -1.745153132298718157e+00 1.470467326897144211e+00 -8.773716147606748228e-01 -7.881434670403070220e-01
4.100123975169079893e-01 -1.704928414874798070e+00 1.224069672886417964e-01 8.219430953872599588e-01 4.527014733370288702e-01 -1.050259128792901731e+00 8.063865939026029217e-01 3.116743496590014817e-01 -2.543666365729180256e+00 -5.852506181715749767e-01 -8.298039025201167096e-01 -1.146874543313888939e+00
9.130421363068548235e-01 -1.153943005346868889e+00 4.437799708166085821e-01 1.031463680749420186e+00 -2.718543715714832332e-01 -3.590451776739733702e-01 -2.263015116753267775e-01 7.838061722183799207e-02 -3.522073345341494299e-01 -5.555749762026056943e-02 -1.186942395537205597e+00 -1.461612707429307934e+00
3.062454386352705255e-02 -1.341943410758111854e+00 -1.734125245867456921e-01 3.995443977144731984e-01 -1.251420442229546959e+00 1.320338048627253125e-01 -1.162175467804668072e+00 -1.196917311288406616e+00 4.553826905751369725e-01 4.698683485384197445e-01 1.256279046015015277e-01 5.324909410024792900e-01
3.130085867766295160e-01 -1.417048334753680194e+00 2.507411828648645202e-01 2.113470118855459989e-01 -1.186976946358299090e+00 -2.943323588526917667e-01 2.490712299807801011e-01 -2.189278601671557772e-02 -5.353386591057938126e-01 -9.064921477207218414e-01 1.309266222140526570e-01 -3.961188477713885048e-01
9.574287049611840406e-02 1.171256246856336114e+00 -4.467601946336571817e-01 1.223097199145857905e+00 1.081909029750621976e+00 5.575447889557503256e-01 -8.161343993242672346e-01 -8.920615715539386148e-01 7.504178693174015091e-01 5.701594768199544916e-01 -1.153566897774422062e-01 -1.475801250787758923e+00
-1.768022934586668482e+00 -7.534218512813748436e-01 -4.507336441083427681e-01 -1.181219077153919050e+00 5.129778035642277301e-01 1.710677528855659713e-01 -2.308937382035991526e+00 -3.101252917311411172e-01 -1.518280094694480553e+00 1.504024329792955195e+00 -1.364967716871015702e+00 2.918826542290096915e-02
-1.408202691698509645e-01 -1.044418473068807335e-01 -1.767582061306259167e+00 -3.666234323316798216e-01 2.915592452609829799e-01 2.445785231520156255e+00 3.691940408795102990e-01 9.586175837776378383e-01 -6.909447241975062992e-01 2.335678678886984549e+00 3.060939289284245191e-01 -3.466313455355653494e-01
4.365656192597440755e-01 8.784795531132550961e-01 6.445084327177830197e-01 -1.013959227733680635e+00 1.645933438432889639e+00 -3.730795711498398615e-01 -4.474559861360289936e-01 4.280426671840660835e-01 -2.864110299948121607e-01 1.418041891711785962e-01 -1.843908857600528695e+00 1.502848480614187299e-01
1.235830462283540543e+00 -8.939612089511383974e-01 7.548185167080931901e-01 5.786888584399839663e-01 2.302257614917775808e+00 -1.269340268839302732e+00 -3.662530116240749617e-02 -2.065880183109256141e+00 -5.234082291817165888e-01 -3.140020809994514273e-01 1.967658908361654899e-02 -2.708371231915596145e+00
-6.380267870373834693e-01 -1.701498385552218939e-01 -4.052666333947559929e-01 -1.957671576132311853e-01 -2.693383686029237611e-01 1.296102840890599461e-01 -1.872012281764733055e-01 -1.028395170265550135e-01 -3.802786547001681394e-01 -3.869320239638027736e-01 -2.661192070072374016e-01 -1.422345433199652120e-01
-7.098271883426938711e-01 -3.457314412363873823e-01 -3.120517113044909419e-01 -7.787156225745519578e-01 -4.077701082264342247e-01 9.303240977418776592e-02 -2.439801232037117906e-01 4.805326122762415553e-01 -1.872482906737686914e-01 2.991223238370483983e-01 -3.422712035651778728e-02 -2.854436945843366602e-01
-6.345753467623841404e-01 -6.064077207411532749e-02 -1.068422019363697961e+00 -2.105628229506321780e+00 -3.851058894126368481e-01 -6.906598704169340797e-02 -2.414432419641407701e-01 8.347103671472417830e-01 -2.769852894487223050e-01 6.085313772280512845e-01 -3.927357961986900903e-01 1.013236740308905981e+00
-5.705642554286300960e-01 -1.718678874096829512e+00 2.923751388951359997e-01 8.766464249034895406e-01 5.459667655147755205e-01 -5.895665907232373604e-01 -3.732151690187465731e-01 5.533328991887387360e-01 -2.133309693936492890e-01 4.655804851598911998e-01 -6.724124410572085431e-01 7.687905907462864175e-01
4.081387171630718735e-01 9.909446716967934554e-01 5.669400953612303562e-01 1.256987611135465421e+00 1.255627853687935946e+00 -1.027233616030911317e-01 -7.128971671865168558e-01 -2.913298612666774812e-01 7.117372643589012782e-01 1.585841149857460497e+00 -9.360434081947315299e-01 -2.061002281774701739e-01
-7.009100961385302808e-01 -5.766836725968694788e-01 4.792439135240141312e-01 4.009372482906059521e-01 5.577180767856814159e-01 -9.279022844032504269e-02 -1.434245695919686980e+00 -8.141713256528304576e-01 -1.981054485823339206e-01 3.974315690880388940e-01 -2.247635534692715448e-03 -3.836322257286103876e-01
3.915728287921577677e-01 6.375836029760286738e-01 -3.018857978623452065e-01 2.282240953967452080e-01 1.145411246350247075e-01 2.868111833741532335e-01 -2.983521751848168813e-01 -1.631700880973259160e-01 -2.024957839080039623e-01 1.549756961457752769e-01 7.175144227958024472e-03 -9.363157207497084800e-01
