-4.153405223370044280e-02 -1.104487646848075905e-01 8.727959307164762787e-03 1.928284525636069779e-01 -1.240689198529177500e-01 -7.377905983947324886e-02 -1.086670465919844196e-02 -1.789980312405838325e-01 8.178267038379592735e-02 1.185888756344822409e-01 -3.118637285807358481e-02 1.135615787837381679e-02
-7.322149845362718734e-02 1.849490033171423756e-02 2.286100644282176506e-02 1.011997252092696614e-01 -2.003369487479864930e-01 -3.161612354348349863e-01 -5.288111086149448886e-02 -6.835582396402005434e-02 6.548379854435995573e-02 -9.738812419231549986e-03 -2.112976156973856226e-02 -1.138945096201332899e-02
-3.776835044180034545e-02 -5.801324325775782109e-02 4.855322292288760666e-02 1.180088429581661741e-01 -2.119945748617021730e-01 -1.085009992015471825e-01 3.531870739984862423e-02 -2.064061099316855663e-01 -1.044655927694573133e-01 9.493869506394884625e-03 -7.044265921150591470e-02 8.385545486306140994e-02
1.387901187717760776e-01 2.797061727402135912e-03 -2.681096737894225410e-02 1.424146047844492557e-01 8.367354275866054070e-02 -1.599059821120619729e-01 2.925245362704777252e-02 -1.474071295573424201e-01 -1.365488728702382581e-01 -2.806039510723972175e-01 -6.924152413323367283e-02 5.930786164558950885e-02
7.407439385688560640e-02 2.369599948238415021e-01 -2.271411121249107892e-02 3.562637000497444195e-02 8.120997152495987303e-02 -2.659443074177750832e-01 -6.399508044130616802e-02 -1.599894422331081534e-01 -9.461262261817339481e-02 -1.707889655039361576e-01 -3.879254669161469327e-02 8.267285899274688654e-02
1.092155550375861206e-01 6.995378976566875989e-03 -7.172772850233902209e-02 1.034598084893069980e-01 4.689426131169834033e-02 -2.356400117542839512e-01 -3.911660210703776092e-02 -2.637679163008642691e-01 -9.156838947504632176e-02 -1.360428064745639876e-01 -9.195192474659646953e-02 -7.858877862472525566e-02
2.066451974037217948e-02 -9.226161521738980575e-02 -6.059554577598511016e-02 5.512600026952063637e-02 1.501634882491725310e-02 -1.450923730294140790e-01 5.222356379971601105e-03 -1.752009751678232086e-01 -1.130940148315812549e-01 -5.294601445744816226e-02 2.741184248292702699e-02 7.654150944944150547e-02
-4.401127076113452857e-02 2.779504960509803294e-02 -1.326113937181549185e-01 1.132819297971017630e-01 -4.670945944485807577e-02 -3.088679022707641053e-01 1.404827172745738983e-01 -3.638616456062736537e-01 -2.536451062244722277e-01 7.738289598708004979e-02 -3.039658266394876587e-02 -2.355262248403897432e-02
-1.090759856487162616e-01 -4.870162997837594598e-02 7.478253367201054269e-02 1.375809516477222161e-01 5.846494512018969580e-02 -1.385245858995477475e-01 1.380068366421079336e-02 -2.341979263964000801e-01 -6.380983975196462266e-02 -2.244763833142819284e-02 6.835691132574361895e-02 7.290715583885699902e-02
-1.015972401985769935e-01 -7.287504610451887854e-02 1.544974501670188551e-02 3.246685716848676795e-01 -1.968641779001127287e-02 -2.710125160874685690e-01 1.153276715360412319e-01 -1.849003559263416308e-01 -9.011738594888284160e-02 1.296026814257315862e-01 -2.059874830363352463e-02 -3.533363782497556810e-02
-1.219114314452543479e-01 1.406776270841873511e-01 1.181043888626527316e-01 -5.736938710763794802e-02 -4.579087355929846448e-02 -1.866190411473248045e-01 -5.924882851395003175e-02 -2.014190304325355063e-01 -2.852173512996163812e-02 -5.477547417246701744e-02 -1.629298705125169569e-02 -4.518578286286495903e-03
-1.572804949487609585e-02 -4.382784743773107672e-02 8.519716107671251870e-02 1.650501708260488365e-01 3.871834186369636777e-02 -3.080427735649251542e-01 8.472877989088853368e-02 -3.451640024932127737e-01 -2.113594830474690295e-02 -1.780915856802705310e-01 4.920928081886846717e-02 7.017394833014057622e-03
-3.369516518021607038e-02 -1.488949420589606443e-01 -1.530602876106719468e-02 7.956038246236557532e-02 1.109056708385947887e-01 -2.329719057922207126e-01 -1.660381305084316500e-02 -8.052276114432284360e-02 6.922293307273973129e-03 6.035548819683610178e-02 2.590084909444151026e-02 8.551367964438390257e-02
-8.108575591304553742e-02 6.852406610569210244e-02 2.071499724418940022e-02 1.770174510343027752e-01 -1.954375942461064261e-02 -2.413251070719910074e-01 7.922202028750836497e-03 -3.337215968225054619e-01 -7.250761437902321360e-02 -2.038830967616970039e-02 -7.812675029975990615e-02 -8.341901925912133253e-02
-5.468956235973838204e-02 -9.415438082751602378e-02 2.881658655934954058e-02 9.560022499823596365e-02 2.208911023826040307e-02 -2.012178318676017819e-01 1.690266916832457861e-02 -3.020312883399228765e-01 -7.199059815029577869e-02 2.072499246924855779e-02 1.918036153798937868e-02 9.653619813983312092e-02
1.121089239930640191e-01 -4.067531520055125971e-02 -1.759808216744604692e-01 1.838256387887727827e-01 -2.498693035634852178e-01 -2.717808705727388086e-01 2.481585017778780572e-02 -1.529750302501286241e-01 -8.317286394454810605e-02 6.423806291232511678e-02 -4.167204055521389443e-03 3.559049297716854535e-03
2.982927758880336150e-02 3.680365186924941523e-02 9.889269301638267673e-02 1.774912358637082410e-01 -2.375587374831237761e-02 -2.602574165434955455e-01 -2.211556249084490472e-02 -5.334253292241252636e-02 -7.745825088246539869e-02 1.829935889853482114e-02 2.324381931450567214e-03 -2.592881692013136383e-02
5.572844000498209521e-03 -7.417211036612091080e-02 -1.115994975031063263e-01 1.618984307117127541e-01 -5.137896775734791810e-02 -1.640918797992303446e-01 -5.322789007449010151e-02 -2.762863854330007696e-01 -2.865347493353210817e-01 -7.471480014267999070e-03 -8.633788063540182023e-02 3.442235054764532926e-02
-3.472251675631077977e-02 -1.193338312775088922e-01 1.308432533980352919e-01 2.454542075304639859e-01 -6.760546154365310034e-02 -2.940554160686887908e-01 -2.488380282639846702e-02 -1.273905327802849208e-01 -4.481870874673674759e-02 3.533453691209097972e-03 -1.040340097826389365e-01 1.124789049767092736e-01
1.484324818180208670e-03 1.680904410153622949e-02 -1.213744927827505871e-01 2.294259749236385870e-01 3.566820073280872749e-02 -1.670849451343667941e-02 -5.720634304295551392e-02 -1.565678873897714263e-01 -2.046802277385841307e-01 -4.102350882164304546e-02 1.217284336938806721e-01 -1.690499219985330537e-01
1.862443368831021148e-03 2.059034632193205289e-03 1.088182322633626234e-03 9.687587384915744004e-02 -1.679282775208095282e-02 -1.269601924815561278e-01 9.991972791652115049e-02 -9.686542982211134023e-02 1.438278684547726963e-02 7.974543613623770455e-02 3.982314755631564951e-02 -8.446514897610128692e-02
-1.143672345323612782e-01 3.335155839867648409e-02 -6.591972536684057027e-02 1.071007827897465514e-01 8.147570563679187861e-02 -2.160616740257758073e-01 1.075891441357068878e-01 -1.582436417153628150e-01 -6.915114971007911560e-02 1.014501267908176491e-01 1.212686048314812470e-01 -6.303517072339999416e-02
-5.552273627078253143e-02 -1.792206984629437019e-02 -2.530873246111252708e-02 1.545518999585582531e-01 4.282675363127222412e-02 -2.986991432846893835e-01 -2.467286479095506802e-02 -7.090875616975879370e-02 -1.313997034295700805e-01 4.136293544571410796e-02 -4.360699976918985810e-02 -1.362614865997421043e-01
4.441858964053060216e-02 -1.035677392827204363e-01 -2.730080311017072867e-02 1.884428463079620975e-01 9.871176272994322196e-03 -2.778214238433704963e-01 3.165011625426376179e-02 -2.176352697050048038e-02 -7.665927323555325745e-02 -4.212304790797963272e-02 1.604447082618524201e-01 -2.635134569144627695e-02
6.149612208273756014e-02 7.616128616264582207e-02 -1.565528571869155006e-01 -4.098686234950383624e-03 -1.821688456172825543e-01 -2.726009376008268204e-01 -4.802428896053478197e-02 -2.704498217036620522e-01 -2.470918952341672609e-02 -1.133632454347223290e-01 -6.878314214687195061e-02 -4.442791480531369658e-02
-1.155220860464836463e-01 -1.814486349311119143e-02 1.218271512206123008e-01 1.964520642008905082e-01 3.548458934100776063e-02 -2.214074184354342112e-01 -2.420048240317727861e-02 -8.093521696617088368e-02 -1.711743647194074458e-01 -3.336445657030459588e-02 -8.551879077052390588e-02 -4.727138447303650542e-02
1.328338661612397109e-01 -1.731812280800941808e-02 1.043194355104303250e-01 1.397332496091959197e-01 1.194397946179258461e-03 -2.941887685292062793e-01 -2.405179303631490434e-02 -1.856180677092054698e-01 -6.168702553709850406e-02 -1.060994164059919781e-01 1.276342648561518134e-01 8.158596525172555347e-02
1.113132888181643174e-02 7.997179517968859563e-02 -7.552884558920322511e-02 1.529518281658193146e-01 1.647275623486494089e-01 -1.970604021873900158e-01 -2.034823522544548791e-02 -3.281439694269480678e-02 -1.481593248240679617e-01 8.419174055157992165e-02 -4.154219906885290615e-04 -2.053638662930029890e-01
-1.851608926852348763e-02 4.914117484761086618e-02 7.386982809890402235e-02 1.576688073832928916e-01 -4.118960653968270491e-02 -1.792882203401587327e-01 -6.166708857941716887e-02 -2.095471996719429630e-01 -1.705138757228543689e-01 -6.017643196987770837e-02 7.891635695024273867e-02 -4.542883635071335961e-03
1.232401735708538448e-01 4.156088688466805237e-02 -2.231588547387741532e-03 1.420250033181926774e-01 3.591150560489984878e-02 -2.360380018962990323e-01 3.220494702297697215e-02 -3.004525975425516027e-01 -2.014310552821581973e-02 1.235033233178978590e-01 1.711996407556340416e-01 4.293381112269843008e-02
-1.537945987928706834e-02 -5.095481048959193265e-03 1.062380173491054292e-01 3.721208401989645198e-02 -1.147409554073718918e-01 -2.120982650697859073e-01 -2.429143871340471578e-02 -3.917958405071057110e-02 -4.300964808269380074e-02 1.032155277440264390e-01 9.434167135233570423e-02 1.023526599494482825e-02
-7.000725776233268638e-02 1.109783380170241279e-01 -4.413995482383857583e-02 6.867842974330970462e-02 -1.118416308226452827e-01 -2.443055954260072160e-01 1.491808348399448758e-01 -3.427376343513667267e-01 -5.074043855395900943e-02 -2.266960235143513844e-02 1.648469150306526854e-01 -7.639889093256348185e-02
-2.169988983414681272e-01 -2.501992659826557733e-02 -1.201647217397139866e-01 3.799757762607082479e-02 -6.451164837815220876e-02 -1.553198313509477346e-01 -5.984591716595789174e-02 -1.382684232480931585e-01 -6.252521127034470216e-02 4.330457649107363749e-02 8.291289334453322279e-02 7.495172313263141761e-02
-1.372436229659181051e-02 1.388222671324292334e-01 -6.186810859158051873e-02 9.160878993370434598e-02 1.206105245297661721e-01 -2.037699916564210678e-01 5.573023004492760196e-02 -2.566256713470916329e-01 -1.217882218600093713e-01 4.794726838077568998e-02 5.020763544078651885e-02 3.306510643227950769e-02
-4.150128732063267795e-02 -7.140283138554122389e-02 -3.991425381444450859e-02 2.504580012772649744e-01 -1.790686343243469703e-01 -1.807437873016328744e-01 -1.233867597652889107e-02 -1.186715351184497308e-01 1.528888663818168681e-01 1.358018307052113885e-03 2.881205231180143309e-02 -6.703065150033409025e-02
-1.630048620277879667e-01 1.126118747369290601e-01 1.738490187220034918e-03 2.542513265899961628e-01 6.330415783085889536e-02 -1.912443770074655491e-01 -1.889169512216312685e-01 -1.839370677445466840e-01 -1.991310794355760083e-01 -2.186720777931355428e-02 -9.150416379737305594e-02 -1.030387873432734719e-01
5.637897244242760786e-03 4.032409339024735188e-03 3.638782677713958691e-02 1.058158007542306933e-01 2.952536630240297846e-02 -8.155967078066622689e-02 -3.851843844435445113e-02 -1.161844198332123573e-01 -4.796377427270576838e-02 6.164558512819209857e-02 2.246068629413232667e-02 -5.942902123406258036e-02
7.356630363381155835e-02 -4.937286444859331769e-02 7.594424163568397335e-02 2.956069676208843144e-02 1.891956067338620637e-02 -2.514941405106938671e-02 -2.522088273811667197e-02 -8.199192718008231628e-02 -1.398899008493188489e-01 3.512059470347937695e-02 -5.356854410906516928e-02 -1.393238922228521789e-02
-1.011802157901898203e-01 7.410615838414723322e-02 8.523664829839011636e-02 -5.178444316010789861e-02 4.772050566021410201e-02 -1.778460371600372736e-01 -7.586490973914700175e-02 -8.613094573733053039e-02 1.484648938183013786e-02 -1.375063448044675229e-01 2.010400900621706413e-02 -1.305465863534487625e-01
-1.037438066191750941e-01 5.289990569049012048e-02 2.563500728770668965e-02 1.940556797842336589e-01 2.960952730011969999e-02 -2.929852429414664394e-01 1.282921097820545753e-01 -3.112750810252993272e-01 -4.043715972937386022e-02 -1.776197685443521232e-02 1.109632521463864430e-01 1.020101791269431984e-01
-5.968743427484272251e-02 9.505845173285924765e-02 -3.825041331386422154e-03 1.199086114951088133e-01 -4.764490827414963325e-02 -2.173651971313808606e-01 1.085540989498915733e-02 -1.450370200795725595e-01 -1.785655734482616830e-01 4.430389432801437599e-02 -2.894499092917872038e-02 -8.607606690581577624e-02
3.652483536146842319e-02 -9.510091715616754426e-02 -5.473636607395465647e-02 9.807888135036864352e-02 -2.476010568470680406e-01 -1.487965943434940153e-01 -3.228525293644862737e-01 -1.227515442082254965e-01 -8.437376611693962747e-02 -1.229781965131513111e-01 1.207645272511626289e-01 -1.286298881823818782e-02
-1.977279447012599833e-01 5.144665017343659150e-03 -4.279370957841287237e-02 2.097069543807333347e-01 7.449362934568504180e-02 -1.246940463751178563e-01 -4.705393106557827915e-02 -2.128885249027489546e-01 -5.123895055806289983e-02 -1.058404748663991507e-01 -1.583249119706262587e-01 -4.448088822412294557e-02
-4.338513340823032388e-02 -9.454033511768785911e-03 -2.088384903380318194e-02 9.295798356894578729e-02 9.278343527334076413e-02 -2.626867164564754553e-01 -1.113736396686379471e-01 -3.935677027850983389e-01 -7.721826646127648991e-03 -4.188007180343354674e-02 -6.627541661215244351e-02 -8.721054188574693666e-02
2.200154858226102128e-01 4.154544663400752333e-03 1.925724497805104407e-01 -1.573324077839871604e-02 -2.404861756843653872e-02 -6.292498306447164014e-02 -1.570145558903168759e-01 -7.827809883298657290e-02 -1.864537140376885116e-01 6.577381993131613258e-02 3.768764475783509260e-02 -8.817523200722528209e-02
-1.565411290992119522e-02 -1.294710709100481694e-01 -4.519783391452872334e-02 2.229731383304336262e-02 2.253491660823775736e-02 -3.739629112820486850e-02 2.499520700676747809e-01 -3.241949674188968761e-02 6.377156455615430944e-03 -7.137546533342058186e-02 4.517418735651874419e-04 1.084307798438867571e-01
-1.048572157406306438e-01 -5.648488033324390589e-02 -8.165630440352697472e-02 1.693175615155029790e-01 -1.193657411586001305e-01 -1.386103899005463047e-01 -4.186987484547936150e-02 -8.443149211769167273e-02 -1.783843125830861243e-01 -7.997614902045070695e-02 -5.510886492057842645e-02 3.895414738266127913e-02
-3.835411656902564664e-02 1.081889644385715804e-01 5.455710783517442319e-02 -9.953660584141419288e-04 -1.212618907531163581e-01 -1.558536233960278183e-01 7.797225109139760413e-02 -3.121813916956625024e-01 -7.929432101359583374e-02 -3.614241831177229802e-02 4.990257556296778807e-02 -8.243730362787300703e-02
-3.677987073755600161e-02 -1.331604554848839217e-01 5.173370771200509755e-02 1.854238861300381291e-01 -1.737094762641085144e-01 -2.253729883487745611e-01 -4.601247435735778685e-02 -1.948880226010415995e-01 -6.232225382270046438e-02 -4.169598583815142812e-02 5.532854827092329765e-03 -2.532368115992930102e-01
9.392785776048240276e-03 3.911202348165143672e-02 8.406590665418467445e-02 2.622975935764151334e-01 3.876913251164379459e-02 -3.287285161593925809e-01 -1.095091553916065774e-01 -1.145823508331641344e-01 -8.360684130436348005e-02 -8.936648525257871734e-02 -3.075458966496892876e-01 1.586468791589818184e-01
-3.283034699281681817e-02 9.056201240931353869e-02 -1.753064842910445273e-02 -6.843559333010285073e-02 9.811892205245667520e-02 -1.076283225183806980e-01 1.559475197204393537e-01 -1.359720048358031563e-01 -6.762340696536488227e-02 8.444353336154004908e-02 -1.086855192535232106e-01 -2.745411661691780567e-02
1.261880913895532252e-01 3.172309885098435062e-02 -1.632442101036858106e-01 1.529790884965259168e-01 6.477208013302696021e-02 -3.815094010764424892e-01 -1.063490515121026658e-01 -1.420079924603426802e-01 1.781524010829843574e-01 9.167731498628765852e-02 7.487646467651931648e-02 -1.271974872009350721e-01
-5.523723397058941803e-02 -1.545691357392964260e-01 -1.605088008617581996e-01 1.393849182500387640e-01 -1.334271425435572811e-01 -1.342974544017994099e-01 -1.834148673095731819e-01 -3.579597253816726304e-02 -4.928404913858620146e-02 -2.078234019405763855e-01 -9.069411410310371235e-02 5.025854765522180106e-02
3.230935167420694726e-02 9.521822394321598215e-02 -2.104698795976258918e-01 1.929193368330439640e-01 -1.492503860738227280e-03 -1.242016683837383340e-01 -2.404989396814762315e-01 -4.669214950942449788e-02 5.511255096248585811e-02 4.438277958455966177e-02 -5.955997617814080825e-02 -2.331720942818054157e-02
1.972454232266430130e-01 -1.123759213614513620e-02 8.268515195542638918e-02 1.306355289942286863e-02 -1.083561255057818307e-01 -2.241707537956884599e-01 -1.379422844785097892e-02 -6.900297542527951411e-02 4.863384843918183015e-02 -1.134127462224005373e-01 -9.642374050586247081e-02 -1.077113643940318527e-01
1.000168003195543442e-01 -4.001092023298241651e-02 -1.130100034483611793e-01 8.154368740707286511e-02 -5.200448785541376961e-02 -2.367325567240885498e-01 2.939275796191060525e-02 -1.600600794490491807e-01 -9.877104050634095966e-02 -8.107548709741922363e-03 -2.226260953338064438e-02 1.518149186963405894e-01
1.510433023286337703e-02 5.928295742753726671e-02 -1.738814613466670503e-02 1.489239982461359746e-01 -1.039563924777383297e-01 -3.954359846538773038e-01 6.799337483792072812e-02 -6.167157557396658191e-02 1.370638820286671777e-01 -3.627134610523985447e-02 -7.812782938063642102e-02 -8.385028776390855698e-02
-5.441663538745589862e-02 -1.264463513603608646e-01 3.960085489370793188e-02 1.828153791866276578e-01 2.795446575701307848e-02 -1.849893146544098199e-01 -4.129004446165362302e-02 -1.827926539065106992e-01 -3.841177506315566342e-02 3.449468567668791119e-02 -1.112058012416782850e-02 4.574518365667875480e-02
-8.430813695384534179e-02 1.233565033735945643e-01 9.143583272193123168e-02 5.459900694457600623e-02 9.631678646608765604e-02 -1.981670006316861299e-01 3.792357346396060813e-03 -1.974176768436047835e-02 1.161719040754454063e-01 -1.921773943684547056e-02 4.996544278697623298e-02 7.709432597423514222e-02
-6.324748739428087685e-02 1.183125719689571004e-01 7.848336689509675945e-03 1.148433180482071464e-01 -1.129003771612049033e-02 -1.817517462085680435e-01 -9.830424795266384796e-02 -6.905931357051002528e-02 7.446369750869637205e-02 -5.556027371274979698e-02 8.342339464177025987e-02 -2.568928101974815234e-02
-7.676024302917450193e-02 1.173853611046897644e-01 1.912326031966234477e-02 1.583120362398751091e-01 3.073582823316258535e-03 -2.100666749189077920e-01 -5.264644555561815570e-02 -1.389510883205943570e-01 -1.319485193074488305e-01 7.546487144268239355e-02 1.539887994410780656e-02 -1.147357443566594110e-01
3.116850334866967387e-01 8.696158814503916756e-02 -8.100239072767514981e-02 -2.637708340030887194e-02 1.661066789016868162e-01 -2.761529089353578215e-01 5.003297348020297602e-02 -1.573015131246968401e-01 -1.221367254073704167e-01 -4.687040047740477500e-02 -9.138800575573494123e-02 3.757187791846609143e-02
-1.286767553722358293e-01 2.016972049787580934e-01 4.002249549346433288e-01 2.581709766524078464e-01 3.332220677877967187e-03 -1.686308379814343561e-01 1.909361789845735458e-01 -1.812466388977304332e-01 -2.523329744118938539e-02 3.963467804529949290e-02 -1.257627055068950006e-01 -4.146012620515013986e-02
-1.027491172043937945e-02 1.072016422032828348e-01 3.664966783096677838e-02 1.659212159642593776e-02 -8.071823366246957954e-02 -2.759085343549699809e-01 2.271956215284096775e-02 -2.173088528322572599e-01 -9.012058136373850281e-02 1.694809295269521579e-02 -3.442545897679098743e-02 2.367212401529742161e-01
6.025995898988070060e-02 -1.158039096998545875e-01 1.774702822073781841e-02 1.188388625507991320e-01 -3.541890897111532599e-02 -2.901065743444748435e-01 -7.183106379113715634e-02 -1.460069825973986379e-01 -5.539438412742487411e-02 5.802438207026437700e-03 1.028555173712931148e-01 -1.514471497637666919e-01
-5.982415188839068990e-03 -1.479697288820825849e-03 -2.015957046354669227e-02 1.539937338348733864e-01 3.798792247808388534e-02 -7.527553959478805456e-02 9.669528180642047999e-02 -4.298712937129633982e-01 -1.567754567026491963e-01 6.109132479539368388e-02 -1.307249546262729267e-01 -3.529001350134649065e-03
-1.204967502645249988e-01 -3.383683531535890132e-03 -4.456055691001675756e-02 8.023694607537046330e-02 7.672287311274891830e-02 -3.057998241111119508e-01 -3.264394156552539311e-02 -1.444366215815801047e-01 -1.424335610880097525e-01 -1.882995831841668619e-02 8.661844045145900006e-02 2.081467146789960435e-02
-5.639319736065218774e-02 4.649051029194870011e-02 -7.410638051996781828e-02 1.854535417763951699e-01 -1.140856626774667919e-02 -1.934205924067899929e-01 1.042702273495433148e-04 -1.289861588485616550e-01 -7.236540326508499044e-02 -2.183700525113488680e-02 -1.126848001368592755e-01 -1.928221477292848748e-02
-2.862136992532255536e-02 -1.829180151654166697e-01 -1.127016727317797506e-01 7.533019268657248357e-02 2.262526044760488145e-02 -2.839623512381213022e-01 -8.081277844586889567e-03 -2.024911942603545567e-01 -7.900025374988907390e-02 1.615606101115323046e-01 8.133377102516398116e-02 -7.349436186419470995e-02
1.663079065079837299e-02 -2.760216128500845613e-03 5.988116487051090009e-02 1.141237382573825898e-01 4.471326609922894602e-03 -1.946986088474797483e-01 1.055506603006158874e-02 -1.044297841142427935e-01 5.125317848311928409e-03 -6.335933413701684558e-02 -3.460560506149255866e-02 6.961353176870617443e-02
-1.510347583780470848e-01 5.452835518746639021e-02 -5.976352542921339883e-02 1.376987151171049362e-01 9.429471995476129687e-02 -2.357855338562030445e-01 3.646619357057711425e-02 -2.548409050654496522e-01 -1.050370995409096869e-01 -3.809753878620907031e-02 -2.167472336928892226e-02 1.307642140923597485e-01
-6.037684912659827680e-02 4.937289229238743526e-02 1.016157874702716957e-01 1.936904577152058771e-01 1.077287332593726554e-01 -1.466890015463856445e-01 4.205442403848082961e-02 -2.009460606076994282e-01 -2.638958149251195706e-02 4.860157516286540968e-02 -1.638365461287086822e-01 -4.975335504870382480e-02
-1.007202851138872535e-01 -2.135977993718229592e-02 7.455861875186693341e-03 4.856593023470361092e-02 6.158807434722975149e-02 -3.822645829593499522e-01 -7.298670495341014197e-02 -1.534943140291321895e-01 -2.162270950212858978e-01 1.409446562595483010e-01 5.795793209422241306e-03 -1.355941158661370383e-01
5.894358407937266148e-02 -2.464632912525218864e-02 1.416840821076651921e-02 1.421068987678857087e-01 3.578322695179725343e-02 -3.607877369841814286e-01 2.557244568680383523e-02 -2.229412278574026685e-01 -2.829453258763394707e-01 -1.307096942295568331e-01 -1.395657103340526839e-01 -1.310155805448675118e-02
2.365233467335414730e-03 -2.408882585949070898e-01 5.793688523433590531e-02 8.382308054785245210e-02 -4.351636802641845048e-02 -1.489416773843472153e-01 9.369936939452488955e-02 -2.145155704201164859e-01 -2.269419125901964152e-01 -6.578697881626556498e-02 -1.252044902194637994e-02 -4.958048059142378811e-02
-3.017417278533996577e-02 -9.180817585709986559e-03 1.195855539604624360e-02 1.935862286904424523e-02 3.129602617016501859e-02 -2.031746578104343670e-01 3.902934402978060907e-02 -3.189930867717515328e-01 -6.621718983320094842e-02 -8.832050876439560827e-02 1.243927969311478809e-01 3.106351219179484188e-02
-1.525360180711220481e-01 7.044310694469051171e-02 2.088123841626393987e-02 1.628123511985748451e-01 1.249147298875952043e-02 -7.548553619749306942e-02 -1.020190530222989667e-01 -9.787307287586623217e-02 -1.570184863146892318e-01 -1.693744256196446848e-02 -8.863018237189759438e-03 4.885131302766003263e-03
1.037655329281249594e-01 -1.847366959101054973e-01 4.537374895671621167e-02 6.752999365760871398e-02 8.355603584161847008e-02 -3.246427758581471590e-01 1.063298864341046257e-01 -8.586578088114339702e-02 -2.134894867675903307e-01 -2.209375785536304634e-02 1.131325407198951749e-01 8.851918831339557203e-02
-1.162082194075590991e-01 -6.425263597075493716e-02 -1.060882410456428782e-01 5.591479562137312287e-02 -1.998039922717146158e-02 -3.438511339376872922e-01 1.007673057182935095e-01 -2.614079049457538328e-01 -1.097727223431433502e-01 -7.198215493402256027e-02 -8.442760444088993552e-03 3.408049315315916233e-02
-1.225086759297434047e-01 1.296254657786148901e-01 -2.655311323296851225e-02 2.299291337768603061e-01 -1.654884260686912897e-02 -1.161212777869821411e-01 1.106960743126818858e-01 -3.057183740196024457e-01 -2.944361635615658224e-02 -6.561118836113676023e-02 4.442398553935512917e-02 9.897910441734326936e-02
1.358840685750894658e-02 1.861039990118279128e-02 -1.519759783835375119e-02 4.551087232791806159e-02 3.060881162861588470e-02 -3.417356670874467373e-01 -2.824127463820370193e-02 1.184093336091684642e-02 -7.474732601327642445e-02 7.453103911362386758e-02 -3.609353226387707059e-02 8.176961989160776156e-02
-1.292462606409130466e-01 -5.350923919751816860e-02 -6.107161660178145324e-02 1.529819533930707187e-01 1.763480697519011404e-04 -2.823406920172026879e-01 -3.614165658884894300e-02 -2.078565115282645648e-01 -1.675238100700733868e-01 2.739825914145184102e-02 4.292027872368858743e-02 6.643360976168737053e-02
7.271981942533092824e-02 -1.546503534235688961e-02 -1.594254560432381285e-01 8.698864270869172133e-02 1.911579432105137491e-02 -2.846846140151604310e-01 -3.947477317974171923e-02 -1.312333089275908304e-01 -7.685248246727836852e-02 -1.048583999000494010e-01 -7.068801272629934851e-02 5.472576382059652494e-02
2.119725595570411403e-01 -5.545310486320301768e-01 -1.179214361257095722e-01 3.597130132077570597e-01 -5.827332354936006764e-01 -1.488482081721541166e-02 -4.022093139456268673e-01 1.399776254643849138e-01 3.314344647365481400e-01 -6.287405274004160827e-01 1.094097350444402927e+00 1.590465612133202533e-01
1.507433036629994005e-01 2.779871540110589456e-01 -8.567977779408339489e-02 -3.427766126215719966e-02 -2.004045793605130701e-03 -3.634578341709844285e-01 2.231447125286116218e-01 -2.924274502749878435e-01 -4.416184217161491649e-02 -1.456889078147722560e-01 1.667259377212947369e-01 -9.528793595761318735e-02
-1.250079357180964856e-01 -1.695644619893166630e-02 -2.123860213097859273e-01 -1.612030110589064008e-02 4.157266201195881916e-02 -2.715883082765273571e-01 2.766003616788934583e-01 -2.266456554993904193e-01 -3.972806901705653454e-02 -8.815386094271614181e-02 -3.080305924233242218e-02 -1.842483326046317205e-01
-1.877859070060473035e-01 1.412303552668351392e-01 -6.853848661559835964e-02 1.123619132506600421e-01 -1.781666915597557646e-02 -2.987579880375381691e-01 1.558123048043385528e-01 -4.197217710425505954e-01 -2.441743751641663462e-01 -4.483560566489203092e-02 3.743670085734093766e-02 -1.151798862656586570e-01
-8.601247550552990062e-02 9.395099241111005972e-02 -9.390946983900325118e-02 -2.787911220092154779e-02 7.048057085976486280e-02 -2.500430803948177627e-01 5.730860436003793607e-02 -1.444348931571756006e-02 -1.048020581219698960e-01 -8.223194978475454817e-03 -2.317242985593319718e-02 -6.618916346362936631e-02
1.072606095657761549e-01 -1.872632668059307295e-02 8.265287244630944996e-02 -9.209163430777562304e-03 -7.915824652677894147e-02 -1.845899464391845268e-01 8.183062103051361169e-02 -1.708795562541366719e-01 -3.287893385576032973e-02 -6.295499072380540684e-02 4.120158994089374860e-02 1.233786614691730343e-01
-1.091007909245021723e-01 2.252951559074013455e-01 1.543794736761526509e-01 1.429084694653413035e-01 -2.164741916824017010e-01 -4.148656309204080683e-01 2.110885311369354311e-01 -3.525604834443818447e-01 -1.220446297251106815e-01 5.953755609505279045e-02 -5.143220953127392026e-02 -4.295731947272748291e-02
-3.309955428863461252e-02 5.461807175327172692e-02 3.037046770350799174e-01 3.571009139076784800e-02 -9.014288196348902923e-03 -4.488526075254981595e-01 8.450911526185572731e-02 -3.799913506553010967e-01 -3.946946784876445014e-01 8.363403563062039858e-02 -3.400053300632190079e-02 -1.162773349516648264e-01
7.146373020689172906e-02 1.467314840060758296e-01 -4.011958860217014478e-02 1.044675654262549047e-01 -2.200592473251412329e-01 -2.453246535795647332e-01 8.957836090040957600e-02 -2.210373169590756914e-01 -2.176421348694231872e-01 2.965814852953615674e-02 -7.993181435195353957e-02 8.904842154593441139e-02
-4.274249628972401904e-01 7.807842230371954129e-01 -3.712184518763010366e-01 -4.234795807891671982e-01 2.126948220333818862e-01 -7.949628496840052128e-01 5.933600039382515012e-01 -8.140500099256530175e-01 -7.282084325458282326e-01 -1.603563967071342800e-01 6.098165485060978996e-01 -3.944022399474095275e-01
7.493007745689128640e-02 -1.769253306748087562e-01 1.887799520533113562e-02 8.244259722826682846e-02 2.125259596968995246e-01 3.010092345211868303e-01 -5.116156106097238115e-02 1.505518499914524633e-01 1.823519798109814530e-02 7.422184314165738983e-02 -1.508869226509638173e-01 -6.401371412468379041e-02
