-3.793882003063429043e+00 1.266676102163372120e+00 -1.406111551908100665e+00 -5.347199488455072203e-01
9.690320217013408399e-01 3.274878290487884147e+00 3.900312414853265519e+00 5.113162328551551283e+00
-5.700004098344767511e-01 2.937277628746197689e+00 3.763317791738239881e-01 -1.600720575162590142e+00
3.095412123459782561e-01 -1.983363860943996082e+00 -2.367636380681975350e+00 -2.705808373664873479e+00
-4.360179732408376196e+00 -2.858995397602860991e-02 -1.315791034373852364e+00 -8.714366656581882253e-01
-3.322386518733241978e+00 -3.485279266355137739e+00 -3.617273502438370869e+00 -4.356790778551869359e+00
-1.020150254040718796e+00 -1.908692179356868079e+00 -2.605789020141985102e+00 -1.661222216166228005e+00
-2.610767998240176802e+00 -3.206149356511519333e+00 -1.672043860184651454e+00 -1.778743530648076998e+00
2.476598548652219289e+00 3.162830671992074905e+00 3.774301786004364834e-01 1.381739195838673995e+00
3.550619246347128111e-01 -6.005630040163845162e-01 -1.671431670857369101e+00 -1.729918830883184322e+00
2.429526858826344338e+00 -2.612133273802028199e+00 4.653029557817142670e-01 2.388613796170015569e+00
3.351824896721238289e+00 1.700188995805272718e+00 1.182540601442131134e+00 3.786573856469189758e-01
3.361006950570045948e+00 5.301294609106703248e+00 4.845184670780332326e+00 5.974382566759568469e+00
-1.825220198888296119e+00 -2.452947625464228842e+00 -3.121814816597315634e+00 -3.305679223544261358e+00
-3.280474813850629445e+00 -2.355887091248015874e+00 8.832473626965706148e-02 -1.088651849985674325e+00
1.936582355977783942e+00 1.320173079785740944e+00 4.019872621589241746e+00 6.245001965572049230e+00
1.734709720832437796e+00 1.414117574507998354e+00 -1.948211370405897314e-01 -1.378727546159105755e+00
1.629701260942305829e+00 1.719024056789007160e+00 2.897196577947542262e-01 2.085605761817235670e+00
1.322234957489067719e+00 3.580321671705733788e+00 2.484991169149611157e+00 2.035307579032018310e+00
-3.208744466231958192e+00 -4.318976922021477094e+00 -3.980312796635420813e+00 -4.660531512059851167e+00
3.192189327672916299e+00 2.619000608885686532e+00 2.230953491375232467e+00 2.010022524797637544e+00
2.284413760551625039e+00 2.427719348390310117e+00 1.820569468135167623e+00 4.871428516653328877e-01
2.830932801159723677e+00 4.131761428684066928e+00 4.920872210205516240e+00 3.570252804119544265e+00
-1.377449414703256991e+00 5.391850563165175858e-01 -6.165043506623798519e-01 -2.288043234711234497e+00
3.239120728099175839e+00 5.910392516279306285e+00 5.000149157899376640e+00 4.410226060216699828e+00
1.697857219369520498e+00 1.028239917231395628e+00 -1.024987453492044454e+00 5.475153265204255604e-01
-1.632123485346833824e+00 -1.552856009853099239e+00 -9.438990890970458958e-01 -1.688922738789442768e+00
-3.631749735320994876e+00 -4.141436426519408798e+00 -3.129833087744989140e+00 -2.389374862515532438e+00
3.345528324005059950e+00 5.934512365622224728e+00 5.518919425573445281e+00 3.956758199630138861e+00
-5.676089455818367213e-01 2.310558172711610680e+00 4.556943157829478896e-01 1.149151188125013601e+00
