-1.808087346081272140e-01 -4.577500641747937749e-03 -5.239681429567669829e-02 -5.115630374668767716e-03 -1.003411595286529262e-01 9.681649703189831868e-02 -6.534492255345239475e-02 -4.064905267986006904e-02 -6.729676320894428798e-02 9.629202051189322820e-02 -8.914617178949235665e-02 4.165374494282174378e-02
-2.718613721037288836e-02 5.784350213929127099e-02 -3.110716281584930201e-02 -3.887194247103856193e-02 3.228288585572530039e-02 4.786924918245326344e-02 -1.566600277783767106e-02 -1.257466421885255481e-01 2.338744771087541141e-01 8.196056526196829339e-02 -5.633796996691183001e-02 -2.741806398386079091e-02
1.609801919521810232e-01 -3.172807548211206002e-02 1.074552707693617465e-01 8.169664483173150887e-03 -4.589546259433041620e-02 2.446565864835705678e-02 4.726920642388637850e-02 3.214005043677065077e-02 3.899993440501547948e-02 3.796348502205364184e-02 -1.191986451648512080e-01 -7.965241874197970598e-03
3.417132133965663458e-03 5.167528028258998318e-02 9.247896292137833263e-02 -1.501025232469961092e-02 -1.095690950094717064e-01 -3.774377350841481502e-03 -3.932476192537094628e-03 -8.097647120078529936e-02 -5.526636955621049008e-02 -2.643567945527780516e-02 3.363272300357259686e-02 -1.775804107904213267e-02
7.444168245495894065e-02 5.862933562897396089e-03 4.655111910119734409e-02 -1.726753661180613908e-01 1.152705076067078310e-01 -1.704954538685789917e-02 1.056542646730899426e-01 -1.383682732919661387e-02 2.308978096609361555e-02 -1.815288242150244757e-01 -4.487209564681494262e-02 -6.239712499101135457e-02
-8.981267853894893405e-02 -5.439411417781604002e-02 5.703827906759276894e-02 8.104210179567945815e-02 5.778636829300271872e-03 1.710964383228727459e-01 8.028123172298222421e-02 3.791726445018180069e-02 -6.998827296899823303e-02 -5.581590228458974817e-02 1.243296692721589797e-02 -3.461894637817187342e-02
-1.673362202054663392e-02 -8.110384106334606047e-02 6.218874067548715422e-04 -2.350432314104850678e-02 -1.707266356126556639e-01 1.164804133857939850e-02 -4.080273097854767578e-02 7.217564493797148928e-02 -3.836727005554031733e-02 2.833244943842539235e-02 -1.089752517321471298e-01 -1.170306730299500442e-01
5.403772422933246847e-03 -7.178199127541559643e-02 4.477196317174667733e-02 1.652329538074296944e-01 -1.321103675329413432e-02 -4.592441056154703688e-02 -8.193839160439701091e-03 1.564786668381665802e-01 1.965609462272975907e-02 -1.455109159565112428e-02 -8.948874686641644649e-02 8.537678167175174679e-03
-2.332246130759842162e-02 -3.360718748796721889e-02 -4.538108870939365491e-02 9.288762432623796916e-03 -6.881364575621631147e-03 -1.450558328871939459e-02 1.331810014816238730e-01 9.466342275070457890e-02 -2.755814476025097992e-01 5.798794460496498049e-02 1.304904469269500544e-01 -1.245774215438186922e-02
-1.917125452020255203e-03 5.893385955287070571e-02 1.117528724213997793e-01 -5.222210776980534819e-02 1.029084621558928603e-01 -1.061303059303726481e-01 -8.663487860297154619e-02 9.215363246345958936e-02 -9.166936415454786380e-02 8.495899439074863779e-02 -6.064596303047695841e-02 -3.377939662587702008e-02
1.253745018421505431e-01 1.375719989955463407e-01 -3.115145085356491733e-02 -7.574434869578497431e-02 -5.115265499217577783e-02 7.659578369062667799e-03 6.273247975735187984e-04 -1.683948503294197263e-01 -2.278856274797871201e-02 -1.131194008966142778e-01 -6.811706454882243689e-02 3.553410782812754798e-02
3.099536673633954478e-02 1.920911887700346710e-01 -5.277663109230418953e-02 1.129941165072818887e-01 9.951432441583214772e-02 2.453134757405910082e-02 -1.193305287049879759e-02 9.305003849230211732e-02 1.335199172601175127e-02 6.547587120708314723e-02 2.065653818668390651e-02 2.520553870330435181e-02
-2.960790087457924186e-02 -5.621011482906872886e-03 -5.134101110104139637e-02 -1.630705569338274097e-01 -6.011895657844249646e-02 -6.383668573464661156e-02 2.759831662938354996e-02 6.518360490756640313e-02 1.783184227631716412e-02 -6.907148450477075541e-02 -1.273440946183212463e-01 2.083671490223697881e-02
4.269467802788588090e-02 -9.586381044481724623e-02 7.874166023090378719e-02 -6.709844610785728469e-02 -1.218574905026640620e-01 -4.519819281196791119e-03 1.405013437369836415e-01 8.134865505539259911e-02 5.578496700056168045e-02 -1.337881753102981297e-01 -1.554093248297549468e-01 5.450993003836664130e-02
2.210234058933357310e-02 1.090685252202484856e-01 -1.146792811148611146e-01 1.508480133944909915e-02 -5.205510907671188903e-02 1.666599805159293402e-01 1.002770552960274841e-01 6.790532941537671952e-02 8.329839529584642799e-02 1.130626711091406028e-01 -1.344365904230632180e-01 -1.172456919945484982e-01
-1.505676878426270848e-02 -2.362409448329288314e-02 4.946388479415395750e-02 7.618002114275165826e-02 -5.653059135321698847e-02 -4.458161692126042658e-03 -2.605429702484269097e-02 8.059089874728093961e-02 2.038550986738903864e-02 -8.119940145994122838e-02 1.930310477875855218e-02 1.244935238126374799e-01
2.162863514871279647e-01 9.924601706946395430e-02 2.438323003744879980e-02 5.934079426228856813e-02 3.574859242978895013e-02 2.382015573764104718e-03 1.767273554478093756e-01 1.321967568778523172e-01 2.078502495750104290e-02 4.749208827094104218e-02 -1.287939850768054506e-01 2.994509568199247088e-02
2.134927784052850774e-02 -1.051868243632897437e-01 -9.690237166373752431e-03 8.222191733632006061e-02 -7.452670758405280371e-02 2.314808978010862717e-02 -8.770241101437904752e-03 2.855926205752600325e-02 2.772853420632495451e-03 4.554225193294490770e-02 3.948025671124300202e-03 -8.796083205012139583e-02
-5.653626293450965401e-02 5.603628210887064143e-03 -6.569892303954297415e-03 -8.632419276526134833e-02 1.803930334445922323e-01 -8.630732578160116297e-02 5.002045108697090320e-02 -5.902847815295046013e-02 -9.095920730236514706e-02 -9.086538466029872585e-02 -3.152458816823483501e-02 3.624082382787579409e-02
1.218736391947172204e-01 2.997391310714191820e-02 1.040365006362789779e-01 -3.942539892526633616e-02 -6.466824231237999765e-02 1.291125569543276341e-02 1.768747527466456859e-01 3.774786028798177151e-02 1.779245845444989843e-02 -6.108399881314700852e-02 -8.077701762565006605e-02 4.703170954900252193e-02
-2.786179616091908132e-02 9.948409127775539873e-02 1.482325893035005837e-01 -1.215530821218735458e-01 -1.131396975867549615e-01 -1.578248256771229430e-02 5.925908997067720618e-03 -7.813343419515254504e-03 -1.398409334170591101e-01 -8.237075127551542197e-03 2.483201695799185094e-02 -2.443569320269765172e-03
-1.015617503102390629e-01 4.210913918628254177e-02 -4.400530718242086359e-02 -6.570130630240600400e-02 1.306595227758621802e-01 -2.822039667640744570e-02 -4.707380211273495818e-02 1.379486872212357107e-01 2.591424105733057884e-02 -9.913664150676508580e-03 6.773573395046247891e-02 -9.098937951742488983e-02
-9.710907177739788732e-02 2.557304657317554034e-02 -2.027373370129854080e-01 -5.185103222967087089e-02 1.829205432291900746e-01 -2.894359571643662435e-02 -5.413463391649876895e-03 -4.254404480837870040e-02 5.479394622488040906e-02 -4.655166602782181973e-02 -4.193809500275048202e-02 2.382880592364122058e-02
1.156652924684120273e-02 -6.087401937428763704e-02 4.061987526679750743e-02 -1.323888848769859683e-01 -6.130627714986269794e-02 6.830005758500040658e-02 -6.867798406206933326e-02 -3.119467867893510604e-02 -5.054285114028778808e-02 -3.127778383950137638e-03 -1.002663084852298443e-02 -4.747221107554255859e-02
4.085064483955942738e-02 -1.262890621098881113e-03 2.817060328405365105e-02 7.925916911020887412e-02 -6.493372495578841885e-02 1.667073922922725215e-01 -2.689946565662622996e-02 -9.684904397174642909e-02 1.629694801878155963e-01 7.325282514103192977e-02 2.150309951307552148e-01 -9.283097485880975608e-02
1.072652810560756689e-02 -2.368482078894918463e-01 -1.228534731454754558e-01 1.417551772569299040e-01 1.472480782201201766e-01 5.442337187367546347e-02 -2.386566786431443613e-02 1.398615302473416588e-01 -7.378437361561374086e-02 1.368912851830899058e-01 -7.622779934389538326e-02 -1.362543067104423078e-01
7.911295697166725871e-02 3.500628449424438710e-02 -2.696706452797772297e-02 2.986902971401190869e-03 2.120757993203412767e-02 -8.489029197365245694e-02 2.260730258447889857e-02 4.307677003666965376e-03 5.124648849372662185e-02 9.185614067060354770e-02 -1.099623927108227123e-01 -9.674597556761302397e-02
7.117489163519978568e-02 -8.689931542639980910e-02 -3.981031602042332807e-02 2.461010420779433452e-02 -4.000000574098319661e-02 -3.199659778259079934e-02 -3.699357322999489994e-02 -1.171368698145849041e-01 -7.635894681394697625e-02 1.384234000429521334e-02 3.639737166804791427e-03 -4.403216905866931541e-02
-4.485766625820751530e-02 -1.080099726225133561e-01 -1.606172212305892119e-02 -9.333062726029912881e-02 -5.674793323710681375e-02 4.486193525460723842e-03 -4.500838286991465376e-02 -1.298636031254974017e-02 5.952144011516226352e-02 -5.163491837200538670e-02 -2.341158114160809822e-01 -1.088232959163059205e-01
-7.040584573447415673e-02 5.452519275328475412e-02 -3.466322225790351153e-02 -8.458894621637685560e-03 1.062782383049047999e-02 -5.141831567987113077e-02 4.476912086565702081e-02 -2.246355105123409857e-02 -5.440461924133219336e-03 5.002961078394563971e-02 1.480424088315430153e-01 1.581540252523543078e-02
5.697960151048646338e-02 2.878090285860882697e-02 1.501130784620920318e-02 -1.184845882000926803e-01 6.525942983607142811e-02 9.990512087462233293e-02 1.143416588480711815e-01 2.869793647386079116e-02 -5.611263412642453208e-02 -1.031725111171611503e-01 -3.015946650802175250e-02 7.190939249339706185e-02
-5.460292989163913202e-02 -8.712765392765267625e-02 -2.624208749019113496e-02 6.156370279319237776e-02 -6.561190228066512975e-02 9.718473962127206767e-02 1.228263421175855054e-02 -2.490641639228304699e-02 -1.282269344290283830e-01 -1.721926562893734136e-01 -5.039984430170506291e-02 -1.869712475145459546e-02
-9.832544325269326757e-02 4.794413586819991357e-02 1.145922523628032513e-02 8.841218330415107074e-02 3.279046805839511136e-02 1.572554655329772844e-01 -3.498610736637389890e-02 8.078430506374510711e-02 1.385974642441537563e-01 2.289272215611034417e-02 -3.709561120350991087e-02 1.562947931852910477e-01
-5.624033074474618643e-02 -4.641655355036950620e-02 1.249628141452447695e-02 -3.012790719978535037e-02 -1.038837415491191962e-01 2.304849573754811157e-02 9.649935043001195423e-02 -1.049353298541098791e-03 1.089392787557767056e-02 -2.296504617505919915e-02 -1.452017206688044904e-01 4.629941815831202512e-02
-9.059682483064426806e-02 -3.448246517441953124e-02 -7.627363299146874831e-02 -1.086773847859547476e-01 4.527625329585240055e-02 3.202938323741788378e-04 -2.915711031194161834e-02 -1.012829386792962749e-01 9.102610006719438762e-02 1.639866886028031739e-02 -8.999763340354939578e-02 1.693497002719067945e-01
2.623579160737845445e-02 -1.243596177192320407e-01 -4.414363352617527332e-03 -4.626346243343509856e-02 3.550662292604225834e-02 -7.572537650333141523e-02 -9.380149267379200850e-02 4.605400897072234323e-02 -1.538547519175967326e-01 9.918222326883915918e-02 2.237120062481841587e-01 1.183914175304446800e-02
4.707238069476218922e-03 -7.979414536406276293e-02 -1.233343495577386879e-02 3.192587023890577913e-02 3.162397007216206923e-02 9.270428328039832799e-02 5.319983638520148911e-02 -5.933720617080759374e-02 -1.303646447803760156e-01 1.158433202248666978e-02 8.951626572365635470e-02 -3.714277726574877724e-03
2.384685766054781692e-02 9.166745608916411492e-02 -2.433877477911786102e-02 1.799137726465581122e-01 -4.070651701620281449e-02 -1.230155701255785869e-02 1.355532336373708319e-02 -6.235835688674857408e-02 1.919678579822359510e-01 6.429100365775078374e-02 5.076706340523357008e-02 5.461002287634309123e-03
-1.729860196386531074e-02 5.945097586506432191e-02 5.616968829395883878e-02 -8.265112446020986270e-02 3.165893056441024950e-02 -4.176831077729912384e-02 5.613213876519546064e-02 -1.779339837498226246e-02 -7.002656473715621055e-02 -6.144466140609093283e-03 4.262407875855957207e-02 -2.074716838903911120e-01
-4.247546279292532811e-02 -2.775448403703287270e-02 4.785008049627190174e-02 -8.097391458022307198e-02 1.091938729326135255e-01 -2.609770253472730797e-02 -3.319072748673137369e-02 2.101675137983998465e-01 7.590138534858698049e-02 9.444242739906878736e-02 9.664350101420840500e-02 -1.082129099814962692e-01
-5.744774061713462700e-03 1.443921863664424932e-01 -1.047000444280923592e-01 -7.681480782282018756e-03 -1.131440090079802521e-02 -7.967721767976379543e-02 3.638787668584293755e-02 6.266115881137346300e-02 6.725342662313292530e-02 -1.418093778519561587e-01 1.765921013212051402e-02 -1.343224985308678621e-01
1.076302128096493643e-02 -5.811348937677582316e-02 5.415851155205657352e-02 -5.056069311903554908e-02 -5.422247044097280866e-02 5.648060928888833793e-03 7.321942358476395130e-02 5.849692760587249518e-02 -1.812757036777584013e-02 1.134333510500344366e-01 -9.283293794002178689e-02 1.074317952451718794e-01
-2.862792512358602187e-02 -3.263568790086210369e-02 2.940279864902723209e-02 -1.436821472081499691e-02 9.178148157769713822e-02 4.034900718433157701e-02 2.122957835797250475e-02 1.616841637662299602e-01 -9.151164213561460009e-03 4.794297553865566053e-02 1.742035945949011178e-01 4.518932497995862413e-02
7.418350391442037062e-02 7.164799382083843204e-02 -4.780440586405934611e-03 -7.774768874265645599e-03 2.248849733072108906e-02 3.368975522205241990e-02 1.899283337955561257e-01 -7.334746635922952118e-02 2.889576905597531636e-02 3.112940425748592088e-02 1.841501584450854212e-01 -4.791380981292105330e-03
-1.451142557841052227e-02 -6.230144215853923584e-02 1.697287500156164919e-01 9.864024189359393499e-03 1.448840712090080363e-01 -3.662677301115031814e-02 -1.690017742590788422e-02 -9.113338546432027398e-02 6.386269853431023741e-03 1.546690004236638827e-01 5.763459665169384794e-02 6.350555539609936510e-04
-4.277053519548552202e-02 5.901978080494738738e-02 4.458967620207232585e-02 1.076133133369365502e-01 7.881707727761473603e-02 1.094521349779060404e-01 9.614346256760175624e-02 7.547139712449155158e-02 -1.117462197057023099e-01 -7.306860895481592788e-02 -4.501161580634652909e-02 2.529054360236562132e-02
-5.858418851014194489e-02 1.700518969498317212e-01 2.354356072219540574e-02 9.807933214959471679e-02 -1.618379113255550075e-02 1.660824340836187379e-02 -1.240868789734952682e-01 -7.716918175912874239e-03 -3.825354517874099414e-02 1.569742035849554518e-01 9.352450402821102515e-02 -1.289677838069327453e-01
3.814025833039385444e-02 -1.988732255999076798e-02 3.257090009550723392e-02 6.820512918014334791e-02 7.036026803513162342e-02 1.813677483118797396e-02 -5.413027915971481419e-02 -1.136118078550016897e-01 5.070378336840253297e-02 -5.844438530083735997e-03 -3.635334040326713978e-02 5.791276984338938894e-02
4.819635414237311705e-02 5.543235273496224802e-02 3.289990345889971194e-03 -7.797467001402472175e-02 -6.073617476061507481e-02 4.094132095739103777e-02 -5.320374410991261099e-02 -1.053722626644584409e-01 -4.109003530094035295e-02 -4.392990540974381353e-02 9.197347124031893251e-02 2.862974365005645574e-02
1.237919067881064344e-01 -6.631734885640368574e-03 2.225186821549364827e-02 -2.223863627035792268e-02 -1.817030801437346306e-04 8.237199102423889419e-02 8.929649027358654845e-02 -1.661378523065443480e-01 9.695340282704578705e-02 -1.230653994572812465e-01 -1.112565568353618695e-01 -2.211496557685437847e-01
-6.638700023578779363e-02 9.717627802701184203e-02 -9.055038399902717861e-02 -1.737394172655570002e-01 -1.191815374197915528e-01 3.429815082573177409e-02 -3.418048302158868679e-02 1.320431911924619950e-01 -5.702090038443011211e-02 -1.079689183811358144e-02 -9.921506957670836457e-02 7.717070361929839750e-02
3.220704661873349806e-02 1.156110685088141549e-02 2.199379927164979431e-02 4.137993370790094688e-02 2.858492438724545906e-02 2.743135011701622675e-02 -1.347130365758378578e-01 -1.308891479620132303e-01 9.538406797640933132e-02 9.201202089833489250e-02 2.566382394158221725e-02 3.356198952172746719e-02
1.507069909168410812e-02 8.111287036003386741e-02 -1.104441637165543555e-01 1.006015582775105499e-01 9.082768077734418299e-02 1.349936061707131540e-01 1.379408503280896703e-01 -1.671414572737217261e-02 -5.762768101402196419e-02 -6.888089893768774286e-02 -4.256907772494476078e-02 -2.488232056468103748e-02
5.468240960309753151e-02 1.120367109580025639e-01 -1.031233843484693352e-02 -1.304257817128243457e-01 4.268765481956753038e-02 -1.645170345169915671e-01 -1.557044361570432134e-01 -7.162765860685021968e-02 -1.548195038219985775e-01 -1.302856996207992987e-02 5.013832024347654459e-02 -5.606734189357871767e-02
8.164248209072813567e-03 -1.082137320626621602e-01 6.198937766791964843e-02 -8.491339419718480332e-04 -5.334952844181267695e-02 3.648686267828419455e-02 -4.368363283617616305e-02 1.157432678021329542e-01 -9.018940232915659272e-02 -4.936315740736781088e-03 -2.311872864373098330e-02 -4.064864390813736905e-02
7.669168095904492499e-02 -1.072204632963876803e-01 4.328713574764020411e-02 2.680066383885374437e-01 1.902841839761369030e-02 2.277676340742964406e-02 1.040800252529194003e-01 6.252961722700020597e-02 -4.258301146892724820e-02 -2.141137422531853851e-02 1.088468271334269988e-01 2.689290681946627029e-02
3.261897842139706294e-02 9.508523481935135524e-02 1.289110691826334809e-01 -3.819843522186365525e-02 -1.388115425503912426e-01 8.652894584574433168e-02 2.124123801572173897e-02 -3.135718430228127268e-02 -6.680266258220615705e-02 2.925223836207735753e-02 -9.335476526335682174e-03 -1.959704655006399010e-01
1.433567522602086086e-01 1.162399240044741794e-02 -1.297362945994446660e-02 6.086694650669717543e-02 -8.242639531949264020e-02 -9.786412144695577631e-02 3.724860348952854089e-02 7.931622054914255759e-02 -1.031493569810431055e-01 5.261009742492362556e-02 4.254608881385919805e-02 1.596034531723693889e-02
1.170038390323186600e-02 8.145186347620216039e-02 1.118050000841911557e-01 5.117436692546127597e-02 1.108439538736144259e-01 -1.349783610398644085e-01 -2.491903294999491328e-02 1.400322513240951673e-02 3.251183865257734756e-02 8.163875048087131103e-02 4.588760188481184215e-04 1.148471859402466159e-03
-1.943507974426623985e-02 -1.788615247001562047e-01 1.694478137515074978e-03 3.413690551278175667e-02 -1.014025164510890531e-01 1.222097987724351104e-01 1.155287207033271063e-01 7.768917794939839399e-04 -1.561890001415934710e-02 7.136753443914173323e-02 -2.930727678394166175e-02 7.994148773776693639e-02
1.306710928013904982e-01 8.605147229458701141e-02 -2.675375002299553231e-02 -2.220765443116015994e-02 -5.592257617531180142e-02 6.858868644140470039e-02 1.243322709237560525e-01 -1.005337660919225495e-01 -1.392785894072774422e-01 -4.941574284006251122e-02 -1.693392858692422953e-01 2.450445501857562158e-02
-5.435082988156682282e-02 4.162956849270903203e-02 -1.768023511087974398e-01 4.227659535294110704e-02 -2.687351286638899744e-02 -4.724713985638161196e-02 -1.600222456510827507e-01 1.111424451188523232e-01 4.793418871854518426e-02 -9.978817691454135164e-02 5.879101627043012424e-02 -5.236019751721152776e-02
-5.029290939287140577e-02 -4.751815584842132567e-03 -3.074710810056418414e-02 2.431552645010270214e-02 1.097873286457789199e-01 1.408430031274984784e-01 2.741460858565721720e-02 6.317092236568253028e-02 5.119518133091555817e-02 6.289526903421562010e-02 1.461445346329408590e-01 7.276795433811317215e-02
3.548129160734560250e-02 -3.652828770631831590e-02 -7.606710701468763491e-02 -2.162164063808914849e-02 -4.850921902885606263e-02 -7.251602032478915438e-02 2.259449717189676576e-01 -1.794728263933553433e-02 2.279326573689272745e-02 -3.655823779947482699e-02 1.104995571882673722e-01 -7.013684484800065608e-03
3.489284014460344863e-02 -1.019575801752723998e-01 3.243135258170807417e-02 9.652629197488601931e-02 -7.901179128157088949e-02 1.783560062019498571e-02 3.035391473209511984e-02 2.879411794565423649e-02 -1.889278518085575967e-02 -6.237135608121387176e-02 7.899177128185123908e-02 9.835525534807196268e-02
-9.727459836446296360e-02 1.692019257169832813e-01 1.335405631457257103e-01 -2.228567158216489957e-02 -3.222664359050805144e-02 8.418866027242752348e-02 1.152483916549226425e-02 1.397174609640954631e-03 -1.970279060257354442e-02 -3.887083961897938589e-02 1.131548263380808411e-01 1.817857240249266121e-02
-8.109325274760741109e-02 7.863203929912251922e-02 -3.800674610858999908e-02 -7.387443639281256191e-02 2.486292247312567663e-02 -6.501839435172487858e-02 2.445747199832081636e-02 1.789200298398223657e-02 -1.199791066878467399e-02 -3.193084425823996403e-02 1.291500205550615288e-01 -1.886928472095143056e-02
5.393823383475722377e-02 -2.938538067896338118e-02 -2.263128455410371841e-03 -3.639120191643865909e-02 2.899057756497404326e-02 1.015708639892511089e-01 -5.983284000479214410e-02 6.193828248151296567e-02 1.206014260318878911e-03 -2.482854655486033818e-02 -1.105629061515872869e-01 1.354943675034102901e-01
2.564346345842541952e-01 8.111748073394167702e-02 -1.182009054351955135e-01 -4.828747608206347686e-02 -1.514195127636739080e-01 -8.248055430755091982e-03 -7.030963687203764523e-02 -1.086816076366963202e-01 -3.390497662064806406e-02 4.374528258113952184e-02 -6.072757788810373425e-02 -4.379725220573772032e-02
-1.877111198561035033e-02 2.925969310489898861e-02 3.063021063178065009e-02 -2.129424212799174709e-01 -6.985370711749752659e-02 -4.796438036740413580e-02 3.267389272890747903e-02 1.585938504906454077e-02 1.673217389274135602e-02 -4.759389643529616382e-02 9.969999474307295051e-04 1.219750759850737366e-02
3.852523616475751148e-03 -1.263865428706356653e-01 -8.554286443067148429e-03 -7.217380658988377384e-02 2.348922594875534620e-01 -1.647339411448172503e-02 -1.426441469147018415e-01 4.994361369447620179e-03 -4.180354103239720953e-02 4.192797410669366759e-02 2.598194504282503106e-02 -1.466499913532989981e-02
1.301938039189027285e-01 7.944816639517845308e-03 -1.352287482306422373e-01 4.025917344301777057e-02 4.509688961894297264e-03 1.078294280130331351e-01 7.692689026613057368e-02 1.468433366852676392e-01 1.273127020951946575e-01 1.053369062029214792e-01 -2.149731901321687011e-01 -1.344132882247195404e-01
-1.390448903815048876e-01 1.136456911996073377e-01 1.233549745026140676e-01 -1.210337181993597772e-01 8.835336833931685396e-02 7.742413968381492428e-02 3.390722437767885403e-03 -6.345435375085795027e-02 -5.304584688265679554e-02 1.105285417899399452e-03 7.603605384158935998e-02 -9.267350032224780376e-02
1.029131123452838720e-02 -5.709187017378939549e-02 1.060248882165830825e-01 -6.007976562458561438e-03 -6.550297602141959274e-02 -4.345250476413348162e-02 -7.923200761230853040e-02 -3.220352367733454041e-02 4.720181348370867946e-02 -1.839480623361477163e-01 4.661032749239843453e-02 -8.051118792866113205e-02
-1.175807546314450169e-01 -5.047616521026941638e-03 1.915881970364033127e-01 -4.161143214963251152e-02 7.524941664853865286e-02 -3.515020250608227176e-02 2.120689773445144644e-01 6.420177132968679645e-02 -4.597026705225359944e-02 3.277512033957274929e-04 -7.903852670057379126e-02 -5.711739199153578750e-02
8.012235326017703996e-02 6.792383573312615885e-02 -5.608589771476963498e-02 -7.259352137777862202e-02 4.102275834488372519e-02 -1.793834907115682553e-01 5.112668459618017330e-02 4.900954830960173314e-02 9.043268439989111951e-02 -1.320076223575845226e-02 3.230981782082063131e-02 -7.177973698968460881e-02
1.290614682227944274e-02 -8.490420756527874979e-02 -9.908490439309974862e-02 1.017214019241001188e-01 1.114021229956038694e-02 2.435583391035391412e-02 1.602423743854504423e-02 -5.650996967511254937e-02 -6.007783331827767914e-02 -3.169288882144773861e-02 9.224978174636491723e-02 5.726378987957562311e-02
1.900690106404591406e-02 -2.027593795943507388e-02 1.813479410471743880e-01 3.078185055143797116e-02 1.135621812021670590e-01 1.147823626099296612e-01 8.248924517537885304e-02 -4.665877883056269299e-02 -7.901889953670791777e-02 -7.106118508454926930e-02 -1.075203433206654569e-01 9.172200649108214199e-02
-8.409978265125957198e-02 1.284209371644287334e-01 1.079763369199311096e-01 1.300791686258490239e-02 -4.672229550816826837e-02 2.501437284457744964e-02 -1.037681462521631084e-02 1.270872101723377889e-01 7.167685028113950085e-02 1.810492851379610219e-02 -2.954756554484690156e-02 -8.962374400483615056e-02
-4.684868800048534038e-02 4.650733424018360651e-02 -5.687848699292689936e-02 -1.086916113270836037e-01 -4.817229815004658855e-02 -3.357766925823320314e-02 -2.166517249483926877e-01 -8.882619673892136469e-02 -4.636047845106822107e-02 1.131299965184223884e-02 1.686847773876713474e-01 -3.897315848102593516e-02
4.655219476711647264e-02 9.581851359494900078e-02 9.262534416990597652e-02 1.012936550150792814e-01 -9.318870095775690088e-02 -2.756032710069740779e-02 -1.541568906139629824e-01 1.007489404937724486e-01 -1.185278806963908221e-02 5.648832764866372827e-03 -5.646968645547378179e-03 -3.896077690996715970e-02
-1.045712890411507889e-01 7.446485450671185002e-02 -7.961762432898408792e-03 5.718464496970489253e-02 -1.087522410667736139e-01 -1.210387301613719269e-01 6.793775720955619324e-02 1.151939624671238227e-01 -9.775693423623116329e-02 9.962442758715020497e-02 -7.146816142352405143e-02 -7.943501295277570484e-02
-1.436071766793561508e-02 -1.319984661476837906e-01 1.436955854821047110e-02 1.450109030714449854e-01 3.623114824481749041e-02 6.523763931949137784e-02 4.189744378935157665e-02 -2.154150668817276376e-02 6.943546984814885636e-02 -3.365675284305237602e-02 -6.854868883905027022e-02 8.204894155112965604e-02
-6.886142003855559579e-02 -9.311948586837232034e-03 -4.196766792834633053e-02 -6.256163560410782365e-02 -1.400913806848373411e-01 1.488869428140848217e-01 5.864869974667861335e-02 -5.639980134729756164e-03 5.630630800700955896e-02 1.059773308124251218e-01 -4.361089894455227878e-02 -1.445579760832162337e-02
2.172628259605404177e-01 9.951338837085130229e-02 9.296529761863930874e-03 9.179912647179308549e-02 1.724101124348038638e-01 -2.386404101554048807e-02 1.067805791530869741e-01 1.536350752311740897e-01 -2.200399870299880878e-01 3.336223883633331055e-02 -7.966424725963033859e-02 -8.930741609937545289e-02
3.044758919238552825e-02 1.290811299551133592e-02 -2.357948977818716610e-02 -1.339840018206823469e-01 9.593100593229101497e-03 5.499504928525013325e-02 5.330295233946583111e-02 8.181666834981093581e-03 3.978056146071945118e-03 3.118327896167347960e-03 8.371922505433448958e-03 1.095533297121137617e-01
-5.314670147733336486e-02 4.867928776860259293e-02 3.797892926666142366e-02 6.275629265056789641e-02 1.662364415343593055e-02 -9.107833497837768480e-03 3.255309766835685903e-02 -1.745084949725085877e-01 7.082809312228026399e-02 2.111387455253856960e-01 -6.088983378242686373e-03 -5.216774160493974077e-02
3.365555657354706715e-02 -4.810226788238376738e-02 2.045322501547075164e-02 3.887866226654903418e-02 -9.425480109486612801e-02 -1.470245255709899390e-01 4.407220480723501865e-02 6.162718664656814671e-02 2.275412623039301235e-03 1.044285191432753335e-01 8.873540319033398904e-02 -3.220626714989908990e-02
-2.533854363374999502e-02 1.479173444937985915e-01 2.819434910106609349e-02 6.452357671710201581e-02 1.136483074963725720e-01 4.107300648260985704e-02 -6.212844122241263645e-02 -3.086373471759486925e-02 9.401856436541808359e-02 5.552594563047472814e-02 -1.316216096329965723e-01 -1.718515269467045803e-01
-4.584134236342103652e-02 3.206488038013555197e-02 -2.170627119765347612e-02 -6.919254642730608695e-02 1.287644762290089326e-02 1.212424416529709476e-01 -7.936080553273497373e-02 6.553215694598504837e-02 4.244976736403400369e-02 3.425805918414622647e-02 -3.248325741046306087e-02 -3.935481422218590174e-03
6.042266412640487361e-02 -6.945824704165817765e-02 8.711016087234796368e-02 -1.537081510122767225e-01 1.824952754665847693e-02 3.798200693710315073e-02 -8.722557034575159629e-02 -6.741342839762583250e-02 -2.321642781974841141e-01 -1.618868225309895159e-01 -3.340935382881404098e-02 -3.337123276316284609e-02
-1.282433898035005293e-01 1.329691853705083915e-01 -4.866723468640211242e-02 1.371244232965688516e-02 1.244780360415626702e-01 -5.619057980531727559e-02 -9.524966732077089215e-02 7.528444580397028463e-02 8.408135967876650962e-02 1.112436284455846358e-01 -1.554219946583590972e-01 1.036904575460913247e-01
-1.891872702574490250e-01 -1.696734682735741573e-01 6.827175232912748026e-02 1.502573147577724623e-02 -1.886919223645040777e-02 -2.735794357139735566e-02 4.046203222979449787e-02 -5.054292901520737735e-02 1.472275571659596438e-01 -7.353759090090521144e-02 3.290805687997559736e-02 1.092992708230384469e-01
-1.849271504801297886e-02 4.910271712767580454e-02 -2.052653891297662736e-01 -2.723168043841909039e-02 1.185805135743826233e-01 -6.415232238845801523e-03 -7.416965555674956412e-02 -7.804927046978818103e-03 -5.325500720492624962e-02 1.728723669143989589e-02 -4.927494290932316057e-02 -5.510029352310492207e-02
