1.937977006263096325e-01 6.119778608850733048e-02 -1.946946741039911610e-01 8.188192379759741402e-02
4.404360294213930382e-01 8.630985160867903072e-02 -1.036630698086148661e-01 -1.829027966677882477e-01
6.153674125060027977e-01 -2.095079298484050015e-02 -3.699858421053471846e-01 2.900117660749824133e-01
9.928440980680353078e-02 3.850642488522356688e-01 -1.052425755408881863e-02 9.287138759069259175e-02
-5.350633404574690610e-01 2.586520010304100281e-01 1.089885929885207189e-01 1.957118200535734875e-01
3.050868937752707621e-01 -5.888753522132476187e-02 5.185997371177914622e-02 -2.789154280413423392e-01
-3.437172497536154503e-01 -7.552848585592183972e-02 8.334778832621327072e-02 3.287102258791254616e-01
-1.653586211916220627e-02 -2.750819662444040081e-01 1.420508410371117691e-01 4.366890793296551027e-02
6.708143949956231478e-02 -2.147160683129736014e-01 -4.797559751301082309e-02 -5.323031629897770900e-01
2.418989842969428150e-01 -1.449505139919870234e-01 4.994331890588656064e-02 4.187481616451185218e-01
-2.096713614712893137e-01 6.348304626972300913e-02 -1.474583302027759613e-01 -9.197775216093236061e-02
-6.535089380900303835e-02 6.325932527335030586e-02 -3.744609724508552416e-03 1.507333316783444725e-02
3.198533000754744116e-02 2.370808658457696991e-02 -3.925249034203714960e-02 6.932821791507730314e-02
1.188776874956711804e-01 1.036319200941259455e-01 3.019054332622645442e-01 -3.940625028923499529e-01
-4.400051430228972271e-01 1.956492922587754202e-01 3.872959133089869943e-01 1.175837139570057310e-01
1.560558900167706708e-01 -2.823002692034715655e-01 -2.256332494238008635e-01 -9.945408318239015721e-02
-2.514762856970568783e-01 5.434956581012883037e-01 3.544234095469618595e-02 2.391711716435348245e-01
-2.648158408554243670e-01 -1.109954309581199644e-01 1.476404344350381037e-01 -6.112502030676510156e-02
2.962104983146212067e-01 4.115851190391799919e-01 -2.654320851094722072e-02 2.578297493303834953e-01
-5.065251271241719699e-01 1.917466012392174124e-01 -2.989734175966040630e-01 2.074411066617943000e-01
-4.966496806750302362e-01 4.789241627485235631e-01 -8.871057435223443643e-02 5.454604389857907742e-01
2.782054933281272180e-01 3.543801027917092283e-01 -2.164126977396240992e-01 9.432309564452331929e-02
2.675904776155330067e-01 -2.866983268466861690e-01 -1.703957470509774863e-01 4.349707327926137235e-01
1.639928479051068755e-01 2.237372885422902191e-01 1.671545123494608265e-01 -2.112745246352592740e-02
2.145578297970547055e-01 -1.911025639478078353e-01 -2.608912731584391020e-02 -3.503418970559027956e-01
5.869660017366070542e-02 -3.207588136378798360e-01 1.800737517627828410e-01 2.136663835735857497e-01
1.329182961436401952e-02 1.463284973204832806e-01 1.874204263508484972e-02 8.153251808512601562e-02
6.832763238111196069e-02 -1.443039341872736081e-01 -2.103335268404854796e-01 -3.014285329842110103e-02
1.839857132975986076e-01 2.272097766532576724e-01 -1.608012713516833170e-01 -1.382439842663924119e-02
4.372754533648280373e-01 7.780970414894136655e-02 -3.036895783887945399e-02 -3.405877320489326676e-01
