1.941106548693568024e-01 -2.770540427018399754e-01 -1.516252385125632651e-01 -1.189265451402331530e-01 -3.363241953060985140e-02 -1.006104477229643468e-01 -1.472207615447970741e-02 1.090267311314245813e-01 -4.150626700128148133e-02 1.216031391834826100e-02 1.760640392556309664e-01 -3.124658287847764497e-03
-1.884101795632825080e-02 1.378587178190733287e-01 1.081835832440002920e-01 8.843448841323865023e-03 -4.967062016342280173e-02 1.634454582738236739e-01 1.638415851510587329e-01 -6.317723377742692076e-03 8.582067327701516091e-02 -4.232798282707228577e-02 1.536418952145854333e-02 -4.768169860938910321e-02
-3.241646877831314694e-02 -2.934087857295237037e-02 -8.335295490720273648e-02 -2.913190522046137793e-02 -1.410763469902682199e-01 3.342716407685334540e-02 -4.450536049893055734e-02 -1.881108157151650112e-02 -6.372980717056549171e-02 1.159698063317289862e-01 1.330959817034138050e-02 -1.451765198414480332e-02
-8.899793182428585026e-02 -2.018053619355257566e-02 3.060724721397893588e-02 -6.415489142000230238e-02 -7.474746698866407968e-02 1.890875927808505219e-01 -4.650927553092455702e-02 -7.836469563769170657e-03 1.599592214030419457e-02 -5.416780171590805659e-02 3.224559317123687485e-02 7.948716712447692623e-02
2.438050316415171781e-02 3.944996532590314131e-02 -1.708537055174078056e-01 3.821638999665468057e-03 -5.503432091123251074e-02 -1.322042156493382498e-02 1.415723356640025826e-02 -9.371788095514380079e-02 -3.982862291725388498e-02 -9.731940856870402445e-02 1.085966386926718874e-01 1.189026023376021646e-01
-4.492880030463506508e-02 -3.834432702022935735e-02 2.801508584604584309e-02 6.471766353951832751e-02 9.336397899069401318e-02 4.866980031770429260e-02 1.830831042371812156e-01 -4.603799494118144403e-02 -6.912384991841013550e-03 -4.429121376172746004e-03 -6.249454867515770451e-02 3.715237547937884355e-02
-5.436707459141887355e-02 4.832077075762378215e-02 -3.281929793908240633e-02 -9.285223509268088204e-03 -2.840429279727420264e-02 8.363508922376888810e-03 7.487718262226855659e-02 1.273299769888266292e-02 -7.408748027635188305e-02 -4.888463631704040302e-02 9.109284471387286974e-02 -1.672743624245686123e-01
2.212644153258586655e-01 3.292493945870156313e-02 -6.469860519751988170e-02 -1.901553560587489894e-02 1.297463640723249267e-01 4.205496052120773209e-02 -3.923018566342503788e-02 -2.601005356015075390e-02 4.225117466462158244e-02 2.937471294725922666e-02 6.052138379910379506e-02 6.627131203978489649e-02
-1.655012183430620842e-02 8.185780881131091147e-02 1.228862899996866764e-01 3.221499257668672400e-02 -1.832124378749495214e-02 -7.545421936392865403e-02 -5.432210608449906247e-02 -2.764450880313888692e-02 3.645791546986608400e-02 6.182937151463311493e-02 2.625438104331749567e-02 1.240189453175143952e-01
9.489246532956864197e-03 7.001103848147505193e-02 5.577885710006130759e-02 7.586582753252182898e-02 -8.134743307904393483e-02 -6.508020747327813993e-02 1.605901834400708938e-01 -1.077249813741942841e-02 -2.545233867647151565e-02 -7.064984405303371962e-02 -1.283342130870569753e-01 -2.246260576944929602e-02
-1.045992175792759965e-01 -3.476588650878459710e-03 8.385515231055731822e-02 1.076598984586189106e-02 -1.356782004683617093e-01 -2.872641803664180774e-02 5.297505234835562377e-02 1.643526294708387570e-01 -6.915290698919906998e-02 1.007403048295758691e-01 1.041895407446215838e-01 6.752154235607532584e-02
-3.541476346287046606e-02 5.741050257734354317e-02 4.636122353986786571e-02 9.952908831232178469e-03 -6.137853361311530753e-02 8.811735643498239123e-02 2.964546985128094919e-02 2.190060373726367485e-02 2.645796527433583525e-02 2.102476964664572526e-02 6.727269982174668983e-02 2.183024738220748495e-01
3.343064930706750315e-02 -4.542398961923821421e-03 2.348881643410870648e-02 -3.020933615058630367e-02 -2.109215715470141167e-02 2.096451238366610625e-01 1.891884282922497162e-02 -9.233860069187749264e-02 -9.310877865943513465e-02 1.307483628301986042e-02 1.293613939188799633e-01 -9.777121643607930568e-02
-7.314599821430061745e-03 -2.599579900475009094e-03 1.580414000056092338e-01 1.026565728447567244e-01 -1.012615596924400785e-01 -1.019500390345083329e-01 8.628801216751308401e-02 -7.787727947377028059e-02 9.908900063697025085e-02 -1.260650925085176829e-02 -1.721733446056027822e-02 -7.709286293987449579e-02
-1.514062017775714454e-02 -3.701431050338823553e-02 -1.122192723952689791e-01 -8.983667188137724191e-02 4.598462549276081945e-02 -3.722759279757759110e-02 3.901441873345909417e-02 -4.815287604137811345e-02 -8.487601998381244517e-02 1.960055579057718225e-02 -7.495870903297909005e-02 6.121798388026450377e-02
-1.140942163706669260e-01 3.028588256609103871e-02 -6.838343880192022939e-02 -5.243189352987318030e-02 -6.714776346260073470e-02 5.843215257164247056e-02 6.969465256813485443e-02 -4.796145671775761676e-02 -5.887989381173070261e-03 -1.714069165867127542e-01 5.834438432121737128e-02 -2.844931531368068839e-02
-1.091232019420096573e-02 -2.160006023654921850e-02 -3.728388431210080678e-02 8.261846539202460926e-02 3.099066382499942457e-02 1.438781749433472590e-01 -1.745290943675075618e-02 1.300518406313770914e-01 -1.361920344165560570e-01 -4.967132868705768922e-02 -1.324926062936723770e-02 6.946333699473038192e-02
-1.193665756006746514e-01 9.046137378315147193e-02 -3.869700865084606950e-02 -4.357958295379563834e-02 1.019213179496388233e-01 7.651103303485890308e-04 9.425815509753981969e-02 9.632783195572081070e-02 -1.017645195897547428e-01 7.950350442392194183e-03 9.652095553243419251e-03 -6.233840106749524712e-02
-9.433800161438050946e-02 -1.663685475453137719e-01 -8.069214046166708898e-02 -1.085907853567951442e-01 4.380331043598893748e-02 2.715769941645434019e-02 6.164098372190338765e-02 3.758205768777057865e-02 8.913819827238575466e-02 -5.521440715584723102e-02 -1.287614361504342553e-01 -6.497365596451473713e-02
-5.851635822940383803e-04 -4.095499762769914953e-02 1.820109184223159607e-02 -1.300081051797629672e-01 -5.774083515614945872e-02 6.003461851503406888e-02 -6.667191708953862372e-02 9.230047821521791818e-02 2.358781663226188277e-02 -9.408239646661888111e-02 4.210860008276665067e-02 -2.533002102442200726e-02
6.999459876322293439e-02 4.852003185879012054e-02 -4.741172823949136444e-02 -2.571452453434230814e-03 1.816251059993318970e-03 -7.636543973670453268e-03 8.432715982066395569e-03 -4.141813678623884609e-02 7.281040525783560868e-02 1.389017011606753504e-01 2.930785465176133364e-02 -6.391508536759049619e-02
3.602499277572988141e-04 5.276639135063566216e-02 1.026688232667713196e-01 -7.282335674523374158e-02 6.244621120504690454e-02 -9.482319694021226764e-02 5.322850711795758250e-02 -1.781615875698198482e-03 2.064788176124482677e-01 1.142769951896795318e-02 -6.722906723911764582e-02 4.238319706679676002e-02
-7.309164812651731957e-02 -1.326382998966096627e-01 1.921697612061345345e-02 6.380000152762838050e-02 -5.130473805184397607e-02 -1.231267898492638124e-01 -8.784421885770256344e-02 -1.938678414112980641e-02 -1.184680011921191919e-02 -3.782451045214434843e-02 1.887556569174208068e-02 -6.015761144302828045e-02
2.145134707447556022e-02 -6.928448619448680963e-03 -1.203111588389995101e-01 3.462410113488713359e-02 1.659263380541148997e-02 -6.071010296194975786e-02 -9.195267326941281363e-03 -1.454162553403249084e-02 9.190128091130096710e-02 3.308820718214151163e-02 -1.198156174725204665e-01 1.003772090341796541e-01
-4.651080094253334796e-02 -2.766581237311658420e-02 4.038168981627174303e-02 1.345019590146801503e-01 9.651605138663568728e-02 1.308197798165741145e-02 -4.088023679765136198e-02 2.726339454891844871e-02 -1.285843358908326794e-01 3.420319102311039638e-02 8.437539864607421225e-02 -7.130203533714317421e-02
-7.477055143134027360e-02 3.773025753609590693e-02 4.643802509738715473e-02 -9.121551770229870126e-02 5.038788567078275604e-02 -4.310499204008276519e-02 -1.599119174793909443e-02 1.695142945544165017e-02 -9.729569042238202931e-03 -7.752087816253670771e-02 -6.654582533045029502e-02 3.650537473471443528e-02
5.501368967939222233e-03 8.547370336855665551e-02 2.195769052436338103e-02 3.069617801334876411e-02 5.469271572506152063e-02 -4.702495876365400673e-02 2.847365244195926640e-02 -2.275735951933243253e-02 -5.697112246074080219e-03 1.701375262631406315e-01 -6.858799275376342708e-02 2.799208250775750764e-02
-2.498091910124012119e-02 -1.480700871021212346e-03 -8.585366860792338975e-03 4.901387349253090962e-03 -2.067219761844342474e-02 -9.519789041390190609e-03 -2.928592115686607170e-02 6.073906718407824645e-02 -1.008880105359735296e-01 1.143766776066256208e-01 -1.288020828102397486e-01 5.789686411648329450e-02
3.575898443140077682e-02 -7.676391541297207521e-02 -2.184917423463464126e-01 9.910498081586519015e-02 1.259359531951863564e-01 -1.335600988290086425e-03 8.491914196469803333e-02 2.398960448948228921e-02 4.140534286264267033e-02 -1.642906106615811546e-02 6.136937869796924017e-02 -6.897094571868128687e-02
5.569092443865984732e-02 -2.681521819552350194e-02 2.238835864173235185e-02 1.827887478543512856e-01 1.791277281186919867e-01 1.247525890314501312e-02 -3.105002804308200706e-02 -1.189836110236393019e-01 -3.365650055571150351e-02 8.803368438070996449e-02 7.082094348043091458e-02 5.109926561996085137e-02
-1.720522474716388445e-02 -8.145259538311416803e-02 -1.368663584903570818e-01 1.111061997873503820e-01 -4.803844961298352201e-02 -1.486846114633857130e-01 1.298296081078875036e-02 2.832030188399142084e-02 -1.073503900524933607e-01 -8.578285809794808370e-02 -1.426544592565652803e-01 -1.998088943197436768e-02
