-1.933854853232944038e+00 -3.543892257056326489e+00 -2.132426817948033460e+00 -3.210356943434122812e+00
-4.304788420238991886e-01 -1.872616511860246247e+00 8.448402419705523803e-02 -1.206620121533183154e-01
1.076296739081873177e+00 1.012702219183338581e+00 -8.122258641760347064e-01 8.830033516857515030e-01
3.031659107440463075e+00 3.625727886930458777e+00 2.543238848163798416e+00 1.873058526942720459e+00
2.468808698675374114e+00 8.346423555003168460e-01 1.434825444899133995e+00 -5.331103636115906708e-02
-3.105388010507611263e+00 -2.100098083766496426e+00 -1.847470758421766224e+00 3.846275439416473735e-02
5.273508133955394639e-01 -1.033554037437047546e+00 -5.842847328331215451e-01 2.719786046517901568e+00
1.586412005456876884e+00 2.165396824568389000e+00 2.838888631163579479e+00 2.403762746220420521e+00
8.509596330118797125e-01 -3.240606297378622602e-01 -4.730571072264049826e-01 -9.210097429160167826e-01
-2.299124634542636159e+00 -4.971936111896278487e-01 -2.564603861221293468e-01 3.119666176877468611e-01
-9.884602365098679178e-01 -3.938579605225358105e+00 -3.869302029414836586e+00 -3.424493965515409410e+00
-2.637138618838255510e+00 -2.022888931304523685e-01 3.572139234350246717e-01 -7.255378398951558561e-01
1.528281423401366190e+00 -4.749452675900676102e-01 -4.545923292372932023e-01 3.168422773600328313e+00
-1.663480885648630503e+00 5.527585219459354438e-01 1.000876703654148825e+00 -2.463702781500580752e+00
-1.005156830037824411e+00 -2.543579856274348572e+00 -1.993746580994643303e+00 -2.517345588478973273e+00
-1.348784806379300427e+00 1.108854613466542682e+00 -1.839606356101817775e-01 6.149283661193400974e-01
-9.987793679837138061e-01 -6.427119028461121264e-01 -2.126177221304150322e+00 -7.041675140502604568e-01
1.696618954804201662e+00 1.449642291921872328e+00 1.766545090117135119e+00 3.505056926852167631e+00
-7.584558833719867721e-01 -1.407101351238636777e+00 -1.430131169212589981e+00 -2.441629875202911748e+00
-1.459306340224971299e+00 2.756053831331687354e-01 -5.295717718547913178e-01 -1.070248423246291436e+00
-1.627411312434930313e+00 -2.549831119935526136e+00 -2.642807779085096342e+00 -1.191811494413705264e+00
1.992430045262379157e-01 3.234388371175587640e+00 1.412007753766342466e+00 -7.608057004528315237e-02
2.322690790978220843e+00 2.253960400459583902e+00 1.778381020575640958e+00 1.637597174303441872e+00
1.548301318130618442e+00 2.199935410161574456e+00 2.791999445716183192e+00 1.196817541018057263e+00
2.787192724380330944e+00 1.749360499510397293e+00 3.007753751369437456e-01 2.870893726443455307e+00
-2.011603789177754287e+00 -3.552441879431335714e+00 -1.432911963685236545e+00 2.333830011037726582e+00
1.089953228966095145e+00 -1.471888403998106387e+00 5.895024711978880116e-01 7.504449944851976362e-01
-1.625573075897444264e+00 2.608245085128359619e+00 1.159110845759868447e+00 1.430693120094380433e+00
1.129463019839018090e+00 2.691884073783080922e+00 3.513808376692560298e+00 8.874047681174651592e-01
2.366417696052376396e+00 2.589612933270893258e+00 2.110095761475270670e+00 1.467540416415362259e+00
