7.838253846616755061e-02 7.944280608992591863e-02 1.612575467651771732e-01 1.568050063596675148e-01 6.007363458395773709e-02 1.738048672521052065e-02 1.249438259269326258e-02 -7.088707227501303554e-02 -9.061454344161674890e-02 -5.629641691784059709e-02 1.267811186595336204e-01 -1.728280370838168600e-02
1.541145080564568226e-01 8.445128454936719209e-02 2.486979926142047007e-02 6.988287139170205886e-03 1.221232017136144113e-02 -6.341814730707386050e-02 -8.878151988210183920e-02 1.293415359551488564e-01 -7.302745025164569803e-02 4.608637488966711021e-02 5.778158617245399142e-02 -2.339894718474289093e-02
-4.473701117934332505e-03 7.684989875867843934e-02 -3.559477291147854650e-03 -1.489994384546827928e-02 7.513739021569540433e-02 -4.636571795113796080e-02 -1.110188136740312449e-02 2.070140200077469350e-02 9.717683756127446643e-03 7.603201957223221230e-02 -3.864224694741642124e-02 4.139704236998589110e-02
-1.259863699556940664e-01 -6.874453575402143801e-02 -8.114397786141995528e-02 3.789282341727089748e-02 -2.432413684595979286e-01 1.964974301191664899e-02 7.756624244539377100e-02 -3.130153899826181030e-02 -8.825218950580780014e-03 7.655511335526254957e-02 1.127086506366949820e-02 2.040739827724004363e-02
3.651258008881669986e-02 -2.306649530931206577e-03 -8.617007573102984652e-03 -4.508630008866706430e-03 -1.458475304281098284e-01 4.743208722909807162e-02 5.975075598725666792e-02 4.954783309639296945e-02 -3.237048049042592218e-02 -1.436399137930587100e-02 -6.549047043691218206e-02 -1.195685979158822056e-02
-6.550599090643936806e-02 -2.526568982811074407e-02 -6.936150709556467009e-02 -1.768003410294260447e-01 5.751932764574776286e-03 -7.837105756394030509e-02 7.088833745601784420e-02 9.512468029018922300e-02 -4.448559254861764178e-02 1.675587834089261041e-01 1.326234189263832998e-02 3.340676959443440036e-02
1.208735663176924435e-01 7.668616297195485210e-02 1.373551821631115340e-02 -3.882232291212432684e-02 6.694751351443793685e-02 -2.148562130200206144e-01 1.270380186924171539e-01 3.898426301080605560e-02 -1.358302626318363959e-01 8.839140650895410678e-02 2.022529668662606528e-02 -8.675326688928580721e-02
-5.028640970026794499e-02 5.137937941504293338e-02 3.254800404684464465e-02 -1.487419376040805541e-01 -1.850693210455129495e-02 2.296305196788502728e-02 2.159978789203226626e-02 -4.346601732639168714e-02 3.370858412524645881e-02 1.129016870448380228e-01 -7.248215269168299668e-02 -1.919045867783266768e-03
7.998433298116903664e-03 1.546586122787111939e-01 -1.450032312864713846e-01 -1.654652540110549963e-01 2.572105426952884244e-01 -1.349969436767923803e-01 -4.221585566462007777e-02 1.512266908092159412e-01 -1.758149198450932940e-02 6.730903698654114309e-02 -5.511642315565123962e-02 -7.993515080895940983e-02
1.767647710025087304e-02 9.028831811464482771e-02 -1.157762519576376881e-01 6.852291953021083515e-02 -3.301186796540923896e-02 8.133090689318740740e-02 7.306617365533905895e-02 -7.866360417163134611e-02 4.322528808703295089e-02 -1.137738942123308894e-01 2.598883283912815229e-02 1.947060809171369603e-02
5.309563314074378093e-02 7.304581360178957761e-02 8.300781302311306675e-02 -1.611072407681147720e-02 1.254851788258846620e-03 -5.201849220034795995e-02 7.539645882981776959e-02 -1.494604976406469811e-02 -3.199071405608354401e-02 6.729888390573618429e-02 2.036486220031144892e-02 -4.001107485854057955e-02
8.401732147089016611e-02 -3.930570434612622871e-02 -3.830287602492857268e-02 5.581729338295025877e-02 -3.747987428112760366e-02 -2.993818818024326922e-02 -5.516184635733710484e-02 3.953422573262115047e-02 1.985183538350446253e-02 8.515402281049123945e-02 -1.170101245247779365e-01 -1.082720511365281189e-03
-2.731327361521136005e-02 2.005941856908602938e-01 1.138467548010103358e-01 1.879029352908147266e-01 -6.984789021573664658e-02 5.977104861233110966e-02 -1.405236567482850973e-01 -1.812362036492229031e-02 -6.014710867363681768e-02 2.158235543445357479e-02 2.277390067497293558e-01 -6.677768727181765396e-02
-7.189551856736248192e-02 -1.028388214182521798e-01 1.130081709327389605e-01 1.066009426071004018e-01 -1.072039438206751905e-01 -3.586173929835553137e-02 -1.052025810185068244e-01 -2.785372918043030679e-02 -2.704591811799070961e-02 1.033281174588505588e-02 -1.628510856628617373e-02 1.397813183847151086e-01
2.915397628196212537e-02 2.993596124576405892e-03 5.026175188712756620e-02 2.860453802246215940e-02 1.074804209362185958e-01 7.409167451651232916e-02 2.384645289870672424e-02 5.469897179717942565e-02 1.385433097285370674e-01 -4.340887698162608499e-02 6.506258007570014934e-02 4.727360051885257791e-02
-5.606695808006398329e-02 1.280422750487905659e-01 4.031850580320012201e-02 3.252171003788534298e-02 -2.773032493450949820e-02 -1.564743819164817959e-02 -7.960003270493536121e-02 2.351817539878792440e-01 -5.361994990939478178e-03 2.898116567066835823e-03 -1.284978153289784153e-01 2.148377755644626658e-02
6.681699677951245808e-02 6.279570462203652031e-03 6.453725346417207853e-02 -6.012257399395141977e-02 -4.994333895905956472e-02 1.217445106241819494e-02 1.752571074328400647e-01 -3.832288953409206111e-02 -3.603940280545622765e-02 -9.704958267669312744e-02 4.753423987151834951e-02 8.255708119881177698e-02
8.110235474315817539e-02 1.016753802151200703e-01 3.310702349724305160e-02 3.956987790222209200e-02 2.346543965486265829e-02 5.162472286009268940e-02 3.598342216657113291e-02 -8.913583968906410582e-02 4.322645165647042917e-03 -9.779991471090529465e-02 -4.982090785049486659e-02 5.620401560538054730e-02
-9.198385279664474112e-02 4.927556365314822440e-02 -1.487486222884825023e-02 -5.968556514165442028e-02 4.907855917082774855e-02 4.649147887336137208e-02 1.329032257042971343e-01 -7.882360211853411958e-02 -1.123556986061569757e-01 3.312312739325925376e-02 8.641443664623396637e-02 9.364111990704412913e-02
-3.476814850904184732e-03 -7.446872162949207119e-02 1.096076122524489715e-01 1.293842913744404355e-01 -5.224601035479554262e-02 -1.298670144367107537e-01 -4.613376048204551050e-02 -6.747121051986633422e-02 1.755126399950869380e-03 6.113998535666815420e-02 -1.054471944460280836e-01 -1.838960422370794490e-01
8.596889381294034460e-02 -4.514240661564273421e-02 3.437595079064323378e-02 -8.825460622060261884e-02 -7.795859288561003686e-02 2.198871290425683314e-02 1.305138139456946678e-01 2.422521786650576325e-02 -1.094225456021509918e-01 -4.552954604468720246e-02 9.402007910463618112e-02 -1.668899178090912372e-01
5.208878280654816867e-02 1.770532067228312301e-01 -1.793173837338631060e-02 1.358411611166963073e-01 1.361755566820534447e-01 -1.202701457271334734e-01 4.158749551056006855e-02 -1.023296000582737675e-01 -1.190004516983046573e-01 -1.240817838206835777e-01 -6.870522019470793468e-03 1.009452785141961295e-01
-1.354258000637159620e-01 -4.229427570613511489e-02 1.933881149909837671e-01 2.312794307401898689e-02 3.109084428559165392e-02 7.402531864093900293e-02 -7.519545028957819177e-02 1.634021896055160017e-01 -1.462056321095196176e-01 5.865195854010024634e-02 9.827449522428706452e-02 2.225415520896986687e-02
-3.289515650756251464e-02 1.110544456156807754e-02 3.194588476891180306e-02 4.950475937601420129e-02 -1.040736714490842207e-01 -3.583735712928744210e-02 1.102161638922370679e-01 -9.571695316594575065e-03 1.477320558299960625e-02 4.877660906809171137e-02 5.037767347094987413e-02 4.498625330558675070e-03
-4.023592970702223777e-03 -2.675351374232859750e-02 -1.879477357314491281e-01 6.338093809937941914e-02 1.002403770240782449e-01 -2.751268628899045457e-02 -5.571114246564033701e-02 9.714557843028670536e-02 4.724391506356172277e-02 -5.124215076680616043e-02 6.070162968106222745e-02 -1.801170476382824015e-01
5.000600932832383050e-02 -7.532004856883260657e-02 1.300016051987477606e-01 5.007142094366749674e-02 -2.538839411163986565e-02 -2.106657547197289884e-02 2.258084483678096319e-03 1.339076252344338913e-01 -1.930231929347380609e-02 3.433618718315993579e-02 -8.934437198299351179e-02 -1.304688128970228969e-02
1.834433876723868817e-01 -1.987862334748435184e-02 -5.469166366242264599e-02 3.962583945490185527e-02 9.291086450342196656e-02 -2.220488398130104901e-03 7.475981666810349591e-02 1.229750269947291336e-01 3.940485166347586221e-02 -6.876171017686927289e-02 -1.435681527957192172e-01 3.285339410890221468e-02
3.079474987223108223e-02 8.930762378412185343e-02 -5.871314630692585357e-02 -1.249345810070211643e-01 1.382110367343467039e-01 -1.654342100924734854e-02 -1.687831109919430972e-01 -7.657743421046894761e-02 5.888858894932538779e-02 -1.237170619607396160e-01 -2.263841874430329304e-02 -1.252648507406749490e-01
-5.529144794830927190e-02 1.408643752141559569e-01 3.465596419076540872e-03 4.941570920995504157e-02 7.707258228507081477e-02 -2.645883059880301327e-02 1.736219510957309753e-02 -4.627799349537789486e-02 1.247784682680007536e-02 5.292653478677698808e-02 2.562727346386789451e-01 3.813491249986407372e-02
-9.810589660997359046e-03 1.297693063301881902e-03 1.471956266197627441e-02 7.422221067555112226e-03 -1.471631231688722563e-01 2.275501574257392592e-02 4.440766876838149468e-02 -2.788940689906867915e-02 1.044864884911778091e-01 -3.725565184560195031e-02 1.000519029943659488e-01 -1.318570789780624808e-01
-3.699140113109927047e-02 -5.949898754299785819e-02 -4.607339825813738798e-02 8.184800885371593115e-02 -3.302194108938966838e-02 7.697131456118230797e-02 6.370075202773156642e-02 -1.051561653674538271e-01 -1.245555853011683263e-02 3.979059779537694186e-02 -1.695660644960683694e-02 1.684462514135403322e-01
