8.852864920017701200e-01 1.028301724078992119e-01 7.318852518575214017e-02 -7.407960254462464533e-01 5.672680291963307919e-01 4.016419946712900257e-01 -2.666111641342061578e-01 -1.471590492018161334e-01 -1.927214349582214992e-01 -9.144424823561213278e-02 -7.006444545446656180e-01 1.888107466024748993e+00
-8.328585644792629861e-01 -7.602701158197860964e-01 5.246597129932909498e-01 -1.651334880048089149e+00 4.715518901497072757e-01 4.967886114201681275e-02 4.333022640171639295e-01 2.824864748408659310e+00 9.903080846206507859e-01 -7.564297103743441442e-01 1.675309606011457619e+00 8.627495458324914435e-02
-1.529758297339563200e-01 2.066499819524641457e-01 2.525534379886895664e-01 -1.448685672317153728e-01 6.683211519152226776e-01 1.378768980801519106e-01 -3.696240951312007028e-01 -3.733929638442147203e-01 -1.989549124685453807e-01 2.458163107522325086e-01 -2.078809032638514243e+00 3.770524456295973881e-01
-1.101821723246288354e+00 -2.204702910326783449e-01 -3.533387108692461753e-01 2.233464673954569657e-01 3.137028915556643871e-01 7.238118132716681030e-01 1.432252623060965568e+00 6.230042694307997841e-01 -3.548859702874616606e-01 -2.290474157674955435e-01 -3.947923678197666764e-01 -7.524214146541187143e-01
6.044757140128068640e-01 -5.179692566664909764e-02 -1.805318509640672087e-01 5.989939917500799460e-01 -9.352912223486234411e-02 -8.471072901326949234e-01 3.265058751696732209e-01 -7.318367333451707424e-01 -1.367753849071967176e+00 2.361546436820619876e-01 -1.250775466797226843e+00 3.131589321425409800e-01
9.048535205269261361e-01 -5.069528412765409442e-01 5.258953226443562334e-01 2.303588994131640366e-01 3.173575934363725981e-01 2.817962655882650380e-01 -2.388939395680739763e-01 -1.125076300869808782e-01 -2.512330444051349976e-01 -1.334580341458786013e+00 -7.958046370203192277e-01 4.763897824102907019e-02
3.659830256648131108e-01 4.111960989384853549e-01 -6.678720865734455447e-01 -1.882803818581266775e+00 3.700121503964289293e-01 7.571548594899035756e-01 1.546787585433888168e+00 -4.991221461386690650e-01 -4.307430882861363122e-03 1.320248535801629153e+00 -1.072643214893692409e+00 1.476820477438126389e+00
1.633224283639383767e+00 1.392071966048618492e+00 -9.920598204242230267e-01 8.562972912302244666e-01 -1.906692893933041644e+00 2.858655655025856390e+00 1.210675952220521996e-02 2.754732076468947022e-01 6.142348611534198533e-01 2.340071192421389612e-01 1.031676744667717527e+00 1.458813258599077178e+00
-8.639547125843585196e-01 7.297995102917247401e-01 3.276426743019784649e-01 4.748953597976255381e-01 1.119568055624279301e+00 3.700900670457438202e-01 -2.959397730010992489e-01 -5.884814766853146972e-01 -1.393179998190671454e-01 -2.076763458361022829e-01 5.013517929945977558e-01 1.113649876797405458e+00
7.456593480951837494e-01 8.537311539101685720e-02 -2.882791663098449031e-01 -2.277272904594867253e-01 -9.344119422978894862e-01 -3.408013243566922895e-02 4.507830117463544339e-01 1.386481720757309022e+00 -5.258183459269741983e-02 7.013934011022164849e-01 3.868670437359639780e-01 4.704644209113074127e-01
-3.475943754117764017e-01 -1.177645877590638851e-01 -4.299796746750044196e-01 -3.896949731512243664e-01 -1.816337901610429961e+00 -2.610680116811783247e-01 -6.371503953811117043e-04 3.710354406065952682e-01 1.372296898783661234e+00 -6.149807707165388937e-01 -4.366445087870008956e-01 1.114941921016400883e+00
-6.341223863868698796e-02 -3.266711127585750912e-02 8.265475261749058999e-01 -1.194829178452802454e+00 4.296519495369133801e-01 -4.193139797452237749e-01 -3.599627056200275788e-01 1.311607387862492757e+00 4.709723864921050995e-01 4.382802777567333316e-03 3.586775320332900585e-01 -3.941256527255770914e-01
6.199090459809468712e-01 1.002051983753760034e+00 -6.289937060853587614e-01 3.275323736677386854e-01 -1.404957485633565317e-01 -1.004428561479061122e+00 1.119082383140320491e+00 7.983272747872580677e-01 -9.742943012603070066e-03 2.306898834504227391e-01 -1.969795027771048312e+00 4.109788707467461055e-01
5.629575132906213808e-01 4.393813040971435435e-01 5.355381045480495789e-02 -5.659046531434039906e-01 8.039453416289764620e-01 2.768078097335363030e-01 3.592050253105298629e-02 -6.794820777422777569e-01 1.209449329444248072e-01 5.852004759173397991e-02 -7.530572811133836586e-01 4.602906025887705255e-01
4.191436886889828295e-01 9.595615618498046784e-01 6.862879721595946392e-02 -1.996502014798605396e-01 -1.627603550906002505e+00 -8.324926162611137603e-02 6.211923359119330135e-01 1.377011435109024573e+00 1.159604559009421942e+00 -2.042853243758741832e-01 1.354333635406431924e+00 -4.232691944984869892e-01
-1.726021010250015086e+00 1.290084365426138746e-01 1.402724177013839890e+00 -9.760618238110200240e-01 1.478585812931580534e+00 1.669988999852015654e-01 2.406081459654026977e-01 -1.315160890397303106e+00 -9.444554153891709936e-01 2.925287595874179747e-01 -1.203032433259159761e+00 1.282957873661964565e-01
-1.619608135864778753e-01 1.444132113206207935e-01 1.051644855316738736e-01 -4.185586390320047423e-01 4.080936143306903574e-01 1.083481260561858922e-01 3.328043250927681385e-02 5.555442068560979552e-01 3.499946405824401197e-01 2.692355173183189621e-01 1.866790037160545590e-01 -8.137331204538994500e-02
2.368490400066385615e-01 1.721057618058261796e-01 -9.128793124826958261e-01 1.165098710816570904e+00 -7.890621179180413725e-01 -4.632719830401681449e-01 3.496451659470422024e-01 -5.575503419899688895e-01 1.415338977360240946e-01 -8.344821821654524463e-02 8.510489424809101200e-01 9.889720685159786306e-01
1.885443711001964395e+00 8.415154556017124809e-01 1.405325655921288552e+00 -1.528808053345271256e+00 -4.562917012104871460e-03 -4.087200089182667639e-01 2.832096355513454289e-01 -7.013600660948003940e-01 7.022251863866287858e-01 2.495825433256249892e-01 -1.278762662976081321e+00 9.318469453350947118e-01
1.209127200927480272e+00 -2.308862469752100965e-01 1.242564029962399119e-01 2.819897803650508461e-01 1.798533762795591906e-01 -6.219994283776198590e-02 2.535262692881472546e-01 2.569424857788858430e-01 -1.764376755205699032e+00 4.489677840982515128e-02 -1.948910933648378752e+00 3.460636319440288933e-01
3.750624033155127712e-01 -8.196639859332660594e-01 -8.881109139531320196e-01 1.826093588873951845e-01 1.445555314388641821e-01 -1.001804711259019820e+00 8.603319489401258791e-01 4.554638129207713160e-01 -2.142173264198605320e+00 -3.803583008137889077e-01 -1.193930648223061608e-01 -1.644103425377340777e+00
-6.852321958273878411e-02 6.742673702003874059e-01 -9.101653300957363024e-01 1.165641182628439187e+00 -1.056215362966847149e+00 -3.592638666085199439e-01 1.035487550854787386e+00 -5.020212239158499123e-01 -4.758829266609474612e-02 4.114918979759458750e-01 -1.559352902139717667e+00 -3.620719633507293311e-01
7.210414770266063700e-01 -9.980242192656839373e-02 -2.936622826022377009e-01 1.047548975880384203e+00 8.278325151509384749e-01 -4.628929498665495523e-01 6.545981639404605534e-01 7.713163513354678313e-01 -7.743653975676317858e-01 -3.215135774506092114e-01 1.112141393630534519e-01 -2.964720654442346004e-01
5.841893681629004575e-01 -5.537521790211854533e-01 -1.673580803960554308e-01 2.207877740041460923e-01 5.014597245736057696e-02 -6.559530378189832867e-01 -3.632672663134831059e-01 -4.273609113673912940e-01 -2.267649126406793003e-01 -1.351707242820235078e-01 -9.012120439292852225e-01 -1.652904640661567948e+00
-1.204120518859251421e+00 9.880880088996213395e-02 6.448497894759308569e-01 -8.685070480294960760e-01 -5.557739148359430725e-02 -1.066465040925958840e+00 -2.899862317442648829e-02 -4.631452867452110489e-01 2.625583502909036374e-03 9.768015869816093488e-01 9.984632045881705609e-02 -4.289623395267062600e-01
-1.689115160609476751e-01 1.129129725485565894e+00 -1.018370167496359668e+00 -2.127160678201583721e+00 1.361963767744802170e-02 -5.781140956027435163e-01 -7.638017767641588351e-01 1.126033404378727898e+00 4.121667820309842245e-01 -3.330054096010617304e-01 3.521100639696932433e-01 1.404933894449797716e-01
-1.837263748390669804e-01 1.194154807400205742e+00 -1.883881777637427923e+00 2.712552160426405234e-01 1.156825256845524924e-01 -3.906753127928406788e-01 1.343198595736140755e+00 -4.715125685404855660e-02 -2.801908681181035088e-01 -1.148638097347004644e-01 -3.665721431897182025e-01 9.185718621078404755e-01
-1.348200260218115065e-01 1.904059870844813984e+00 -6.544583447996131786e-01 7.666244928133012504e-01 4.381271733778626110e-01 1.003652749760169105e-01 -2.253945161501820504e-01 4.013941333329296146e-02 -1.103304131120842912e+00 1.701414894235101283e+00 -5.463644706115885485e-01 1.600236797632465180e+00
-1.830875044177709299e+00 -1.735359422188071932e-01 2.639184838482231399e-01 3.615519077643025159e-01 8.129724063157250935e-01 -2.740934008376875175e-01 9.801163626163145182e-01 -9.785094054990531864e-01 2.678788843702123446e-01 -1.463746788669224308e-01 6.191579574835035515e-01 -1.161048267479367624e+00
-9.573350880974179633e-01 2.308728682279616307e-01 -3.902583304075061266e-01 9.240108424878573645e-01 1.545296696966086680e-01 9.480385811165915610e-01 2.595324271012525719e-01 -2.041221147972634500e-02 1.086326710713775290e+00 2.200347280483458054e-02 6.201902483355733464e-01 1.014579359910049217e+00
-1.147085753898019617e-01 -3.027992311449334562e-01 -1.852714567128496970e-01 3.499287622243903439e-01 -8.706260782440665702e-01 -1.776452945344860531e-03 -8.088832247020091848e-02 -6.958947113726263733e-01 6.337876068355698944e-01 5.338345453736887958e-01 -7.076307642132757536e-01 2.039111452298236482e-01
