-2.329969400154941361e+00 -1.400396721333746486e+00 -3.145891917921408876e+00 -3.462630590514601536e+00
1.326166402031844216e+00 2.213045705669030472e+00 1.105616530718376289e+00 2.581124288784880427e+00
-2.731233221723046167e+00 -2.836665394184231914e+00 -2.571120659102876793e+00 -1.119919730344645981e+00
2.514538219744157033e+00 2.382856793629754666e+00 2.708446141981200039e+00 1.785406185835806792e+00
-2.977833786383448533e+00 -2.136887547778670626e+00 -2.823016221476014831e+00 -3.989088750048915166e+00
3.324706345846901723e+00 2.926769086278437015e+00 2.594417148152718511e+00 2.490386416152290838e+00
-2.916862191121500469e+00 -3.417843764131814677e+00 -2.960673374297837501e+00 -1.995848232373998554e+00
-2.540882016332371762e+00 -2.566438250076835903e+00 -2.006655709028076551e+00 -1.401870144767015658e+00
1.519244043328213500e+00 5.691385851804382501e-01 2.833426183787530306e+00 1.993898930226779331e+00
2.280690507525003685e+00 2.368885995294259139e+00 2.663361109715720598e+00 3.279553162877845818e+00
2.730119644162000370e+00 2.609249394126729626e+00 2.241478914936943845e+00 1.038462957931050257e+00
3.109324642714786258e+00 2.894243681028761284e+00 2.624671990876487282e+00 2.007910510200104692e+00
1.459313004249837453e+00 1.369184370420921448e+00 1.778794273202894516e+00 2.415923103885034617e+00
-1.104947098245677495e+00 -3.129848179980286638e+00 -1.521070425470178344e+00 4.205924531792966659e-01
2.183745274623825061e+00 1.841112229604929373e+00 1.382323031351426978e+00 5.326000222218111313e-01
-3.106383671352426656e+00 -2.473600463141191863e+00 -9.358458858946497871e-01 -1.996712962462669605e+00
-4.249460162034130462e-01 3.511624296637491094e-01 -1.802568346050218429e+00 -1.681713535981213259e-01
-2.067227475937319703e+00 -7.090542988882376774e-01 -6.799208790460139484e-01 -2.743884917273212043e+00
1.448682109808599350e+00 2.324276713854890541e+00 1.466400908692081950e+00 8.900852201111849604e-01
2.481652641231239187e+00 2.917628677929276382e+00 3.525139449521910606e+00 2.617678270789188577e+00
1.014999082213191350e+00 2.042951489814143429e+00 6.590630530221851524e-01 6.610660414632609783e-01
-2.931482738309052039e+00 -2.835369629963243820e+00 -2.920670467664451930e+00 -2.971353018872668006e+00
-3.070055929942440809e+00 -1.791771727132172476e+00 9.863332492510744343e-02 -1.423966813634037765e+00
1.404765313686461958e+00 2.376903467277960313e+00 1.375434613406984141e+00 3.243112806646841761e+00
-1.943060702208888602e+00 -2.746281637618742000e+00 -3.100129007507728574e+00 -3.447115469362174167e+00
-2.208802036554527337e+00 -1.939843811986035949e+00 -2.980135023999203270e+00 -2.515726151823899137e+00
1.294326995393152879e+00 1.311057421756179897e+00 9.065127516660418383e-01 8.785709240141584830e-01
2.504849113052517673e+00 2.548926555705303798e+00 1.773845003495053696e+00 1.808748797814395681e+00
-1.540240832684715455e+00 -1.714551239075630118e+00 -1.834325429077699354e+00 2.455242071506690826e-01
-2.555627607685339253e+00 -1.345941750543380167e+00 -2.060083548998136393e+00 -3.193940464466736628e+00
