3.860510196537667721e-02 -1.083747848623619822e-02 -1.167390299706412282e-01 4.882627671287167320e-02 4.486559014622489711e-02 -8.105476612654576030e-02 -1.926749062126821219e-02 8.168822031225030089e-02 6.237538520358127531e-02 6.087258056891436953e-02 -9.902733328813477509e-02 6.095220388639908948e-02
-7.182729467166062975e-02 3.043825162771327669e-03 -3.580105084691545536e-02 -1.185790386752939435e-01 -7.171100451649439766e-02 -1.002948457376998635e-02 1.493030741936275108e-01 -7.184431049208943321e-02 8.458035637015820507e-02 2.384266315146079881e-02 -2.979122612534419734e-02 8.330029981617050050e-02
1.266742053004622087e-02 9.900605117830296731e-02 -2.069540842284492768e-02 -1.686446330415059258e-01 -1.338594870626264033e-01 -1.416974844396121959e-02 9.805919072760663213e-02 -4.338408313026620444e-03 -1.871786127243154491e-02 6.923747017527909220e-02 -1.460118250607962687e-01 -2.763461899541589176e-02
-3.055594626009773985e-03 -4.615376074731657174e-02 1.473255045093996296e-02 2.905995303691689263e-02 -8.010239251331532917e-02 -1.202871536932195590e-01 1.200610787925366074e-01 1.566012775040089289e-01 8.172866846250265160e-02 -9.882436905545655126e-02 1.594575542290591064e-02 6.486675053647984746e-02
1.828282094561808346e-01 6.295118751378009359e-02 5.140624392803765097e-02 -5.752411002783779786e-02 -1.586798902170916126e-01 4.899370787480403222e-02 -6.363240097333550116e-02 -1.578799472157422362e-02 6.439341617774954618e-02 -1.134491810755800800e-01 -8.279090170740723009e-02 -2.650559111854406194e-02
-1.177533637247021522e-02 -2.738109936739547418e-02 1.153151910933624125e-01 1.119718140842097948e-01 7.031638859124653140e-02 -6.871892226388502667e-02 6.026032086617453404e-02 4.352770814975252811e-02 4.908482085610930273e-02 2.802227979902755309e-02 -7.138610685759465280e-02 1.144888597835030074e-02
-7.938876012037193730e-02 -3.535042877212882240e-02 1.600048187993914975e-02 -4.199899786100424331e-02 -4.718824100502693603e-02 8.070104158773395986e-02 1.232317695328871178e-02 -2.536975060535714283e-02 -1.285006318030597339e-01 6.425006830219046061e-02 -4.083285868943559854e-02 -1.001995514262725567e-01
-1.053456804221588883e-01 -2.517251778077449209e-02 1.251226742304699935e-01 -9.504874316642404619e-02 9.275106197309407330e-02 2.533964989474512403e-02 -9.705259075244535016e-02 -1.888243780549080375e-01 9.736561633187798548e-02 -4.422431473254412326e-02 -1.321171690151851097e-01 -2.304974943118660857e-03
-6.391946183716701313e-02 8.525740144620377881e-02 1.362492783851337597e-01 3.013200636021723389e-02 2.109432769175834804e-02 4.685584447316515355e-02 -2.179861045918339221e-02 -1.422855279619638647e-01 -1.802914974667269021e-02 -7.065055649559527466e-03 5.390585919480758020e-02 -2.506683335602697890e-02
2.085083103682420017e-02 5.155904396548804947e-02 -1.178412870794568190e-01 1.633213843565611556e-01 -8.922891340418452610e-03 -1.345793819647068609e-03 6.150196099741794126e-02 4.549333246656137031e-02 -1.621547497031919083e-01 1.587805873342481577e-01 -3.217676486438002942e-02 -9.374698363076484908e-02
1.209362854198043347e-01 4.487211503577100136e-02 -1.076092154823315994e-01 -1.022771777640141960e-01 2.505417312783837502e-01 1.826232113818776204e-01 2.539960869087387260e-02 -1.331828038421650762e-01 -6.120846835696173299e-02 1.512405000761039495e-02 -2.100692098202481400e-02 -2.887212343247807025e-03
6.005408722530947846e-02 -5.161586964131678612e-02 -2.922903568902816482e-02 2.695803540845403967e-02 -7.604976601061280705e-02 1.177577642939663521e-01 2.687516428445345038e-02 -1.386073160330123510e-01 3.630924553359789891e-02 1.358104728712827280e-01 -1.201300718181615296e-01 -7.866812877700231355e-02
-2.362243655612013618e-02 1.351396518038235073e-02 1.632166311036875941e-02 -3.554890163784223817e-02 -1.174307044476588860e-02 2.717727591995013348e-01 1.425372243127596417e-01 2.770938501322094821e-02 -1.299131968435156617e-02 2.303317061803727625e-02 7.353462483141835759e-02 1.533557664555403217e-02
5.985805830273969314e-02 -9.681543666022646155e-02 -3.661503403706961590e-02 -9.277711880016061008e-02 -6.396162126460971931e-02 9.624839081422172093e-02 7.161800049731575912e-02 1.296115658582678853e-01 -1.012163977138434978e-01 -8.846445749257977886e-02 2.716605505262550957e-02 -8.258536436497425359e-02
-6.678842968801793067e-02 2.300817069963262754e-03 6.626079423498973386e-02 -1.327008784844944944e-01 -1.891634002944143633e-01 1.498150286161034350e-01 9.444746217657906673e-02 3.119697001709019913e-03 -5.333174133544892753e-02 -3.476713446642407113e-02 -4.259608616343118354e-02 -1.949750051570328657e-01
-6.482493989413315449e-02 1.778502824482961209e-01 -6.193733360792230691e-02 -3.009368662414335649e-02 -6.017759362198912138e-02 -9.166022372358371972e-02 1.287754276436050838e-01 6.991401892052336031e-02 -5.507966036526420334e-02 -3.820925104087394275e-02 -8.694688267492160783e-02 -7.283395917874500858e-02
1.282335790221094882e-02 1.320352948656004222e-01 1.108826276895028828e-01 -1.670545265520123612e-02 4.151814395395325014e-02 9.522506834188047831e-02 -6.234098630212821929e-02 5.775526326877783445e-02 -3.189639205123331184e-02 1.175001331934585544e-02 3.214420821688705743e-04 3.872512661121199629e-02
-1.429653637558959689e-01 -9.561621643610157539e-02 2.374813671558667974e-03 3.795745751713944932e-02 -2.593785908795132739e-02 1.256547770544534474e-02 2.149883265021307679e-02 -2.933074288097212157e-02 -1.573678400848615710e-01 -7.542593776269335137e-02 -7.174829423232297054e-02 9.448481783235958276e-02
3.448556618782077504e-02 -8.785462060722104560e-02 -1.037946219462154707e-01 7.489704505086920705e-02 1.861074033774876013e-01 -3.175961394299490342e-02 -7.008250579720448625e-02 -3.359961808940434280e-02 2.949794889948898630e-02 2.377580213058822119e-03 -9.686978249953838438e-02 3.900245508709551667e-02
-9.064465486269230460e-03 -3.822107880216002451e-02 7.663701077365953247e-03 -2.485050134825612239e-02 -4.234586278203352622e-02 1.188896776849212959e-02 -2.055285082844238859e-03 1.122859740809806911e-01 -3.487585160890948471e-02 3.310519860108900037e-02 -6.411068634644963293e-02 -4.518953504060606308e-02
-1.070727004977762298e-01 -6.993390889152831247e-02 3.707054538475922090e-02 -6.494045823262491191e-02 1.707165092957597941e-02 9.548936517598462237e-02 9.790338082359853478e-02 7.478718511607156116e-02 -1.547160612923245415e-01 -8.754402390029100700e-02 -1.837104325717743569e-01 -1.837471791919361927e-02
-8.552513007577075554e-02 -8.727321825248116061e-02 -3.794836341639500066e-02 2.751622228419396687e-02 5.018128728838310709e-02 1.136747724110629826e-01 -1.621039256312904395e-02 -7.323057301000830688e-02 -1.062200299049580535e-02 -4.719174764027765645e-02 -7.532023030722810597e-02 -2.600266124335611981e-02
-6.551653517385508732e-03 2.459649451045455015e-02 -8.770615042644658299e-02 -1.382175576804734601e-02 3.604022557387753095e-02 -8.389865757323473894e-02 2.916893431498855382e-01 6.625318553247501463e-02 9.087997748238398760e-03 -3.522079231312352787e-02 -3.841715860607892302e-02 6.271366819401637260e-02
1.009402506739065786e-01 -4.191373922914816419e-02 3.630738522658680245e-02 -8.673120498646071097e-02 5.097925744825915900e-03 1.394836193408020286e-01 4.893195443652256088e-02 -3.859768992204001825e-02 -6.927192599651188498e-03 1.305939340127001969e-01 1.107055771246977108e-03 1.573940126496815028e-01
1.266875181537582273e-01 4.620564674763263935e-02 4.504353304773613120e-02 7.199263197043584590e-03 -1.866260612746621639e-02 2.940421464202516016e-02 -4.399097222230596155e-03 1.997518754187215667e-02 2.026582697986511750e-01 -3.110058832105225615e-02 7.328175008717979604e-03 8.736054707899663929e-02
8.167888688814098352e-02 -1.261998998279122153e-01 -6.887588681272283075e-02 -7.836209100781997561e-02 9.229567844896838236e-02 -6.916293921994799698e-02 4.359362284530756554e-02 -5.027153350892067663e-02 3.997139336500544343e-02 8.119889885063770463e-03 3.171989755499651092e-02 -3.257895737344373988e-02
4.934898346039035683e-02 6.017473123646047140e-02 -7.466432345647361357e-02 -5.476188670892922356e-02 -1.364374738589752556e-01 2.782222181906650327e-03 1.315177088476704968e-02 9.629509030904935540e-02 4.824273772450252823e-02 5.826026840779288674e-02 -2.720279688076585739e-02 5.338207387776267021e-02
-8.540829653902937135e-02 1.321943449193746234e-01 -1.339641277408454012e-01 -3.100874955114130138e-02 -1.056940002242239343e-02 3.436995615866832166e-02 -5.759396551938723158e-02 4.126408712664619838e-02 8.693807693754482258e-02 1.236140836579329577e-02 1.447019130651714114e-01 -9.953106693848990175e-03
2.841228915734139715e-01 -5.103104668563643309e-02 -4.944818851557225038e-03 2.616803570719701821e-01 5.567080665720875593e-02 -7.876396831927941211e-02 5.658562938232982592e-02 4.808414603320670944e-02 -6.441460837110925264e-03 -5.770019793428464439e-02 4.349227865265808263e-02 -1.755898611420840267e-03
1.462542319201636798e-01 6.812515337217289746e-02 7.485728301112634653e-02 -7.292295273620556795e-02 1.034331748648375238e-01 1.739813539782127660e-01 -2.443774385876158403e-02 4.359598564530538234e-02 7.336825000172852995e-02 1.248254045283809510e-01 -4.570017448671594845e-02 -5.888372324058312179e-02
1.557174511749110923e-01 -2.462954412843164353e-02 2.212613890417325022e-02 6.152586348781124287e-02 1.549182134613609763e-01 1.194893269485780146e-01 7.658728135005284793e-03 -3.095881733976210692e-02 -6.537267374946045817e-02 7.122797509642711522e-02 2.436000883479052387e-02 9.328414374264180908e-02
-2.615351478556288481e-02 -2.204032658018099250e-02 8.557521154718258916e-02 1.191960837169586257e-01 2.770320735440951030e-04 9.040897666248150222e-02 8.890548154648353352e-02 1.019167092906124866e-01 -6.572459137460839873e-02 -9.231107253835196813e-02 1.372455894839806276e-02 -3.771640966323980271e-02
2.063763182370941807e-01 -5.938806388509838829e-02 -9.305941021722308193e-02 9.958710459120671821e-02 -9.647963672893158926e-02 -9.076636532763733556e-02 -9.288874215894607489e-02 -1.780043485224727107e-01 8.311725864270017028e-02 5.586879836055523747e-03 1.463275880845801014e-01 4.746932882396801001e-02
1.806419635617033739e-02 -2.628381483456714712e-02 4.426500580695144627e-02 -8.945150992383731070e-02 -5.983776001632234304e-02 9.289470421191194094e-02 3.012222908840167176e-02 8.229628682727228861e-02 1.481029836590221083e-01 -1.704341734133544284e-01 2.714187161275349175e-02 3.691432043413951647e-02
1.273425272695727917e-01 6.484426335661594432e-02 -8.706339137561042857e-03 -4.984357582433907724e-02 5.932831194394178748e-02 -2.344517909683058871e-02 -2.596686264608202496e-02 -2.397403443249492005e-02 1.043379822800408196e-01 -1.358643248113932667e-01 -4.861249155351060787e-03 -9.697873908351356889e-04
6.899500545480874436e-02 1.374695454562125108e-01 8.886913214851885345e-02 -6.497310612132127516e-02 3.714755203320892381e-03 -1.584492402112445963e-01 3.668080763774361069e-02 -3.040159362625931283e-02 1.040367702126062666e-01 -1.248204495543523695e-01 4.883391046456434653e-02 3.807348351286965471e-02
-1.032982715605747573e-02 2.080374723063333209e-01 -8.161225965846456015e-03 -5.921660547158897475e-02 6.850920746210001355e-02 -2.396690075026323974e-02 1.386487999268055382e-01 -1.724775358533071901e-02 -1.586804389896891709e-01 -5.122490532453348282e-03 4.483508031587605386e-02 2.863623644337100638e-04
-4.704806080593689627e-02 -1.828831918413451052e-02 -5.152889630084386829e-02 1.078330946206355195e-01 -1.235529104640626374e-01 1.374732535797020538e-01 -1.172496152596790298e-01 -3.299856170208496919e-02 -9.175237968950944456e-02 -2.611969205349625942e-02 -1.526890371491122778e-01 1.434181863674156010e-01
-1.416265697773009397e-03 9.395319040152005918e-02 -4.218665081934203087e-02 -9.934642374458989289e-02 9.983173156390481862e-02 -6.884489057629346320e-02 -3.271193172841960900e-02 1.364260825126923857e-02 -1.578961977727206534e-01 -2.819522828082276014e-02 -8.343288795527951940e-02 -5.965421525008163250e-02
-5.001328017288992484e-02 -4.339925533334068608e-02 -4.881621981835466972e-02 -1.003683853530766418e-01 1.477609474875461390e-02 8.198470271489073646e-02 5.941156531642628053e-02 9.912452916590198948e-02 9.186411185868034734e-02 9.256082718529365372e-02 6.817899672433340658e-04 -1.091496052760126817e-01
1.893675709551094766e-01 -3.082886292000985851e-02 -6.134225577385525770e-03 3.536593680896327890e-02 6.313639489766367796e-02 -4.003443400233334948e-03 -6.292072923126021400e-02 -3.625066013129323288e-03 6.324037193905262741e-03 1.184802891922384638e-01 -5.720142500388907675e-02 4.641558901225966739e-03
-3.657511722366969115e-02 1.226599341916600749e-01 1.377781933068097653e-01 -4.646500778913403157e-02 -1.296788785589211290e-01 -7.576421643889015567e-02 8.757600279907865048e-02 -8.682950147411135078e-02 -2.157508292235510161e-01 -7.474189206261994123e-02 -7.417106388671963757e-02 -1.023695264895573970e-01
8.805721142261041523e-02 -8.018920921095601395e-02 -1.130778699167484316e-02 8.849174675854019900e-02 -4.220062577471356963e-02 -4.534993656313541756e-05 -9.448239656768511741e-02 9.927780073426616114e-03 9.674993694045114223e-02 -2.994453354555503058e-02 2.596468732799099566e-02 1.006917825757546042e-01
-5.370260791801170080e-02 1.943252082422162325e-02 8.791054499173531211e-02 -1.044491605363219583e-01 5.935902526050149466e-03 -1.242108624013619905e-01 1.484717564248313193e-01 -9.590556443729823799e-03 5.213059090410603752e-02 -9.023810212346425330e-02 9.884457179046483855e-02 6.000640781563706949e-02
1.460544545829294272e-01 2.630266285089503941e-02 8.499895629633646976e-02 1.947013166361256931e-01 -1.536355741097462646e-01 -5.290149182558093188e-02 -3.777234616382267249e-03 -1.965829592583707291e-02 1.863151430742732984e-01 -6.789778111980038222e-02 1.753923965095817994e-01 -3.649046143019667177e-02
5.310892177449220292e-02 -5.108908560613788230e-02 5.517785596953678207e-02 2.968843795984514589e-02 -1.805858034637595200e-01 8.090589224895385068e-02 4.154130201165220221e-02 7.349393734630636776e-02 -6.023985310874987315e-02 1.267862797762174809e-01 -2.123532698013465281e-02 -7.930762216594262892e-02
-4.622694316666291908e-02 -7.118503015212496177e-02 4.955752277622242630e-02 -5.569532065040729701e-02 1.399650802257478288e-01 -7.436754195569744708e-03 -7.466201025760826893e-02 5.183516896071153901e-02 -8.788686295662075099e-03 -1.970759019678297932e-02 2.491542040994085966e-02 -1.094145152435193301e-02
7.803091315886459545e-02 -1.455708388767780470e-02 7.549043034931030016e-02 -7.266686164611128873e-02 9.459948840707031043e-03 2.224993734240490045e-02 5.061682205032424359e-02 -9.053793245684931684e-03 -8.137843812274903055e-02 2.117337466099525681e-03 -6.420924527949041505e-02 -4.767716808955978214e-02
-3.870626630072277613e-02 -2.859422060574560304e-02 1.071293617428509953e-02 -6.042320379947827697e-02 1.292542602670278540e-01 -1.655425110558223223e-01 -1.170540846737906093e-01 1.301908216026043674e-01 -1.241213491347390452e-01 -2.157790882163519441e-01 -1.569664012346632526e-02 -1.051591694778315628e-01
-2.651531275098896190e-01 -6.739956355194621183e-03 -4.321223710871972823e-02 -1.178731114838498101e-01 -1.697887527709157074e-01 -1.877746801752103872e-02 4.513264565976968928e-02 1.640983440991253262e-01 -1.442200022265899273e-02 7.258950335171626689e-02 6.289936490088467169e-02 -9.971189098381764981e-02
6.542438526373697827e-02 8.797156771073383341e-02 -4.398367240325404270e-02 4.136480779766726207e-02 -5.384000430031212620e-02 -8.425528432367614118e-02 -1.175313352141232615e-01 -8.490990641191557831e-02 4.906427679091244359e-02 7.840367119888824732e-02 -1.271808710644460050e-01 3.071606323497365690e-02
3.321270964371107054e-02 1.261591396212471128e-01 8.338789150231509795e-02 6.548869316020454467e-02 -7.148189420114650638e-02 -3.892800653029386548e-02 -7.030103406247806275e-02 9.332009295836714291e-02 -5.064439005798291454e-02 6.516617146332084887e-02 -1.882931286640573687e-01 1.517722952254069169e-01
-1.171214432896435509e-01 -4.807432548587238508e-02 -1.446455731974542191e-01 4.859251870198349338e-02 -5.900517244087805785e-02 1.038034322271853133e-01 -1.869049252699076236e-01 8.387249486585020286e-02 2.001525037938343271e-02 -6.943323244780680303e-02 -1.515768070403722134e-01 4.980712229664929769e-02
3.209362189420156535e-03 3.376951777369506524e-02 2.216683747677239760e-02 5.699737594153294479e-02 -2.020937988862606810e-03 -7.332995747512909002e-02 -1.824681047683997803e-01 -1.019241791037509698e-01 9.283894672183282126e-02 -5.390818943359936000e-02 8.003127979432549111e-02 -7.585771392638580857e-02
8.543078071185958994e-03 -1.246781007921065887e-01 8.153431152906745472e-02 1.168920445487402204e-02 -5.936176198444748781e-02 6.060873376225550668e-02 -3.740023961147915382e-02 3.379595829896112069e-02 -7.499399958399649568e-02 -3.440217319026069032e-02 -4.610454042389752240e-03 1.065508416473430892e-01
4.823480680946815730e-02 4.570307064141239384e-02 3.085482730079293703e-02 6.527099126407402696e-02 1.152391100968641613e-01 9.543454365870492062e-02 9.035746750861219437e-03 -9.379363549703866043e-02 5.042814002416715763e-02 -5.544197560004569814e-02 -1.811308675023304976e-02 1.451925540814631432e-01
3.428868688077395949e-02 -8.002003865063084254e-02 -1.140205455533933876e-02 -4.126682152263403541e-02 7.263451764301045999e-02 2.042122139615703824e-01 7.858030966218235158e-02 8.571655410376700923e-02 1.330158660729455558e-02 9.897154208057681868e-02 -1.032582687539379679e-01 -3.359632462265273178e-02
-1.361667242360564134e-01 -9.986879815046226239e-02 -1.682371228214401757e-02 2.404003790167718452e-02 1.096828151803592166e-01 4.335494292752042900e-02 -1.575400408399025565e-01 -1.222391055624627437e-01 -2.899492675084130305e-02 1.546341884136493428e-01 -1.957621310682722271e-02 1.076861253328250251e-01
7.725755197911088334e-02 2.212503634701790123e-02 -8.804386544744602361e-02 -1.734264194905070500e-02 4.444231795278417302e-02 -1.366820065855410549e-01 7.668923699527530058e-02 3.868438225599842017e-02 2.624061220032017361e-02 4.801299204056373726e-02 1.106193589974093366e-01 1.880662000636475553e-02
1.877781272078579144e-01 -7.251505576270864117e-02 -7.247426222425995546e-02 1.115338246482909107e-01 -5.292165507366821536e-02 -3.840574195488796749e-02 1.006427482064369827e-01 -6.260844958440828223e-02 -4.320748139231906509e-03 -7.769471113908371467e-03 -3.024300310668037728e-02 -1.038190359608173324e-01
6.381837233989667846e-02 6.707262352702941799e-02 4.236637632105669238e-02 -5.823419705763440563e-02 7.720065205891030180e-02 2.149795471580806527e-02 -6.884069712191622989e-03 -1.398933533155779507e-01 1.445737679575786749e-01 5.495461766840563367e-02 2.567045113286518104e-02 1.012408751330924755e-01
-4.089834495825989819e-02 9.572741507967472835e-03 2.273730547465858606e-02 2.088057224425823172e-02 7.103709505338964836e-02 8.710469922706805257e-02 -5.076443168611007722e-02 1.375550342812706384e-01 1.282131246866209662e-01 1.066702732490021344e-01 -3.877717476014402170e-02 -6.529896500533226289e-02
-2.466562316188171053e-02 1.704447761601319555e-01 2.612155306384119149e-03 1.845718843699602207e-01 -3.610137561621953178e-02 -3.464446577222651813e-02 -4.340130639796174056e-02 3.955639732755034110e-02 3.736867059926574780e-02 -2.198489844774211277e-01 -8.013345288541463829e-02 -2.845137303290440900e-01
-2.535917276357895975e-02 -7.434608688806207399e-02 3.501536302532871903e-02 1.992227912091566744e-02 -1.080295263816405393e-02 -8.130054440231031590e-03 3.833617633503804550e-02 5.670960249153847443e-02 -3.056860803075643618e-02 8.923704829750231382e-02 2.795849701207750448e-02 1.212943265558604905e-01
-5.744769198322451781e-02 6.325444668875058150e-03 8.699516068657084378e-02 9.111801612032853492e-02 2.492548071471919341e-02 1.462250904229712989e-01 1.392437562164345610e-01 -2.059893719504411053e-02 -1.012189522576720513e-01 -6.522609502651799396e-02 -6.608377851862669294e-02 -6.744059977108103621e-02
2.793644834011453984e-02 1.986318803795263793e-02 1.521777749385595097e-02 6.330674850718680247e-02 4.719861780990160932e-02 -8.269875992045404300e-02 -8.652241374993369094e-02 -8.352558303512575694e-03 -2.005440651512841593e-02 -4.995269957017671458e-02 -5.339272372301082786e-02 8.225472334300308608e-02
3.635497283601258484e-02 -5.753646193797799790e-02 1.005623300895541194e-01 1.816968527952091128e-01 -4.635409613142767865e-02 -7.196016080350690902e-02 8.463845683559648170e-02 4.017632551290072074e-02 -3.416837974087886393e-02 8.118616740075751403e-02 -1.225476041670951616e-01 1.411014067666085392e-01
4.484557953092902643e-02 -1.199742957302740373e-02 -8.421572820435697243e-03 -1.897360210318637941e-01 -5.039734531538201528e-02 -3.096536842358799113e-02 -1.857378992066730794e-01 -9.881521400618241413e-02 9.895518582333920343e-02 6.279765321431568514e-02 -1.130368649009676346e-01 -2.399172330689363850e-02
-6.120657410556331474e-02 2.347697070837172217e-02 -2.275120339314678011e-02 1.492215498787434480e-02 1.048946189185917810e-01 4.103719771666644589e-02 1.006149277734464109e-01 7.567840466817639389e-02 1.582532981147663498e-02 -1.988476659591364645e-02 -5.778934584920916023e-02 8.792738221905323226e-02
-8.596752523212589092e-02 -1.549980067234254244e-01 -1.719539178612723360e-02 4.721309336616480272e-03 4.524011480435289473e-02 4.731800200025329528e-02 -4.707727717354800306e-02 8.081462409330746055e-02 -4.539498277706551649e-02 1.896346132803223769e-02 1.337908826698488290e-02 5.246960201592802686e-02
4.860812247481067355e-02 5.418351785865105352e-02 -1.310549989054733688e-01 1.041029441377600423e-01 1.196581585750000065e-01 1.374647012003016588e-01 -7.837329984486898771e-02 1.187257798946259740e-01 -1.438231046024280035e-01 6.622160902219056955e-02 -6.039719206015298908e-02 -5.177292960011331546e-02
-3.068557569475393026e-03 5.404348393030315723e-02 -2.085317289561211887e-02 2.134911152143061652e-01 -1.315548693695119953e-01 7.368998190140535129e-03 1.740277864537431440e-01 2.764878083152689237e-01 -3.582932434487560297e-02 1.300974521446450483e-01 9.008239549801681789e-02 3.916817125311296277e-02
2.102144690965636678e-02 -7.084198070825373228e-02 -1.387814893892155010e-01 1.330203074182258749e-01 -4.279671781057430707e-02 1.126870678333910386e-01 2.269941480533477565e-02 -7.119327732842663237e-02 1.878353518766397862e-02 9.261036308423611918e-02 -1.690598457127558130e-02 -3.354328926733850247e-02
3.146227918251699035e-02 -9.966983067910172717e-03 -3.619045429646602918e-02 -2.839317989470777071e-02 -1.500142625779760097e-01 -1.576890267732889150e-01 -8.385502796973037451e-03 -5.080058479203726496e-02 -2.517697387048430102e-02 1.661814806721101934e-01 -9.016233173973960124e-02 -3.879217846766667976e-02
-1.270083223867612965e-01 -9.578195473721937830e-03 2.823899703858384277e-02 -1.744414201939614995e-01 -9.591837898507890592e-02 -6.271837288309458497e-03 1.678293687561594957e-02 -3.979172799383967618e-02 -5.357903139858524039e-02 -5.053243424698690422e-02 2.674627747184654680e-02 -1.746932987770425175e-02
2.240205045903688116e-02 -1.095180058200927731e-01 2.820311868105035077e-02 6.885064204188494352e-02 2.160986353527970250e-02 1.238255244679648120e-01 1.185252059497412525e-01 -1.922723592641946422e-02 1.409077159143740446e-02 1.528514728476215723e-01 -4.503232429831365707e-02 -5.073915699533302400e-04
5.016880028695025126e-03 5.829261776585203947e-02 4.634392431258745927e-03 -9.090773426682903502e-02 3.685809036397977995e-02 4.770947140685806442e-02 6.280188735995720362e-02 6.947045097206570874e-02 9.151307543629397245e-02 -6.248082123679674776e-02 -5.292693417864586386e-02 -9.039762910097186646e-03
7.254246015784232560e-02 5.553799598154142425e-02 -3.789506359163291593e-02 -6.535030475476573397e-02 -3.483132166062968132e-02 1.025793599381516347e-01 -2.014079839763435464e-01 1.152476769034211229e-01 -2.507167925609789932e-02 -1.146463152641914729e-01 -6.651086509496408235e-03 -5.684294087100126569e-02
2.242419043030769929e-02 -6.624769580076858566e-02 -3.973497865202429979e-02 1.189889002939484436e-01 1.213788922547542615e-01 1.746573280389225602e-02 -1.292213571568222308e-01 6.976185180187192969e-02 -7.951386186462577887e-02 -1.004624352661285247e-01 -2.728381719253059612e-01 -2.479972804965977981e-02
8.328019820167001375e-02 -1.700884387709288015e-01 4.251853732101283125e-03 5.287412817043595122e-03 1.106122899533189818e-01 -1.134667779525133507e-01 1.573493274098211880e-01 3.539690852049499816e-03 -4.107440411981832379e-02 5.492528842458935245e-02 -1.141764327748931301e-01 -3.935517583268753616e-02
-1.241273058997039158e-01 -6.635431862695442828e-02 9.055023002270609633e-02 1.444234244998543193e-01 -3.249904590348174499e-02 -5.171946557542778100e-02 -6.975858064174836337e-02 6.472659420275451991e-02 1.948428790554257162e-01 1.539830087129866534e-02 -3.905541533392648673e-02 1.347650321899119819e-01
6.932501235465127198e-02 -1.961956537528478789e-02 -7.504004157696808619e-02 -6.929002750330691407e-02 6.963434422518888223e-02 7.283696851213690426e-02 7.364871245553422652e-02 -1.891862698827003614e-02 4.904132250502661106e-05 -7.126174811829793642e-05 -1.757735664698600875e-02 -6.994363608177690816e-02
7.010492294187359308e-02 -4.584663000910153829e-02 5.417451644199902661e-02 1.715669246072438481e-01 -4.255199908180847673e-02 2.805596126970468646e-02 2.253940842801021305e-01 -1.383530210476507372e-01 7.110610856427720949e-02 1.204138512132441607e-01 -1.042436049659042768e-01 2.572553400748244998e-02
2.063935886639103878e-01 -9.774627773132816833e-01 -3.557729660215794842e-01 -8.064959516190288447e-02 4.115226519128833971e-01 2.004761339254124974e-01 1.103836240695066084e-01 -8.764255438702291123e-02 -3.757641622892085587e-01 3.465648902585681257e-01 -1.233106845065894547e-01 4.462189569947324075e-01
-1.954184519919655028e-01 1.273530937019065890e-01 2.057281548249137795e-02 -4.884297641171189003e-02 -1.485131550372850544e-02 -2.005410076590471713e-01 2.012889686668392283e-02 1.150144564671214814e-01 1.808878613166736427e-01 -2.614345312380751962e-01 1.040646565109251825e-01 2.969929388535865432e-03
2.425345076317682400e-03 1.012900947329601342e-01 2.872825385133749923e-02 -9.798885244920456372e-02 -4.691696745491506088e-02 9.639265619352800976e-03 2.001309818409363894e-01 7.298561019068623701e-02 4.332724385204398537e-02 -1.997853650211910415e-01 -3.858082137707564280e-02 -1.400195971907902681e-01
-1.079572604835696975e-02 1.222286729270468664e-01 2.770047529799812280e-01 -5.059849331295528801e-02 1.215940371600600090e-01 -1.169404078357623306e-01 1.200681648813484333e-02 -1.527407330984430489e-01 1.731989330640799352e-01 -1.027342891637209876e-01 -4.692594223707393514e-02 6.174410213305084327e-02
-1.044912772319493144e-01 3.799207066070220407e-02 -1.547825708943910972e-01 -9.842601350362002732e-02 -1.210122724104725211e-01 -1.463797617825034758e-01 -6.636542110242427128e-02 -2.248853209103886530e-01 -7.892771182919164352e-02 -2.959237186104647296e-02 -2.286645732813941123e-02 -1.361941800896974419e-01
5.968178343083619525e-02 -1.470108084957515715e-01 -3.157046553623520102e-02 1.322127643062398772e-01 -5.008767753050728105e-02 9.908072508651875887e-02 -8.444868646402725609e-02 -9.543754767205687994e-02 -3.653596456598160597e-02 -6.750310616793597784e-02 -6.616032328121386474e-02 1.149136218909562433e-02
-8.475709076546206200e-02 2.466290579403929845e-02 1.203121890258196103e-01 -2.035756611694904822e-02 -2.726472518593633931e-02 1.622238664744540537e-01 -5.109041305637529104e-03 1.126206573859871302e-01 2.912594435923722413e-02 -6.226984913962994861e-02 -4.250677743701072181e-02 -6.061334606217977372e-02
1.016728180839779339e-01 -9.859023330953033820e-03 -6.342735100365368139e-02 1.260481219406652531e-01 8.770939087212592522e-02 -1.451007905230182471e-01 -1.004123991969950447e-01 -1.053497127189519794e-01 2.696141167701814750e-02 -9.368288701635116983e-03 1.053241408553216990e-01 8.738314378020627105e-02
6.155810072005336170e-02 -3.686562694086258085e-03 1.182346393404140605e-01 8.148752327142137764e-02 6.348976164682287870e-02 1.608858939716766023e-01 4.623980805736641747e-02 -1.567574168919142266e-02 -1.103131816278792310e-01 -4.299931217783685422e-02 -7.406111803135975204e-03 1.883447796742764371e-02
1.538424276875768881e-01 -1.057040644252000006e-01 3.076953664414805618e-03 7.295365591490680056e-03 8.390198612371245479e-03 -1.693694349002926314e-02 -8.331912815943207096e-02 -6.054789276644106932e-02 -1.369534406476302368e-01 1.480785158941484436e-01 -1.599854320446243705e-01 -1.091749963407009222e-01
1.435436573359209766e-01 1.558610515711667845e-02 7.391570440005010290e-02 -1.365668065000166798e-01 -7.055777510301100910e-03 1.215695217276762108e-01 1.019865197718260695e-02 -5.873601721654005646e-03 -6.662271111386899869e-02 1.610357157299332391e-03 -4.527748812804550937e-02 1.325721127547752898e-01
