1.811419584638850749e-02 3.373127107563592131e-02 -1.449065357536660770e-01 -7.914139616724494286e-02 7.179529947560917003e-02 -7.533675092256714514e-03 5.203520429969223787e-02 -2.810277514512147384e-02 -3.708895332992716981e-02 1.940563191294823048e-03 8.063165697028086554e-02 -1.159761961427083071e-01
1.677119753904133398e-02 -3.145280120659653140e-03 -6.415089096519971390e-02 1.002268318576262085e-01 -1.816709083425623594e-01 -1.598549434129532543e-01 9.072511255897947047e-02 -6.470594365499693357e-02 3.248836552882269219e-02 5.889571931281831207e-02 -1.646123767068513946e-02 8.950160532069410813e-02
-8.524522613076268573e-02 -2.865376948534472182e-02 1.437389669455610974e-01 7.526106153934253307e-02 -1.377070718567986185e-01 5.580083181690465716e-02 -4.067234931641526378e-03 3.075376104253051829e-02 2.429324595850306315e-02 -4.249885445430284792e-02 -2.667535286956674093e-02 1.464807008273272433e-02
4.068671731997049179e-02 5.533188186006511577e-02 7.792401990409447698e-02 1.716996918610589479e-02 5.791281617419207634e-02 -5.034517396845610698e-02 -1.860578082482246265e-02 -3.861000101638221299e-02 5.653708204341258668e-03 7.210410864800796682e-02 5.681448716085518019e-02 1.484217132053065602e-01
-9.293250729454671788e-02 3.759439481294575558e-02 2.164203005304790942e-02 2.762897561099000171e-02 1.667437990999842343e-02 1.539546970118081393e-01 3.965080935993096217e-02 1.109573222126128134e-01 -8.201047884714018910e-02 1.086127717327660253e-01 6.064612652821303046e-02 -1.718994012397356483e-02
-1.072531286407173157e-01 -5.015047110260026364e-02 1.277274662948614803e-01 -4.150890690868067751e-02 5.763948553294565708e-02 1.762933935578781530e-01 5.146053259442202182e-02 -9.113879551202669349e-02 6.493554844903304257e-02 -5.107559568443201248e-02 2.483222691213957112e-01 6.062246099966909357e-02
-1.490620261008487879e-01 -1.343230060512991264e-01 1.188627931902834500e-01 -2.496003730320064951e-02 -5.200655706412069673e-02 4.964039892627384459e-02 -7.135290745142564006e-02 9.095308278413746783e-02 -4.922419437203002374e-02 -4.186641864905930877e-02 8.450981111195852991e-02 -2.629086860393996597e-02
1.549040479998502473e-01 -3.212374640955736882e-02 3.579654224021927567e-02 -1.293915633386152064e-01 -6.131869620511128799e-02 2.216281149279971524e-02 -3.010166695096885142e-02 1.462433108314359631e-01 9.971475105270422024e-02 -5.930898378886562128e-02 3.967811793667447989e-02 6.297867341252065543e-02
-6.875344409164677040e-02 4.107326465194473253e-02 -5.692121133206765049e-02 -9.466494911762539377e-03 2.593671155413806041e-03 -4.313245250214044896e-02 -8.508804551762452761e-02 -1.413160708938791463e-02 6.547911407675546802e-02 -1.068069030211003106e-01 3.929398084771320437e-02 -2.480241848500512256e-02
-5.366447758070616580e-02 2.997975625232357846e-02 -1.083298960848115000e-01 -3.425663618794422965e-02 -3.739914961998126036e-02 1.602067507210777272e-02 8.287720714585897555e-03 3.077749788546830113e-03 -7.749685970743092067e-02 1.781271180568409218e-01 -6.361326973192642231e-02 -9.465222509152750041e-02
1.052711591164756100e-01 -6.725071835458960867e-02 -6.129144423231798998e-03 -4.726271249304255656e-02 2.808094003836102484e-02 2.987142392010420922e-02 9.712903530433214527e-02 -3.054001414798795250e-02 1.236009976813297155e-02 -6.203002063944565436e-02 1.177634383997931550e-01 -1.673917612337638139e-01
4.465062793015864284e-02 -5.658447219883736001e-02 -4.275877006935265012e-02 -2.209889133562695923e-02 -7.607561010332494940e-03 -6.463230490464202602e-03 -4.555389651763765840e-02 2.751391547412664063e-02 1.938689132962322093e-01 -2.686391878239606686e-03 -3.101225675836616000e-02 7.172275207065766101e-03
8.997804517576704630e-02 8.508512572569019994e-02 -1.173557390054802418e-01 1.082461726421250492e-01 2.564602637347837295e-03 1.082327550406720629e-01 -1.207763044463959212e-01 -3.656742699492578769e-02 -1.357059999424998498e-01 1.222435634660268148e-03 7.713315110103034777e-02 1.081183424615035776e-01
1.295018165104016954e-02 1.289027376760991384e-01 -6.198681686291417949e-03 -1.531843819983862241e-03 -2.157073940745047047e-01 1.042172766003698625e-01 -6.047447400974303305e-02 7.812993715586211661e-04 -4.370637361982739749e-02 -9.278288171575897747e-02 3.773652394165168816e-02 -1.292163843477528995e-01
1.602879646264651278e-02 9.176471954440811041e-02 -6.322407508456068248e-02 2.412586605563065562e-02 -7.141966434107654971e-02 -6.933489837716033666e-02 -1.239584656617421232e-01 -1.104428783078435089e-02 1.266913760698788576e-02 -5.501277496277616474e-02 6.036215833235853562e-02 1.336533394695305077e-01
7.360087122001984783e-02 9.284218237662929252e-02 -5.169933339738047411e-03 3.286042829034793028e-02 3.373024413110180947e-02 -1.018880142155667579e-01 2.885972632540127064e-02 -7.878207886955276851e-02 -1.007203150082082166e-01 2.689318668476261068e-02 2.583111854203212210e-01 -1.561288860041069003e-02
-7.210587380582628159e-02 -4.118076149499948213e-02 -2.101562507622493567e-02 1.161751980273756368e-01 -6.337052985922284054e-02 -6.847391490900175959e-02 1.317713749515253552e-01 1.424070290553410556e-01 -6.063266139395041138e-02 3.529774403830013285e-02 5.472499162926817290e-02 -1.636990480216184984e-01
2.798713555109748341e-02 -7.936541599203227049e-02 -1.536255500904296079e-02 -5.004247842474628810e-02 -8.048493704145651129e-02 1.954251312486425252e-01 5.432512392149235064e-02 -1.569975940038314255e-01 -1.000531796415247698e-01 -4.726156979914413522e-04 2.133336223807357213e-01 -1.500073636507732733e-01
1.044245454730313716e-01 -1.640918239419550742e-02 9.477382527171189855e-03 9.954963321494031403e-02 -9.503650298095070448e-02 -9.394433622658553834e-03 -4.278855198869842974e-02 3.168404686087815392e-02 6.142868375827839449e-03 6.114468350777007774e-03 8.682172459439711776e-02 -8.682673130658132010e-02
6.064189811933742239e-04 2.941229626238332437e-02 -1.229371323791167425e-01 -1.288181918306039730e-01 -8.686106117735661880e-02 -1.714793710168036611e-01 1.623739874149279228e-01 -8.667996432360647319e-02 -1.836601772969187127e-02 1.487675348815531706e-01 5.273732651982043079e-02 6.484577537083523191e-02
9.689210932841874069e-02 3.401313296059661762e-02 -8.779394905490359169e-02 -2.387298194240016630e-02 1.337387427494202141e-02 -7.932060284011255291e-02 5.969627677695025884e-03 7.699754563176586242e-02 1.200103826239538873e-01 9.811300313068214984e-02 -5.044732708055894160e-02 -2.960793485708724040e-02
2.706608397792152620e-02 -7.062428545120415235e-02 -1.088412898916734373e-01 -2.354848555666752552e-02 -1.949141364937862289e-02 4.621756513768119495e-02 -1.410481815334030942e-01 -4.001968952402645135e-02 4.475620954675824797e-02 -1.848501723769611959e-03 1.990246116877763538e-01 5.659932326434640587e-02
-3.744484567161636412e-02 -1.135212916379762654e-01 6.217599529147511961e-02 1.306787781724527420e-01 -6.663167269815231664e-02 7.509870839148033439e-02 -8.714993812705193466e-02 -1.026784424445143507e-01 -8.418036016552429834e-02 -1.294268030155340879e-02 2.022360212453332418e-01 -1.067085191365937796e-01
1.468412174649218020e-02 1.098884320607572268e-01 -1.066889655471149889e-01 -6.579574351908823449e-02 -1.808284515838956275e-01 3.536206498874851917e-02 -1.168554596971800585e-01 -3.510516755978906195e-02 2.414602230412659159e-02 1.078435261042078180e-01 7.593830116700402144e-02 4.615487700621315886e-02
-8.678631152911780999e-02 5.159875559844898096e-02 -3.301517921146816283e-03 1.682363401547891935e-01 -1.688214431466611154e-01 -4.728252649222407927e-02 5.331579440249287899e-02 -9.768858311332118127e-02 1.509772980077096760e-01 3.124552950905842841e-02 7.470540728202766656e-02 -1.091004682265207387e-01
2.077734153077320095e-02 1.124942179313886542e-01 5.590233659171660319e-02 1.623908040637650763e-01 -9.296991344528163226e-02 -5.365633957328509729e-03 -1.115175592420464441e-02 9.480014610071021974e-02 -4.924634271415321424e-02 7.818346167163982285e-02 1.183698557879842156e-01 9.674792058654228810e-02
-1.984488509159441083e-01 1.529218898875772392e-01 -1.806094698523931855e-02 -5.265294047404351502e-02 -1.674324688846858533e-01 2.915336294336819817e-02 -1.448992871043474316e-02 -1.264079046137405599e-02 1.071923678518007794e-01 -7.008022908320639399e-02 1.162948256687925258e-01 1.915490031568438736e-02
-7.337311946715202593e-02 -2.165422594344896048e-02 -6.110805995669538193e-02 1.126027238174602818e-01 7.226569560599532815e-02 1.483107176288092077e-01 -3.909204164035069012e-02 -1.344655213160703411e-01 -4.897590964216696346e-02 -6.947681333147422145e-02 1.117727201108135865e-01 8.598754348698649241e-02
-1.872659566487921423e-01 -3.271992009041348182e-02 6.110469728688949775e-02 -9.338824646073845548e-02 -1.261024871942941494e-01 -4.572225631943823733e-03 -8.451847694318304072e-02 -6.301822032881299052e-02 2.571026487530115104e-02 9.058706096775166750e-02 9.211666473005757083e-02 -8.967124313251807755e-02
5.548880041552113618e-02 -6.767253862124634686e-04 -1.807887453678569400e-01 -1.147383904431590051e-01 -1.061221821535092424e-01 -1.181793347580692988e-01 -3.442019903670564401e-02 1.075940788163035414e-02 -2.077997270680958814e-03 8.250965235469719106e-03 1.207093811523648336e-01 3.586149150403938196e-02
7.155701978248069084e-02 9.726180148810402437e-02 6.062630701458837645e-02 4.844797012540836417e-02 -5.534363292293108944e-02 2.486185818103798795e-01 -2.093817368495778930e-02 -6.098948203456400902e-02 -1.507480705888252503e-01 -3.204004657062620165e-02 -6.362557083185049582e-03 1.788628769337330740e-02
2.331636035059712203e-02 -2.433708313030219852e-02 -2.158816685808133753e-02 -2.687698644766769313e-02 -4.788980477927422957e-02 1.173811680051182471e-01 8.232402793737522706e-02 1.115999522592555915e-01 -9.626359308708890006e-02 -4.666086776812471137e-02 1.000632065423082660e-02 -1.433017998790248604e-01
6.720129906152724764e-02 -1.038299329046832725e-01 7.215770684656793756e-03 2.403276672983251094e-02 -3.410353769694755149e-02 9.992754458922242788e-02 -7.199551833911527199e-02 5.875732862863498190e-02 -2.993517637877539102e-04 2.550831338306438004e-02 -5.025457085744210878e-02 6.656114467270514423e-02
-1.602370861575602712e-02 5.406740691836744300e-03 1.496058084501371566e-01 -7.119191553964998587e-02 -1.307703721953782650e-01 4.947138735479793964e-02 8.785088744940275363e-02 -1.283459506479840140e-01 -3.154846618657688312e-02 6.118971223177895047e-02 7.677409285213300516e-02 2.563198335224784255e-02
1.582936460451090169e-02 -3.692456111479941461e-02 1.867091592625562749e-02 -1.217445766357514725e-01 -3.086203496490001405e-02 1.016805239218926057e-02 -1.792203286759556646e-01 -7.985485329483285599e-02 -1.574049308958399770e-02 -2.659251857784170406e-02 3.209477311728214238e-02 -1.732013991221919569e-01
-1.391329854317325809e-01 1.318554204745497616e-01 -4.556294783476280696e-02 7.796577496926688014e-03 -5.551694575991170805e-02 -8.698511401283554045e-03 2.844586734731908290e-02 -4.799068616904270806e-02 -1.237104825671537650e-01 -3.866999008875402020e-03 -4.283524679547074526e-02 -2.819790292790965922e-02
6.246039899953430979e-02 -5.467427741291554233e-02 4.926805747130650996e-03 -3.460106539800329034e-02 4.129128560626120319e-03 -2.450658056031622899e-04 -8.117721260035692943e-02 -5.136627575383636950e-03 -4.513307281416125555e-02 1.053752133212419381e-02 3.276905779473162500e-02 -1.191605001274911729e-01
4.433017400507309469e-02 2.276991801238273730e-02 -7.087804073913703783e-03 -9.428357221924418829e-02 8.621898567751498654e-02 -5.644461914620183679e-02 -1.692458506491201775e-01 -1.415545882593080285e-01 -4.226166507498266452e-03 -1.174367545719505607e-01 -3.547260550019244035e-02 -8.729953892025753281e-02
-6.098617650403038992e-02 -6.951705595744171740e-02 -1.147994235972783945e-02 5.835691706204102630e-02 5.386307370166650704e-02 -3.732132490910782061e-03 7.182719015619401341e-03 -2.826122605016692657e-02 1.995000627199564405e-02 4.791472172201717561e-02 5.553775991307357413e-02 6.887802133363337895e-03
8.923133448946294830e-03 3.358724083430551788e-02 5.126260410760301311e-02 -1.209562067903633548e-02 -3.766755185270085488e-02 2.044702667778932614e-01 -9.768944436123008779e-02 -9.459976658418700612e-02 -7.667480471250887226e-03 -1.554944013586834484e-01 1.434478510341873625e-01 3.791479288867433822e-02
-6.471796702481891206e-02 4.194073127238277798e-02 3.025457353754973724e-02 -1.386759042638636419e-01 -4.005928514703618187e-02 -3.786406274662349608e-02 1.037462287568289843e-01 6.591478177394671789e-02 -7.508655224673260742e-02 -7.328991640030098342e-02 7.405301193471534871e-02 1.047975431366454796e-01
-1.400858415913844857e-01 2.426958795066732344e-01 -4.364959452015430841e-02 1.359487866772614850e-01 -9.934944776080792406e-02 1.935259041380704009e-02 -8.403833620876050015e-02 -7.506941396463637228e-02 -6.838437733082794456e-02 1.524089756914588298e-02 3.378303934406533954e-02 -9.702016114601465235e-02
-6.600349238549746422e-02 7.936219879473795091e-02 -7.113136543240095033e-02 -3.572712817869237029e-02 9.377486938263920879e-02 -1.410062088554697723e-01 -3.472945119560485322e-02 -5.225943373375931816e-02 -3.416695553592611484e-02 3.616964080780921131e-02 3.146155035928886040e-02 3.690489954723213256e-02
-6.914650209010216736e-03 -9.097788695104989942e-02 -4.019112935197115093e-03 -1.169713695590862135e-01 7.195661878484352347e-02 1.505315873331746213e-01 9.464830694750414608e-02 -5.869992248958382647e-02 -1.023656336430739389e-01 -1.057095434204264189e-01 -6.202327469326280457e-02 -6.884506366523317211e-02
-1.048139256123913621e-01 -3.000691626681723997e-02 3.730153768825214544e-02 -7.460232841238464106e-03 3.261429146117434535e-02 -1.142104007723755144e-01 1.221837819924582839e-02 -1.462276881580237553e-01 -6.270216137576584137e-02 -2.642022516592347145e-02 5.066893852189036790e-02 -1.190515735208948350e-01
-2.355766506178417208e-01 -9.750726485257095455e-02 1.060271482170907498e-01 1.365778269808858025e-01 5.677168240947896155e-02 -2.388863823091364608e-02 4.161488728747182037e-02 -5.555870911994143478e-03 1.458860254995312904e-02 -4.076858263666852111e-02 2.909507033530039574e-02 7.372764073568500998e-02
2.092282416037451465e-01 4.435782674964508510e-02 5.810837722786106607e-02 1.001008713451300713e-01 2.010746836951079683e-02 -2.022908764531686221e-02 -9.548223703765232329e-02 2.131059922876307744e-02 -1.352353043693163281e-01 -1.168328899207569799e-01 1.650681931114027223e-01 -6.296563502094308651e-02
1.028116006253200487e-01 5.056502045962189829e-02 2.699084330553473340e-02 -4.968282713245830012e-02 1.453567860448634229e-03 -8.397349551683344626e-02 1.243356490691001764e-01 -3.849736870805123973e-02 -3.481673115301941318e-02 1.183977913923721023e-02 9.934134618285439186e-03 -6.295043344527735674e-02
-4.496836839252972562e-02 -6.973574821071077193e-03 -8.767640382766178631e-02 -6.024383315427488290e-03 -1.586708862386508601e-01 -4.188463708878047316e-03 1.013460803891941264e-01 1.211154357249209432e-02 4.860976560399522112e-02 4.771038987728741521e-02 -5.127662233646147066e-02 -1.644320655543457174e-02
3.536710452964403339e-02 -2.479041637157491651e-01 9.134181319990694603e-02 4.791571737018766181e-02 7.291025382453103498e-02 -1.910248731551774659e-01 4.988165593422088512e-02 -1.958374263831983153e-01 -8.471768277423824545e-02 4.146538964579848940e-02 -8.422435627175318962e-02 3.798240638190337332e-02
-2.756365009791972298e-02 5.358903812055705596e-02 -3.547526550149830704e-02 -1.333186622420370199e-02 5.972508343652207369e-02 2.146334052429145489e-02 -4.354443623463955665e-02 5.599669809933761205e-02 3.758699528931786632e-02 -7.867950191075206295e-03 1.341502686688421098e-01 5.578398250789256413e-02
-5.576188584478412869e-02 -2.443767086021158066e-02 5.276975905738398066e-03 -1.616615884848610352e-01 -4.230535255846074733e-02 1.152016041373101207e-01 -5.680168508971760767e-03 6.718570235620804909e-02 -2.777360384109137451e-02 -4.595643259204263689e-04 5.223667790488020074e-02 -1.418684769349292107e-01
-2.931302765988844095e-02 1.859059176088171186e-02 7.738683909024510199e-02 -9.034077915953304255e-03 1.042766142261606355e-01 2.158317366711391960e-01 1.085271966651374896e-02 1.862221456279980203e-01 -5.875464457003141266e-02 8.170299741673291150e-02 1.361417252240946785e-01 -3.166415695819049109e-02
1.594519109177642835e-01 -5.158063145049723852e-02 3.031189932519792740e-02 1.773280029381048839e-01 -2.511079360479722203e-02 -1.354465738331979696e-01 -9.664461937233115307e-02 -6.908704124640197008e-02 -1.654332745908728419e-01 6.898423146526706795e-02 1.078040521937464052e-01 -1.129358955147013593e-01
-4.786662338485618562e-02 8.456521707346860428e-02 -1.958858320105167361e-01 -9.329995196243515143e-03 9.368058471571481804e-03 -5.845993922295494166e-02 3.702950427754902324e-02 6.425606908386743976e-02 -6.033886818475044794e-02 -1.345520747339277456e-01 1.110600008675250022e-01 -1.103582076690559216e-01
-4.614594696661845907e-02 -1.833533978362683337e-01 -1.321427255340667517e-01 2.150849480817591808e-01 -5.704695919381943398e-02 -9.376508434620606236e-02 2.488998299767114508e-02 -2.595139277196518296e-02 -3.910853969411414582e-02 -7.160179856670691179e-02 8.002235678067422253e-02 8.735645336018864338e-02
1.254562393344779182e-02 1.167604015621019446e-02 -2.820863473176115840e-02 -1.260961585844314753e-02 2.314420230575774465e-02 -5.840187066291136625e-02 2.375314003617324393e-02 3.121137298131114110e-02 -3.416208339450909487e-02 -9.498470659927089887e-02 -1.243241110686601168e-02 1.109402276145492715e-02
9.750810823905975422e-02 -7.915780089090311555e-02 -8.977121860751244298e-02 8.459943974774694619e-02 -7.612858918374729167e-02 5.015067340473935292e-02 1.027872161876156563e-02 -9.111260730328578361e-03 2.190305903380037125e-02 -5.658001708284721154e-02 -2.299537805873942339e-02 3.962931980172972740e-02
6.968059050704761975e-03 -3.743525260737581850e-02 -1.061219166425477201e-01 6.032881523129132034e-02 -5.437591710898281167e-02 -4.688066924195149338e-02 -1.165647848864951874e-01 -8.793573659708397994e-03 -7.149287702779497100e-02 1.777502995418051360e-02 -1.557194234558469895e-03 -3.567950384700446093e-02
-1.334718731966672567e-01 1.375451259684003225e-01 2.828695728489422426e-03 7.633536992265682608e-02 -6.734196557621961211e-03 -3.381452220603854003e-02 6.736465942896971426e-02 -1.031591599058249153e-01 -9.484475358311389437e-02 -4.691975154303401618e-02 1.398185402079622497e-01 8.092555399674299099e-02
-1.283220226291983089e-02 -6.676056377145291043e-02 -7.296040983280235870e-02 1.028394958298872730e-02 1.358040942888835423e-01 -2.043300538810579603e-01 -4.950011664649572179e-02 -4.263785150184278699e-02 -1.011466752533874379e-02 -8.484660743805270966e-02 -6.295850862561950222e-03 -5.034625069992750349e-03
9.454725585081485625e-03 -1.373305559925549202e-01 1.885137868632281166e-01 -4.380039935679567314e-02 -7.534037382244265779e-02 -6.156905242037712805e-02 -2.055571788584348858e-01 -6.136167195816836367e-02 -1.333368697177306494e-01 1.330419273285798551e-02 -1.083696745900204587e-02 -2.128019183850260801e-02
-7.555399311198271461e-02 -2.798910080858858507e-01 -1.722687160754940994e-01 4.050537581753849842e-02 7.023715505342179033e-02 -3.072749951052639039e-01 1.526381851076005214e-01 8.127177550073166890e-03 1.006723045441891007e-01 6.748622714432365999e-02 2.377509971701148306e-01 -6.008251745405846639e-02
2.254516970276262272e-02 -3.125620798821771018e-02 1.583174122663157934e-01 -2.343071440783666970e-01 -3.635082159060305101e-02 8.920957401618478944e-02 -4.999412890112556879e-02 5.663864141910777278e-02 2.956898797163749412e-02 1.614279506165102462e-01 5.436177862879152528e-02 -1.939911618025385587e-01
6.841375042942110518e-02 -6.105626629651546289e-02 4.109817946472878181e-02 -3.630018735535624902e-02 -7.974220804057105538e-02 -6.091955710267429186e-02 -1.001167660999348341e-01 2.399220527919528750e-02 4.596116107648218381e-03 2.695431543879539885e-02 1.783565462800415780e-01 7.525701193295875058e-03
-7.205429325680681729e-02 5.191404813740679858e-02 4.550495560891637536e-02 1.938417929403640078e-02 -3.203859273267851276e-02 -3.648973999673373741e-02 8.707900335710708553e-03 8.580400951630556827e-02 7.355944237216066606e-02 7.668100220422464919e-02 1.532914567610982048e-01 1.487222851943449838e-02
9.049024465651195684e-03 2.451330062814593199e-03 -2.683342363486664398e-02 2.921580796893322608e-03 -3.627796460395341788e-02 -1.000571425089054889e-01 -3.654688292820248291e-02 5.709948798494113124e-03 -6.363371650469995533e-02 6.296576992460260758e-02 1.079735587837964313e-02 -5.864926531640351354e-02
5.970991687162890971e-02 2.042974280256070960e-02 -2.069696039418457700e-01 -1.772005662802402515e-01 3.673741947975028149e-02 2.414706768434984885e-02 1.066740164783721578e-01 2.757831837174704731e-02 3.683578582605790547e-02 7.871734418877303352e-02 -2.626345081755532621e-02 1.003428941977865634e-02
9.078590852858053895e-02 1.607893688131762644e-01 -9.121222874337789333e-02 8.676788996012410604e-02 -1.869016750679909633e-01 -2.625725084282862221e-02 1.053967583697427712e-01 5.701632707918233983e-02 -3.791745119340885622e-02 3.699117386928138518e-02 8.375537730357358879e-02 -2.497486854974454926e-02
-9.319431343441349561e-03 -9.870639074765931442e-02 -1.403888361729198619e-01 9.553222740721603601e-02 5.142382048271060963e-02 3.306026676926474700e-02 -2.283028691946546035e-02 1.329464868997790317e-01 5.279988347961873246e-02 -1.879028313615417264e-02 3.454563563714081048e-02 -3.651684477446930782e-02
-4.631348691720259259e-02 -5.881724694818558918e-02 -2.721782964975281646e-02 5.694644735372630245e-02 9.741064909759469814e-02 2.226741642256449549e-02 -1.151422369355248887e-01 1.737128323799018437e-02 -6.362346024811238454e-02 -1.440947818461248793e-03 5.276211693160855892e-02 -1.133485035267230295e-01
-5.904036846575831665e-02 1.555318135825992931e-01 1.893183553639822200e-02 -4.718150950548515715e-02 3.128094880215087636e-02 -4.350587532938041818e-02 -2.072565143194243786e-02 -2.061561101121735240e-02 -1.941097395124000424e-01 -7.238526447276917575e-02 -3.482151102901070300e-02 1.099385614971023634e-01
4.063223936252900736e-02 -5.597466423930072543e-02 7.402268568044870212e-02 -1.916056476790019281e-02 -7.426467960812302427e-02 -2.558226921091062422e-01 -1.073079697212008139e-02 -1.038734245499987607e-01 -8.567568482405235608e-02 6.166284063647978209e-02 1.055474886038228338e-01 -1.256678323704384370e-01
-7.480892774024736069e-02 1.076737204716321089e-01 1.775874102552399067e-02 1.622355120314730448e-01 -2.478885187895406642e-02 -1.305264912351206119e-01 1.749202550159376784e-02 3.854264867391674759e-02 -9.290003952698777309e-03 -6.181394477374366203e-02 2.000113285033328081e-01 5.239539258776972769e-02
-4.148743883870589788e-02 -3.054455065984780227e-01 4.833112575155724955e-02 -7.298194775469415974e-02 -1.036182082530324733e-01 -1.119645693740353165e-01 2.463216468976165557e-02 -4.931107050467237705e-03 6.694879901866374050e-02 1.167639073317422865e-01 9.370897238450212260e-03 3.370129362580625426e-02
-4.706510859021693916e-02 -1.115279718641910695e-01 1.833552544123595932e-02 -9.919562583956341439e-03 -5.789125408077260698e-02 -1.027942628500360389e-01 -5.058189465400316637e-02 -2.973508574037430491e-02 -6.873580997612674381e-02 3.445767244165771903e-02 1.162168122413958365e-01 1.229270289329677107e-01
-6.404654405376566939e-02 -9.318894838799858527e-02 -4.813584503406839743e-02 1.842235495524869038e-01 -8.764639905108959073e-02 -3.674720549194613207e-03 7.026725236805296017e-03 -1.252452280390771999e-01 -7.963907124436953033e-02 -3.474545191442336700e-02 5.599210504657101822e-02 -4.058349387401414404e-02
-2.954832283029044243e-02 1.406410578722172046e-02 -2.169122448563952019e-02 4.251847183514650269e-02 -2.399220148241465733e-01 -1.317708863307855971e-01 -6.530242300193747802e-03 -3.737882848369417782e-02 -7.483649753350035683e-02 -3.880057452607384161e-02 1.822967443420558387e-01 -1.232712032367314255e-02
9.681093220511718944e-02 -6.369854419622474062e-02 8.350466166437484072e-02 6.931268492402861692e-02 2.814236063745630470e-02 8.141107230655407825e-03 1.043322121646570733e-01 6.892534213835585510e-02 2.808829474320049743e-02 -1.181431814102028161e-01 7.370738471096256739e-02 6.642990736653543726e-02
-1.505246503181145723e-01 4.212786246550484504e-02 -3.362626184310249511e-02 1.164990517074556142e-01 3.344776668431791861e-02 -1.394381513143742590e-01 3.410992637622728332e-03 -4.433069608124446531e-02 -1.230649494805486077e-01 6.267272806451511247e-02 -5.177017068767379021e-02 1.617290689699908413e-01
-2.216516255176795847e-01 7.027416621967437493e-02 3.719650058355662703e-02 5.113787169724356291e-02 -3.161444712382707051e-02 2.946242536820778413e-02 6.244500575115190938e-02 1.329914387303173517e-01 -8.231300245630962520e-02 -1.780962183549006025e-02 1.728911173006178470e-02 -8.046228672527037939e-02
4.881026095092771966e-02 -3.749709773645548694e-02 8.291535586287404613e-02 -1.593187433680362253e-01 6.635084099567314930e-02 -6.045147763065347041e-02 -1.008430034818520171e-01 -8.499843601896894807e-02 2.044285050248208779e-01 7.331101332109006552e-02 9.866400835063802999e-02 -1.808696418614914592e-01
-8.869618931439618437e-02 7.851619193948526643e-02 1.046627114941938441e-01 -6.102250024049742788e-02 -3.167761643865794202e-02 -1.351420856902694201e-01 -1.488917610208221817e-03 -9.515282547406986313e-02 -7.821405339389031486e-02 -2.785888560261768655e-03 2.598900673643339196e-02 5.586247653366074178e-02
3.547527499667427198e-02 2.833117440915472462e-01 -5.576437260702054033e-01 -5.541113560191986975e-01 -1.255719510451550336e-01 3.078717620502340324e-01 2.871674900596882796e-01 3.302171991998117395e-01 1.117147257341727651e-01 1.482584915582820517e-01 3.482137096899585726e-01 -1.356652765290429774e-01
-1.527606952540304652e-01 -1.107959166883343109e-02 3.721639578401159665e-01 7.592850700086836713e-02 6.960948295347521575e-02 -9.350054287500411676e-02 -3.063629818236677793e-01 -2.455298803868538882e-01 -5.337929738556445453e-02 8.539374907342094090e-02 -6.098213740050670989e-02 -2.025379771445775037e-02
1.336697210070445126e-02 -1.849085269240902385e-01 1.068581686354493077e-01 2.713172281532333918e-01 -1.358702271886285950e-01 2.627224914975186953e-01 1.725394277420387867e-01 -1.786478247168039879e-01 -1.527227987488238570e-01 -8.734714537176237192e-02 -4.978992864445833805e-02 -1.327849093997348073e-01
-9.166482431312375501e-02 7.362202750677189489e-02 3.382713310004335505e-01 1.826823815040110877e-01 -1.217332990112880153e-01 -1.295032519062402354e-01 -2.017791906173116989e-01 -2.176855310286113510e-01 -5.722109809500177530e-02 -2.656703520796515061e-01 4.428832399923766233e-02 -9.017739726055547592e-03
-2.144901508173721605e-02 1.591837771372480934e-02 2.654398321826160756e-01 2.860016967112627428e-01 -4.629874011654182969e-02 3.396077182734580369e-01 1.671766049076015559e-01 -1.939844923545734068e-01 -6.221166445806190770e-02 -1.803155601997103938e-02 -9.440920344141943976e-02 -1.501867613700724191e-01
1.247789255022934557e-01 -9.268652426452294105e-03 1.080643989062853305e-01 4.959551450495350983e-02 -9.865901139043234402e-02 9.076942027769790977e-02 -2.881480826016290242e-02 -1.606797852273086219e-02 -6.441889780366255591e-02 2.671631615817378694e-02 -1.146413988337809248e-01 -6.835569403520887211e-02
1.467388144615275856e-02 1.621708038842863131e-01 9.245778415610481082e-02 1.706328543165533673e-01 -1.120037380874976396e-01 9.295677465751972512e-02 1.587066710700903854e-02 7.253804308097841491e-02 3.209940576419134748e-03 -1.080130015367929477e-02 6.198092852524177826e-02 -3.885772302332273637e-02
-2.042090088213934229e-01 -4.660678577241950116e-02 2.327362117372669056e-02 7.291536876338453044e-02 -1.077839353320921290e-01 1.501979258250494831e-01 1.437997930156076354e-01 -6.875903132447791499e-02 -4.706158000056324259e-02 -2.745561181941208115e-02 2.475051276479809936e-01 -1.654153675393010489e-02
3.975659524281985324e-02 -7.296666801588248819e-02 -3.803471715750365856e-02 1.092347331239398034e-01 -1.709460258996137461e-01 -9.928188407260818416e-02 -1.154354778586058616e-01 2.552066303376306251e-04 1.125248958404821698e-01 -4.003585003788651120e-02 1.044622190223024744e-01 -7.640956941565150984e-02
1.320950921357513241e-01 4.298381007898134376e-01 3.576385428321371962e-01 -4.807143225414656912e-02 -7.739108118841800388e-02 2.262294723894430759e-01 1.598690822533999079e-01 5.993924465749610880e-02 1.714529269431120106e-01 -2.576735758030740051e-02 2.624599670474306867e-01 -1.847826612978104022e-01
-4.050642654802446424e-02 -2.034712232775429119e-02 2.141317076608900347e-02 -2.140935575183341988e-02 2.131874966845773434e-01 -8.643918026830491042e-02 -4.649008608141062815e-02 4.332194801404065654e-02 8.760156787898903952e-02 -6.205581611810122994e-02 1.590462004805136831e-01 9.418941107538293667e-02
