-5.028057539479759974e-01 3.036822572859065872e-01 -9.163481013277204879e-01 1.441672496960136052e-01 -1.332390937959752886e-01 4.350257230266701414e-01 -4.867848965534463668e-01 2.051097784515645561e-01 2.570865285977041448e-01 7.263410167606208778e-02 1.190291855374509433e+00 7.439189132684617123e-01
-8.395465748347789858e-02 2.889321040000837892e-01 -1.775107058658935422e-01 3.305576887707239453e-01 -9.000341102043937225e-01 -3.512299567963024782e-01 -1.229107173703888112e+00 2.548209129262605788e-01 -2.653481096652688942e-01 4.909468056278409320e-01 -3.901542695601605687e-02 4.527294114863395502e-01
-2.444729036354363269e-02 2.571048597254227963e-01 1.236398149521509282e+00 1.898261062302842306e-01 -5.223133133750705870e-01 3.830769198729183644e-01 -4.740984021471587040e-01 4.747683683945015942e-01 -7.087479295899534737e-01 4.824561600228329666e-02 -3.872290765456908312e-01 2.933951080148546886e-01
-3.135865522232882396e-01 1.204651733180932272e-01 -6.727437794576907049e-01 2.016664965632865847e-01 1.900150090601250286e-01 -4.309993372248234200e-01 6.631432785741306901e-01 -1.321272519165024029e-01 -2.875038350778312823e-01 -3.009565930032533365e-01 3.665149402292809389e-01 -1.431805492807835221e-02
9.375557716698466881e-02 1.243552211751149522e-01 1.494597470250768723e+00 2.915852967287126396e-01 2.647476381169568960e-01 -2.382576518065540883e-01 7.415233666841436477e-01 -2.494110527194138838e-01 -5.178353527493656516e-01 -5.934905270613118899e-01 3.488703564969019566e-01 -5.282293653542234901e-01
6.180658815588667698e-01 -3.206589511839321172e-01 1.129135549583393683e+00 -1.462825955303280467e-01 -1.232537941510088331e+00 1.210929239145216219e+00 -7.913483125555430542e-01 -5.812605887857256182e-01 -5.201785946079956480e-01 -1.795188037938032499e-01 -5.935941667636657204e-01 -1.114710261007426928e-01
1.648305133449077253e-01 1.280082740962038002e-01 6.748284627793772472e-01 1.437171427663392620e-01 -1.755197963449940946e-01 -9.460039781785940793e-02 -2.601774228559359803e-01 6.624662891782235885e-01 2.035567303696544095e-01 -3.395077671293195848e-02 -3.340778429612725059e-02 -4.288798736219304741e-01
2.813395864040739158e-01 1.467388026848417681e-01 -4.855415109484959579e-01 5.485246747227856545e-02 9.864825240780104032e-01 -1.100706143628134681e+00 7.574873631369185567e-01 -1.197037877536336170e+00 4.791812945845697613e-01 -1.378933747554565159e-01 -6.054704672538395727e-01 -6.456445674990876626e-02
4.374977901228994104e-01 6.405414598675256144e-02 -6.583058600906889213e-01 9.487015759790466685e-02 -1.093745185221580263e+00 -9.035140949083861339e-02 -4.956829248631321461e-01 -8.897490070870764378e-02 -4.941092473101666993e-01 -8.952690720314313011e-02 -7.147128219306653207e-01 5.603155394607179929e-01
7.429543778206265658e-01 -2.704509915735722192e-01 7.856185226469014626e-01 -2.688763875375808632e-01 -9.584461718115173667e-01 1.978443363828338575e-01 9.303437014372598068e-02 1.018477229339057599e-01 -1.337895471687739479e-01 1.911328540007472231e-03 -1.010112127967724538e+00 -4.320629242389390501e-01
5.938414403907907868e-01 -3.224911035633274414e-01 -5.532378140426488233e-01 -3.384307863062869237e-01 -6.934696435670905101e-01 7.274033880770788274e-01 3.910792314740779013e-02 -5.932576129880160476e-01 -5.877390130885665753e-01 4.330175087294386715e-01 -4.477645747351758354e-01 3.212187150402556202e-01
4.578687734879020033e-01 -4.080597358943822694e-01 9.531631106947903442e-02 -3.221972334500688429e-01 2.270865433126861149e-02 1.322423047185733447e+00 -5.621760131567528074e-01 6.374128161856047747e-02 5.423604729421374060e-01 9.259415374689153877e-01 -4.976440400970109229e-02 -1.866733759140105919e-01
-4.284317080688464507e-01 1.098894453953569265e-02 1.200708727156893030e+00 -1.321828329595614582e-01 -7.500359005047686489e-01 1.046867160124178797e+00 -7.697034200614527588e-01 4.990417208699221008e-01 -5.944142749379935919e-01 -8.829896340846264246e-04 9.217743610035851187e-01 -1.940788354981483610e-01
-2.702580527171302704e-01 9.334653591226485525e-02 5.188612036849693521e-01 -1.503395227079352414e-01 -7.200372046253652458e-01 8.516923559694504764e-01 -1.052431826752545874e+00 2.951181306866223486e-01 -2.759217045717888839e-01 3.381201581309190018e-01 -5.191023245088989546e-02 6.561665867343455805e-01
4.402794044035550358e-02 1.650136034379200423e-01 1.562371205996939405e-01 8.695200551245996223e-02 8.804913085315143606e-01 -4.973584965125772972e-01 1.340810973068444545e+00 -9.759433035211453333e-01 3.397933980035102164e-01 -3.398255004507737542e-01 7.575031527462484648e-01 -5.685089140675565478e-01
-2.986229883714558442e-01 9.213866705818847536e-02 1.205093488804463098e+00 1.319027223629458678e-01 1.068382534140269596e-01 1.306405837101535794e-01 -1.190251432027272793e-01 4.203433584784785904e-01 6.392967021899688129e-01 -2.045111440208642051e-01 6.287050678801106018e-01 -2.996745406447305915e-01
-2.688342265026354982e-01 6.539552138860093011e-01 -3.101308699500898158e-01 5.865446312920975513e-01 -4.155318169091293812e-01 -6.201148102819117325e-01 -5.076760377702365101e-01 1.314397076228710270e+00 3.646894145407827970e-01 -4.975671162017907684e-02 -7.526847190877721250e-01 5.231751131280161227e-01
1.161804054222779076e-01 2.271054304533290102e-01 1.479693242199621173e+00 1.260450022666244618e-01 -4.743455427903576216e-01 1.295485364508127901e+00 -4.839239307741685092e-01 5.535904841541837706e-01 -6.378194696797319097e-01 -3.619634182460065297e-01 -4.687974785813486811e-01 7.969956493014758447e-02
6.150663315016685617e-01 -8.935064232127239991e-01 -4.727185151060132040e-01 -8.789703539534783339e-01 -1.065878314999881837e+00 -3.052443058977754031e-01 -8.801405451936803459e-01 1.944760073443331239e-01 -6.574039260157045206e-01 9.135659843435379734e-01 -6.386595616127351827e-01 -4.541613350394600457e-01
-3.835208479444287555e-01 -5.813619365256239221e-03 7.978611313325872922e-01 4.287656054905163855e-02 -4.524804117226458033e-01 5.869222358003591822e-01 -7.785127652126493381e-01 3.301719844057499076e-01 -3.005284009109974175e-01 4.859089710602228912e-02 -2.085276641627578087e-01 3.329519011739617840e-01
-6.214315246103065959e-01 1.620287748938741001e-01 -3.615849991426288712e-01 1.515604367959467458e-01 7.861765687046609052e-01 2.936473530781905650e-01 -6.302850302874634103e-01 1.030476359152824095e+00 1.075558642103932705e+00 9.122042642083130759e-02 2.237319304289543120e-01 3.279099894249068448e-01
5.134125173313378587e-01 -3.184979884411908158e-01 5.475847615842138749e-01 -2.323654786839718100e-01 5.136835278149659567e-01 1.606496472347555882e+00 -4.658733350335061418e-01 -1.318703859485792496e-01 3.721817024435039589e-01 2.841834127086604878e-01 -5.799765050298301139e-01 2.050278396606949050e-01
3.311335630550173992e-01 1.331168893455683677e-01 9.311363428368618633e-02 3.542542645159854620e-01 5.021109115928168443e-01 1.309496335806878964e+00 -5.910686285421481445e-01 -3.424600609230471493e-01 2.583598281293200336e-02 -4.064701132848023146e-01 -9.437501130229303259e-02 -7.243289730987684250e-02
-7.453662894860488830e-01 7.157228074814411256e-01 -3.076819770658555941e-01 7.225808766028584129e-01 -8.718446245895565827e-01 2.892811795499425909e-01 -6.544324624495569953e-01 6.703009084468050105e-01 3.924494387677004981e-01 -2.111929482735926122e-01 2.533187724188146750e-01 1.326477673385614064e+00
-4.624297301874196187e-01 2.281961316196273182e-01 1.142319085246817495e-01 2.525562725856561053e-01 1.702048599145238039e-02 1.455044134732169925e-01 -2.382078324230942623e-01 3.133343081282159992e-01 5.373760922600664403e-01 2.219214930545431452e-01 1.016264851628116528e+00 2.435515987372984248e-01
2.817599408887515589e-01 -5.241864500200571486e-01 -7.515529271318844851e-01 -4.664362718103124972e-01 4.290424515359995694e-01 1.037843291832564407e+00 5.312953269804582268e-02 -2.095834963765946801e-01 2.292123645992491243e-01 3.310510943446807186e-01 -6.934319677172166019e-01 -2.118145817522465724e-01
2.294091832044026780e-01 -3.798915084213368432e-01 -5.429953053097098525e-01 -5.632251095372278193e-01 4.541821675733292429e-01 3.735189692577018522e-02 -1.203151411518963987e-01 -1.551465057737708153e-01 4.378842266026626295e-01 1.884027770511405853e-01 3.339982295414197222e-01 -8.766413591810165440e-02
-6.989151529182580092e-01 8.532676953971596312e-01 -2.952820293860515255e-01 5.183414076325039144e-01 2.151215577293412451e-01 1.277894277624447017e-01 4.402454922342536325e-01 1.876262868409770412e-01 6.616671474699415967e-01 -4.828702976855230866e-01 3.060404858059050381e-01 7.770361096004390067e-01
4.369394170627076690e-01 -1.664685578082988615e-01 -7.944188298132984216e-02 -1.894380427704251968e-01 -9.530199027082160157e-01 -6.356127034238510110e-01 -1.609215522520415886e+00 -2.141712604325615998e-01 2.237804558856750781e-01 5.327547642754464352e-01 -3.438749116303903008e-01 -3.200411158525280908e-01
-8.109504611594049728e-02 1.242343537499954048e-01 8.541203674910819998e-01 2.969279691554567446e-02 9.985353929396512118e-02 1.641973791706197450e-01 -4.074993006400219886e-01 -2.099082217516792526e-01 -1.160307763939852466e+00 -7.914394979532907159e-01 7.752736062488457640e-03 6.204113038753427123e-01
-1.491873770498881348e-02 1.624692946011170314e-01 7.071800846193498913e-01 1.954251824256116737e-02 5.089411167808932657e-01 -8.607746306444071793e-01 -1.691844891729557265e-01 3.323878843064780875e-01 6.422715582500487796e-01 3.819846629454546338e-01 2.222686853015205521e-01 1.685420398665221087e-01
