-1.365777747205289619e-02 7.559823563758184817e-02 -1.404921106547554477e-01 2.779712378756930002e-01
-2.913801966575978453e-01 3.596805933828777779e-01 -1.066870711437822583e-01 -2.830476646073057934e-01
-1.162104343268693647e-04 2.178540949716523956e-01 -9.595316810927197182e-02 -1.090088041219580278e-01
1.383736492056467648e-01 -5.077813816296599114e-01 3.080473665854662202e-01 8.060501772455579139e-02
1.946196634955504531e-02 2.520578964135521960e-01 -9.889714721959567967e-02 -5.597199854841010680e-01
-1.036730014129621791e-01 1.579041954801156319e-02 -2.240940570283193878e-01 5.234009198669827001e-02
1.010219404092663753e-01 1.418975217047792059e-01 -5.583889745395534954e-01 -1.577130407499733600e-01
1.321826502411796271e-02 5.227009800592771760e-02 1.751765973826337752e-01 9.967848243683476162e-02
7.363275800264978965e-02 -3.210224575361309007e-01 -9.811086742702228303e-02 2.410696567969273108e-03
2.783309640327196743e-01 -1.195997170080723669e-02 -5.940668833307900625e-03 2.085538936898275950e-02
-2.220643682849153810e-01 -6.345560107829208984e-01 -2.482474751608285679e-01 1.330851629493976229e-01
-3.438164963556568643e-01 1.938471572787101027e-02 1.295406819165323131e-01 2.094329341482410178e-01
-5.510815353225376745e-01 -7.761475471762774303e-02 3.450228852428484649e-01 -3.916429438110688444e-01
4.389328576871006325e-03 1.255175609089574217e-03 -5.980522541091453162e-03 -3.024884651677322012e-01
-1.172923614772087564e-01 4.880437818949090456e-02 -2.809963172371146012e-01 -1.016077186179340924e-01
-1.751342340247923623e-01 -3.481344623610049815e-01 4.157797696007060062e-01 8.477584959851916513e-02
-2.627609517716933962e-01 4.659360230675627101e-02 2.407030006354651808e-02 -6.919846104486340743e-02
3.230038120991886030e-01 -2.522663455973674362e-01 -9.645021330461593656e-02 -3.398414490563757967e-02
2.912830910828692610e-01 3.876732144710097194e-01 2.856810959637888225e-01 -2.156579806832208401e-01
1.503554463152937670e-01 -4.155342269171880543e-01 -3.946859300191907782e-01 -4.262707066477646745e-01
-1.747727190718633139e-01 -7.536853025683892815e-02 -1.789692531143723814e-02 -2.046564573256114405e-01
2.122823444854496366e-01 2.194593607696112558e-01 -1.904195753219914133e-01 1.338274567714194396e-01
-3.231780894107793428e-02 6.432931806928138263e-01 4.170921558661824236e-01 -8.583081599588143762e-02
-5.416467023603675074e-02 1.820930604275370346e-01 2.149168692743511772e-02 -3.346234744208901324e-01
5.044468785518734233e-01 -3.976406230807765785e-01 8.825817956185047497e-02 1.101216650015850000e-02
-8.237570260494614383e-02 9.512336414286080843e-02 1.074474465438553933e-01 -5.476706506645311334e-01
6.344911408538758679e-02 2.127056581785066181e-01 -3.559235994400172243e-01 5.004519740966580782e-02
-1.463569428427037300e-01 3.273902327160645997e-01 -1.304793307574104444e-01 3.262665762747276599e-01
4.576077736757306891e-01 -2.277950370770893268e-02 -1.758006544600824450e-01 1.917039283166372954e-01
1.228269357688169111e-01 2.344134110553589834e-01 -2.332704049177622141e-01 -2.408867025086880095e-02
-1.248365484005646842e-01 8.627264429676917423e-02 2.730128281232183790e-02 2.407687997991529022e-02
-3.234871813151381503e-01 3.565704242661026924e-01 1.541435825153658623e-01 -1.770270906830895552e-01
-2.728032400404761804e-01 1.521858827917153822e-01 -1.072643590642082811e-01 -2.575610741657086145e-01
8.366680032765638764e-02 8.770470615895915867e-02 1.701023359938829971e-01 9.747082410058012514e-02
-1.494150841023295651e-01 3.429391581945295114e-02 -1.812852095763780591e-01 4.553798308987067750e-02
1.285119858784380398e-01 -2.937659400997166825e-01 1.194067448974940882e-01 1.184176092370256700e-01
-4.108342415301315387e-01 1.103350421210484156e-01 5.951513795080652647e-03 -6.550552064682602094e-02
-2.569087017302396081e-01 -1.561296858883215281e-02 -4.705517408895380504e-01 -2.404973147255869137e-02
-1.109151410117071718e-01 3.423247436479303629e-01 5.764578705427629568e-02 -1.862159001577687878e-01
