-1.466677607549379925e+00 -1.373537198302378748e+00 -9.495084258809107780e-01 -1.915165520323047987e+00
-1.078874039146192398e+00 -1.005965973273033720e+00 -1.555915586938685813e+00 -8.110476713619598765e-01
1.330776527303518364e+00 2.138959180755091727e-01 -4.005600693122334799e-01 2.833078327853797984e-01
-9.327548873068706170e-01 -1.395152458033932952e+00 -9.328738372710692062e-01 -2.444704508298003010e+00
-1.516150001011977277e+00 -2.305167081243029603e+00 -9.277482877931834127e-01 -3.237322185898265925e-01
2.001038660044190287e+00 9.518620956294597812e-01 1.075501763201729855e+00 8.361058128582966598e-01
2.563376500857744489e+00 2.729829676093975532e+00 2.146273918010412451e+00 5.599623541646155944e-01
-7.207055098392624037e-01 -1.414378932114767951e+00 -1.440566784090202557e+00 -1.929422779084149386e+00
-1.440637166626471677e+00 -1.880307414394263965e+00 -2.278059448351251515e+00 -1.230037729117994250e+00
-6.981345128536828315e-02 -1.452280256779208134e+00 -1.024570965461777172e+00 -4.351643569373983556e-01
-9.514804517155089902e-01 -2.173578772730077713e+00 -1.463351266102403736e+00 -1.024654353800762641e+00
-1.332871583619564593e+00 -8.285519788219840587e-01 -6.385318533933197482e-01 -1.336064683021116251e+00
1.411786917262338736e+00 2.094899625522570474e+00 1.114380459599034978e+00 1.306208363588255539e+00
7.112488655969401163e-01 7.912353270993481846e-01 1.507790746332575260e+00 1.871354347956017961e+00
3.159325076249647202e-02 1.218184083628785164e+00 5.067193874827466971e-01 5.604726430309882046e-01
1.264370732447939405e+00 1.506865986199155127e-01 1.173428437200126684e+00 2.054327500044872412e+00
-1.513805308805002747e+00 -9.875172761296565627e-01 -1.075943950108524394e+00 -1.044004800852711412e+00
-1.359977736167518936e+00 -1.076648683445673438e+00 -2.597726013045039140e-01 -8.586413675767050613e-01
1.093566281976962318e-01 1.486647267787396219e-02 7.099828306676748690e-01 1.095794749925758316e+00
-1.828435849058073881e+00 -8.904425024494677654e-01 -4.109645978527160515e-01 -8.475711874195251960e-01
-9.655948738690786071e-01 -1.776468848242344301e+00 -8.134914763321783315e-01 -9.124501155346937953e-01
-2.767231956190628672e+00 -1.562701109660834531e+00 -1.761790382480807438e+00 -1.288217685030567550e+00
1.429385164538108599e+00 -2.222819772317244702e+00 5.699426836711061206e-01 1.339627462141500969e+00
-1.001797778867775879e+00 -1.101064905750239742e+00 2.313369010433797557e-01 -8.359580440495082421e-01
6.338144287200517257e-02 4.481633631035342735e-01 5.127790034441291889e-01 -2.704446588690300746e-01
-3.681780836028915593e-01 -1.116813254874569949e+00 -9.495682344128801577e-02 2.035212142582230044e+00
-6.079015615502076919e-01 1.881245484413024194e+00 9.308795076674997171e-02 -1.358814988304180460e+00
7.790855841130206461e-01 6.670866753722245468e-01 -1.350404851999951750e-01 8.104327019991293124e-01
-7.574075103952643273e-01 -1.092634329608791699e+00 -6.249010169845318208e-01 -1.891902002827464679e+00
1.383672094699084143e+00 1.514080172002783220e+00 1.516834557643609083e+00 6.317060369830423960e-01
