8.820261729838320408e-02 2.000786041836116746e-02 4.893689920528696002e-02 1.120446599600729010e-01
9.337789950749837697e-02 -4.886389399382055215e-02 4.750442087627947119e-02 -7.567860414884894707e-03
-5.378312843069411597e-01 -4.339592104019630026e-01 7.202178558043899337e-03 7.271367534814875133e-02
-4.081943696906964458e-01 -5.156648709385504015e-01 2.219316163727128380e-02 1.668371636871334232e-02
-3.748688009965343015e-01 -2.799598211156875682e-01 1.565338508254507030e-02 -4.270478696508624161e-02
1.886637194646861304e-01 -1.578893986935011318e-01 4.322180994297528805e-02 -3.710825102032209999e-02
-2.084080213508660018e-01 -2.746651201347232174e-01 2.287925865072303402e-03 -9.359192501291680594e-03
-3.458853891860905194e-01 -2.676935013190375745e-01 7.747371284845815630e-03 1.890812598010867956e-02
-3.213791360549658749e-01 -4.041984876160323314e-01 -1.739560746630763183e-02 7.817448455199002902e-03
-2.794604605746654480e-01 -2.256331832265816850e-01 -1.936634087039761434e-02 -1.511513752876677934e-02
-1.368805776962297438e-01 9.900005374679061998e-02 -8.531350953125063641e-02 9.753876976158948331e-02
-2.451694720164983021e-01 -2.357428948219698617e-01 -6.263976800249630716e-02 3.887451779159550869e-02
-1.523903183768072211e-01 -4.313525973671880065e-01 -4.477332805968378682e-02 1.934512489296310103e-02
-2.657013260530807219e-01 -2.616092055654999360e-01 -1.409111416932743539e-03 2.141659352652088358e-02
-3.979455451554596013e-01 -4.339041505286374001e-01 -3.171610468404818112e-02 -1.813705829935690836e-02
5.144058736936700515e-02 -5.161051248006436332e-01 -4.065731410222270248e-02 -8.631413011658384260e-02
-1.554921542845041915e-01 -1.372761315443231100e-01 -8.150991734830223545e-02 2.313911277628871027e-02
-5.161919706463211771e-03 3.791898019777740769e-01 3.645452810887684497e-02 6.449145537870533580e-03
-2.655307284214316055e-01 2.592386846503755282e-01 2.011708205887745293e-02 -3.424050454701565993e-02
-1.825452537495785010e-01 -6.624587750070151659e-02 -1.557762660636863306e-02 2.808267111487272247e-03
-1.921350829031414076e-01 -3.575267737913997990e-01 2.328312198652299214e-02 -7.681218431386119261e-02
2.408121328272931072e-01 -3.877044032941981966e-01 5.893897855798253815e-02 -8.996241790617545697e-03
-3.780152782032856207e-01 -1.752001597594606830e-01 -2.015884734865898420e-02 6.112225351912137228e-02
-1.627725102781636402e-01 1.868167544921219281e-01 1.781831985872009416e-02 3.532865840959741044e-02
-2.501746664529528874e-01 -4.707800370150747593e-01 6.345604635180995823e-03 2.009946817223508264e-02
-8.764653325169780018e-02 3.541971425867309620e-01 -6.352424992428667982e-02 4.846983540790056333e-02
-2.593562903763864669e-01 4.076264737075993017e-01 -2.068094903798736728e-02 -3.737274057203789079e-02
-4.196799128389194777e-02 -3.509225116498217445e-01 9.337794802132849681e-02 4.530223291376926642e-02
-2.576722496584746280e-01 -3.954417756486400953e-02 -1.340016854756902014e-02 4.012281978981976222e-02
3.425766637209229359e-01 -2.723517513734661222e-01 3.070396851730401722e-02 4.611033357832634155e-02
2.367624811922486583e-01 1.958471323428406796e-01 1.491190871030279898e-02 6.631929483435151929e-02
-3.544175484059279291e-01 1.289171775216986782e-01 -2.175767758608187358e-02 9.246318642396710030e-02
-1.382128017830918654e-01 -2.150858491477163625e-01 -3.849580372226582559e-02 2.696245956459086476e-02
2.720649956001294778e-01 -5.019943970849940346e-02 -3.179230391894404678e-02 3.382166474732498790e-02
-1.898715290504857378e-01 5.142984018178138605e-02 1.980033563308226593e-02 -5.465307543652529049e-02
-4.284295763011578551e-01 8.124539484475168383e-02 8.333674768626451665e-03 3.175157184460532245e-02
1.192013425135950294e-01 4.034449808230501366e-01 -4.564111127220793485e-02 5.585081440479264941e-02
-2.258855664531844443e-01 -1.630736858378391552e-01 -3.412080266231562031e-03 8.566713608246834255e-02
-5.670874724407208856e-01 -4.770849170584134935e-01 -4.922626221271615005e-03 -3.317391431810536723e-02
-3.323854966014946899e-01 -3.954665745404040700e-01 -5.737343262055512316e-02 -2.189100223722170377e-02
-1.016273251108932435e-01 -1.417149925180140602e-01 4.747104034628804592e-02 4.377562069259544920e-03
1.242443541321128636e-01 -2.245683750266781048e-03 -5.001076736947823731e-02 -7.723855483888059092e-02
-1.161533860748825558e-01 -2.560199199992241326e-01 4.604294118904095345e-02 1.593638264715106084e-02
-1.439950622948627246e-01 3.125763785288537822e-01 -5.171214208922323557e-02 3.407972591408135049e-02
-7.043393116374685459e-02 -1.159804584034622270e-02 -2.277662517586715937e-02 8.739579512528364508e-04
-5.082218811312437801e-01 2.202915070950159371e-01 -3.218092014164452425e-02 -1.111701576112213430e-01
-2.718671045870209579e-01 -2.920524405435556692e-01 -5.521916697142253277e-02 2.608253963048720245e-03
-4.444763342329495215e-01 -1.939650900355559260e-01 -6.464284548617242609e-02 1.335254346745914748e-02
-8.675370381483300808e-02 -2.198531121955600021e-01 2.616383302658768784e-02 -8.577316561112406298e-03
2.768187026713285759e-01 -2.881309857355533466e-01 1.081617974640344954e-01 6.682639747181960688e-02
-1.845909189712217902e-02 -1.196895887879632046e-02 5.498297979435565891e-02 3.276318653612989018e-02
3.200657630487960259e-02 -8.084780221554171975e-02 -1.216306219946781822e-03 -3.690154546028443644e-02
1.399622995216191247e-02 -4.907519482147897072e-03 4.550894540462960269e-02 1.586091075956510416e-02
5.190285578459744587e-01 1.911652349861560074e-01 -4.722231279591251885e-02 -2.050248466012742632e-02
3.964128402265265083e-01 4.907840836690210429e-01 1.129654475345426151e-01 -2.112857583032134827e-03
4.333547317768039475e-01 5.541319637391868280e-01 -2.317979873230471138e-02 2.407407368867310951e-02
4.037928773887613509e-01 5.271174618476412999e-01 7.825326898268779308e-03 1.160905181001378912e-02
-7.751624339323407442e-01 -7.289994746484087518e-01 -7.120304544912657574e-02 -2.466599416810970336e-02
-5.096244160996839939e-02 1.292330107356987612e-01 -5.780912159109563575e-02 3.905990508549966878e-02
8.069034595088094841e-01 -2.846176210093059877e-01 2.131293653890505013e-02 3.384540175151228014e-02
2.571389498238281779e-01 1.975429541301459702e-01 -6.644028879347781830e-03 -1.488954397008641732e-02
-4.093856212647077331e-01 3.277943823537680101e-01 5.761657823915600218e-02 5.398092960184106004e-02
-2.176606224162272729e-01 -6.497698693194076114e-02 2.605324382263793023e-02 -2.878939849065330694e-02
-1.929751834985955761e-01 -8.607944475056458766e-02 3.457693755350933068e-02 3.473745718280029510e-02
-1.592798999551537920e-01 5.232842376980829657e-01 -7.914691986675409519e-02 3.051896895536026014e-02
-9.927759633506756665e-02 5.436573046625171879e-02 -2.981570192252540677e-02 -2.628364813477314377e-03
-1.180772872978830684e-01 -1.521503033947237959e-01 2.619455119171028301e-02 4.421104352233070321e-03
4.544770008758280966e-02 -1.631725732703424303e-01 1.995231728200651256e-02 -1.386296378213325020e-01
1.002673123950413719e-01 2.476288857597657989e-01 -3.262042911935100070e-02 -1.954766875938005605e-02
8.440643440632947248e-02 1.003223238811735557e-01 -1.015342233890747237e-01 1.032246430679659710e-01
3.171960886559389570e-01 1.855291910098988140e-01 -3.460249238921955794e-02 7.681885271228988676e-02
1.431718444461397947e-02 3.044219172377253882e-02 -5.226266830734774271e-02 6.055726448413504409e-02
5.031687694565950553e-01 3.759100548072366044e-01 -3.140437798207895009e-02 -2.405135592303938794e-02
4.912883926837265935e-01 4.247957484914652304e-01 -6.797485033916041662e-03 5.684456813013476911e-02
4.886248385742780753e-03 2.914768398766467983e-02 -1.997245146314376163e-02 1.850279439237593679e-02
-5.123400060868135153e-01 -6.261172485910392327e-01 -5.908202256428488237e-03 -3.400891019984252084e-02
3.450412470156374867e-01 -6.071615036621983430e-01 -6.671292357013768048e-02 -6.733587528987776405e-02
3.468865763450662554e-02 -7.978671907313345663e-03 -6.685077983421958657e-03 5.388719029881314238e-02
-1.420664141995841567e-01 -1.687073042012618429e-01 -1.924399045906377559e-02 4.717579465853700624e-03
1.610675491754427757e-01 -1.391433656022771914e-01 -3.081320104782370520e-03 -5.365263814558735023e-03
1.980113215122998871e-01 -3.476645320869044542e-01 1.372581788619697644e-02 -4.454575414977639952e-02
6.618737021578300350e-01 9.941146245647056179e-02 -7.883350808190794576e-03 1.128361748649104740e-01
-3.523501379281168688e-02 4.716303624847473924e-02 3.735941671023159522e-02 -5.944724776018681101e-02
3.866264887012998974e-02 -5.919403200966588674e-02 -1.329586118998370425e-01 3.031597621796904007e-02
-8.779452917188597383e-02 2.254672309029574426e-02 -3.420054488686082722e-02 8.297753980949361396e-02
5.405737101766832087e-01 4.407043646979637019e-01 -3.439188055143412026e-02 -6.070387015470603276e-02
4.869819933195972395e-01 4.998873814592075249e-01 -1.823467721958426865e-02 7.835192763618199427e-03
5.776298601476644035e-02 6.431055580266636928e-01 -3.820719619532215311e-02 -7.188957369007892284e-02
6.822659240512356227e-02 -3.447245922749688635e-02 -3.261467999675096013e-02 -2.605946561505554510e-02
-9.215347750783242642e-02 -2.389870020202433665e-02 -2.398279070039738281e-02 3.101791491717562771e-02
3.492285745536680142e-02 1.885444543134670169e-04 4.659241870571518424e-02 1.699824919006310067e-02
5.466889398776025866e-01 3.546825681264307306e-01 -9.532674679069968321e-03 -1.974247570167251761e-02
-5.457450883393409613e-02 -2.172111877584595729e-01 1.402208526581479910e-02 -4.965618054647903679e-02
2.363072275615530904e-01 -2.268074051090579468e-02 2.474749082504537102e-03 2.469183881404781941e-02
-1.672788225727559197e-01 1.608567696246582523e-01 -1.034518380819858703e-02 4.400894560403911804e-02
-3.722907396302227445e-02 -2.310681961742866997e-01 -1.127782114701094685e-01 -5.112534218178017842e-02
-1.655100795763534416e-01 -7.752955689474873291e-02 -4.927553688420753530e-02 -7.359175037317934598e-02
-8.466864688913254555e-02 -6.610119749579808357e-02 2.836451389263347153e-02 -1.113375502575772447e-02
2.808354087360793727e-01 2.612008100781267397e-02 -1.459186813739314116e-02 -3.807461059058116909e-02
1.306823493399071889e-01 2.042270402503060245e-01 7.332893577870888691e-02 4.262759697306160028e-02
-1.924148316928437630e-01 3.165291249568776694e-02 3.833315908225430613e-02 1.781464087361444779e-02
1.848754585174996190e-01 -3.176967907907383287e-02 4.072599112439331814e-02 2.946279459081498076e-03
4.181304106864214970e-02 -1.829982383570033511e-01 -7.232673497816939634e-02 4.001489746700137573e-02
2.344525155358010426e-01 -2.490349232527406826e-03 8.663605934595666747e-02 3.422505534295951918e-02
-7.497174577477952462e-02 -1.298609779393086749e-01 7.599974303828864464e-02 8.597946537080973506e-02
-3.321092664496798630e-01 1.115440027208055157e-01 -1.047301535603072375e-01 6.186095711675328873e-03
-4.279210636875926954e-01 -4.014805301977650842e-01 4.715230436612589254e-02 -1.369838583594778225e-01
-2.776618070122433002e-01 -2.577505064425829606e-01 -2.334227730263812792e-02 -7.084530565631297350e-02
3.722797109440911800e-01 -1.981060421477212063e-01 -4.855522852222423497e-02 1.574086022579119018e-02
1.181998620436858632e-01 -2.170139387568794653e-01 4.002824017154984343e-02 3.913008758083067612e-03
-1.899842072355531486e-01 -3.691543896363236321e-01 -4.296538348580636497e-03 9.714646902288584518e-03
1.949811975948519127e-01 1.910150196707610937e-01 2.287078031104954057e-02 -4.823060068668642147e-02
-1.736015440016644984e-01 -3.206928817819339195e-02 -5.273142319925069876e-02 4.101239186623406585e-02
-1.534495458656181255e-01 3.052952072337158373e-01 1.694520626079722841e-02 1.010521780742398845e-01
1.977802141240986578e-01 -9.938583188093623455e-02 9.965009844823260327e-03 -2.530177048083294931e-03
-2.992910312488621938e-01 9.845531047349599663e-02 -2.195947609010739932e-02 9.066921460891065251e-03
-3.145005303270168029e-01 -1.490049568918344891e-01 -4.802521908165740400e-02 -3.965586813538358318e-02
-3.340196889252101120e-01 2.828666848033281611e-01 -1.008203313899880132e-01 -2.697273166872507164e-02
-3.845635676226351052e-01 -1.407655989640750338e-01 8.694363387272555088e-02 4.971971956577495022e-02
-4.625308584707121251e-01 2.650997441341506056e-01 5.642970322572842673e-02 2.480004731719811020e-02
-4.775271685735179017e-01 -3.464112796832072294e-01 -4.543816229795265976e-02 -2.121588104889507442e-02
-5.172128958364339418e-02 1.677000445282596786e-01 7.566640412866026955e-02 2.765660321037920200e-02
4.049957176715304197e-01 -3.470779122022110696e-01 -5.149676416544882868e-02 -1.749716822945523650e-02
2.997842868937422578e-01 -1.816382496341577280e-01 1.348112026281789999e-01 -3.696233314020757037e-03
-4.808709951798709747e-01 2.688406819268330805e-01 -5.090209376436824473e-02 -3.892737797042538153e-03
3.710487416468666866e-01 -4.637984578567624361e-01 5.481734228328993125e-02 -1.171079006722682697e-02
-1.915557145618522195e-01 -4.008467653410530129e-02 -8.163172631172477267e-02 -7.838838621542271179e-02
-1.061491858039288472e-01 2.662586414267047175e-02 4.476301364449650211e-02 6.874820331964949516e-02
-1.935637094142990122e-01 -1.660252288534197485e-01 -3.300281600670414844e-02 8.790947664801400038e-03
-1.587549647996040203e-01 -1.925300904544448577e-01 1.421398354036073133e-02 8.713343903278156222e-02
-2.985390672277098492e-02 1.203385084506597147e-01 -8.406091077472167827e-02 -4.444856790477250130e-02
-9.945319412270661741e-02 2.269322432950552637e-01 4.683712317676286263e-02 7.061638530187215601e-02
-2.716585673020374125e-01 -2.389593761880798028e-01 -1.119802029330868448e-01 2.007495275451437466e-02
3.561796307729593325e-01 -3.347047851742976921e-01 -6.398445866021197637e-02 -2.927156021388863105e-02
-1.502967329200571855e-01 -1.245650507374695543e-01 -1.014484203833335325e-02 -5.494138965465690007e-03
4.184232054723090871e-02 -3.499718360805467721e-01 -1.210099149351097532e-02 7.591305851778527847e-02
-1.923227115712589086e-02 -2.219180465775989070e-02 5.390986518571189157e-02 -1.279592333172048235e-01
5.906893006441429894e-02 -3.159518790025836465e-02 8.196428622629332167e-03 4.816067796059841574e-03
4.712340596101968759e-02 -1.337973731176738540e-02 -3.390128907822251986e-02 6.489228953255493648e-02
-1.182086908570590122e-01 1.016709085262162537e-03 -6.739627113145602033e-02 -3.807866941282794793e-02
4.618719502069879579e-01 5.541275996602234022e-01 9.753484857569058933e-03 -8.907814278527957652e-02
-1.225083945059540352e-01 4.998916953434339172e-01 1.773788465566090641e-02 3.084432771966394080e-02
-2.352822214023594927e-01 4.002170138825313916e-01 2.268909563178420075e-02 -9.148702055022657487e-02
-9.961931981306015871e-02 -1.092150265184341634e-01 2.949399103672597708e-02 -1.819294049853949560e-02
-1.598217746106538606e-01 -3.530935340896543956e-02 -6.552700577070616830e-03 5.665399397798609460e-02
-1.477636724863014006e-01 3.038914657307955069e-01 -5.699012277133870541e-02 3.924787606202501111e-02
-1.529793278690279312e-01 2.582388315014255697e-01 -1.084747849683245086e-02 2.226966254473986689e-02
-8.816774071511443781e-04 -2.401293022686970535e-01 2.716559456937598510e-02 2.195214788360212721e-02
3.543682280240174620e-01 -1.174902050518192992e-01 1.758900553406791620e-02 1.896177667677934053e-02
-2.354170776458077135e-03 4.054998605671970846e-02 -4.650782512621606801e-02 -8.929454604366457784e-03
-6.777401751616146663e-02 -9.652800650653744216e-04 -4.721842454121469301e-02 1.190515739161560754e-02
3.420373802657200035e-01 -1.284116977297422857e-01 -5.524470253296391749e-03 -8.303499059346317046e-02
-1.685750412008461541e-01 4.461437532696141406e-02 -8.711780989046152834e-02 -6.516213770561578300e-02
-6.409904207865853298e-02 2.931680064695191823e-01 -6.595431988998353388e-03 2.023809060202487464e-02
-2.502283525550675902e-01 -2.155518826392529286e-01 6.429920035401465173e-02 -7.534991991071360307e-02
2.733111747635077471e-01 -2.620514558518511894e-01 -1.121294671258201738e-02 -1.511248652275350157e-02
3.165784452553838113e-01 -3.952892820914856165e-01 9.166959962880062707e-03 8.354715163944287371e-02
1.979341866172976694e-01 -6.874697474536263508e-02 -3.436495185783317724e-02 -5.873727320905574277e-03
6.729951304576091697e-01 3.456542531747809344e-01 -2.269020205260005585e-02 2.016322700816234118e-02
4.700538322447142536e-01 3.733260733014180932e-01 4.101608986307109239e-02 6.799742708397421564e-02
-4.519100363847340998e-03 6.837986199033567469e-02 5.172049432407591074e-02 -4.981063201855331218e-02
-6.089692557965754871e-02 -1.524818189272102165e-02 5.144677462974271004e-02 -3.614350378000245369e-03
-5.662744148053712179e-01 -5.640874181042861979e-01 1.434522440016731959e-02 -1.160297137895370811e-01
2.716180712449925982e-01 -5.045389226697526153e-02 1.128043272355518968e-02 2.248560501159962977e-02
-3.363780446149086667e-03 -6.591979348223671320e-02 -1.853520016102267257e-02 -4.728078977781457332e-02
-4.663704553971889655e-02 -6.315341745511376947e-02 2.262445463198231935e-02 4.894807270631355151e-03
-2.240826813403540285e-02 -3.246689638651940879e-02 -1.171155251072608563e-03 5.395973640562445883e-02
1.711941356796415903e-01 -1.489019415791823231e-01 -2.728559870088911876e-02 -9.422929224897239053e-02
8.416254964445420150e-02 -9.830686674614845522e-02 1.097547778965226456e-02 1.965314669900458319e-02
-4.694907863388926572e-02 5.085104957066223508e-02 7.114917482580530861e-02 1.980432924782801057e-02
4.169678288064133653e-01 -1.595162030683700688e-02 3.776978478316692089e-02 4.337037056774589727e-02
