9.972255250084478828e-02 5.786803950714428102e-02 -5.842023920081550886e-03 -3.444674472572012425e-02 1.259278330274741786e-01 -3.845619882319353811e-02 1.413088991182398155e-02 8.164035841855944720e-02 5.807759928795492785e-03 4.282902377541115274e-02 3.112512324494647389e-02 5.663017259112679974e-02
-8.251907139103945021e-02 1.710335656070739729e-01 5.389731232982514220e-02 -2.277767768834177559e-02 -1.141712541762662930e-01 1.874308256463568800e-01 6.682326052944827233e-02 -2.909629033207704676e-02 -1.476923412617121290e-01 3.146297028093161807e-02 3.730336635472039641e-02 2.140024738581841439e-03
1.339589468454331356e-01 8.660874582806335140e-03 -3.538142355612493295e-02 -8.456576706188553838e-02 5.734545288717159128e-02 9.345131339449508356e-02 6.681632391885256039e-02 2.497537435394363570e-01 1.467902789768714134e-01 4.583940645741818587e-02 2.237615828611896202e-02 2.397006965189481427e-03
9.728217358496740741e-02 -8.468629227577047225e-02 -3.133589791843927053e-02 2.234273497953635779e-02 4.303466447957599722e-02 4.736459011488772936e-02 -3.705407163852711752e-03 -1.011477921134446289e-01 4.674954091187139005e-02 2.218300600695173319e-01 3.478537881105112084e-02 -3.468973246031666069e-02
4.345938683970708774e-03 5.444628717661248452e-02 9.772223611025838974e-02 -2.719527066284743722e-02 9.870055045486171574e-02 -9.500261030544476803e-05 -7.786177062443688790e-02 1.812746463107088035e-01 8.289807423042619763e-03 -7.645314593273470904e-02 -1.052267961789861844e-01 1.625110844537173416e-01
1.488817237128400028e-01 -3.412561576372111910e-02 1.026752867686754056e-01 1.251265527030337443e-01 8.667816719388557467e-02 -6.609396045817061971e-02 1.129801960773482161e-01 -3.933913997981251798e-02 -2.539796598214189710e-02 6.882055182526181092e-02 5.279771798476904504e-02 -1.312113263240191098e-03
-2.318851040486171952e-03 -8.402640995245097555e-03 -4.720260548634065689e-03 9.646776886287358743e-02 9.842492243665210139e-02 -2.660800409005451353e-02 -1.719141854225531355e-02 -5.134114201299906644e-02 3.143655386397846419e-02 1.008854340167910368e-01 4.908050359516662187e-02 -6.769270998353919822e-02
9.319653074341519017e-02 3.548167407595487211e-02 -3.483825130313090990e-02 -5.333994675618143610e-02 3.738366412150393586e-03 -2.730969462753515820e-01 5.401836561806760972e-02 1.219594417532223751e-01 -1.846812725311818004e-02 6.947802020902768549e-02 8.573263652406459823e-02 3.312657958713167983e-02
6.348884071019825215e-02 1.625288154811319052e-02 2.262744141053090255e-02 -4.148474989567960125e-02 2.649370639105068370e-02 3.355432954017203290e-02 -1.920221177319474948e-01 -9.478381213224038038e-02 -2.716349068147676932e-02 2.371003623168298907e-02 1.471184493290071844e-02 2.531977357587308353e-01
-9.723655431308561581e-02 -1.505575434148010740e-02 8.574400915890653674e-02 1.591313302011415076e-01 -3.204687189060947961e-02 1.570575300892046999e-01 8.161886771225673742e-02 1.128087520599460047e-01 -1.122074900751574844e-01 2.130204001070779701e-02 3.198332292313158659e-02 1.641078990539167060e-01
6.856412611001977409e-02 -4.676428791332268298e-02 -5.787008182021178421e-02 1.305587797202196199e-01 -1.630979965064233150e-02 -5.485588394578347349e-02 -6.586301018461510060e-02 1.151610542953306060e-01 -6.227070448574549555e-02 4.207751368079646476e-02 -1.650745802694966735e-01 5.326105146102234206e-02
-1.559834915085581489e-02 -8.962681457589108391e-02 6.895987654555238433e-02 -1.818367350084693357e-01 3.761152365304688827e-02 2.454938846039306580e-02 1.205569935956456173e-01 -5.980042528945631736e-02 2.706770063171851440e-02 9.077754799550563289e-03 -1.904620302619576544e-02 -2.882734165386153374e-02
1.659986517843103221e-02 1.676964964220223689e-02 -7.744628325531802138e-02 5.145048501384797551e-03 2.742666655974166159e-02 -9.988460351517605695e-02 -4.912494220226358566e-02 -2.562171119727885485e-02 -1.489682127111521814e-01 7.025247492249292458e-02 4.087893039089063318e-02 -3.651718829432110819e-02
7.802995228023355823e-02 -4.269799782927771563e-03 5.824673123974649820e-03 -6.187926433017010286e-02 2.041153100501582607e-01 -2.666434756219425786e-02 6.813311554988110003e-03 -2.684517395231948017e-02 5.518667565601127756e-02 -3.887310274888018755e-03 -1.877751340457003704e-01 -8.695343603494232188e-02
-4.285082655384482575e-02 1.219267318213694412e-01 -3.718453900940293239e-02 -5.085241051586378291e-02 6.905742746206480764e-02 1.121012001331101737e-01 5.930001890645306140e-02 3.033074265759442417e-02 6.800713747613151838e-02 2.594675622496543654e-02 -7.875431174903066434e-02 9.414636384997820961e-02
-2.993671525412899825e-02 -6.182144044318398091e-02 -7.098118048860282969e-02 8.491840910771837614e-02 -9.529685433403368294e-03 -1.023653119307056658e-01 -1.318784936559422027e-01 1.826961307388316746e-02 7.191749389679142138e-04 1.169717465411974633e-01 1.118453486843167810e-01 1.920521055004261179e-01
9.994823897829020753e-02 1.215384161605584379e-01 4.797705831463655590e-02 -8.261804735754829654e-02 -1.326246400352831811e-01 -2.271755168631387281e-02 -3.405134806559445559e-02 -2.160371766706760122e-01 6.374314794709529108e-02 -5.311346891316865576e-02 1.926874569052708097e-01 -3.580256078161882932e-02
9.007592678029058275e-03 8.731321680299447552e-02 -6.701196622965191474e-02 -6.626096609626694334e-02 6.012572858854020597e-02 4.880236086297359832e-02 1.091407513006296126e-01 2.839970153177757278e-02 -6.291242902149515870e-02 9.296521881551973732e-02 1.840639673312549074e-01 -8.516113332871816377e-02
-2.784350091084807424e-02 -2.251393684100078119e-02 -8.816694339840139283e-02 2.312559673229329718e-02 -1.295722691154984618e-01 -6.845981886117036286e-02 -7.732984764758954466e-02 2.878524969750187457e-02 -3.577304157041547028e-02 3.961742399058870712e-02 -4.488083146916561905e-02 1.133702435724516233e-01
-4.480426159757146254e-02 1.088799991275044843e-01 -6.707055035092081285e-02 1.940386803505494973e-02 -1.634637345829895866e-02 -1.497926103867738834e-01 1.461787741572592170e-01 -3.355724988202873210e-02 2.987777650059439405e-02 -2.626420667293959121e-02 1.358733918095909043e-01 -7.526369452266964966e-02
1.919870513358826192e-02 8.332830867644311357e-02 3.775100003405459231e-02 -4.382202030596078768e-02 1.411565899056144435e-01 -1.192285467201184140e-01 -7.251489852823951934e-03 -5.567402485552478547e-02 1.886057187985190967e-02 -7.216903232390725793e-03 -3.652784078877421153e-02 7.093627659382885364e-02
-4.858429469160819442e-02 -8.726489544653767694e-02 1.741151617522656292e-01 9.298723094060953875e-02 1.138586001203893694e-01 -3.994417673212855013e-02 -7.598655003886915782e-02 4.241672107937006359e-02 8.644347369502074913e-03 2.888899703068309455e-02 6.894121528652503300e-04 3.642441139087600199e-02
1.200124170222633714e-02 -5.601834614163944681e-02 7.518879936553378440e-02 1.299581321440874127e-01 -1.095761614649566618e-02 -6.462191723805858941e-03 -1.396366601154519493e-01 8.362424119163758274e-02 -2.280621070543260159e-02 1.079099046532192574e-01 -1.858134105178663176e-01 -5.168458501897997548e-02
1.036659836986291855e-01 2.099953305318260494e-02 8.353069974196375425e-02 1.779703614307861503e-01 1.260231331585353037e-03 4.430223049885165937e-02 4.119245025117353881e-02 1.115549325299531047e-01 3.850050207977548378e-02 -1.289838313478617049e-01 -8.079137762820522151e-03 -6.289030661784233978e-02
1.657051072690612220e-02 1.375437425468606090e-01 -1.126311591978476981e-02 -5.173746873787396505e-03 4.605761232293487106e-02 -9.865373943526542511e-02 -3.820074372387842476e-02 -8.561334168269324474e-02 -1.675440403122157584e-01 1.449196032085316443e-01 2.091318559767878782e-01 1.634942175619200078e-02
6.336546337899297276e-02 4.810425744272509713e-02 1.046495927404689358e-01 4.462617307500041375e-02 9.125969862379693098e-02 -7.536785418711736129e-02 1.208464616409706399e-01 2.076916141653795678e-01 1.889942141889635815e-02 9.032209372586838536e-02 8.279027839315834802e-02 -1.572450074682145982e-01
9.890948643310770727e-02 -1.468293265205992126e-01 -2.524135860547467754e-03 7.363812387561051442e-02 -3.874967896519732058e-02 -9.099718213252575016e-02 5.619074876959052195e-02 -3.542260306234559092e-02 -1.165595448278091209e-02 1.373811490554615045e-01 -7.601972978333847164e-02 7.562656940980728992e-02
1.147138355520592873e-01 1.480261647344133236e-01 1.781804470848560584e-01 1.144735681698385577e-01 1.099478690888104487e-01 -2.488876718628721309e-03 3.080775040562360248e-02 -5.874075919762164477e-02 -1.498686598291954115e-02 -8.729479867945490190e-02 1.676094115758508529e-01 2.409862508370839151e-01
-1.961027476622828267e-02 -1.092754334086357311e-02 -5.696693298171865566e-02 1.110271411167443462e-01 -3.620886865118161380e-02 9.852122295577082911e-02 4.507872918826989067e-02 -1.812129426313247027e-02 9.495523299321154131e-02 5.400519742249934585e-03 -8.203879596921875850e-02 1.079089902405774570e-01
-1.577927624028234443e-02 -8.295692132736387503e-02 8.976313336548549793e-02 -1.501042903483649771e-01 8.083596128210050746e-02 -9.588086131839995696e-02 1.525818287581212351e-01 9.961870405858587463e-02 4.071584472390472886e-02 6.718217279194006741e-02 -1.474822698219035479e-02 4.934610003597122985e-02
1.606975433287748112e-02 -1.794996944820347051e-02 -2.686818622912007237e-02 -3.517496455316086734e-02 -9.556882013181551561e-02 -3.253770830942080000e-02 -1.713429833112038031e-02 1.377069166721417437e-01 1.501818123611385336e-01 5.079134250666798162e-02 2.359152749995421794e-02 -1.236403862923164121e-01
1.282622396484927874e-01 1.977616023589475747e-01 4.592377539597282399e-02 1.001712616332573191e-01 -1.600947045326114870e-01 -1.377882723918253949e-01 -4.590126699175246100e-02 -7.526674162585283469e-03 2.518962552294661261e-01 3.164815561849161629e-02 5.076743307420700235e-02 -1.204320973940121997e-02
8.976392876431700529e-02 1.150011335306855287e-01 9.633572904059861663e-02 6.302220763756576083e-02 6.985095301142615898e-02 2.300405363425715721e-02 6.967108081525992536e-02 -1.124229566378296546e-01 -9.433279255912238592e-02 3.940833791527179053e-02 4.143445930868093485e-02 1.027666508482680541e-01
2.312051145829505452e-02 -6.054927140357274640e-02 9.747367862243540293e-03 -9.364050257233710872e-02 2.309037934707928313e-02 4.874348076929529983e-02 -1.574351861729710728e-02 -9.489942304314846755e-02 5.626029482725811159e-02 5.049486777442638991e-02 -4.806331848253726780e-02 -9.196125123547471691e-02
-2.987637363227632625e-02 3.763195595444594754e-02 4.252625267251249064e-02 -8.877742082091270512e-03 1.590333843572631651e-03 3.931193430558926893e-02 2.021801713009250406e-02 7.744381395397548218e-02 -1.772785481548815600e-01 -7.666646302167293148e-02 4.440827289847796427e-02 7.288403974749856074e-02
7.967362684597889544e-02 -3.518218474421522246e-02 -2.141494863595314047e-01 -2.174454384235877200e-03 -1.509228690598986844e-01 -4.849686651782673941e-02 -8.058530645658987593e-03 -3.522402209466823919e-02 -8.279367449647476174e-02 -6.736742656899930015e-02 1.135150218271977485e-01 -5.472158715185519717e-02
-2.213418777369030588e-02 8.425310916392121652e-02 1.175701225037878613e-02 -4.049900624104033064e-02 -1.395790144618740680e-01 -1.983459072511112309e-02 -5.595122545915177242e-02 6.995032564348438453e-02 1.254301226322080964e-01 5.391259310785204845e-02 -3.969169362078435459e-02 1.389552948655807252e-01
1.200613509364388543e-02 -8.102702255799058839e-02 3.096397777244522254e-02 3.228993328561913234e-02 1.322742276151027407e-01 4.259565217593061504e-02 -7.388360507830987745e-02 4.425188849952497311e-02 -2.062991926251803165e-02 3.616769278502964674e-02 2.543893604584894497e-02 -4.865442797627915310e-03
3.657075321220580599e-04 -8.841122941358098286e-02 -6.790268841978611136e-02 -1.203504502773125179e-01 -2.993108900238021508e-02 -1.558951131165644544e-01 1.129710680177475474e-01 2.025564463383892899e-02 1.400286674534937520e-02 5.790306764375136028e-02 1.084185337541722915e-01 1.365688016061781390e-02
4.173184276092069267e-02 -4.884013936925707400e-02 1.453535951512247015e-01 -1.288705761866829058e-01 -9.891430726778917965e-03 -7.186335254297884778e-02 -4.813572143850631396e-02 8.729023317730214351e-03 -5.806011076472659266e-02 1.835290828255880038e-02 -5.895794102069464027e-02 -7.492006088040731315e-02
7.125721246158966959e-02 5.843093070798503763e-02 7.419944790762174336e-02 4.842065082205521120e-02 -1.403735009471912716e-02 8.696047471822572483e-02 -1.364550333806774547e-02 -1.260471664820600191e-01 2.995733742162292549e-03 4.726314486037075380e-02 -1.829471128981470518e-01 -5.205744324181466043e-02
-3.664295778607615239e-02 1.650741730847452848e-01 -5.053208556976548915e-02 1.059616748414735077e-01 -1.096210229899504673e-01 1.543932196663996281e-01 1.118715304546915035e-01 -1.423671440417873663e-02 -1.385915861155940232e-01 1.195324020530071918e-01 6.619930264667017727e-02 -6.494571415758042254e-02
-4.033229533651749854e-02 -3.089032618049338333e-02 2.756100689982043245e-02 5.168509799328079024e-02 9.764004036820641760e-03 -1.987504021095615019e-03 4.975131843872741821e-02 1.105366489431196600e-02 -1.590626167387507173e-01 1.211365179122731728e-01 -1.158180416023457324e-02 -6.589550535670021802e-02
-1.457777793538712063e-01 -3.785329997917371431e-02 6.248410728392657376e-02 -1.232477801445628074e-01 6.421818337863427484e-02 -3.253608026665226471e-02 9.282852498046875733e-03 -3.707505891404232895e-02 -2.449421046975128538e-02 -6.424845279328919578e-02 -4.322326970020037851e-03 -5.363503281118423005e-02
-1.080720888943709351e-01 -5.754305674327153675e-02 2.137825757069993643e-02 -7.110275004928125198e-02 -8.908004762568140500e-02 5.732753588681058915e-02 -1.259745465424009711e-02 -2.968992920792918114e-02 6.651949597975817530e-02 1.420637075430297193e-02 1.595300122854917957e-01 -3.104191202057005397e-02
-6.720617477266091488e-02 1.311422155822857816e-01 -8.611310023346588349e-02 7.519642172543947178e-02 2.996295192727338810e-02 -5.613131425392781787e-02 -3.855044264601530102e-02 -2.759193339544405849e-02 7.816078405230550419e-02 3.675513013899989884e-02 3.047618381633202325e-02 -3.464310879130661630e-02
-3.965897794393895975e-02 2.217762828906882366e-01 6.720743692704897465e-02 -5.618224064899313835e-02 -6.009853372722055026e-02 3.335179585441967048e-02 2.762147055001724222e-02 1.501808933895398268e-01 -4.175147729885496373e-02 2.253874617169833797e-02 5.587283221651345895e-03 -5.099507876674642254e-03
1.014849764726708306e-02 4.975939806648942490e-03 -2.522487832481023345e-02 1.771716420920050328e-01 1.080663925308439910e-01 1.187631411835161355e-01 -1.496350037854100520e-02 4.128854892322827985e-02 -1.744090956456173513e-02 1.344417454876774276e-02 1.113083091563156352e-01 -9.291646089791209383e-04
1.108345178687945715e-01 -9.555428376675884072e-02 -1.411746378046587098e-02 -1.015692178735008722e-01 3.775567207123665947e-02 -1.624144009773626496e-01 3.679863815625740442e-02 5.181792969246120165e-03 3.654227326914194496e-02 1.527380057670839619e-01 1.143208925229819567e-01 4.396201234310366524e-02
-7.616643933966901758e-02 1.115885697427133616e-01 -9.206908347958808747e-02 -3.382452133607249944e-02 5.516172490683644153e-02 -4.963006768430073407e-02 -3.611066023974272149e-02 1.610449832301242834e-01 1.283262244945880537e-01 3.734598489630313461e-02 4.320888975478865551e-02 1.214674526637636032e-01
7.965982096046012040e-02 -6.334479244540959508e-02 -5.430490979313963747e-03 -1.367725872552402744e-01 6.283109555393941170e-03 2.740807166384287910e-02 1.160035562787682939e-01 2.882193407480942299e-02 2.373361524922468560e-02 -1.893578032530237598e-01 1.841744187072918981e-03 -1.682040409641096662e-02
-5.518319144373715762e-02 5.932882340049754066e-02 -1.540989907405208165e-02 7.859888318921770534e-02 -1.403859346465696767e-01 -9.770689550965469539e-02 -1.081691355037594643e-01 5.255942933164981651e-02 7.654880373445761832e-02 1.031339177103235971e-01 -5.114276572173703794e-02 9.856259667289014870e-03
-6.733072436100190350e-02 2.147218821770899289e-02 1.024206793207051158e-01 1.268717293616538067e-01 -1.059909123283156729e-01 9.375795169779212179e-02 -6.156169092555420497e-02 8.119667450045975343e-02 1.154631268061203850e-02 -3.867616772559530347e-02 4.261073198326729983e-02 1.924992855338355721e-02
-4.275545868806885502e-02 1.198969253192816720e-01 6.907219501129671646e-02 -1.592815933816563723e-01 -7.879124597032294286e-02 -1.493332931552111831e-02 3.336219543899796025e-02 -1.094162196759302652e-01 -1.533786218354633510e-02 4.243196446869294119e-02 2.778894296269298139e-02 7.987980984150860886e-02
8.064725403618649979e-02 -9.606063339559307857e-02 9.374370725159693329e-02 1.510183731693363895e-01 -1.826229190348270248e-01 -1.616353173005892208e-01 1.572465624605939583e-01 2.136079023509165897e-02 1.661653628906330227e-02 8.346027569714505046e-02 -6.685708006134641335e-02 -8.124373624853425957e-02
5.431488000958341333e-02 6.723596497129917526e-02 -9.851455670352428362e-03 2.950362660224558481e-02 8.131248384629098658e-02 9.574095951960305551e-02 1.198091237418393434e-01 -7.307007839664500515e-02 -2.323314903947737431e-02 -1.251391320646046690e-01 -1.044316465217760143e-01 7.466044126610514586e-02
-7.034235752402778763e-02 1.047983528658106289e-01 -1.003792680962294417e-02 1.735185953818101090e-02 -7.104701317244063730e-02 4.753799370494957849e-02 -1.042141872463369784e-01 1.351703630177034099e-01 -1.442957119578346381e-01 -3.273933893132938144e-02 2.876730657038616135e-02 -2.795578002674586199e-02
-6.312273467534687543e-02 3.823286637821120271e-02 8.040789900630943010e-02 -2.847525473017161260e-02 -6.648665178631396611e-02 1.584746073360722707e-01 3.549805630593895478e-02 -7.527999693404083259e-02 -1.806739275584489171e-02 4.488325476534660297e-02 -6.963271818897834309e-02 2.045677895879051758e-02
9.672282503576169407e-03 -8.874986423509929889e-02 4.258774178064520660e-02 -5.072695944529002215e-02 1.131927112197531893e-01 -1.859797740957140101e-03 -8.138869437541795815e-02 -1.132234370681739488e-01 -2.366056784800159990e-02 -1.351409927466584726e-01 1.696569594084249011e-02 3.813596091075777128e-02
-8.476343982698153479e-02 1.547411160907158911e-01 -4.865471156258653618e-02 5.814700070929365583e-02 3.437482080903579706e-02 9.062319300829693725e-03 9.601790711576208004e-02 1.342351227014660087e-01 -3.817311250122931710e-02 -9.173956043017039708e-02 2.250364813072747508e-02 8.016783661203303463e-04
1.357924627298885863e-02 -7.762653921961756506e-03 -1.001795596460660909e-01 -2.855313839359983202e-02 3.167023297764477024e-02 -1.187106734592343893e-01 8.546545836846804536e-03 1.036595496310123710e-01 -9.430374722866714798e-02 1.238741321342308188e-01 -3.060767202472160220e-02 3.841810416036280096e-02
6.513708975274909441e-02 2.211139364516935268e-01 -5.023695811972952313e-03 8.847404568393393842e-02 1.445610682860131932e-02 -1.969570953705889957e-02 3.170890245120201734e-02 -2.006660290759085946e-02 8.590131423106192599e-02 1.036864003950135893e-01 -1.533494654109892469e-02 1.068204019063404564e-01
5.411494909969838396e-02 1.363216425584326263e-01 -1.683839218010623195e-01 3.510864104471178582e-02 -1.116461541979695271e-01 8.453639474455579284e-02 -4.174456481327679103e-02 -1.045898375977905026e-01 -2.124796899998034061e-02 -5.681520127349761612e-03 2.577687428855835461e-01 -3.549728292512448202e-02
-7.442234290611260406e-02 -1.611139140312552870e-02 5.353449485369236871e-02 -5.714841401533147375e-02 1.295517439985144348e-01 5.100794637935979203e-02 -4.078495837337758195e-02 1.255224429886876436e-01 1.640685967827409941e-01 -4.614683133110409480e-02 2.595001825965161449e-02 6.845427531900019624e-02
7.157491394997640699e-02 9.009019263703285652e-02 2.227271489223065296e-02 -6.334583994069079016e-02 2.428144780308164746e-02 3.880264230200411446e-02 -1.356821044494639361e-01 -1.246861166559564138e-01 3.268632528131291959e-02 -6.379978149866127879e-02 -5.682915318199588395e-02 -1.989038167464237533e-02
1.297566127016860360e-01 -7.258226167907985693e-02 6.722565168113393830e-02 -3.532307176397851689e-02 -6.920738713237789552e-02 1.960325143283597402e-02 -5.518724220671732128e-02 -1.520480241311979522e-02 -1.763737587681128149e-01 2.499576749063808778e-02 3.246588674613340442e-02 1.486825233954990055e-01
-1.893928829226673161e-01 2.306055750194469650e-02 3.442981206078958578e-02 3.777769147939361721e-02 -2.039084071988790381e-01 -1.289578448282417411e-01 5.321157925514295728e-02 -5.493397455485522773e-02 -1.483272329717138238e-01 -1.288708996323742646e-02 1.307698682878435381e-01 7.459337505507528110e-02
9.047615832762093135e-02 -9.526380647319282469e-03 1.204807707343585610e-01 8.044996869371411063e-02 -1.871018097385465651e-01 -1.938806952633587155e-01 -1.154305947759877854e-01 3.178295897163866540e-02 -1.558250487622764996e-02 9.480700100176882306e-03 -3.702328771639111504e-02 4.530131116533256744e-03
-3.501752895334758753e-02 -6.879074002375674957e-03 1.645483046432336810e-02 -8.038561007519212653e-02 2.815184783151206127e-02 -8.055920234302609007e-02 9.571637448139710957e-02 -3.695005827503781287e-02 1.460904762079881236e-01 1.850621251172733794e-01 1.012598148702097550e-01 -1.292851485529242228e-01
-4.211701396205701220e-02 2.023393991782868745e-02 -6.810472191764707639e-02 6.022308725921216022e-03 -3.939439348236825622e-02 -8.022207581093844866e-03 7.183131107268811433e-02 -1.506200244468326212e-02 -7.034741629703564203e-03 -6.999537814381869005e-02 -4.982634248809373473e-02 -2.538868642885678401e-02
-9.531664636606276830e-03 -5.392441709558403774e-03 2.405862401376640536e-02 1.113926250407291790e-01 1.220471449397006053e-01 -2.780831083228871054e-04 -5.250691418228115026e-02 -2.485027560037749578e-02 -3.023432889187144257e-02 1.428921112673717242e-01 -7.624679497892247748e-02 7.767271564912625603e-02
-6.373831340762631595e-03 -1.819420413225312783e-01 1.478016601682045628e-01 8.031789923572055234e-02 -2.022169229015181521e-02 3.202378997874619909e-02 -8.980424896693542380e-02 -1.572967890524306633e-01 1.352228562325337446e-01 3.319151920679404982e-02 2.034025099383034857e-02 -2.929829977196286850e-02
1.560550720310307365e-02 2.383463877440369656e-03 -7.583367279189490162e-02 -1.748161584328287305e-02 -7.602350955343414873e-02 -2.203013273170499955e-02 1.740557669448720979e-02 -1.613607267956975733e-01 -6.692776379773904272e-02 -7.622481492353209986e-02 7.256839637456220142e-04 -6.122801280614323383e-02
3.672864426887433725e-02 -2.657795857672202999e-02 -1.136255577730070805e-02 1.143069552207300887e-01 3.385740635849622537e-02 2.909951543815567782e-02 3.000053681188430410e-02 2.500741168600097847e-02 1.473852851311280021e-01 -3.537471780793729342e-02 3.433768011546715904e-02 5.866319953611599802e-02
1.582056360502347159e-01 6.482720020358222895e-03 -2.513447253988662991e-02 1.220392346272123896e-01 8.167108796383261426e-02 1.096660393021693103e-01 -2.068434951103457348e-02 3.661824665660214778e-02 1.368757498692010632e-01 -4.105412825706197116e-03 -1.758200156683517590e-02 8.650421869433214811e-03
-3.993731168979924862e-02 9.962361153826036417e-03 -4.938595637692683171e-02 -5.285020190673696272e-02 -1.015312544156619229e-01 1.102502346032364633e-01 -2.822205770793401874e-02 2.090092472409878915e-02 -6.493168343671096299e-02 -1.694826163862891283e-02 1.745888078548141487e-01 1.490956649928809885e-01
-5.200593865073871447e-02 6.625374115388404928e-02 3.714779317848768830e-02 -1.059503155965582782e-01 -8.954398878208076618e-02 -1.236069737485010270e-02 -4.923800473039305348e-02 -4.456737988144144486e-02 7.422866048061353694e-02 6.452853049082168946e-02 4.224278091337588248e-02 3.837144857039905682e-02
-2.266398874464883861e-02 -1.537544241628916245e-02 1.854314606894388318e-01 -3.862223890981370672e-02 4.500943105077096634e-02 -3.388296280622837831e-02 1.209520182415622785e-01 -8.994052416624173651e-02 3.771246928845818636e-02 1.391422821180338110e-01 -7.816832907659127666e-03 4.158660046574320923e-02
-6.185603581399438944e-02 7.205869232842593286e-02 3.696426430840595717e-02 6.586738765744999669e-02 -1.295039566119716157e-01 5.776608935393696964e-02 7.236250723267240170e-02 -1.135414374496453993e-01 -8.482582228424578874e-02 6.680399335245645540e-03 -3.281161003786586816e-02 3.055987837746199087e-02
-1.455298944759200741e-02 5.064448787117417639e-02 -1.936242651597566179e-03 -1.053051550599835851e-02 1.134117225099447041e-01 -3.187606688649780723e-02 1.998172401818541083e-02 -8.433154762723667208e-02 -1.179965324888806733e-01 -1.053503517453720506e-01 -1.239164744301658044e-01 3.789292397695355474e-02
-2.891733412012587739e-02 7.607758452986446152e-02 1.998837555293906179e-02 1.590117177503733714e-01 -1.525258041802085573e-02 7.350655921443402518e-02 -1.581743639523955358e-02 -3.767344351629563215e-02 -6.829638849613130225e-02 -2.637586031475894210e-02 1.801057691094996305e-01 9.696936221611632267e-02
1.302879243382799868e-02 6.307999040723763495e-02 4.461709161872593615e-02 1.070484846289752878e-01 6.798465557977581564e-02 1.476294781619651997e-01 6.483769516805799882e-02 3.319386640056859461e-02 -4.309780996430307570e-02 -9.791924145441011085e-02 -1.225973180989348155e-02 8.167449376529620220e-02
-2.026270359087082099e-02 3.876584184302304947e-02 -5.128116427872865535e-02 -8.166732910244932364e-02 -5.887322535439548643e-02 -3.054970388224843847e-02 -1.519152918846903844e-01 1.345409708204334601e-02 -2.485962864451256304e-02 -9.040845844033647272e-02 -8.689662747667161596e-03 2.429644542344879324e-02
3.440631620459658896e-03 1.296672706925135372e-02 -6.993478025381945351e-02 -2.832624053558318103e-02 3.870802531835615054e-03 -2.827042514253392397e-02 3.773009605695816504e-02 -1.111361220688258933e-02 9.090482417744190358e-02 5.642176215797252425e-02 -4.599248602247622136e-02 1.454518678598790415e-01
1.462590913279855354e-01 -2.995384430960605637e-02 1.605632951958841648e-01 1.121773770823794869e-01 4.212864935519464171e-02 -1.913222092938220431e-01 3.259440146350258034e-03 3.610426012213477365e-02 -6.727685044848336071e-02 -6.353392469279560417e-02 1.828842109321796583e-01 4.542232207984009396e-02
-9.692474053862540351e-02 -1.055586258503836972e-01 -4.980274405601171905e-02 7.560967420312998677e-02 3.115742264693040393e-03 -6.932156537181391465e-02 -9.093123934361257987e-02 -1.137978270762809996e-01 1.483672448428517421e-01 -1.754293780982869866e-01 -1.121153935883734826e-02 -5.818270277952348617e-05
7.638284652221589976e-02 -2.606320084918333294e-03 1.180527769331348314e-01 -8.456552182626084213e-02 9.857560807523133017e-02 -8.332045108836882985e-02 -4.235802444899285264e-03 4.278790685752410783e-02 -1.392906948045178617e-01 4.460479771673173111e-02 -5.750740733329382307e-03 1.595269904714693640e-02
-2.850832466271620638e-02 -1.301373627116225451e-01 1.240673737323596676e-01 7.371719470334361923e-02 -1.376217668553740003e-01 -3.214873469177872978e-02 -7.329139585051323846e-02 8.125285924938786819e-02 1.176882820491093398e-02 -1.077900719657694795e-01 -1.362190190096267302e-02 -8.635019036739928489e-02
-1.505892653387427317e-02 -5.670526886525531496e-02 5.805730949231844434e-02 -5.572506599685443651e-02 8.649904585694748183e-02 1.686886150010618451e-02 7.799311996921015622e-02 -1.552647505733973921e-01 -3.399308468305417552e-02 4.768117400451594295e-02 -3.678728211181525598e-02 2.899695495026802412e-03
1.927606892862472610e-02 1.568931320934019435e-02 -7.636575136700234079e-02 1.690465077718739106e-01 -1.366019206338308159e-02 9.451166930031975472e-03 4.195247042265979926e-04 6.774642539179029366e-02 -9.687301250936609931e-02 1.077361904881219412e-01 1.675468904493106898e-02 -5.658419679631555843e-02
-1.402362109439118099e-01 9.386453936638274043e-02 -1.805451383121487591e-02 -9.205366774574882949e-02 5.023317631578345932e-02 3.355747437977182196e-02 -1.195193824041094338e-01 -1.071679166339668254e-01 -4.226511050225659205e-03 -4.421250132001020711e-02 -2.395682753774371759e-02 -2.773773486228140386e-05
-3.541641339502309832e-02 8.090064740193768367e-03 -5.255736362011605156e-02 -9.794574673573014367e-02 -9.431731999231109109e-02 1.993963051166733683e-02 -1.300434307518551769e-01 1.522400180147492378e-02 8.926727482153199930e-03 4.979104905849418561e-02 -7.435820492153319070e-03 7.332795859635565794e-02
-3.150634794033328051e-02 -1.145929690761858522e-01 4.054425728391373995e-02 -4.689477866978139509e-02 2.820245225596924171e-02 -4.511971432170669427e-02 -1.327293316217467711e-01 -1.373857569322764483e-02 4.476593506506719444e-02 -6.328310817608929530e-03 -1.219663831840642199e-02 -8.106757840186154529e-02
6.435899567381035691e-02 2.771435840292288746e-02 -6.222011109564828946e-02 -1.100533324738643542e-01 -7.127208801042361763e-02 7.054486060001341138e-03 -4.190415787781067228e-03 8.725370780538262150e-02 -5.000557085434998578e-02 1.512479062661700735e-02 9.688792702994719619e-02 -3.902570451563650705e-02
