1.750666042532362798e-01 -1.996913516595480331e+00 6.166828001887207644e-02 1.597900733185134925e+00
3.094810032989072202e+00 6.790729177632474078e-01 2.382203144268304040e+00 2.700375224645954031e+00
1.161176931917361488e+00 2.600172129376315588e+00 2.918699444286709355e+00 9.167046148823551066e-01
6.498266732652440147e-01 -1.125979630470667070e+00 -1.310365537530378655e+00 3.499331329154500292e-01
1.698631331018758406e+00 1.094348546934237998e+00 1.052012013455262851e+00 1.817082483126548409e+00
-2.184768968602891270e+00 -3.387743316149026462e+00 -5.441186913882519738e-01 -3.302406574598472311e+00
8.295550944987538644e-01 -1.636058540685058071e+00 -7.072625869479408633e-01 -1.391741327077536394e-01
2.142019616697057316e+00 3.617959670566532893e+00 3.402368248904327874e+00 2.399279114189260653e+00
-1.351749508491084661e+00 -3.181162235977227581e+00 -1.982202330698127124e+00 -1.250156610494409515e+00
2.679899027860125349e-01 3.078048011283989194e-01 7.668199957380339438e-01 -1.020462832030763822e+00
1.969864274003605864e+00 1.653104403344382245e+00 2.569545053834163983e+00 1.656079363736571164e+00
1.455931286369481770e+00 3.508121745353106835e+00 2.419459555417687202e+00 3.180511499275418874e+00
-1.633038772937686733e+00 -2.130869973909530035e+00 -1.229135395693388366e+00 -3.318396780759031550e+00
2.591833449654654231e+00 1.451539389595285501e+00 9.457653960677555594e-01 2.021968582061590247e+00
-5.994409698983439450e-01 1.023334946678236212e+00 1.163702615278056518e+00 7.879642056702356179e-01
-1.470132193927325526e+00 -2.732938910145733313e+00 -3.056045673625834347e+00 -2.541248461395999581e-01
1.300865764007818060e+00 3.080113657500414881e+00 1.847696413498032486e+00 3.508091783078509884e+00
1.183006494867298031e+00 1.564355528746588675e+00 -1.320160984812557836e-01 -2.621417078178477578e+00
2.876105732918551094e+00 6.594775675822193983e-03 -7.476364814678102544e-01 3.620168622845063577e-01
-1.959710277498015962e+00 -2.477383675959449416e+00 -1.551920728764744517e+00 -2.081328616857728075e+00
2.213917894959019694e+00 2.863833587739281317e+00 1.936777446343289188e+00 2.794555154073859793e+00
8.530909668006252389e-01 1.579441541482876410e+00 -7.465071294014848924e-01 -1.803659801708622501e-01
1.640835883614713886e+00 2.573871700954690311e+00 1.709178811264147058e+00 -1.632230783220240733e+00
-5.469370761914630480e-02 -3.130080108306359854e+00 -3.683853640292701348e-01 1.758627840267544151e+00
1.962345813590075538e+00 -5.674526441120558706e-02 1.320864098063733838e+00 9.564422907474262603e-01
2.967068149086988793e+00 1.222289203854255657e+00 1.753287379280795699e+00 1.597111724836320912e+00
2.963654633247735593e+00 4.599539301525328860e-01 -3.020196601522432411e-01 5.422037225915633529e-01
1.093686025940697082e+00 3.353600523693050395e+00 2.190200780126937197e+00 1.219301311714995784e+00
-1.694680995704946014e+00 -1.375220091229764297e+00 -3.895384104774785583e-01 -1.721736868253217256e+00
-2.310284995689698473e+00 -5.905035439717575274e-01 -1.867741340780276316e+00 -2.485710120194031258e+00
