5.103963717423098956e-01 4.935754408284632189e-01 4.366228893922375343e-01 -1.706821030709575249e+00 1.433392349752983019e+00 3.233267277564711772e+00 3.651442090102865468e-01 -1.079914855239074267e+00 8.137435785870084093e-01 -8.969829689551335195e-01 2.756617379755409436e-01 1.976477648208269655e-01
-1.173499919098831418e-01 -2.942860247762509318e-01 3.386231215297383912e-01 4.890692199004249563e-01 -1.284689674054882991e+00 2.885739875162701695e-01 -4.969985225333017897e-01 1.906911474224422531e-01 8.247227432798702740e-01 2.590384160340641895e-01 -1.829197311607323739e-02 -3.189665040939800300e-01
2.649973222941632289e-01 1.001390630378220292e+00 3.505245250736667706e-01 -8.680980104361218919e-01 5.006912231006924729e-01 -5.696508141146395809e-01 1.131397132804216721e+00 -3.092519791579360564e-02 -2.192907040352129577e+00 4.529743014621895880e-01 1.445204442610279472e-01 3.045910815408137684e-01
1.094567096647392823e+00 4.712401312744806114e-01 -6.308891198917263576e-01 5.003981529197777389e-01 1.005471972225385757e+00 -1.765656442190970399e-01 -6.680210612837296225e-01 1.514667420087642213e+00 9.591665397318145381e-01 1.951633155897449790e+00 6.600450291772468336e-01 1.700410860960547554e-01
-6.047584646768536798e-01 -1.110905466301409517e+00 -3.309637859278897754e-01 -5.819354109634914396e-01 7.808363276453042512e-02 -2.686937663531897558e-01 3.574150784428559713e-01 -1.254329172536299275e+00 4.174267124660783201e-01 5.751251132206421923e-01 5.191894933234306730e-01 -7.351483845894278835e-01
-7.945478519254707273e-01 3.143842402585886875e-01 -3.860341426124469510e-01 4.359547648975578560e-01 4.719891537436081697e-01 6.936332029865542592e-02 1.307580377368091074e-01 1.604191578524922501e-01 1.723411002637700307e-01 -1.437335350278557133e-01 6.049738060643160553e-01 1.327076335850069677e+00
-1.233770399126528083e-01 9.139654898627724844e-01 -4.504712883939321344e-01 7.056501127287108377e-02 5.488156263532055767e-01 1.442667708528308834e+00 6.404288627487241259e-01 -1.064336859249554568e+00 4.928638887317312589e-01 -3.718447529275000635e-02 9.629361334640443859e-01 -4.087928809067737368e-01
1.990442461141801733e-02 9.690668438851769428e-01 1.741186521347042604e-01 -8.731953225307743927e-02 1.839353398832567654e+00 1.679754851813120675e+00 -1.781760766477760161e-01 1.743106557372644971e+00 3.019063983103963400e-01 -8.005567724743335445e-01 -1.333546109627201659e+00 -4.473676068828710828e-02
2.362326671723152249e-01 1.164156348530674734e+00 -4.781147612666727387e-01 -8.653415137226223575e-01 4.242334284490930640e-01 7.066285570547157224e-01 1.503662252592786741e+00 4.222375298541944932e-01 1.675568003491259672e+00 -4.756053790791701652e-01 -7.743010258154072734e-01 1.656098384654012268e+00
-3.054060660325169096e-01 1.679649447928574402e+00 8.861583082859878502e-01 2.957825989854119819e-01 8.748703105925699219e-01 5.031253077780547395e-02 5.480819932093781294e-02 1.081301141534342508e-01 -1.128547468505636919e+00 3.765249136228868837e-02 -1.205111118767575817e+00 1.249940718327259004e-01
-7.784242095670923511e-01 6.460483443467437414e-01 -1.525771545792132367e+00 -4.214279634904904426e-01 2.031019966726728965e-01 -8.418399968926174037e-02 7.161310318031323396e-02 -2.351029143099204521e+00 6.460988259980522674e-02 -4.610247807361264050e-01 -6.125404735595465500e-01 -1.827583899677852897e-01
1.582682255035078311e+00 1.349594307133482829e+00 -1.722610995209053364e+00 1.475621836567825751e+00 -1.059681102852823242e+00 -6.799377115192529741e-01 1.705193192275343383e+00 3.620312506892089388e-01 2.676481757313050824e+00 1.931917323703367106e+00 -6.661850761460865744e-01 3.424446467412147754e-01
1.376014812017456110e-02 -4.552153418375444183e-01 7.303618548819014178e-01 -1.362031612269280823e+00 -4.068051123599796814e-01 -8.872740070943944124e-01 1.341792043284359137e-01 -7.148570259056657994e-01 8.253021111627658613e-01 -4.017148614704857228e-03 8.095163594314869204e-01 -9.782242958435591884e-01
6.585620658413915418e-02 1.324285819450215229e-01 -4.579335402000248544e-03 6.056213597901458634e-01 -1.179514327997015916e-01 -3.856180709461867057e-02 1.198267311684132919e+00 -2.874109324425654921e-01 2.582030671246403064e-01 8.877389136057543817e-02 1.399287141501589060e+00 8.031081289233841236e-01
-1.495718199924678804e-01 -2.018267116349025114e-01 -1.204621934402060612e-01 -1.656372274724939864e+00 -6.262932524312405658e-01 5.346977559772071037e-02 1.531041537265059427e+00 -8.501941013291945959e-01 -8.435149620218607147e-01 2.980258611129847357e-01 -9.220923866028853944e-01 1.593738921101645944e+00
-6.596192267520010200e-01 -1.646309699873088839e+00 1.210183484438560608e+00 7.533677591384329020e-01 -1.269956986127598109e+00 1.622327020917042895e-01 -8.396886985739999698e-01 8.904228830714089327e-01 6.390845139276020159e-01 -5.506859605391112300e-01 1.735351411601049609e-01 -1.464417307048228478e+00
-1.350476784000338160e-01 2.682967718821492875e-01 -8.391878077601662156e-01 -4.666685837926656116e-02 -2.003833809873680205e-01 7.848321303751169820e-02 7.292512084346960410e-01 -1.653770790668716462e+00 -2.926362043379032163e-01 -2.981081277529238349e-01 1.645888293580840059e-02 1.831204628301921433e+00
-7.963603368111077385e-01 -8.882805071129870611e-02 2.110201160038472690e+00 1.209478416616955210e+00 2.161719806621063888e+00 2.349809973207959590e+00 2.171833271895807216e-01 4.078475526906995552e-01 -4.208123694207097643e-01 -1.776343407686727494e+00 1.183518551697343435e+00 -2.586254866502469274e-01
2.250084477818247830e+00 -3.698669172574148289e-01 -1.298136858490371026e-01 7.286885954505174512e-01 -2.089872944995619708e+00 9.102429693495056595e-01 4.254136527054511729e-01 5.068097313038160134e-01 1.551229982642960303e+00 1.095129687603212165e+00 -1.033655569798065388e+00 2.264996901915436178e-01
-2.708134051175655754e-01 1.173510781298505723e+00 6.790718266505889333e-02 1.188864210792722059e-01 9.155735907783180139e-02 -8.523339895520362086e-01 -7.424059019975486340e-01 8.463940072282089000e-01 -6.472177290802492156e-01 6.030279318455258331e-01 -3.848906850953359160e-01 1.095382765156541982e+00
2.314094991121920519e-01 9.233533997975426066e-01 1.107937496528452304e+00 -3.524796475435563181e-01 1.225657437824552720e-01 1.427833156895748912e-01 -1.165966606726192012e+00 5.909299832668308827e-01 -6.348999865950397115e-02 -9.492171568542429050e-02 -4.769502847708496640e-01 3.333627897539013674e+00
-3.225149635793004288e-01 6.982295217667204568e-02 -6.429052230409972556e-03 -7.456891979823727645e-01 -6.335793730547658598e-01 3.920997668040407391e-01 -1.810423521259400537e-01 -7.123022652638758001e-02 1.170857371753019516e+00 -1.900820754317308070e-01 -7.066691710665770065e-01 1.335064184714027213e+00
1.979946702598506691e+00 1.667295548313175446e-01 3.241602669694508165e+00 5.781014045318242367e-01 -1.043547505805491049e+00 -1.868592083996648556e+00 -9.912931309159135340e-01 2.795610148681340945e+00 9.071676050936368085e-01 -5.895497586610726204e-02 1.161982929886270055e+00 -1.350972379108818622e+00
1.764907699242196149e+00 -4.085003898783113874e-01 4.795042851469318856e-01 1.912138299338570491e-01 -1.043901939041631116e-01 -1.051079527658593804e+00 5.282574720731194468e-02 -1.071121431430237386e-01 -5.426090422199520980e-01 1.033775976380306438e-01 1.379459986859009391e+00 -1.004232339140976427e+00
-3.801355945337114295e-01 -1.517978652152849328e-01 7.461802819981721013e-01 -9.958963356694787716e-01 8.330147481169432044e-01 2.573097473078328479e-01 -1.329309488566251529e-01 -1.507764007789246907e+00 1.067118806010637355e+00 -7.885712999853160543e-01 -1.325349559236304042e-01 -5.336843475461313657e-01
-5.054175260206102138e-02 -9.487366361244452539e-01 9.169097220817234994e-01 -5.701339566902943190e-01 1.732889097562453351e+00 4.987971627264834451e-01 -1.232167955675941950e+00 1.399605949463711418e+00 3.010421151027211195e+00 -9.477446606744873714e-01 1.524147945421817640e+00 7.848193556605786991e-01
1.117433097927050145e+00 2.127807394769253513e+00 -5.641998474729117419e-01 -9.364292622589922566e-01 8.669450232978281878e-01 3.980911352263417080e-01 2.409889530190890916e+00 -1.770610154901192113e+00 6.677100549896008985e-01 -2.285644865515372270e+00 5.741290364838180782e-01 4.889446506127781977e-01
-1.444902135013804045e+00 -1.723717403196376896e+00 -5.237686874666377390e-01 3.513777898833135294e-01 -8.762400550628270945e-01 2.241902378663266582e+00 9.923950177111764970e-02 -9.984620192731732402e-01 -1.017006398810068740e-01 -7.710889112891559927e-02 1.436261896565596274e-01 1.073154808431375784e+00
9.854504483163556428e-01 -1.252269830250916371e-01 -1.593364775587938986e+00 -1.357120189614649419e+00 -7.317706937112560261e-01 1.127774328535248394e+00 -1.123873647386140595e+00 -7.142629858728276604e-01 7.815001426891702296e-01 -1.854700725053989530e+00 -5.068665545899618818e-01 1.744891323481214673e+00
4.201085436419248476e-01 -5.699854500749743647e-01 -6.862863131079923740e-01 -1.371278214440381227e-01 -6.936758545751124938e-01 -1.794124873044565804e+00 5.023116498643408478e-01 2.384856364933823636e-01 3.917429483405330815e-01 5.546437054522833643e-01 3.768243238754518387e-01 5.255261741590168123e-01
-1.624258507785735217e-01 7.172523642283216150e-01 1.041300245922224477e+00 -2.680426359993562935e-01 1.055320485010728060e+00 3.862033308869922132e-01 -3.242356790308210251e-02 7.957021782935799203e-01 1.427230336855904502e+00 -3.902854404146347544e-01 -8.265215428146109877e-01 -4.664695433247967871e-01
