7.708270279621568299e+00 2.470509985253309893e+01 2.732655991433847475e+01 2.471901514443433712e+01
6.945940162478788871e+00 2.860188354030908897e+01 3.126928594925834304e+01 2.994557174555210111e+01
7.299457552443469055e+00 2.165770690708835655e+00 5.248708843384406464e+00 7.380153318148688690e+00
6.474894332681556897e+00 2.065584202410762771e+01 1.427565119014763440e+01 2.088150982623666962e+01
7.253678352890769787e+00 2.873855720582820084e+01 1.852307380535885883e+01 3.058218502382483805e+01
-7.822226069530068493e+00 -2.761213805010870814e+01 -3.040883445781291528e+01 -2.894506902327618647e+01
6.939500841058818814e+00 3.594742575719892841e+01 2.853985519679164184e+01 3.384379477612522180e+01
2.066545952865853408e+00 -1.235710455065947455e+00 1.460176545420758032e+00 1.052842043254803350e+00
-2.685559210000305619e+00 -1.609725626825917999e+01 -2.226265446057037423e+01 -1.372071909908670762e+01
2.579038645618846548e+00 -2.424529082545188885e+01 -4.585228087447694278e+00 -1.453830698516968489e+01
5.925038308351381566e+00 2.876641964088108949e+01 2.925094992296810048e+01 3.068134709731637955e+01
4.665150490942064465e+00 2.644280781277276660e+01 1.920781257709911927e+01 2.438407558226525040e+01
-8.618786068153719171e+00 -2.947096896449131620e+01 -2.904239414634251304e+01 -3.157818063349342452e+01
-7.905094230117325260e+00 -3.070362610488967547e+01 -2.948798215745522455e+01 -2.765023456508395583e+01
8.602285826637078969e+00 3.101660458147132715e+01 3.130128657442321227e+01 3.124547974280261897e+01
-1.030978316260160454e+01 1.269282406533568341e+01 -2.811258067942427274e+00 1.716219205146598270e+01
8.351061791937745227e+00 2.146274665774657109e+01 2.007707308829673565e+01 2.225558358086045274e+01
5.896467801795332697e+00 1.542447448604774607e+01 1.427556482145254968e+01 1.362516763133119646e+01
3.115430472329550948e+00 2.567421578457344822e+01 2.174694664053406257e+01 1.711729979297960469e+01
-9.322751749991507353e+00 -8.823247439288691041e+00 -1.174205884963181745e+01 -5.074780821550510801e+00
-7.743065998078388468e+00 4.852150156556788829e+00 -1.400445587908910028e+01 2.056344694241607485e+01
8.247199925024160549e+00 2.863249562169626472e+01 2.777680839667395318e+01 2.741364326978042243e+01
4.991974621299500647e+00 2.215515307948428969e+01 2.524835989822373961e+01 2.532747912044541394e+01
-8.052037415127538011e+00 -2.884738216054410387e+01 -2.784118677366100059e+01 -2.921604849438882212e+01
2.814425532596051216e+00 3.142481361496409065e+01 2.063734271462555370e+01 3.057304189521106963e+01
-6.346860881354625228e+00 -3.098527369730422265e+01 -3.339145575103031405e+01 -3.092833996323776802e+01
1.689636008134993927e+00 2.130881341877579160e+01 2.276446638983356863e+01 2.309790754752352981e+01
4.452502327335552401e+00 2.107961583033610253e+01 2.121814667152916201e+01 1.934671766086852429e+01
-8.265324290412637609e+00 -1.958198509038094670e+01 -1.863610205040516021e+01 -1.772675939092200892e+01
6.193311957407776625e+00 2.584484039296374647e+01 2.909702477443628155e+01 2.564838691540580840e+01
