1.023940796249555585e-01 -5.731492896724821318e-01 -4.067740397406175989e-01 1.337584834946807522e-01
4.246767147320664293e+00 5.831423737301716592e+00 2.825033632700528763e+00 1.213544139130421806e+00
3.779070002903071934e+00 1.929324570266646832e+00 7.239827271083417726e-01 -1.339229447498976766e+00
3.154197450987404228e+00 5.296635836414284704e+00 4.849475714691417139e+00 5.370633900347786316e+00
2.539033383985545012e+00 -1.374574099251480774e+00 -1.712594613014590372e+00 3.149732091036783643e+00
-4.571497946904821141e+00 -4.996636020348808493e+00 -4.164960005992047520e+00 -4.089680949111336616e+00
3.445921660442020640e-01 3.558284579479035870e+00 2.984029916331744747e+00 2.550013116083003517e+00
-2.988920710685550652e+00 -4.980662856217920265e+00 -3.962145028403140312e+00 -4.453976042500491062e+00
6.722384869076430958e-01 -2.016924171218224426e+00 -3.329171508015224656e+00 -3.654658992420166896e+00
-4.286050097663015812e+00 -4.129550554013452057e+00 -3.436613286037470072e+00 -4.451971710258144199e+00
-3.342319539068320466e+00 -3.421210127125812406e+00 -2.305519473523770735e+00 -4.168639579684191077e+00
-3.703042092284114517e+00 -7.537699408232584330e-01 -2.064470170846033070e-01 -1.202852430579997245e+00
5.175527799762602577e+00 5.320895867329191731e+00 4.723747215440076808e+00 5.098334950259407528e+00
-2.838826126457501431e+00 -1.325057050694377292e+00 -1.588047677620763931e+00 -2.432958308263077019e+00
3.043781276841471595e+00 3.106807617342651096e+00 3.310573027946524416e+00 5.513856980901229221e+00
-2.163965470723992812e+00 -3.382582052799383288e+00 -3.302427102833690231e+00 -2.954878817605528951e+00
3.066397788319560558e+00 7.430170837625516000e-01 9.408679908350648935e-01 2.414896705180897385e+00
2.429416066474082037e+00 2.767594828402195617e+00 8.204937979603813547e-01 -2.790222666991487577e-01
2.602526534226142552e+00 4.023495125892017299e+00 4.739450964860396631e+00 4.788219697770828454e+00
-4.936709384182648819e+00 -4.737444654811631572e+00 -4.638839524983537466e+00 -4.989732103335609459e+00
-4.615102297924951635e+00 -3.280323438675637249e+00 -3.615080756170265364e+00 -2.624610747338059547e+00
-7.718273676289528762e-01 -2.006118230274083203e+00 -1.657440496464170687e+00 -2.311479805261898779e+00
2.410528850746422869e+00 -1.735179353079634890e+00 7.902794380268304275e-01 3.351931876979969971e+00
6.359353878734376186e-01 4.167809427553326174e+00 2.561588627791490769e+00 8.560142352991175763e-01
1.149624714128584468e+00 3.654524841649338551e+00 2.805137655646716688e+00 2.751930171101877765e+00
-2.185988388324934473e+00 -2.042390661277614594e+00 -1.335230850124455193e+00 -9.083552722666741186e-01
4.213247617461823857e+00 4.823032659373228448e+00 4.774232132642520554e+00 4.557408426629383058e+00
2.371211854805480357e+00 4.067347433131858203e+00 4.774679114457200058e+00 4.637797054912834227e+00
-9.615430807210854081e-01 2.609825823376085818e+00 4.900650592577920350e-01 2.045035066885124042e+00
-4.022465994692820068e+00 -2.776627830972412614e+00 -3.968340456294020768e+00 -2.197303606053979674e+00
