6.605039569930308829e-01 3.846855786423623025e-01 -9.595122611632800336e-02 9.132142913273162410e-01 8.121158275164325202e-01 7.163209637502343519e-01 1.326231408154371794e+00 7.076668813984376971e-02 -7.411139360660821129e-01 -8.060362177811505324e-01 -1.093590731626376433e+00 -6.778589089204948293e-01
9.166074403974372453e-01 3.658184396586189324e-01 -9.796053856751107958e-01 1.611748072573841173e-01 -6.470068178142721615e-01 -3.826672174995082165e-01 -5.517239841013690249e-01 7.364127392982362519e-01 4.791563940506569086e-01 5.422016400719387175e-01 -1.409496832121343468e+00 -3.127960017900507372e-01
2.821499168046223138e-01 -1.297356364970883025e-01 8.320797812613812683e-01 -6.267750250437988946e-01 2.666879694735735384e-01 -1.289135822096807160e-01 1.056709663535080113e+00 -1.043055560908058510e+00 -3.996725615347991867e-01 3.818316017706874788e-01 2.098522926113668974e-01 3.898114387656495539e-01
1.192860239700545694e-01 -7.077688803164283726e-02 5.121412288657211098e-01 8.154082414758387909e-01 2.529076900082128376e-01 3.579027415801852574e-01 -1.550663952992209216e-01 -3.118229680348186816e-01 3.353422301935400918e-01 -1.358850163596415639e+00 1.889974611349453659e-01 -2.090570769294467779e-01
-1.160004750823838277e-01 -5.360095306535392901e-01 -5.979375426915495284e-01 2.568274176913026841e-01 4.689786457104693218e-01 1.844012166521514229e-01 -6.133636229372418924e-01 2.138257132496193536e-01 -8.809523410429158652e-01 8.463796146184445757e-01 -9.792472973408162806e-01 1.781923537844345151e-01
-8.869947523568066927e-02 -2.732394512130957853e-01 9.903910078013292706e-01 5.014935691112275551e-01 -1.665501125494592005e-01 -3.749581923098212893e-02 7.318997513477787376e-01 -2.403989365845510540e-01 5.555859228954461715e-01 3.548250819686141755e-01 1.005243088347706593e+00 8.557648047364001531e-01
-1.375623110284387440e-01 6.283575270461746465e-01 2.196194296005889446e-01 1.001588727124477773e-01 4.592428050544720142e-01 3.841616684724113995e-01 -2.502765543986993357e-01 3.757303431118366732e-01 -3.244371587884800623e-01 1.542784529722664999e-01 2.764603377524085248e-01 -8.701628200965375592e-01
-1.693964135184996778e+00 1.683381847496501660e+00 -9.824885185101739360e-01 1.005874983799741468e-01 -1.666013840938628254e+00 -1.490624956115755628e+00 6.049361852838933684e-01 5.634004933201404164e-01 6.601622168299919879e-01 1.273563236971019252e-01 -1.454232675170751943e+00 9.005971723213369584e-01
-1.338849849555493188e-01 2.270645790491439830e-01 -3.389997965310277417e-01 1.285875186716565199e+00 -5.743279815606761041e-01 -1.200220408186244869e+00 1.899726412806396425e+00 -5.255698727342884569e-01 6.754949431934083037e-01 3.933007297025846727e-01 -2.490955183884075108e+00 2.213181001070396170e-01
3.634183354240957398e-01 3.222081050902483867e-01 -1.468392304998122899e+00 1.502385374320099443e+00 -1.420666132583542574e+00 -1.927283322047897762e+00 2.861800231100911085e-01 2.371616172246811260e-01 3.425900766961564176e-02 -4.274559574551454744e-01 -2.106207938606191821e+00 5.993472876554598594e-01
1.855131260579819363e+00 2.825649536891193581e+00 7.938300541304613711e-01 1.609082853712789918e+00 2.828418294622207174e+00 -5.160472274383595126e-01 -2.741519348202433037e-01 1.619556823156595771e+00 -2.402066165096494732e+00 3.377698508364295193e-01 5.135337389970801025e-01 -6.452028753544392092e-01
-1.036162053214903400e+00 -5.224727764506924554e-01 3.872328014401718588e-01 -2.607568225569776854e-01 2.978566944205400802e-01 -1.135351710538019671e-01 1.042060054313449280e+00 -1.140896793901840844e+00 1.333426365119798174e+00 4.190481990136835089e-01 -2.499286262012507809e-01 3.058378424526414507e-01
1.737983712510968448e-01 -3.513932966707620786e-01 -1.922200553371986864e-01 -4.601825770532370213e-02 4.616099813023117338e-01 4.714623292240823771e-01 -5.506560816796707281e-01 4.617787118937562441e-01 -6.339955942149396728e-01 5.924454926548298195e-01 9.444715507891568995e-01 -6.805235134396684371e-01
3.862614400174727569e-01 -3.759230883918485144e-01 6.206957284374085004e-01 2.132331990141144440e-01 2.947439383209058406e-01 -5.224639109125007730e-01 -4.534099329693099811e-01 4.828143876902329934e-01 1.089356487400480328e-01 2.699462518110078424e-01 -9.215189386560189710e-01 -7.348549447794057166e-01
1.644449299477827253e+00 -3.692591780926526152e-02 4.804563453794037375e-01 -5.625243080790289785e-01 -3.004112398672664427e-02 -1.374012545660600271e+00 1.651760086360503532e+00 2.494176727364723511e+00 -9.224939883618805680e-01 -1.824631252754378208e+00 4.797291732613990778e-01 1.955047138154258679e+00
-1.828502789521555094e+00 -1.270985191189851093e+00 -1.091524855317960174e+00 -6.500882003353858352e-01 4.992883409143118456e-01 -2.172488045211946606e+00 -1.530322312722912637e+00 -8.236743009255388381e-01 2.350366709882413876e-02 -1.616535061873869417e+00 5.787626086086763988e-02 -4.395593021429908820e-01
-5.980725878394576034e-01 -4.731873459155266221e-02 -4.809695261523514592e-02 -1.757377041463919765e-01 -2.521868683411895296e-01 1.032267953457750298e-01 7.395926197816310443e-01 7.362147579504813022e-02 3.148470085298585297e-01 -1.314435662201891286e-01 -9.936014384993578918e-01 3.405734061338499402e-02
-8.754470091483541883e-02 -4.825461977208546083e-01 -5.155351078260612674e-01 3.117369611887044201e-01 2.478106218491471224e-01 -2.966397365389837892e-01 -4.641133381200900909e-01 9.648339149728190067e-01 -1.053935889631352069e-01 -2.835435541209641475e+00 -2.461665667291519088e-01 -3.926948420995993727e-01
-1.361724381835621167e-01 3.457652235804959395e-01 -1.159690423571944295e+00 -5.113940438904348573e-01 -4.246817598131086280e-01 -4.968990192919398585e-01 8.501676826205409876e-01 8.148684465323244863e-01 -4.740083044238180970e-02 2.346243663960173031e-01 -5.233345954664581079e-01 1.026045980086010445e+00
-3.532902534553578611e-01 5.168034285656242233e-02 9.969739648401650944e-01 -6.719054940205040349e-01 -2.639832977406386672e-01 1.553305852306092194e-01 7.861033404758857035e-01 -4.571942098222026019e-02 3.266386541093173057e-01 -4.096118999650320558e-01 -4.047677264642585704e-01 2.483150229352557026e-01
1.040931279817481903e-01 4.194082364830294951e-01 1.008752546611836554e+00 -2.342638988570402980e-02 -5.506380220975148898e-01 -6.302729001748093030e-01 5.403823765682057578e-01 6.500609111389680228e-01 -6.004932312800382865e-01 -3.621278932250236449e-01 6.447401355258853828e-01 -2.121431321963097028e-01
-3.856555803389016268e-01 -9.044864002084225252e-01 3.838173407129378822e-01 6.414649370197578193e-01 -1.793752867744972390e-01 -7.732633329651151799e-01 -7.710656792097343448e-01 1.006473455322834276e+00 3.250117889225128676e-01 8.448445883414730240e-01 1.413430107171782246e-01 -2.089530079022404951e+00
2.304818431701496806e+00 2.831896470926800746e-01 7.191134407196608791e-01 9.413834767360232947e-01 4.655191395026702650e-01 3.142968655393672428e+00 1.182121722303729250e+00 1.748833388613104667e+00 8.043104288578030170e-01 -2.460016456892433201e-01 3.564389450355247568e-01 2.121629600832826423e-01
2.836062456631995299e-01 1.053411596982931631e+00 -1.422268586464934925e+00 3.300203028822362716e-01 -2.100555785506412199e-01 -1.241059680355799610e+00 9.134849538681593106e-01 5.713466062283401904e-03 1.761618187727004015e-01 1.865604473694370213e+00 1.219366208050486788e+00 -6.638302185416100620e-02
8.148149366428474039e-02 -1.598288100980683746e-01 -6.682802280873940681e-01 -2.718107686849442761e-02 -3.172255718897686316e-01 -1.339943861867003150e-01 1.383968269509954219e-01 4.051608001140050153e-01 -3.319482111899884624e-01 -2.938644909642586511e-01 5.760091121646518930e-01 3.358637464363306013e-01
-1.531073316829499043e-01 -1.764101342651229476e-02 3.763367290592872783e-01 -2.525715346385520310e-01 3.325575137792712299e-01 1.373068021906163283e+00 -2.807817243937105189e-01 -8.833805130647755244e-02 1.084645954220448266e-01 -1.701758600392575330e-02 1.331444822091811142e+00 1.092208557189878115e-03
-7.756437065950705367e-01 1.635888989257312076e+00 -1.990438522887832740e+00 -1.330650615639654033e+00 -2.070927805604020566e+00 -2.798875268022837481e+00 2.566030670853450824e-01 -1.441122389825807704e-01 4.927863389647477166e-01 -1.438972328206626461e+00 -6.278290850593081229e-01 2.288653768626431440e+00
-1.911097040858448892e+00 7.813652881957537932e-01 1.155264891551148615e-01 2.301760128835101504e+00 -1.944048771102905748e+00 -2.626800774526423687e+00 -1.884002696851114489e-01 7.164229076808846797e-01 -2.315108702799905382e-01 8.713282710379726126e-01 2.814149133400219771e+00 1.587332702250362049e+00
-6.772350173095656456e-02 1.526796553556383773e-01 -6.015899048504916857e-01 6.331813291564569735e-01 1.013234156638595840e+00 -5.230247419804887610e-01 -1.141727837343355478e+00 3.340562471743124817e-01 -5.548251662274531482e-01 2.119503872001132105e+00 5.453502063511154185e-01 1.173117757402498268e-01
7.982796434405385888e-01 3.196116459062130488e+00 6.204802915672832375e-01 -1.080820520242364191e+00 -1.208068350899878407e+00 -1.830778337032354930e-01 -2.745878474135894365e-01 2.824640845171358272e+00 2.365521340845018639e+00 2.863290703589384201e+00 -1.520813183662167445e+00 -1.248154991690762161e+00
4.385700585371190008e-01 8.325019299527662842e-01 2.031520476460411118e-01 4.632051985777041470e-01 -1.491736102745984116e-01 3.381037987974615522e-01 -3.201700039202483583e-01 6.115551640879489659e-01 -2.603452329125285902e-01 5.345477736003173552e-01 5.041671323825139828e-01 -1.894699263353203864e-02
