1.448892542834227803e-01 -2.226687005591292123e-01 1.929875395196010701e-01 -1.721331854295509389e+00 3.388439460113001345e-01 1.011211411248210013e+00 5.139977989865237573e-01 -8.008391554135901869e-01 8.612162501891165167e-01 -1.380730624205766643e+00 -3.264884453809011600e-01 6.997368547479590473e-02
5.921341053313261549e-01 3.558185189477816035e-01 1.238683245480945300e-01 -7.583672438788199299e-01 3.507614498109023482e-01 8.598582435591091144e-01 -8.258620501478061149e-01 -9.720892618855575540e-01 -3.918889787660626012e-01 -6.346738983130707501e-01 -1.917678524264488482e+00 -6.992703875045022111e-01
-8.764969787907170989e-03 5.958583165739625986e-01 -2.394342849059701572e-01 6.451518148060874092e-01 7.364126135783896077e-01 -6.622268075258298525e-01 3.368331378717707159e-01 -1.320764544402174348e-02 -1.941870309371724890e-01 6.202924227287044401e-01 -9.625535541831301556e-01 1.964773035277762037e-01
-1.153367675894565014e+00 -3.546529398544006062e-01 1.239385270823459617e+00 -4.229029886232412716e-01 -1.636482812979714041e-01 -3.443079798350606735e-01 6.143030911481495160e-01 1.478592075321610855e+00 9.662911085598324679e-01 -1.556253657550623892e-01 3.683445977080805345e-01 -4.005089919168945689e-02
-8.888425186524999411e-02 1.307567160587199961e-01 1.891334819478471610e-02 7.333085861770055613e-01 -4.688708613195136099e-01 -1.275922294709964211e+00 -1.133818467610514080e+00 5.124568902407065085e-01 -7.655904894210303901e-02 1.888042688173768857e+00 -2.533374427049448624e-02 9.369469451988686748e-01
6.448733063025223755e-01 1.419948065435225892e-01 9.742689504876568263e-01 -7.493168493352612147e-01 2.528514397059830610e-01 1.583008291544983237e+00 8.404658546967694877e-01 -3.083866379053963880e-01 -1.007660455782334596e-01 -1.104472942475499542e+00 1.079272540332005745e-02 -2.087621294242572312e-01
1.264014073603361377e+00 -1.744843467624052069e-02 -5.748589374566250854e-01 1.342578464707790686e-01 7.936710507520110258e-02 3.991327345133508508e-01 -1.886606673236811860e+00 -5.530217853441042886e-01 -3.997189898191008672e-01 -7.950231169492997241e-01 -3.313527130093234518e-01 1.582361831329722190e-01
-1.367238104789960940e-01 -5.949209499848023830e-01 3.126305961348517237e-01 5.553471752960015273e-01 3.961931445932597717e-01 -3.468148877072554925e-01 2.232364333774465415e+00 -5.861186700543415951e-01 5.799840605895865142e-01 -4.718735755624140632e-02 2.528740388661609995e-01 -5.004729781019182644e-01
-5.248060005175355647e-01 3.103375147277192547e-01 -3.002359955267070446e-01 -3.593310757112614384e-01 -1.076028762234858105e+00 7.372667522717821775e-01 -5.667314208950496174e-02 3.422124997198411345e-01 -6.129057155169457261e-01 4.106231334242417819e-01 3.331452409080282173e-01 1.522625071613345371e+00
4.425730403297328253e-01 -1.013282759044859205e+00 1.224014676499393994e+00 -1.458308818808439655e+00 -4.479874862909522526e-01 -7.366289262884665456e-01 -7.051056898351814040e-01 2.531065543623111647e-01 6.231096003947693696e-01 -7.695638137307093951e-02 8.656142141062924678e-01 -4.589810889563384344e-01
8.831283632506735648e-01 5.089136754611338631e-01 1.140460059970557355e-01 3.114679924265870703e-01 -9.128516620243385393e-01 -2.135464632783870276e-01 -4.919602881560525831e-01 2.314023499187915500e-01 -1.127629028926747212e+00 4.842439068309112304e-01 3.034912066028307986e-01 5.020768428925441729e-01
5.941455107565357663e-01 6.256660593362848299e-01 -6.585019242141729734e-01 1.032302571059313445e+00 5.774673418329118180e-01 -1.174638464142840455e+00 2.985335523405439617e-01 2.513507747939814907e-01 1.161324949832059222e-01 9.125120834904152378e-01 -5.556716536675514462e-01 3.718193811106635382e-01
3.433565663341870411e-01 7.924925577839796176e-02 -2.671016318217652175e-01 -3.600496600285120197e-01 -4.017738533404021511e-02 4.948163571842791320e-01 -1.106497424652223227e+00 -2.304753315310903883e+00 -1.900128252778063853e+00 5.531428048881664727e-01 9.937970307513573076e-02 -2.939154371471310034e-02
7.999128692449093414e-01 2.879726429444830482e-01 9.154990033869084276e-02 -3.118641229651381575e-01 -4.372287227480835536e-01 1.308505063962601467e+00 1.850997953956436404e-01 -5.442797479531580329e-01 -1.547153879090324535e+00 -8.047445005112268124e-01 -1.540262804079801755e-02 3.531633390087370317e-01
-7.178859041898844051e-01 -2.524202992755248953e-01 -2.083336697585293218e-01 7.849222659125438817e-01 3.074169554030574680e-01 -2.809027920740075901e-01 1.291796278628352113e+00 8.222428890531688905e-01 1.046889416960233410e+00 8.629609107397657741e-01 -7.555542573428321307e-02 -1.958164976177075023e-01
1.028875114953235581e+00 7.075269200825158936e-03 -5.284467672663411240e-03 -7.674536182773630255e-01 2.555603331242907728e-01 8.345091300171273430e-01 -1.539102664790685249e-01 -1.976889373712443110e+00 9.606473489433871027e-01 -6.289995773479736263e-01 -1.522866542676134083e+00 1.293910628880697411e+00
1.262398009585972591e+00 1.234464895739126655e+00 -1.822906064503795331e+00 1.445631292138159107e+00 5.798816553396384244e-01 -5.525072049298204169e-01 4.455687152018401598e-01 2.545538035810481214e-01 -2.710711834497933737e+00 2.605404379377877166e+00 1.072978504063207605e+00 9.572955551821329401e-01
3.222824842880604446e-01 1.213655930009926331e+00 -9.696120889919545016e-01 -2.437023186204846092e-01 -1.244178269739764225e-01 2.673241882637521494e-01 -1.591592162039835001e+00 -2.436533633838123755e-02 -3.990081778120304623e-01 -7.350528038453699731e-01 -6.774924850110074503e-01 -1.050601460611986365e-01
-8.479821839002533723e-01 -1.176170839958049052e+00 -3.788969770773059631e-01 1.102939586621930035e+00 6.613294143077003140e-01 -6.929796516593995648e-01 -1.869751833472242719e+00 9.383145568839064421e-02 -4.361403491599905036e-02 1.313068792227041648e+00 4.717093781465468427e-01 -6.702720830833965859e-01
1.367378274402874183e+00 1.123107552996484904e+00 -5.241228664544782534e-01 -1.292530348908357052e+00 -7.039713365856186122e-01 7.430157111754245314e-01 6.415196241732059601e-01 4.303567509572054361e-01 -6.930969917805028802e-01 3.344150351496141815e-01 -1.009156733693549780e-02 -3.577144292332118947e-01
-7.417842904950027183e-01 -3.583723415982005278e-01 8.908364216541100333e-01 6.115394340829357622e-01 -1.098607254997004956e+00 -1.522256835173200651e+00 4.371082862674798841e-01 1.579456950657758707e+00 2.745387759956798290e-01 -4.228557431648561349e-01 3.718742513653310131e-03 1.198454520811596202e+00
1.205266446149611426e+00 2.245580234879082995e-02 -5.043888886491996182e-01 1.520880265987158753e+00 8.481506350666776495e-01 -4.108439695485068821e-01 -7.928860055635050808e-01 2.693353746213748012e-01 6.639631477187997177e-01 -1.425755562619607675e+00 -1.695133599378982336e-01 5.041576688291190544e-01
3.045030617461249034e-01 -4.292815106766246225e-01 4.219698787615601132e-01 -1.971706243943800452e-01 1.238165188083202722e-01 3.474465478266633989e-01 5.130945236500700918e-02 -1.049406839423463245e+00 3.963259198234961311e-01 -3.134010079611397881e-01 3.778486682838745336e-01 -6.626823696322051704e-01
-1.559588361197927986e+00 -3.285587131259863347e-01 4.103284312677057399e-01 -7.025474370847590855e-01 -5.498728421256354748e-01 1.382999271347282733e-01 1.248182755872546679e+00 1.968736103635866097e-01 -3.099204506811754634e-01 -3.440743330370418795e-01 -1.425782499411815951e-01 8.173493592863391166e-01
-7.325742145660215643e-01 -6.263849347253240829e-01 2.973510918545583248e-01 -5.577224489079413150e-01 -5.238064446873516022e-01 9.469869082742488064e-01 -9.308815663288235731e-01 4.484866292086940320e-01 2.607487425677149084e-01 -1.021688347633913141e+00 5.083273944188558824e-01 -1.672912582655245783e+00
8.828253749893427704e-01 -9.393105158405722077e-02 4.867595188908598741e-02 -7.446558101367825415e-03 -5.802749094940902186e-01 1.910708879023698403e-01 -3.313181191342691179e-01 6.153814084122276595e-01 8.280270799016697936e-01 -8.096774479440068673e-01 1.835867814520157681e+00 -2.599291203658496419e-01
-1.638585587021494705e+00 -1.056263606299667757e+00 7.165766443728082136e-01 -5.913257238167193286e-01 1.792289515576717396e-01 2.015848942035460833e-01 6.619577709005277644e-01 -2.265628369283621268e-01 6.684962683652113657e-01 -6.337583504368418108e-01 3.461809614958219483e-01 -3.584488036411820344e-01
5.239576178970835052e-01 -6.253210435514606758e-01 1.039269722280510511e+00 -1.043097008382112501e+00 -1.174759957900282537e+00 -6.252220580259091331e-01 -1.576025214786114584e-02 -1.352646791755293676e-01 9.392389843156778717e-01 1.048293244172995520e+00 -6.311363362615393102e-01 -2.349364533293827606e-01
2.085004047627456725e-01 3.241996105668711881e-01 4.710337604348596718e-01 -4.365185758394938831e-01 -2.981803614812488235e-01 1.158582233399977346e+00 -1.287746438814054262e+00 -1.233900849428817725e+00 -6.544820362776002654e-01 -7.716073812197790649e-02 -4.135585531966823880e-01 -1.213110953374841039e-01
-1.526953248390138684e+00 -1.069059548994324205e+00 7.235998727554843191e-01 -8.002570476038273206e-01 2.150313487484245001e-01 -4.154630375453605140e-01 1.816689747384894194e+00 -4.088463074047073431e-01 5.146343015722731895e-01 5.653005187094315431e-01 -3.228466859796298993e-01 -4.185347850525628632e-01
-7.192825665050238682e-01 1.231239714833803900e-01 -6.435916803741217884e-02 2.090186536446372312e-01 6.787334152948323318e-01 5.547829251081460855e-01 1.650749434628590695e+00 -2.168455568218030909e-03 -3.208690719871665764e-01 2.833626772232411550e-01 -4.782958907275700611e-01 7.855531767539652988e-01
