-6.758971936161628502e-01 9.037237526476253613e-02 9.896200180085241715e-01 2.452598203057216042e-01 -1.713645531932812549e+00 1.147892453455232192e-01 -1.690826692942450693e+00 1.424675579403772652e+00 7.558522895348175619e-02 -6.970238983313030712e-01 -2.814963981066414545e-01 9.922392488687274970e-01
6.168532022832342587e-01 -1.077746172762219290e+00 4.478800898865418767e-01 2.317192445623993124e-01 4.604161639879610912e-01 -7.181736553360810182e-01 1.878948577970678824e-01 -8.278346020139307759e-01 -7.461585162501953583e-01 -7.936098573432875947e-02 -6.771553074595397792e-01 -6.752859287035856140e-01
3.252892236113171243e-01 5.588183076939799987e-01 -1.343818803078477009e+00 -7.785033599652861902e-01 5.647026962606152001e-01 9.065107939656372738e-01 3.655162801193170136e-02 -1.099851690603574489e-01 8.514072874725607809e-01 1.554221621542457021e-01 2.194173489827361545e-01 -7.576093875419421808e-01
1.477239174921363141e+00 -3.627536054512074948e-01 4.581269794104541049e-01 -3.257391754761730374e-01 -9.280506643776179621e-01 2.689315909646696201e-01 -1.431711773826614131e-01 -2.569954681095256710e-01 9.078530993295384766e-02 2.084098823503811870e-02 5.243422585908164013e-01 -9.769342094323939518e-01
-6.655625787023070616e-01 1.050895044444830617e+00 1.627963247954808679e-01 2.724233416492983229e-01 -6.171768602337184273e-01 -6.608961677173827987e-01 2.538370531159144239e-01 2.451179017002814431e-01 -5.623715854292388183e-01 3.693563331364889124e-01 4.605413991055481299e-02 6.550896740371244809e-01
2.857967621550933646e-01 1.379397660949465421e-01 -2.481321869577866879e-01 6.372712854955524531e-01 3.987151985643925811e-01 -8.562311329167453522e-01 1.775047316057007385e-01 -5.607911112499782691e-01 -8.727493125306620136e-01 3.194158091562226964e-01 -8.557166083570354465e-01 -8.513992564721445389e-02
9.587382686319987357e-01 -3.767085493831611731e-01 8.210916149695364208e-01 5.270908304246819664e-01 -1.404738326726628905e+00 1.631591963246777355e-01 -4.332592995959024806e-01 9.401342522240395683e-01 1.451895532182397031e-01 -1.172272183842354154e-01 1.425914979709610453e-01 -3.913777645113873938e-01
8.278407444800706116e-01 3.200248272903309377e-01 9.702680594155514981e-01 -3.661544171221514654e-01 -1.565623501822660302e+00 5.288851046379525744e-01 -6.640408645387142483e-01 4.624667049094779991e-01 4.615529562443890232e-01 -3.318184108141093436e-01 7.699403080860165449e-01 -5.168362532652579500e-01
4.352880083691882951e-01 -5.344540224109218807e-01 -3.302199324219395327e-01 -8.822368189089805357e-01 1.945162270296188767e-01 2.231609995738866210e-03 7.531073695880216023e-01 5.305440589386538619e-01 -2.938137009673323294e-03 -5.013119174575287884e-01 -5.336913182216653784e-01 -1.099526431951041439e-01
-1.233797213441522045e-01 4.980176279789368943e-01 -7.218879119113522647e-01 6.728444859799554978e-01 -3.910321120937499950e-01 3.250537315729390420e-01 1.366721438345383788e-01 4.866340341920702972e-01 3.111978959293234537e-01 3.453718307273319632e-01 4.170276224213830818e-01 8.713152876904754762e-02
-1.222666534336719485e-01 -7.091015902522107561e-02 -1.296681313966715043e+00 -9.168023262055607914e-02 -1.400695805397593995e-02 5.126365516609244777e-01 6.902703379917018989e-01 9.184632059223080125e-01 4.031233472778862903e-01 -3.012267523692467308e-01 -1.601434527761432247e-01 -6.992123146921569443e-02
-4.047382273179753187e-01 -2.173177875354442498e-02 6.699351620338912516e-01 7.684983360556866261e-01 1.801367265282557972e-01 6.448071802609190994e-01 -1.045362615883249857e+00 -2.882097566030454305e-01 5.015411211563089999e-01 -5.867033824979019097e-02 -2.217660606923730626e-01 7.864883544278535865e-01
-6.889290928543679859e-01 1.092293951868983370e+00 5.238787760103597729e-02 -7.465789927248214219e-01 -1.020014105543317617e+00 1.356052757201562375e-01 -2.322268838383859946e-01 3.232167210995909312e-01 2.521825515076871471e-01 -1.670711112624144457e-01 3.544653415004436203e-01 7.390749317297291565e-01
1.254220204538439187e+00 1.976150738650453986e+00 -4.477125534947058033e-02 1.383977279084898093e+00 -1.479756471090041714e+00 6.947838741870217272e-02 -1.293574125167974986e-01 6.397686497835347597e-01 6.927082245788154791e-02 8.116732822088776333e-02 -7.787471277173619866e-01 -1.217472889531313329e-01
2.124323995408887097e-02 -1.938710352637971757e-01 -2.640331205075466259e-01 -4.130608937061819863e-01 4.176127432716932320e-01 7.429550179690131984e-01 -2.854669294390340117e-01 3.520564577473402346e-01 8.577122553391841597e-01 -7.560378594310190881e-01 3.393825303596815224e-01 -2.591814588065443486e-02
-7.384493387574015966e-01 -3.931262804001315336e-01 1.000741015552926161e+00 5.239726222883227535e-01 2.264157962606188901e-01 4.974886411598229974e-01 -7.717330980284861086e-01 1.374740160894070279e-02 2.832437324161762304e-01 -1.051317434146328056e+00 -9.073413849186519331e-02 8.062584294444784250e-02
4.915650543922930327e-01 -9.074080195676246241e-01 3.958187115200609285e-01 -5.966095695407723498e-02 -6.262284656560374030e-01 1.226045445771617587e-01 -1.842760055792400375e-01 -5.293080877462864875e-02 2.503555789462383885e-01 -5.205236853423848009e-01 3.941547138935393990e-01 -4.816407550138356308e-01
-4.356975003997960727e-02 -7.193850861179357237e-01 3.102130666532090797e-01 3.841983874952694111e-01 7.469706401270037599e-01 -2.957482738645964560e-01 1.463975064532931358e-01 -1.871276547025197690e-01 -2.515438852374117240e-01 -4.016482608592172321e-01 3.130427204648539852e-01 4.838406459303215001e-01
8.480962277550136985e-01 2.053172824552040587e-01 -3.538232450344778734e-01 -3.701295573757550916e-01 -1.137272522616284753e+00 1.206538989263220563e-01 -1.787085949033292709e-01 3.204471277662933049e-01 -7.834496539740780363e-02 7.912581829796535571e-01 7.772897911106176894e-01 -1.636178364092323936e-02
-1.273053242735105339e+00 5.689386555642910182e-01 -9.145838142562492945e-02 -3.997299999765617784e-01 5.749138915686170526e-01 6.674708881490506451e-01 -2.816008867617949551e-01 2.618505676081861466e-01 5.406930982202987623e-01 -1.303993230209475218e+00 3.660707225030541689e-01 -9.385486491666503173e-02
-2.633615295190231409e-01 -1.026494350783854870e+00 9.218247569319279466e-02 5.190810131653211812e-01 6.648958924297879713e-01 1.183310983434568142e-01 1.588999664138649459e+00 8.215696248455128803e-01 -2.919513265250815726e-02 4.225630964506780218e-01 -5.427256338529372615e-01 6.248150931383193718e-03
-2.928019198188165917e-01 2.517998171681373187e-01 -1.547222585736980974e-02 8.773959219743961147e-02 -1.376091016638733455e+00 -3.023447492597420849e-01 -5.078431162561237722e-01 -1.876146007346274069e-01 -2.005963997072227889e-01 1.081330633376690997e+00 -1.036140955254444412e-01 3.741893177990329722e-01
9.494037640105915665e-01 -5.076103075590691072e-01 -4.432169612298826333e-01 3.983956244347145459e-01 7.175372432193721783e-01 -7.057370178348457146e-02 -8.702718192021402510e-02 -2.256668016121964743e-02 -9.136156093791125699e-02 3.297573005394031087e-01 2.912076507235854539e-01 -5.589090204354822955e-01
1.511005297922878965e+00 1.505962563486731853e-01 -4.917315306213606574e-01 1.448703354380963537e+00 6.637036493909829193e-01 -2.162953127757381300e-01 9.761954206219656260e-01 8.595494726917873862e-01 -1.611533761564450384e-01 -1.981311973537220050e-01 -1.341056474427699152e+00 -3.806573228275018650e-01
-5.624370380141565651e-01 -6.797651199533313315e-01 -5.899753774563269992e-01 2.192032899266073143e-01 1.324861584208295362e+00 2.748870749763931282e-02 -2.073432104217776961e-01 -1.107275112911603410e+00 8.483140712851590381e-03 1.064251424644629296e+00 -3.461363197596908914e-02 1.498315100966150226e-01
1.429070948936668639e+00 3.363290015893367624e-01 -3.947934019251894133e-01 6.527812477981782546e-01 -1.401675825200240921e-01 -6.028801633818037242e-01 5.773978006130421337e-01 6.108615889083784251e-02 -4.138528815645363124e-01 -1.779971315139640409e-01 -4.452766511596803478e-01 -4.492632213191854462e-01
-1.976159733671484509e-01 1.109999409558032557e+00 -1.213967740386288074e+00 4.550798765002390667e-01 9.216585661770160254e-01 3.038582875642487080e-01 -1.798361604584994278e-01 7.683375917846990699e-01 4.003091095556325363e-01 2.902982102958941418e-03 -7.635269573810851695e-02 6.758886174246955258e-01
5.961986473959117461e-02 8.777594334256284547e-01 -1.170033638943614340e+00 -5.031128167916292249e-01 -7.266702638003920134e-01 4.709247280208253561e-02 5.483610087579131320e-02 4.327165837178608698e-01 3.525957212460845841e-02 8.604593580168805600e-01 -4.573514837769175889e-01 2.123383576113905269e-01
6.339960228915151319e-01 -6.164941874493636842e-01 -3.019922712043469626e-01 7.805675181794903272e-01 7.970705464683341956e-01 -1.536945892036867822e-01 1.847925295583476846e-01 -1.246802872448724842e-01 -2.634353542638256940e-01 1.929938530903298755e-01 -5.333444159636423487e-01 -6.160266162703339488e-01
-1.203104234223830948e+00 -1.229749608000368477e+00 8.030268112068885689e-01 8.690088484762603649e-01 1.335160367415265004e+00 2.054095087451323909e-01 6.947364586970909972e-01 -9.069333347319212812e-01 6.412925445750726483e-02 5.349835618002092286e-01 -5.637224381900032277e-01 -2.075635192789693773e-01
3.747414193891996925e-01 1.182459059249137412e-01 2.388276795459790547e-01 5.945539699261119804e-01 1.346326400059542350e-01 4.089561043758405123e-03 -2.597425141520010583e-01 6.792399763423583037e-02 2.122030147415491508e-01 9.646308919628544809e-02 4.889302849751298030e-01 -3.829761115350591161e-01
