-5.631300782236269009e-02 8.090100248287949991e-02 2.981700001559607280e-02 -2.317279257613168719e-01 7.543975916260103887e-02 -1.198425964050527648e-01 8.823651386556252696e-02 -8.114020427747946351e-02 -3.204845761834210216e-02 2.359831715396939339e-02 6.190456026004726581e-02 3.533260112455373358e-02
-4.246849466201377266e-02 -2.336286489611751754e-02 -4.736040729590867970e-02 -8.011782977474560252e-02 -1.976865218176465308e-02 1.682176257156452887e-02 5.950672741530035892e-02 -1.159702970185952781e-01 -5.875465669065585428e-02 -3.946283228038988816e-02 1.625455319394951068e-02 -9.659897457404517662e-02
4.017856899564353768e-02 -2.167916492273812001e-01 3.998867317529306020e-02 -1.090882316924778744e-01 -5.506529653622159459e-02 -1.016882824299044502e-02 8.698120538538181568e-02 -3.052324482655312254e-02 -8.868540604166302854e-02 6.625951490997167292e-02 3.006030908262644075e-01 -1.151906669889379287e-01
-3.364934658984283788e-02 -4.122467587895938847e-03 1.143940518969488312e-01 -1.682638563353437977e-01 8.532533289928465048e-02 1.508402009747577752e-02 4.366659812963989695e-02 -5.345565472337142354e-02 -8.532625022677073345e-02 -8.516486909424741958e-02 1.457351965521473114e-01 -2.338996346123618092e-02
-9.100727685377274501e-02 -9.121845941885571574e-02 1.595113158075035700e-03 -2.576564516249327252e-01 -2.259790412431269754e-02 1.886949443977455065e-02 4.009259880582514979e-02 -6.820895057991897825e-02 -8.996127546318957724e-02 -1.411257595470187531e-01 1.915348437350179456e-01 2.266572894609841793e-02
-1.434422940298263616e-01 -1.761624609877308900e-02 8.405766135521990090e-02 -1.331698851567413855e-01 -7.837720423574434658e-02 -8.375735629425239831e-03 -4.718883455795545856e-02 -3.495894980771477312e-02 2.752239481099011831e-03 8.521136301445450534e-02 6.045074955871134609e-02 -3.847887308549208241e-02
1.073566742817528251e-02 -2.372114444968634328e-02 -1.534036420763287834e-02 -1.364315630610582197e-01 -6.143329051432755428e-02 -1.157507720298983633e-01 -1.016050046777869642e-01 -2.858327587481332421e-02 -3.405949745141474416e-01 -1.311514113526354441e-01 5.782860053591067778e-02 -1.949571311983540334e-01
-2.934107170579494314e-02 -3.999595537123118438e-02 -4.655745906123401334e-02 -1.740830078047034268e-01 7.169118475654286289e-03 6.585734599319126303e-02 1.615641382259657560e-02 -3.034435001666928311e-02 -1.622480645591590775e-01 5.336019178124237067e-02 1.089525469592297069e-01 9.026969038447227311e-02
-9.547812023458815411e-02 3.359874173608425052e-02 7.522529550564323320e-02 -9.952365701063702053e-02 -2.788577608176909597e-02 -1.212215273431148932e-01 1.614109150612271781e-01 -4.387560071851942523e-02 3.185565616604030259e-02 -1.605460904855040283e-01 1.259650257159921072e-01 -1.537362768068062727e-02
-1.264429738129040602e-02 -7.420225574606766072e-02 -1.438747469602109225e-02 -1.971677314308795115e-01 -7.816878825357881366e-02 -1.531858395532649259e-04 2.518205602178876790e-01 1.484262911077335358e-02 -4.224590293606665659e-02 -2.062358355581675462e-02 -9.738562311142747938e-03 8.387198266145023950e-02
1.241168063712995429e-01 8.017905534208806528e-02 -1.028647605168712259e-01 -1.109194874859405627e-01 -1.413159557529062860e-01 1.049091070464316378e-01 -6.785337183096790126e-02 -8.635007716556260260e-02 -5.100183155906191923e-02 6.283712603269739350e-02 1.713575681293522113e-01 -1.218667809304654903e-01
-5.951858761094813710e-02 8.906214188443915825e-02 7.983154344200728281e-02 -6.513237608641460341e-02 7.844653046373906147e-02 8.681884266435371811e-02 7.904606074530717841e-02 2.157879916812926319e-02 -9.326251785231651215e-02 -1.917126838360001112e-02 6.098087099462997512e-02 -1.370073235893075336e-01
-5.931867426772306773e-02 -4.017816304669970251e-02 -5.788414968817397199e-02 -2.663210134333096960e-02 -8.964680338890390621e-02 1.791270777494434474e-02 -2.480858247648676154e-03 -4.943933284725329780e-02 -1.381478820497118176e-01 -2.318237803759629345e-01 9.199338599329243138e-02 -9.606340333538312959e-02
-9.730970493655982656e-02 -8.060721534106680963e-02 8.328775607001771830e-02 -8.242957766075648118e-02 3.349766772238130241e-02 -6.647692497278134827e-02 4.838454617497468108e-02 1.128428917073095589e-01 -1.197823951559832678e-01 6.495245785386019599e-02 -3.257475493697459951e-02 7.177524592272876980e-02
-8.786126093877624429e-03 -2.970772426426421253e-02 -4.293547207120740339e-02 -6.448656930078527916e-02 -1.904796061506352015e-02 1.700654028273667490e-02 2.591309312769388834e-02 -7.051230396305270542e-02 2.055648065598340013e-01 3.034911766280897621e-02 -1.195589480831439205e-01 2.959333234642073235e-02
9.607336136987202138e-03 -3.239508743287664028e-02 9.725380423215217174e-02 -1.789047123982026311e-01 -6.313779750759108966e-02 1.461280039410013665e-01 6.308519630460596161e-02 2.153310843292387949e-02 -1.166136387817993947e-01 3.650546939564588284e-02 4.872982596757361590e-02 -8.033111667620905505e-03
-3.440391800166169023e-02 3.746069693081374719e-02 -6.021565698916669929e-02 -1.551441916652185615e-01 -9.268060957320922721e-02 8.453547233849370568e-02 5.221066766138119514e-02 4.118916346507069115e-02 -3.165201437429988190e-02 -3.012344704793020085e-03 1.514759773806735599e-01 -1.477672349664095955e-02
-2.971311212405966171e-02 -1.380851244629442975e-01 -7.547188843471601405e-02 -1.453975010227960551e-01 -1.085626007967838147e-01 -1.412827949620521217e-01 1.763364688027379557e-01 -1.304516853689942635e-01 1.659876923357164052e-02 -5.998336464398752038e-02 -1.361318229979339121e-02 -2.706444500647040008e-03
-3.770707517383350971e-02 2.321395324074547739e-01 -6.767014072547090919e-02 -1.926007744564152066e-02 -4.569691735280995148e-02 2.168475823880314929e-02 2.486019953621989576e-01 1.335704072184258906e-01 4.271276480786254104e-02 5.205817794306031449e-02 2.155816182818240390e-01 4.017733612400775645e-02
-2.855997751166832258e-02 1.415163369815193861e-01 1.094403090113679755e-02 -2.153811947346628841e-01 1.082309853607864780e-03 -3.604951840696644233e-02 -3.622676065520802346e-02 -6.780211565958198239e-02 -4.218448582799506907e-02 -5.155421253542941291e-03 5.742479820831560694e-02 7.775067052323031414e-02
-1.566560007640775687e-01 4.016786536194663637e-02 -1.885213902095266847e-01 -7.372501227765997089e-02 -5.768259990042101659e-02 -9.621431188430412673e-02 -9.690733302912030514e-03 3.471528381734585722e-02 -4.681959337734739601e-02 2.275763475486010934e-01 6.772257423771387008e-02 1.601780974385128842e-01
3.794579992895741327e-02 7.733534050132427617e-02 -8.106486468416020108e-02 -4.564579201169101375e-02 1.099100671017192443e-01 6.950626084659428106e-02 1.150843994986641416e-01 1.725857688882474761e-02 2.575839536399945895e-02 4.232863461501728403e-02 1.128304479134336312e-02 7.063871244833558327e-02
5.805623646354477613e-02 -1.106080310831608488e-01 1.173171638567469116e-01 -2.263817992543072644e-01 -6.985696346403694190e-02 1.190624482936624151e-01 8.624666416788048795e-02 9.200698494171573663e-03 -8.653810814446100119e-02 -1.234844205228053660e-01 1.991377606674385112e-02 -1.201050818542824528e-01
8.249600044878155347e-02 6.340390219657286719e-02 -3.047299709399595505e-02 -5.945400989881211712e-02 5.315472623261484342e-02 -2.277285600597219600e-02 1.029730955400219861e-01 -4.905625377858219283e-02 1.104743033082350723e-01 -9.809049391451626909e-02 -4.234317533238348558e-02 3.087716900204832277e-02
-2.562578070881864067e-01 -1.923124597950854886e-01 2.732632513452299371e-03 -2.052590654520264069e-01 6.734878482498252161e-02 1.232551664038234740e-01 5.560257316543434220e-02 1.893575739032763439e-01 -7.759427255214401686e-02 1.205037032737152694e-02 1.515173838146654794e-01 -7.245418918781876272e-02
9.348902013323132087e-02 -1.257539375672234450e-01 -6.999063412047658306e-02 -9.138743353270083192e-02 1.718313289236823027e-01 1.226272422139654261e-01 8.909883657842881943e-02 2.568602375907884372e-02 -3.992295746114352464e-03 -4.238400162749005745e-02 -2.868077752628194269e-02 -1.971019314977810744e-02
-2.702249398228790192e-02 3.947816008981340670e-03 -4.545094615523925623e-03 -1.214557601214954347e-01 3.967095542192665414e-02 6.991820746142028524e-03 -2.792877489977287769e-02 8.717725145339805248e-03 -7.713785277814266816e-02 2.859712563503523375e-02 1.086486824814273666e-01 -7.748091654396330186e-02
-1.749995409471854016e-02 7.467153223267407325e-02 -2.024837140285221104e-01 -5.507972568326321289e-02 1.112977172134956561e-01 -8.406473012255133437e-02 1.586323541319939467e-01 3.056534648531575998e-02 4.237688316164514579e-02 -3.389076445529455757e-03 1.907349674282690088e-01 -2.612401425318312126e-02
1.252914258190241104e-01 2.041648419776161127e-02 2.377382082530027710e-02 -1.322224330131647474e-01 5.933798775573521922e-02 -2.840719690716807938e-02 -3.852208771164603723e-02 7.165716785618668483e-02 -2.290749937009316228e-01 -1.058736228070703278e-01 4.419195487644404785e-02 7.413554729053694302e-03
-2.377447291554505085e-02 -1.278779035462642988e-01 -1.956205593018266534e-02 -2.685901387247196515e-01 -3.802510806536915644e-02 2.526512061805982756e-02 6.543945915764659560e-02 -2.428679164978279070e-01 -1.071739901544762341e-01 1.315220637838179774e-02 1.287881454143336435e-01 -9.588301876962174175e-02
-1.200658352025884279e-01 -4.727111131262481947e-02 4.647521702655593723e-02 -2.223459639299073809e-01 5.817380004347889877e-02 -5.609397743031052826e-03 1.030453277197487527e-01 -2.189183111385991504e-02 -2.043073209475219920e-01 1.003010232457637041e-01 1.111637616050409894e-01 3.670135803180386846e-02
7.394020742704372241e-03 -2.394309791494664275e-02 -8.111100932575561473e-02 -3.174335956588746344e-01 -1.244436378499624851e-01 -6.775166436294077776e-02 1.009701778709292674e-01 -1.610748073212926040e-02 -1.462197805378238624e-01 -1.170368263953702748e-01 -6.449447741657390876e-02 1.936481990609086046e-01
3.826558894312857839e-02 -1.781542190552548033e-01 -1.820436676321116054e-01 -1.640818631839236763e-01 2.007649235417516276e-01 -5.966059818152002862e-03 -9.307586844502878506e-04 -1.225176813374668910e-01 -1.714408332098144860e-01 4.254569627881369526e-02 1.353534651061830962e-01 8.123178079061768586e-02
9.005601355776485240e-02 -1.902081669848118550e-01 -2.712446510833505520e-01 -1.406727923459141216e-01 -1.055034309971812634e-01 4.369923656463558376e-02 7.284703006971279815e-02 -8.361480358209029407e-02 -8.600534758582104033e-02 1.233497925229466372e-02 -9.457150873889055842e-02 7.904783002021359938e-04
-3.012867305744281257e-02 3.087051286398202476e-01 -1.239812624918542744e-01 -1.519103702187044047e-01 8.670816183272675448e-02 -5.483593599215614428e-02 -2.300267208605017571e-02 -1.823223396139715957e-01 -3.763826368000819378e-02 3.888777966073906495e-02 8.314416445989544768e-02 -9.902091632868229021e-02
-6.620499943222317440e-02 -1.500735312851630976e-01 -2.543455567841364576e-02 -1.481958145602605970e-01 6.749304529108465789e-02 -8.759991583421561367e-02 1.870390566554688272e-01 8.112097451046064445e-02 -9.709928636088350010e-03 1.707173270759274886e-01 -3.601914713732227297e-02 1.010530961175126197e-01
-4.680496470893072414e-02 6.697500752423700930e-03 -9.516863112984634554e-02 -1.129355417474885298e-01 -7.107351895386021523e-02 -5.151750699950963935e-02 3.757583174015375477e-02 7.699486875269269393e-02 -1.433304326084275659e-01 -1.542738336951507139e-01 1.142734100085309457e-01 -3.951700173618075129e-02
2.737796592652802941e-03 -9.870241101498018754e-02 -1.543876567746216288e-01 -9.777540969740021459e-02 8.773689027093864445e-02 5.940677544095559343e-02 1.234429342981796691e-02 1.032141445009747277e-01 1.574783752953386184e-01 -3.576129620059213116e-02 9.671016637072774036e-02 3.366745574762090853e-02
4.889697445852009272e-02 -7.094836846736750358e-02 -1.100756525245739307e-03 -9.066220502923484637e-02 1.236022616716067613e-01 -1.329123831223284757e-01 1.708295454489254239e-01 3.513262068178207853e-02 -4.368015238048537224e-02 4.508035517450589141e-02 7.381664236222190700e-02 -1.481802850350106074e-02
2.843255647468960132e-02 -4.180883793585250807e-02 -4.721915400092885351e-02 -8.897467243696584316e-02 -1.335157470143010644e-02 -4.645192557818849516e-02 1.641885647139528781e-01 -1.319133706645926885e-01 -1.126855207985021368e-01 -4.021804018804756714e-02 6.182771141342662674e-02 5.099211747501390668e-02
-2.767167762006224677e-02 -1.578417268032776821e-01 -8.236149436718061267e-02 -2.056725584854542654e-01 -2.464017546176859932e-02 -3.385941947512648847e-02 1.361033411015113437e-01 -4.848183491851741633e-02 -1.446145576852557735e-01 -2.416491917564649039e-02 1.468341295981538328e-02 1.003836498619811377e-02
-4.829374840503349031e-02 9.637607933989951470e-02 6.791889697353344080e-02 -1.193657205596866319e-02 -8.430539795056921082e-02 1.961084639950050612e-01 4.685510754658860078e-02 1.775810250252020661e-01 1.323378904237257070e-01 4.818612263810134223e-03 6.736620507868996965e-02 -6.770681958859116854e-03
-9.511817783582418584e-02 4.620702475119484176e-02 4.976533591607691653e-02 -2.037924460225638834e-01 1.621101583114419875e-01 2.135858604087369911e-02 1.153796985643074091e-01 -5.127324623220204380e-02 -1.545154279877568593e-01 2.269621894688178820e-01 4.586721629873927869e-02 4.088103668568771054e-02
-7.154355128462441815e-02 5.470443690546379634e-02 -1.119924533234158553e-01 -1.535950246571447519e-01 9.324545473802331452e-02 3.441037028339676701e-02 9.163087160276819909e-02 -3.309278044044766665e-02 -1.475480260027114410e-01 -1.163210521297308730e-01 1.907850313039781073e-02 -1.472402370141840666e-01
-9.060763680557029631e-02 1.594315812098350688e-02 5.290621828862444864e-02 3.389364627555630644e-02 8.314043771705456609e-03 2.634989152152594077e-02 2.030016842144657385e-01 -6.545297215714070138e-02 -4.997122712993549293e-03 -2.310420933461143633e-02 3.036106196490127515e-02 -5.291356004558321613e-02
-1.229103500611740118e-01 -9.888599783193109671e-02 -7.152116574040333352e-02 2.188751992447814446e-02 7.438455229224266718e-02 -2.099185869180588554e-02 4.054517764513631412e-02 1.222905323888137802e-01 2.039097489614621200e-02 1.416106991845454688e-01 7.685266170358998061e-02 -9.051461536569130328e-02
-8.505723954259014619e-02 4.034880997808436287e-02 1.594083080792827248e-02 -1.135607019392650269e-01 -8.819525290571253451e-02 1.575203311304265719e-02 2.792123720082624605e-02 1.471147850491621445e-01 -6.540484366669037375e-02 -3.501634193592676608e-03 1.409155316928961676e-01 1.183972421650276649e-02
1.061200097008983996e-02 -2.273852782382888155e-02 3.392145849332925400e-02 -1.316937133000055660e-01 1.042140705391159800e-02 4.007935699597787310e-02 -8.433260993435207076e-02 -3.717766213037675127e-02 -1.781009398460678961e-01 -3.474518278560278367e-02 8.295084342002154165e-02 -3.752442327214249029e-02
-4.538311290779259433e-02 1.376023624573217670e-03 -1.623223635882951182e-02 -5.034311862067494120e-02 -1.146965081585877844e-01 -5.216234567788122917e-02 3.042461545218979463e-02 -7.949776669328038892e-02 8.988073833662335588e-02 1.469287906620328765e-01 1.241615343687148820e-01 3.973303871660897879e-02
-2.601765468047019247e-01 7.572232369656027584e-02 2.257701917412267556e-01 -2.687287459404271717e-01 -1.395047787298492881e-01 -8.982673893755110939e-02 -1.797388331633018727e-02 -3.100183285715565548e-02 -1.660201812635145047e-01 -8.135400254982541601e-02 6.543717844591030730e-02 -1.061962776925970686e-01
1.007741591494491218e-01 -5.871426372773000391e-02 -8.451017819345350846e-02 -1.102833364543140265e-01 -5.645389817058661837e-03 -3.368016193450052570e-02 -8.092807483923450396e-02 1.137048369768141470e-01 -1.844108391832338656e-01 -9.977812916912945362e-02 7.567072042615954897e-02 -1.805846010034720811e-02
2.794614905007888547e-02 -5.444371928887639656e-02 4.330940738841612681e-02 -8.102460810530705271e-02 -1.335267845288584110e-01 -6.695879069780670025e-03 1.196052177999595671e-02 -2.987399229697195596e-02 1.168493651633898955e-01 -1.384414419495986481e-01 1.001628344922813052e-01 7.948773794128341508e-02
4.574301308843545244e-02 -1.493762880724290587e-02 -2.550476607066137769e-01 -3.652672394805020484e-02 9.961009462726794217e-03 -1.661654417057761013e-01 3.100238482307133420e-02 1.809812046023586696e-01 -9.382809748480100409e-02 6.381199625738462333e-02 -5.265340701763078501e-02 -8.583977805810102252e-03
-4.502054755215667559e-02 6.855230778604888553e-02 -2.483266902080417601e-02 5.318757917366036952e-02 -6.764267859889805390e-02 1.174948117366866537e-02 -1.821145128145182368e-02 1.816840095324619986e-01 -4.270053178464401633e-02 8.481455911109206380e-02 -2.034732856697545403e-03 2.908041843136981858e-02
1.856901351491073091e-02 1.218193120607643093e-01 9.594276337371369229e-03 -7.876842139852003460e-03 4.222299962117007088e-02 -8.289374323355921947e-02 7.726859973797961523e-02 -1.339746706239396956e-01 -1.725604993646684682e-01 1.697620148845188359e-01 1.945510038633869176e-01 -5.421840463712999936e-02
-8.100226241589622567e-02 -4.443863721198147709e-02 -8.953268653647321329e-02 -1.765359914353801796e-01 -2.159186410519971320e-03 -1.601374227418029053e-02 -4.951708014321029583e-02 -1.265361243579131156e-01 -6.130884706655682914e-02 -6.543428759638189596e-02 -8.271613110630359617e-03 4.659979932130453584e-02
-1.297509811048270512e-01 3.167491432849084410e-02 2.854642176120427213e-02 -1.592898081157939350e-01 -1.910695168199006422e-01 9.459872357580695335e-02 6.526926754826428700e-02 -7.012938044654469516e-02 -1.891397549408233569e-01 9.530484271076145042e-02 7.243329453576524690e-02 2.582877443301857118e-02
-1.477482697560628944e-01 -7.191992076138671586e-02 -2.174830677920179187e-03 -2.767523769315621829e-01 8.711753013634751519e-02 -5.167167431679752648e-02 -6.423502354083071575e-02 4.023017462249928178e-02 -3.996419294067704575e-02 6.820974770197826831e-02 8.228350812261436278e-05 5.157574359512072382e-02
6.767492196216690070e-02 1.352435431001053900e-01 -3.839717846363847886e-02 -8.001180642555592859e-02 -8.140061605671944367e-02 1.704527528579594109e-02 2.650474405343093004e-02 6.551564614021936073e-02 -6.153282266788061283e-02 2.556837741209661702e-02 4.199050849161544557e-02 4.612676948008687106e-02
9.009003217813589884e-03 2.852765974787054015e-02 -1.743859596356928665e-01 -5.125666335251238132e-02 -1.591294767823968614e-01 6.678018644053754227e-02 8.024897728784183282e-02 -4.569120658740427610e-02 2.803422728132980157e-02 -7.582618815482098686e-03 2.451043859009255019e-02 -9.213663558916346252e-02
4.194952258263674738e-02 -8.862748074101393925e-02 -8.825423261768480798e-03 -1.916720258950647404e-01 -1.034136977230332988e-01 5.220386699519457413e-02 -2.708522460148755223e-02 1.518239502676442809e-01 1.059897294595788519e-01 2.936879123951575965e-02 5.551058056862667039e-02 -8.249055250500600400e-02
1.559469011225129119e-02 -1.141242657631527657e-02 2.462272234107200017e-02 -1.222059463376637262e-01 -7.849842888665298224e-02 1.398936533298653917e-01 9.860029527072255995e-02 7.962788917155178350e-03 -2.120587941532338372e-01 8.040989066732767004e-03 2.692620826845179213e-02 6.204532382179306881e-03
-1.242453319605536788e-01 1.509717254929951458e-01 -1.025688861895855536e-01 1.121845197273113881e-01 1.072880346916042782e-01 -1.996547881782165246e-02 7.350271485505199646e-03 -1.374100819527642736e-01 -6.134638946608639287e-02 -1.853138923474271504e-01 -7.549128037619794868e-03 -1.576390459792162690e-01
-6.793729218411875825e-02 -4.983854052771681141e-04 -1.434825747359001410e-02 -1.988132912862251855e-01 2.342143501923342128e-02 -2.390482093873352865e-02 1.628419757453173911e-01 1.637105968677689538e-01 -4.467584183515048782e-03 -4.452731690585702042e-03 7.661450593438284828e-02 1.446005994810824202e-01
-3.793726245860089274e-02 4.343641952278888552e-02 -6.875602936177264979e-02 -3.304874072711524308e-02 -2.352659708897869659e-03 8.647609926748716725e-04 -5.315861746922161124e-02 -8.706401195913472668e-02 -7.114299310620680883e-02 1.167390543048880680e-01 7.153230355367878879e-02 5.095686792062886772e-02
-5.776798205765920624e-02 -8.564746828615758508e-04 1.835283307296085506e-02 -1.369748579017376344e-01 8.865600211575574985e-02 4.628588833542716247e-02 1.181863051964413824e-01 1.351737522325984764e-01 -2.241281958647730332e-01 8.432578763527240340e-02 1.378594623418059884e-01 3.815493185319410174e-02
2.947242384047692523e-02 -1.192045336138005535e-02 -6.198962246293397704e-02 -1.289020323049502592e-01 2.585731535043732029e-02 1.075849958178502486e-01 6.202571542186212372e-02 -5.827023514510902558e-02 -2.724821112747747853e-01 3.085548596573997257e-02 1.022593645689272024e-01 -1.317537924464762950e-02
-4.379541761914335085e-02 -5.182020777671934864e-02 2.873015063560211205e-02 -6.366669173707699414e-02 -1.526455186048399429e-02 -1.761636247868424154e-03 1.600025543903656478e-01 6.428840109435214611e-02 -6.511380128463262196e-02 6.434710924061767812e-02 7.346711939974479022e-02 -1.224233095363997381e-01
-1.179482178805967285e-01 1.067024142145695789e-03 -1.914564554008709243e-02 -5.057960659582758783e-02 1.061636357165580691e-01 -6.650986154996421651e-02 2.008005873301346167e-01 7.570858633753078937e-02 -1.471576897657759508e-01 -5.893380412051007350e-02 1.295331171845770513e-01 6.953223556624615886e-02
-3.545110626790374392e-02 1.507153055618137838e-01 -2.004992530662673134e-01 -2.610498920612893126e-01 3.313777865169908760e-03 4.119284952810777639e-02 7.895619938020098649e-02 -6.879952886295405412e-02 -1.426217065186258515e-01 9.637236276384264499e-02 5.787913680165609337e-02 -1.043065357801556958e-01
-1.115167617559606559e-03 -1.919662493436360279e-02 2.061857115956846828e-02 -8.391790418125995299e-02 -6.397215185053400054e-03 -1.194404471499344311e-01 -5.037619827854365046e-02 -7.970301829056901377e-02 -8.824334492671148666e-02 3.596243394202320448e-02 8.418137442889764288e-02 -1.009537292294326871e-02
1.689576870510281839e-02 -2.349690269054826447e-02 -2.997554715931198890e-02 -9.479488134922127440e-02 2.840642651933303689e-02 1.804639977957081531e-02 1.567779908423319601e-02 2.524024539291580549e-02 -1.080131973123770600e-02 -7.804497405830043699e-02 4.769658718651070134e-02 -1.855337474729785996e-01
-7.721631061508668625e-02 -9.034226398233539956e-02 6.902284035816798162e-03 5.249435601177625949e-02 1.857125008119343001e-01 3.462816078321433871e-02 -4.025854399806186139e-03 -9.183645400302316297e-02 -1.459687046142875144e-01 1.578139690228639036e-01 8.364369359793091818e-02 1.232796204080458952e-01
-1.617624076457354343e-01 -7.725536046039081783e-02 -1.473022097346854409e-01 -1.294309752063904639e-01 4.812476833287659961e-02 -2.104179449982739591e-01 -1.731682347580882908e-01 -1.204445650323138911e-01 -1.879906223332049597e-01 -1.424704292206973311e-01 7.164170262409388923e-02 -1.734594681331642213e-02
-6.345723630109278979e-02 8.404349003643212662e-03 -6.271978826033862290e-04 -2.442535329710684711e-01 6.429156524891271873e-02 1.045428047026482066e-01 -1.045971787463334801e-01 -7.657509648451729656e-03 -1.576947745464422068e-01 2.547456173530621149e-02 1.456982916389818784e-02 -5.280538489911429552e-03
-2.823326862681578911e-02 3.703224632463052168e-02 -2.627638263980876590e-02 -3.349610744379367955e-02 -1.550550289244705809e-02 -7.741441819747815756e-02 5.005353989741822933e-03 1.161730363407339067e-01 -5.921940424212003562e-02 -1.108885290508703214e-01 1.000945129551708834e-01 -4.509397079588833845e-02
3.558382890713200630e-02 6.434743522421375317e-02 -1.426880282602752681e-01 -1.344103719191355462e-01 8.584569358170357489e-02 1.227290139891547283e-01 5.175484339477531143e-02 1.014520889713604740e-01 -1.976726517627053481e-01 -5.414757117108386780e-02 7.404258313622108512e-02 -1.109393226716084979e-02
-1.529119863479534713e-01 3.605550318060136983e-02 -1.343183811587112253e-01 -3.994435079644850783e-02 1.246962633892974015e-01 4.500435157381677681e-02 1.939135363319798855e-01 1.398968518058718580e-01 -1.990997780036934117e-01 -4.351403125097983576e-02 2.711955893811910864e-02 2.021370916983634275e-02
-1.741978295242367289e-02 -6.489253163980356065e-02 8.882946047804139711e-02 -3.099016415117960555e-01 -6.497919614277836153e-02 -1.152119150571630224e-01 7.107917042459721557e-02 7.920528896196261937e-02 -9.531614972084792581e-02 7.616362515411848055e-02 2.206219659396160271e-01 -3.208464150153031783e-03
-1.360794568478351230e-01 -2.151070776617752811e-01 1.089228296166699222e-01 -3.921909974393266579e-02 3.645786470435233295e-02 -8.597136126669721601e-02 1.767386083999317181e-01 7.465950721214255348e-02 -2.301259979494759966e-01 -9.556246557362249594e-02 1.204328483157254548e-01 -4.092237752520279381e-02
-2.618526378564870263e-02 -4.817662583688350764e-02 -2.545278484123062249e-02 4.117892725807008845e-03 -5.300003621758478389e-02 3.111186775253232603e-02 1.392717379077939577e-01 -1.606709975633996423e-02 -6.876601031157195121e-02 1.150495947216511050e-01 2.069619184560106961e-01 4.313959754830395954e-02
-6.685775373548669132e-02 -3.353837266382726345e-03 -2.369577650776856226e-01 -1.984461673259184100e-01 -6.554381026213423889e-02 5.659124087373560569e-02 9.003308208393301371e-02 -1.619069964816519103e-01 -4.918926911476045882e-02 -3.682491767561511115e-02 -8.919470388783731774e-02 7.460407015220127391e-02
1.162273972078495081e-02 -1.104078273539480098e-01 -5.092368709531459869e-02 -1.104839247404348496e-01 -6.754951182866406056e-02 1.491825346405795949e-01 -1.687658727514732004e-02 6.790577852861655328e-02 -1.811254092543924110e-01 -2.226978449713406388e-02 2.594557094624925231e-01 6.337091870184978319e-03
1.307390011902427041e-01 -1.692922544642779803e-01 -2.787917845419784491e-01 7.681516956449001808e-03 8.164592389585093035e-02 -1.709315706544279612e-01 9.915285664266304533e-02 4.939863477659819924e-02 -1.212973239442692586e-01 -1.757255996379988583e-01 1.090212753932612300e-01 -1.047101276285072324e-01
2.506357320199956717e-01 5.954077702515052362e-02 1.554610160161691290e-01 2.485139376163096256e-02 3.574929683274712111e-02 -2.072266665400857300e-01 -1.137423499681606276e-01 1.657124245956744235e-01 -5.205992504471954052e-02 -2.505610063151805234e-01 1.874097620082557439e-02 -1.937213166697472622e-02
-7.424160726974551872e-02 2.312371472326218425e-01 1.489488486852015292e-01 -3.767598445815372593e-02 9.042830849092070578e-02 3.476223331774656172e-02 -1.130546238205024090e-01 -2.748212969670476014e-01 -1.716970937083893145e-01 2.912897619451186859e-01 1.135395161886365301e-01 -2.305016178662171872e-02
1.304483177368019053e-01 -1.059204555049462898e-01 -3.284291877357972678e-02 -6.479234933312433796e-03 -5.745083322155104810e-02 -1.218894294556897018e-01 1.796482701638390383e-02 1.260652147626345476e-01 -1.047226679204616151e-01 -4.379699835752460385e-02 4.315564513254351725e-02 1.488109894073792183e-01
-3.661200505938011496e-02 3.771483812434788252e-01 1.013160792895504841e-01 -8.863426563699842997e-02 -7.462169225806536410e-02 1.023571583187850853e-01 -1.801197637896625459e-01 -2.203261994498514342e-01 -1.551571227223727881e-02 1.078113993880111809e-01 -3.553273010556928097e-02 1.523366362060123713e-01
1.035747537564655173e-03 -1.730965247343556612e-01 1.954379216284904408e-01 -2.756096784609488037e-01 3.290629570614019006e-02 6.079875020585241013e-02 -1.269042680775006593e-01 -4.967500724477127982e-02 -8.742487500265819222e-02 3.252804572499275876e-02 4.345306379232370501e-03 -1.495849810529575885e-02
9.084473499686318565e-02 -4.477405580508553307e-02 -9.573183665496308448e-02 -3.907273401715580935e-02 -1.100948357753811779e-01 -1.037526949828817824e-01 9.553173676298048686e-03 -6.731212033554791196e-02 1.957881189127370219e-02 2.982851526224418459e-02 9.717862895720580374e-02 -7.041558198069092223e-02
1.414332103872385955e-02 -3.604037482445252016e-02 7.473543160429487429e-03 -1.727595895023870121e-01 7.903053588315883671e-02 -2.727069151108212249e-03 -1.384949271637959112e-01 5.852483850691661549e-02 -7.927578391668282237e-03 -4.600629570043437283e-02 2.586199369506865867e-02 -1.721669746188841110e-01
5.259873555148149304e-02 3.526846295140277643e-02 1.206228877541699190e-01 1.347207102591842787e-01 -1.311762778511788574e-01 -6.837646123266224660e-04 1.341995028121962565e-02 1.272358994534754806e-03 -1.216640296796813181e-01 2.811952291988696617e-02 1.401831812662069077e-01 4.938608829225446528e-02
-1.171739163551067109e-01 -2.639501349598403213e-01 -3.230861031166158415e-01 -4.632451960686558290e-01 6.601953835598647902e-02 4.990911830688638667e-02 1.344685661719101921e-01 -2.858485584573108307e-01 -6.570436893965504455e-01 1.154816414667161617e-01 4.283275854676920624e-01 -7.240313708764561929e-02
-2.226657271802097993e-01 7.207919844743783389e-02 4.016645049427444714e-02 1.437765356998309263e-01 -3.985931810821861931e-02 1.179674453120728161e-01 -3.709140306459556002e-02 3.655929433374933285e-02 6.090410263030555937e-02 1.568742162447952226e-01 -5.865162414026854620e-02 1.144530596911021159e-01
