-8.412871840698066261e-01 1.086952070217033439e+00 2.356630486151290449e-01 7.292797445670721190e-01
3.436996582933340982e-01 1.444384062859213336e-01 -9.483410475463845968e-01 -3.814564385965648619e-01
-6.876351044380044075e-02 -5.855016410080614575e-01 -9.640740169209307542e-01 -5.751735287016583875e-01
5.702999764061632559e-01 -2.249088038037296844e-01 -7.883119782315166357e-02 -6.034792513173969919e-01
-4.027980155070677304e-01 -6.395164210130150906e-01 5.322207103990316268e-01 -2.107719650938752465e-01
4.772100345362473850e-01 -2.048886573133034406e-01 5.378483381393436291e-01 -6.458082959500419662e-01
-2.453816010452676832e-01 -2.523923528970132835e-01 9.866603402119956678e-01 5.153431780266364282e-01
7.048968957042832384e-02 9.075429000405023094e-01 9.524145176044349625e-01 -8.906033546140980084e-01
1.479535907814660545e-01 2.667841074593419459e-01 -3.892024517747185164e-01 8.765987733629049261e-03
2.023184556869834227e-01 1.666109779669482094e-02 -9.537378570655825616e-01 -1.176921509235743679e+00
2.979273592046330008e-02 4.990657300367231652e-01 -4.443199964918984612e-01 1.895624682072370448e-01
1.070307546856188036e-01 1.938181163998441980e-01 3.931069967339455296e-02 1.123421268764079051e-01
2.206569650584175868e-01 7.263965949760944341e-01 -1.067817384955092042e-01 3.071886079485072751e-01
-2.056571241532469396e-01 -5.127487442165765685e-01 2.331769542405170148e-01 -1.472601523673969792e+00
2.066432579926534285e-01 2.547005020522731811e-01 -7.877318324676745309e-01 1.201337906302804848e-01
6.209289273947148358e-01 6.632080286343851327e-02 1.130436631571645867e+00 -3.447914198338027925e-01
5.168634849260612674e-01 -6.184798024065177868e-01 6.964802287267081171e-01 1.269671699399481379e-01
8.271095174900355840e-01 -1.411273114972104947e+00 2.033661131216016216e+00 -4.874477299406011488e-01
-5.700333925231162308e-02 4.568167413069567084e-01 6.584872247462690842e-01 1.844599448490294447e-02
2.020784275125971641e-01 -7.752391955515317568e-01 -3.555867845515424119e-01 -7.752393579551906111e-01
-3.217273870512725731e-01 8.557624373686537611e-01 9.662156828908662065e-02 4.471071458334360260e-01
-8.855410024251479661e-02 -6.884269973891304906e-02 1.926168245619173935e-01 -1.422074778990814747e-01
-1.267464457499122066e+00 -6.195566682690041294e-01 -6.884738860276941042e-01 -6.171943653049495326e-01
-1.041401524390807021e+00 1.141906372142756476e+00 4.619077451088609565e-01 5.401251552515294874e-01
-3.415173538373276196e-01 -6.775297596912990272e-01 5.681761047184671343e-01 -6.077565676831935271e-01
-3.466513662984889721e-01 1.570808616954331383e+00 -2.436649213700050054e-01 8.368871465906434493e-01
-3.798348271195874093e-02 7.171010228296564870e-01 -3.183056621159321108e-03 5.101842467498080014e-01
4.070492608779481825e-01 -6.506061044941273686e-01 5.451753331439054273e-01 -5.250304223877892695e-02
-7.180712018960120346e-01 3.363281053355952066e-01 1.045867685108808481e-01 8.671964369845160947e-01
-4.301117472307197653e-01 9.517104857272146168e-01 1.166583587546841549e+00 6.926706146328962532e-01
