-9.335614856013603469e-02 -7.996545895548883010e-02 7.370322997707565160e-02 6.823871560358123201e-02 8.005078312341089297e-03 1.614069491835798398e-01 7.680743076466151065e-02 1.674029784310963193e-02 -6.257671130998651576e-02 -4.042071351565310749e-02 5.089598038155292159e-02 -1.269600569669500634e-01
-4.836646886580987098e-02 1.187485239640007073e-02 4.464559418742680176e-03 9.555001483641502313e-02 -2.146596944846267466e-02 8.594859472145964518e-03 -9.404166660231932928e-02 -1.743372657403852166e-02 -5.540719822244801265e-03 -6.880666574975084770e-02 1.240943471349997274e-01 -3.468697891915523135e-02
-3.728697256626539724e-02 -2.549706135139961916e-02 9.302142534596942458e-02 2.334741988305111954e-02 4.696328033673442814e-02 -8.230431258718254317e-02 5.180288079770073439e-02 6.085569648320231229e-02 2.720229442176561735e-02 -6.963928094021305804e-02 5.193464375851121473e-02 1.000462917594357459e-01
2.446417261479540139e-02 -1.094503745107958392e-01 3.376244931888085915e-02 -3.331903482883440126e-02 -1.173198602730959883e-01 -8.499520925485844203e-02 1.085999857148235194e-02 2.494024961941245649e-02 6.873533838166512311e-02 -3.814504624579870273e-03 -7.001497789742547329e-02 -8.369218232765584034e-03
9.466151420666357730e-02 2.285823164011573788e-02 -1.083209865673579742e-01 -6.285929280823437937e-02 3.670454970368666053e-02 5.632018529772981480e-02 -4.881188264428723556e-02 -6.105985136550244607e-03 -7.780681647097129061e-02 -6.169566944122793772e-02 2.251144072632257909e-02 -1.631500805716066052e-02
-1.997034002857363266e-01 -6.080755672877387330e-02 -7.018496775741114857e-02 1.439136866283068361e-01 1.373706276419344764e-02 -2.044396245886398733e-01 2.256374998287763792e-02 -7.569633433690259317e-02 1.590811268389019650e-02 -1.751774470077036017e-02 1.810747993083601168e-02 7.871020656732438670e-03
9.961284683130955386e-02 -1.238389860273073073e-01 2.913057227605963390e-02 5.425592846230167798e-02 5.777612284894717565e-02 6.043367735653596556e-02 4.839234815544922463e-02 -4.921070636692106981e-02 5.245486981445414421e-02 1.867539051415426782e-02 -5.027415201103675041e-02 -5.137896501676382510e-02
-6.702802281057333722e-02 -7.407019874001063986e-02 -1.286852608335448400e-01 -3.762020770126058011e-02 5.257599242761250291e-02 9.678193954601484184e-02 6.877343399393266721e-02 8.001668962398982010e-02 -1.595911201608264662e-01 -6.342453445522400202e-02 -6.443200566218687531e-02 -1.356402037758731860e-02
-4.112124533079133254e-02 -5.040318345175651138e-02 6.416794968945591093e-02 8.454731371543446061e-02 9.043784298386392528e-02 -1.155805583047969237e-01 -3.123037861093396275e-02 7.553812950625877522e-03 -4.302314220490832675e-02 -1.249812001891164176e-01 -1.020647167225479657e-01 6.450464369645551865e-02
-1.043254153873877793e-01 -6.580953581981247025e-02 1.963031013538491243e-01 2.218452195677971667e-02 2.134985996089218754e-02 8.680420829708747343e-02 4.223484122367501814e-02 -1.706324583756007457e-02 -9.137581176695171170e-03 -6.221163780425448264e-03 -4.136816047949343905e-03 -3.231421309235895517e-02
-2.591764888813421347e-02 -2.869321274050572884e-02 6.052425443465320187e-02 -1.437718990864540469e-01 3.640358897545192818e-02 -1.975573526012675274e-01 3.286003513019480904e-02 -1.134944061548297245e-01 1.120383088641760949e-01 -8.259291096009979682e-02 -1.005983245700593220e-01 1.323752242124913714e-01
2.593423892455368751e-01 -7.460439086730288882e-02 -5.039793358742010454e-02 -1.183931381922959450e-02 -2.658506568489371613e-02 -2.767346503504964500e-02 -3.713977339570731159e-03 -1.340309144235086181e-01 1.223724598728947663e-02 1.471642889487583261e-01 -9.012168004904227980e-02 8.922139943313650567e-02
-9.995947482394490491e-03 1.085219017413022874e-01 -1.056396259952765426e-01 -1.164408266155670529e-01 6.362139528796847965e-02 -8.386838553579428757e-02 2.020387536583291288e-01 1.294630643497488853e-01 2.127362512668515542e-03 -1.335338421140157446e-02 -1.068515455016924159e-01 -1.887282054767356818e-02
-3.790983538978552614e-02 -2.936677262793863097e-02 -1.173298055330537770e-02 -1.196730585996525070e-01 1.057480077855191616e-02 9.429540905753570901e-02 3.215901790693150020e-03 3.377136556454878036e-02 -6.522979043791792171e-04 6.370207992196908961e-03 7.992019245086440238e-02 2.973034208118367772e-02
9.037844350531289150e-02 -5.017566923325215977e-02 5.413646567472815696e-02 -6.505150208024143565e-02 -3.041631911154217896e-02 4.924821530595849955e-02 1.469722179925041505e-01 2.750682085848552352e-02 -7.530842750108110439e-02 -1.471540400066747092e-02 9.654325007528694047e-02 -1.257922537868805812e-01
-1.432560177556330416e-01 5.832141175495013374e-02 3.453691370417856510e-02 -4.009914699455293524e-02 -2.502111880765195764e-02 -1.866741466029713525e-01 6.084847699366741774e-02 6.473773576494095024e-03 3.964205989105464706e-02 1.080622928028266913e-02 -1.467835652413002068e-01 3.162707440786131918e-02
2.484923144609928886e-02 1.042740098858730424e-01 -5.032191854488796134e-02 -5.397561161389145129e-02 -3.519762382735948467e-03 1.941740232711113290e-01 1.004580108272712935e-01 -1.006009426446125288e-01 -6.699918565218394850e-02 1.324066786765517589e-01 1.408469414142397014e-01 1.508480677267882708e-01
-1.566154821198841376e-02 -3.800830978460219278e-02 -2.916907983057197284e-02 6.752187042924177873e-02 1.203113442318038025e-02 -5.603547575278941192e-03 -2.750777570595925106e-02 3.989641249734407480e-02 1.345000145412577341e-01 5.093261172081167687e-02 -2.053664366283052337e-02 -3.845670686287647189e-02
-1.055953310820129110e-02 -9.864549720134641042e-02 2.216379080006073560e-02 -1.102648980428375669e-01 7.555337655274070759e-03 1.807875008639357184e-01 -7.846500557538878262e-02 1.626923936604222076e-01 1.994511593675945063e-02 -4.867447074004825625e-02 -2.041376413942372070e-01 6.174176491572556241e-02
6.656868296535534135e-02 1.787529662681712206e-01 -7.022951837408367842e-03 -1.447026017370795503e-01 -2.445947778554405372e-03 -3.222885684521305943e-02 8.537044835545953836e-02 2.945733321165122653e-02 4.814553779552631363e-02 2.105995438201394565e-01 7.849460035656628809e-02 -3.193065366790177884e-02
-5.247235281194694012e-02 -4.349555780625358886e-02 5.528181133650250656e-02 -7.607277721201941012e-02 -2.567363385226394817e-02 3.252711162329091632e-02 -7.244175662156110418e-02 -7.397197024626882278e-02 9.972771668911450949e-02 8.155714897946915454e-02 1.011365275653722390e-01 6.274053158670640784e-02
2.283767996332335473e-02 -7.964657467233730859e-02 3.474881433839291378e-02 2.444911930291382776e-02 7.484567858001102414e-02 -1.717017630951999177e-02 2.328467906731078174e-01 4.029271150735386914e-02 -6.125935897242312800e-02 7.457850813089646203e-02 4.996485816835889715e-02 -6.540407774998041601e-02
2.055177457469319763e-02 -2.723713140516848333e-02 6.036633046726997548e-02 1.860706850955293895e-02 1.118734420525380538e-02 -2.965375764336708464e-02 -3.590853352210131993e-02 -1.789286348299085339e-01 -1.276278365099241252e-01 6.744431794907383357e-03 3.218245869774431778e-02 9.720624676396251440e-02
4.588938710706598478e-02 4.157650337880074154e-02 1.057996143336778078e-01 6.485271218202834365e-02 1.108421702284586169e-01 -6.470586908031902840e-02 3.721902080881100278e-02 1.342255193865407037e-01 -1.620716057707393548e-02 2.439085084152464722e-02 -2.800273101761087749e-02 4.743329305448881761e-02
-6.841013186915403943e-02 -3.751596816915320209e-02 2.962211529791485345e-02 -4.638891980315243413e-02 3.666529279009991121e-02 2.994670008833594937e-02 7.148675796621566103e-02 -1.170505304322125434e-01 1.007531532466379443e-01 3.145494394396784743e-02 -4.401300850174891255e-02 2.615237533012765639e-02
-1.105921742506211364e-02 8.313394283408966079e-02 4.560623203919732249e-02 1.009922511163588721e-01 2.819313382731310214e-02 -4.583232659665053936e-03 6.332059249869378958e-02 -8.145049769822240715e-02 1.260546925815690320e-02 -1.359528174307382820e-01 -8.648941293748330095e-02 -7.096924619501528142e-02
-2.309322247232871786e-02 -1.260752193983419658e-02 1.328588075727353268e-01 7.071348471553975945e-02 -1.987880471120793413e-01 5.618214423766591109e-03 7.655570763809128876e-02 -1.444991692036568798e-01 1.530309688210535618e-02 -6.493771256621411192e-02 -5.702222280673025639e-02 2.208438172622159412e-01
6.787477866858580844e-02 8.432550357164204924e-03 9.802778252098653944e-02 1.476588329172451308e-01 1.391892859940310236e-02 6.206238506796819127e-02 1.066891271886509784e-01 -1.074124061002490749e-01 -1.674160230908414496e-02 -1.506025456575093568e-01 1.054318647575255286e-01 1.758848230607886753e-01
1.130229375394940956e-02 2.890081478013204613e-02 -1.767652165346098869e-01 3.959295339453018647e-02 -3.419420641051401644e-02 -1.251046566378275111e-02 -2.783295101867454616e-02 2.670159318604654192e-02 4.625115702598153744e-02 9.023168160348024602e-03 -3.150752123724712139e-02 -1.281521827933050639e-01
-4.718730190207352793e-02 5.480300131714602565e-04 7.684081551216434547e-02 -4.449258888976409185e-03 7.089647453837985558e-02 1.453235219669840317e-01 1.996014266949815152e-01 1.436077954540915802e-01 1.732937494017589564e-01 -8.341802328220748741e-02 -5.251493397916160571e-02 5.837536122991691251e-02
-5.149064925970928824e-02 -1.187941169890067159e-03 -2.008642655640229674e-02 -1.188342929989513325e-01 6.927343209379456523e-02 -2.569358867304555663e-02 6.343568376730285285e-02 1.568898325546987452e-02 7.557788451142444242e-02 -6.338554678954147481e-02 -3.441664075042909915e-02 -4.308955558598571989e-02
