6.684161125694551564e-02 5.303931844702956117e-02 -1.309794717716832313e-01 -5.129610663739900007e-04 -9.023069409826603091e-03 1.567185100411621623e-01 2.661661479862647423e-02 -1.651529942852697150e-02 8.451739849240498537e-02 -1.462997731650498290e-01 -5.616223778476440304e-02 -7.391029697552475852e-02
-5.123959591763767307e-02 -2.006529263870077129e-01 -7.937713613328148399e-02 -1.691123794569314442e-02 1.224426405897275916e-01 1.172329960664639376e-01 -1.295750171829416209e-01 8.206853684583108322e-02 -9.801398998077301417e-02 -1.090862874976666480e-01 -8.314709545720370965e-02 -1.052649374778815983e-01
-1.883408146628788304e-01 -7.963720090330311807e-02 2.397603404373321034e-01 3.775871382743929694e-02 -4.525629507428116649e-02 -3.063025857856379458e-02 -6.103714699283064454e-02 -1.120037390263375378e-03 9.680695416486043148e-02 7.146160065655726701e-02 1.253444210251095439e-02 -3.724905326759252872e-02
-5.761428122055831796e-02 -1.468858879472897672e-01 8.830007791413133078e-02 1.487097278152058055e-01 -1.958526164932056571e-02 1.131592882871941957e-01 -6.847834825131288161e-02 3.524977316890955115e-02 2.993116394949657533e-02 2.183628380228582258e-02 -6.993395054601414529e-02 1.036156759252326864e-01
7.094305174810587589e-02 1.801205542429053230e-01 1.856534986682195285e-02 -1.308093363286382815e-01 1.048054589150533844e-01 8.524198215351730390e-02 -2.606503502572796171e-02 9.653323667626040328e-02 -4.393399448426558995e-02 -1.902138658417460992e-01 -6.950727934088186434e-03 -1.640241007681932789e-02
-9.720936923121752116e-03 7.667177912742126344e-02 9.026699620706453431e-02 -8.742518597485558762e-03 8.481370680714708787e-02 1.118855328789402914e-01 6.610352707642966341e-02 2.076186361839177028e-02 -1.419987017658893291e-01 9.991755545021507867e-02 7.685450405673123486e-02 -5.763389828941847814e-02
1.614065685723993851e-02 1.761497807060636023e-01 1.374855820477676183e-01 -1.823300048398598851e-03 -5.389920581978067948e-02 -3.140335664554365358e-02 1.909080886520485992e-02 2.232623987406251453e-01 6.482869069074251311e-02 -1.126440915085008126e-01 -2.393012641653028405e-01 3.498816242915135655e-02
2.323284468561251925e-01 6.841090804219658594e-02 -3.880640960637378456e-02 6.411073088075823490e-02 -9.621333993702986531e-02 4.104221243281323817e-03 -9.414963505972662183e-02 8.201076234620383043e-02 -5.914082294533903536e-03 7.336141831987369466e-02 1.637925658309240806e-01 -1.128858579060459597e-02
-2.430669182266187792e-02 2.317957738550405905e-02 -9.405033884204266892e-02 2.794246768988251778e-02 -1.148124963090937506e-01 4.361639769489004254e-02 1.193735182066858053e-02 -9.054315300345524772e-03 8.292774878105713121e-02 -1.492503730232622727e-01 5.812749150122729219e-02 3.504532000358195898e-02
1.360445224807824149e-01 1.384525729191157795e-01 8.577090499774189802e-02 -7.159670889934328930e-02 -5.720628203383137933e-02 6.909620108256597781e-02 8.099477311293271087e-02 4.331977008279933039e-02 1.125460578890596086e-01 2.954117464562236797e-02 7.623122865301637519e-02 9.163799695335462635e-04
-2.799223508032335286e-02 -6.992575232569375743e-02 4.182365324634421122e-02 -4.592048135040547457e-02 -4.171109059007943598e-02 5.234220629979514927e-02 -1.210237477331299882e-01 -1.996946933411644989e-02 3.452611134426988165e-02 -4.726816828781552765e-02 -9.526371859633225858e-02 -1.176051725988658259e-01
-1.012648720120497697e-01 6.206927177076614066e-02 -5.755446660422267741e-02 5.224748581324563552e-03 -3.245094571098984526e-02 -1.952537992431185171e-02 -1.922795887339606713e-02 -4.154556589427027546e-02 -5.828828276201108993e-02 -7.860556582114201774e-02 -1.053071471808219098e-02 -7.900683376842609906e-02
3.495095342322120102e-02 -9.831229791070557333e-02 -3.123294437247169097e-02 -4.474965651324826557e-03 8.557058568389998288e-02 2.659462054669699607e-02 9.535956045316187901e-02 -6.735438344131637091e-03 1.341743906628454358e-02 -1.996206650620784701e-02 -9.906342473727608455e-02 -6.650159780930070541e-02
7.563399130873188492e-02 -6.230307175526270808e-02 1.255219936204649001e-01 1.241285605661767433e-01 -6.700832155107319665e-02 1.425239183155309342e-02 1.015547825730083731e-01 8.402472856128406775e-02 -1.045983068980295416e-02 -1.069715640123388711e-01 -2.508118127304208994e-03 1.079189143414637370e-01
-4.879717590597779792e-02 -3.125287836040283908e-03 6.705991147296602728e-02 3.398657266945849520e-02 -5.341989358237780872e-02 -3.050716227890777621e-03 -3.449512182628169943e-02 -3.353909577212811632e-02 1.906553588465979138e-02 -7.229497268889935324e-02 -7.774724726488815851e-02 9.488949893765749599e-02
-6.117796700130918169e-02 1.406608019074420124e-01 -6.091820492543176951e-02 -4.860503743958886208e-02 -4.802419114416234258e-02 5.382100191389289912e-02 -1.071617136476218091e-01 3.658170350570738583e-02 -2.473386833444846111e-02 1.073778667630270189e-01 1.135337299792417987e-01 -4.531028535226547943e-02
1.800378387481611081e-03 1.202508290579446110e-01 -6.638337133312104121e-02 1.462540923285254035e-01 -8.523419705473291030e-02 -1.808465086068774541e-01 1.128336909341847299e-01 3.848534043961862605e-02 4.818171917876561128e-02 -1.886065632758711363e-01 -5.946790234057537650e-02 -5.197620025499215604e-03
-2.919614051416084821e-02 5.088123430787269696e-02 -8.622447319022860657e-02 -8.893128410241708803e-02 -4.161924469395492099e-02 -3.822197431004226154e-02 1.091347348194027372e-01 -7.485491613067769834e-02 9.172393317734070517e-02 1.200890743246820352e-01 2.061990939093423861e-02 -1.639542262509283144e-01
1.549425247399057459e-01 -4.325443628248422899e-03 -2.461714298395058925e-02 -7.074346062985220618e-02 -7.563603683928851826e-04 -6.677758755656901246e-02 5.944057332746403854e-02 5.915607459053039141e-02 -8.631000029143895413e-03 -8.191134087721471668e-02 -1.589430285242556529e-01 -5.200171240589238769e-02
-1.521153886025530810e-02 -5.375257315160364424e-02 8.170635412166848965e-02 1.427434517481158682e-01 5.986732178214815292e-02 -2.628937917085306247e-02 -6.287497514260405318e-02 -1.595439280174662522e-01 4.074306236345216596e-03 6.235498573307144549e-02 8.762117574276913345e-02 -9.677203883441626298e-02
-8.334637392625962593e-02 -1.684625419653612566e-02 -4.739305344305750484e-02 -4.003017102029797145e-03 -8.439739866048595607e-02 3.621059364993912261e-02 9.638955927578836402e-02 1.849080922820802719e-01 -6.244563507035592875e-02 1.638369463133936277e-01 1.219581074696882844e-01 8.389288820396768875e-02
-2.647780406963917005e-02 -6.687691677537175618e-03 3.590582339561448899e-02 -2.398734083231382833e-02 8.213278759827585818e-02 1.231790854610794184e-01 -6.322316962461099754e-02 4.730366671334827050e-02 -1.468442585287800806e-01 1.498287342438763270e-01 8.584787512154931632e-02 7.933962400757788025e-02
3.274783326027371627e-02 3.808287857609685134e-02 4.178662040351288631e-02 -4.880702710933580886e-03 -6.677702916898443919e-02 -1.871854970995216194e-01 -6.154294449838099319e-03 -4.975800696417129881e-02 1.079722630456041166e-02 -6.503044778971264761e-02 -4.899277952970100547e-02 9.805303145241502094e-02
-6.367572157414005951e-02 -4.503961912414583546e-02 6.541173371043847162e-02 -1.851455310150020017e-01 4.904150253882452737e-02 -6.552640526560890577e-02 -1.575766472310849986e-01 1.895722713187097258e-02 -1.391841151766057827e-01 -7.763773349551400700e-03 -1.812124610410726921e-01 -8.406926562162789218e-02
8.234716150528875733e-02 -5.263606512114738650e-02 -9.345121345732101958e-02 1.274104794354097292e-01 8.053869781639987069e-02 -1.139586780298448149e-02 -5.843046867256214416e-02 4.409825734274917808e-02 -1.273579826419486694e-01 -3.613967472329462916e-02 -8.888779235799694478e-02 1.097328603483204296e-01
-1.988051712927763406e-02 9.287719019073371884e-02 -1.190035885748532730e-02 -1.138103790910307694e-01 9.090325009704787462e-02 1.308234906919265028e-01 -7.495765905949501595e-02 -1.057681884623559859e-01 4.651287991479686329e-02 -3.406804178643443870e-02 -1.094596921584474469e-02 1.674023031057460947e-02
-9.843580825387911182e-02 1.947917308363568412e-02 1.448282221522169955e-01 -1.116874769213015324e-02 1.012897555543832567e-01 -2.704378854323514353e-02 -1.006912452986101353e-01 -1.126100530447567694e-01 -7.647751124150191371e-02 7.255059511488896884e-02 4.645145362307127879e-02 -1.363947068009777053e-02
1.234140467257701379e-01 1.702978415079573482e-01 3.610157999530548556e-02 -1.142708908377638999e-01 4.806267007535343361e-02 -7.476650209452777307e-02 -7.440303635869239748e-03 9.667516456047021978e-02 8.135963838080545463e-02 -6.271360195759256850e-02 -2.271707432326789539e-02 -4.473185098603955044e-03
8.431539878465144078e-02 1.247354159212349378e-01 7.912808368300190687e-02 4.818992118277040659e-02 5.851560102206013886e-02 -2.051048119499335742e-01 -1.196356293575314284e-01 8.394238444581345049e-02 -8.540382047661572440e-02 -2.279482535916827618e-03 -2.068960393776095655e-02 -4.781116381056803311e-02
-1.267460223728511873e-02 -1.192051165952445202e-01 -3.047089343384551483e-03 -9.100570997063608947e-02 -5.695190113263463166e-02 -3.344119156505917512e-02 -8.111415826835247089e-02 4.153258983536830401e-02 -1.810327643966338704e-02 1.242405973425277088e-01 4.651630548738670129e-02 1.135578278715557304e-01
7.317060053520992036e-02 -1.137368969179029521e-01 1.059662547005266464e-01 2.820512054805724561e-02 -6.032711798568519967e-02 -4.996874606074889341e-02 5.133033357219891207e-02 -4.605637477970578320e-02 -3.462536607400873434e-02 -1.186156812570294539e-01 6.143392849263853983e-02 -3.986064137060839341e-03
-9.512776159277168408e-03 -6.453201703770505837e-02 1.041629331672751096e-01 -1.843606923896712324e-01 -5.629237215439143044e-02 7.080693639277466089e-02 3.905150287728365033e-03 8.516410300280666257e-02 8.653565488074878298e-02 1.930990810250422796e-02 -4.428527591400059638e-02 -2.958347677241164597e-02
7.487871044422385325e-02 -7.081743123297433440e-02 -1.236449575419403951e-01 4.400613790228921629e-03 1.772060751889977664e-02 -2.009304242260148091e-03 -1.454526667466197187e-01 3.711230833542232543e-02 3.714061821406632047e-02 -5.992560712285608174e-03 1.753065500739353633e-02 4.141008177168609139e-02
-3.284634736081297468e-02 9.678708116721909671e-02 5.717968352528317311e-02 2.213340773821649288e-01 -1.576413274620534766e-02 -4.457699413088583862e-02 -1.253644492282888767e-01 -9.243007828860120428e-03 6.288500778603453578e-02 2.747115965775781023e-03 2.051207552974387404e-03 -6.168276644569463396e-02
-2.712280118058572193e-02 -8.559239178062819087e-02 -3.502204819953333177e-03 6.524554734963564084e-03 -2.757216500174371893e-02 8.929723227080403614e-03 1.727441085916124053e-01 -6.818378653905574072e-02 1.510893130402915230e-01 1.597579297730738757e-01 6.043847680797290178e-02 -5.749642725206471905e-02
-4.357616241353179376e-02 8.527689411217688475e-02 1.373082330364708836e-01 -1.201179404746933882e-01 -2.346880254487988815e-02 -1.397251220213659439e-01 -3.562979848141609868e-02 9.029910047341016543e-02 -1.372978615197613939e-01 -6.711211833611796518e-02 -9.098138658533649892e-02 -4.654203760389492850e-02
1.094418128470230345e-01 3.044281236074835098e-02 3.845037316645447817e-02 4.540564418912743094e-02 -5.657453882864361266e-03 -4.332568398318562691e-02 -2.691093461545207913e-02 -4.350446574738019156e-02 2.277661024244618249e-01 -4.259264598355345932e-02 -1.025910925343728464e-01 1.168475717985525686e-01
-3.215144808146006006e-02 7.110494465618939774e-02 -4.868973979830727022e-02 -3.838734782860590833e-02 4.419223871498840356e-02 -2.684886016229587682e-02 1.894418871209521769e-03 -3.243740584850797470e-02 -8.498076600262885472e-02 -1.557492675105196650e-02 -6.302120012198689572e-03 -4.923304551183180916e-02
1.002509905610544233e-01 -6.666800118131641084e-02 -6.630151715970424020e-02 -1.577467857799423889e-01 9.634222961309168998e-02 -1.381066556180166605e-01 5.984155731721181593e-02 9.490020127754225654e-02 -4.920288509256899590e-02 9.197435433333202293e-02 -2.205035015449494651e-01 5.747640264737175625e-02
3.646604202573278108e-02 1.168223307256679305e-02 1.639430363445354422e-01 5.631157858928473314e-02 8.264183640347615156e-02 2.612324708396043804e-02 3.035084838123918750e-03 -7.773500384490387473e-03 1.247403997903178408e-01 2.436598850949448780e-01 -1.770977004971637792e-01 3.958004779623415514e-02
3.321348157128363454e-02 8.544659397490030062e-02 8.027436012246895458e-02 -6.735407893407976965e-02 9.898532002024536258e-02 1.018760989331184974e-01 -6.785145045569693223e-02 2.081877168064647475e-03 -5.996948387479163201e-02 7.387524552149546397e-02 4.479709581796208206e-02 5.287463856833350684e-02
8.085227744278929152e-02 9.801305245316543902e-02 2.042455888137825748e-02 1.980952408017311872e-01 -1.568434028705418398e-02 1.122998574838662555e-01 -8.301099548427949559e-02 -9.512625109138793736e-03 -2.645608693533041140e-03 -4.289105754346957122e-02 -5.732055247956375360e-02 4.972430316218739987e-02
-4.487075308638613369e-02 -1.037330453240643824e-02 5.273217773902895422e-02 2.047292737974583665e-01 2.779667054874877807e-02 3.384892027949410603e-02 1.328555136081434607e-01 1.030017609399980043e-02 -1.255521676813186813e-02 5.937417281813481273e-02 9.839973706700488876e-02 -6.941749972848616779e-02
5.340176276062405525e-02 -5.130754405494806353e-02 1.519709828011636121e-01 -2.595544267000735386e-02 7.658874079992095130e-02 -4.108251481725037901e-02 -3.601952527465156206e-02 5.058560380892652975e-02 1.667803486316885020e-02 3.144689359622011848e-02 1.183189067382655196e-01 5.836118415106623936e-02
1.790423787281056334e-01 -3.263224150170018767e-02 4.113790480725437043e-02 7.189278153654496406e-02 -6.584301916600729387e-02 1.191892391668721018e-02 4.318218463423999232e-02 9.316176008038846296e-03 1.042113897943956202e-01 -3.258034327217862978e-03 -3.806231152070122664e-02 3.324165108446255207e-02
-2.022156037502586406e-02 -1.100508805643223009e-02 5.634391184585350876e-02 7.082721584180912133e-02 7.997972283664472881e-02 -1.610823871258431073e-01 1.355024197219444893e-01 5.412288823653433473e-02 -2.391302480989878076e-01 6.208653139136070115e-02 1.195426425947040405e-01 1.012342659206865864e-01
3.712774561517474814e-02 -1.360906082114851923e-01 -6.015831210899670253e-03 -1.741845225270304831e-01 -6.321002795238797600e-02 6.702414905741210793e-02 5.359762124987572929e-03 1.301251563015454471e-01 1.687232779537978233e-01 3.969059507126724423e-02 2.524587645928741408e-02 -6.041444959330022346e-02
-4.419224592482898922e-02 1.729298507061376444e-01 6.908980592461565207e-02 6.734771114109795731e-02 1.354420142084333811e-02 -9.439555833860831247e-02 1.051927346157184757e-02 3.754387682631028789e-02 5.619008393026240361e-02 -1.817822760437924276e-02 -2.221760648827664480e-03 -1.042145344202740909e-01
-7.738656679334550426e-02 2.221273528997559643e-02 -4.271754738937778850e-02 -3.302597910878708395e-03 1.287830208535258592e-01 -4.092125932816483621e-04 -3.948504165624313472e-02 1.977215618692093613e-02 2.969382171888500926e-02 3.042664796006793945e-03 3.736120600927821112e-02 -1.118169540231769843e-01
5.824917818419241000e-03 -1.549763992818352018e-02 2.550810805011433091e-03 6.209156629359535370e-03 1.613254567944736803e-02 -6.910762018215298175e-02 2.163205598421500536e-02 9.589528913994793680e-02 1.405229945496623278e-01 -1.331679733696669587e-01 1.331214802474671721e-01 -5.461395442887205520e-02
6.954458277851230386e-02 3.258757701186532161e-03 8.790435754756475289e-03 -1.631335874374810133e-02 4.377799471067157083e-02 -4.971864896000062484e-02 2.646159289670470607e-02 6.908298497436893282e-02 -4.587257547787437773e-02 1.026108482190482563e-01 6.959722315504018875e-02 4.407776651779114069e-02
-5.123297118670297468e-02 1.314643167278005120e-01 2.129985007806167729e-02 -7.530034809141135377e-02 -3.233567764660029431e-02 6.042105894583621462e-02 8.390659310882886412e-02 1.113911542645118664e-02 -1.196752861691193770e-01 -5.800647346843087592e-04 1.004220609533487685e-01 -3.892931424711451593e-02
-3.180756988045242706e-02 -8.578703401193368827e-02 3.908594107343765778e-02 -2.135222844513549878e-02 1.499401434982334524e-01 2.586311565429816675e-02 -2.628106201795551294e-02 3.338492320896014470e-02 -3.282135948398293146e-02 6.475726238024900883e-02 -2.634600973365141402e-02 -6.992431195628225071e-02
2.415660564613634764e-01 -5.406502699341184451e-03 -6.728618351931899000e-02 7.888485538870580738e-02 1.537949765950720471e-02 -6.642251823832329150e-02 2.522519602397574334e-02 -1.220253336768687136e-01 3.125588213187309450e-02 -4.706163747540340059e-02 -1.277502920474208881e-01 -1.106780404350451164e-01
-1.369907483806323892e-02 -1.101286390505331059e-01 -1.174545470399686042e-01 4.967666108368409827e-02 -9.102511468614450652e-02 -3.763655149193646104e-02 4.153258996557654403e-02 -2.081890903634052783e-02 4.378225059750974479e-02 9.711747802370326171e-03 -5.053991316427119962e-02 -3.206341273452441992e-02
-1.330912044018159324e-02 3.048664927994165774e-02 -6.047090106134829501e-02 -2.574969911270219916e-02 2.996550978362650525e-02 7.473495679469478736e-02 -7.726732141694292455e-02 1.542615945603414366e-03 2.372335258888892684e-02 8.324497115940021619e-02 7.209217481891344939e-03 -4.154072267476330294e-02
3.234650880970417475e-02 -8.112556164140277692e-02 6.422207499015721022e-02 -1.579660958772859808e-02 -7.301770740182048081e-02 3.209684499056502521e-02 1.026656019994715702e-02 -4.846761559579216422e-02 1.252888554827312206e-01 3.353955890886464730e-02 -9.931162703769270961e-02 -1.155185068301384926e-02
-8.768161867169604884e-02 -2.585841234089836238e-02 9.454654994741160112e-02 4.525143808519974803e-02 -3.618168221872708479e-02 1.539064179664541634e-02 8.062966054923975667e-02 1.848582345375631153e-01 -1.017181391022300152e-01 -2.573308486220870356e-02 2.021092655543505270e-02 1.745359152060902905e-02
6.856699567470953861e-03 -3.640783174424184337e-02 3.395062329908461740e-02 -3.175692489984659195e-02 -2.675425810754878536e-02 -5.155095393883790678e-02 1.223259198258278835e-01 4.764694642648638345e-02 1.227233087587893332e-02 -2.257060480526329807e-02 1.432141868579750628e-02 2.228193423929173689e-01
8.873871478307118754e-02 -8.146756197696147783e-02 1.215895125093811868e-02 1.199964942122020567e-01 6.575227314051218519e-02 -1.379888702974849113e-02 -3.696746323911188903e-02 5.452071552778904595e-02 4.601862451308273011e-02 -5.397223085432613365e-02 -1.515797748597014771e-01 -6.464579341591134010e-02
6.554665763185950345e-02 2.369809302385599697e-02 2.043926390873303245e-02 1.876166044660311505e-01 -1.664437216752754365e-03 -9.496042768192664019e-02 4.579969475061905319e-03 5.062510086014596067e-02 6.548842203208085633e-02 -9.849309580045936818e-02 1.210223501081434880e-02 1.425899154218678577e-01
6.235297471682481329e-02 4.701696740927683443e-02 -1.834268681443854913e-03 8.997374538676886080e-02 -2.695782499892392450e-02 3.917523811841277376e-03 7.172084505300124757e-02 2.767950990372990833e-02 -8.535235280461546739e-03 6.511776651342707223e-02 3.843833093459166073e-02 2.410934745587462597e-02
-3.963254024551330496e-02 2.144374480639485436e-02 1.961300453815611328e-02 1.116921137363943717e-01 -8.280451779915870558e-02 2.403427917052384372e-02 1.257215669764674693e-01 -1.013476052736395350e-01 -1.776959237249960133e-02 -2.360429572834881265e-02 -6.841465336809368636e-02 5.020561044059947131e-02
-6.434991725565560906e-03 -2.004923866594563939e-02 -4.606435428555739897e-02 8.763780574449765715e-02 8.758906535040966723e-02 7.021804012560346406e-04 -2.148121109982473534e-02 6.360337932436176123e-02 -3.655122993374101958e-03 -4.341658383183803066e-02 3.512167401598526029e-02 1.404561609531116036e-03
-1.564911730814816382e-02 -1.193267390139927386e-01 -7.450811159563330843e-02 -2.724708854339636180e-02 9.446146059370398584e-02 1.164837782487801593e-01 -6.464043145404146928e-02 1.296301050068300598e-01 9.286256665395301035e-02 3.873755934425669734e-02 -1.240408736056396594e-01 1.523386011480539620e-02
-1.420718853197877329e-01 1.876809292039783097e-02 1.153695040349535794e-01 2.179140558364048991e-02 -1.253118501656541595e-01 -1.603365333008042320e-02 -5.449724340913413012e-02 -9.749611351885396904e-02 1.598533501195668199e-02 -3.114701622070532340e-03 -4.174323211937720074e-02 -7.213317569669207546e-04
8.993834329947568429e-03 -1.097689124083104095e-01 6.058102686561735173e-02 5.970639542669209376e-02 3.959654637968841595e-02 -4.527890314271105360e-02 5.244302115550331794e-02 2.459924360036032376e-02 -1.350861815804924315e-01 -4.103177899589929845e-02 2.934084663373937030e-02 -7.155829139703147324e-02
1.839330131201057927e-01 -1.268322078154320298e-01 -5.875636008193603488e-02 4.947372094622781713e-02 4.375312640054565549e-02 9.323733046857647644e-02 1.133045900529711277e-02 1.852355443053188000e-01 -1.536641190809898694e-01 -1.029277172227249793e-02 5.036053051476956088e-02 -1.038317880611695429e-02
-4.132353454549617111e-02 2.015987665754860603e-02 5.114097493008091383e-02 -9.833063670663438893e-02 3.521423943948279872e-02 -2.660773137567783858e-02 3.312145123230066796e-02 5.862861086718657716e-02 -9.962523802145323293e-02 -6.570379943337550932e-02 -1.230359921591289186e-02 -1.423706787002653254e-02
-4.021827457978396914e-02 6.185351619695583780e-02 -5.202250539537890683e-02 8.187487770498588779e-02 -7.554689471377308563e-02 -4.034362386480649931e-02 -5.585273121227696952e-02 -2.803239576319354123e-02 1.914061483334385597e-02 1.085472328824990951e-01 -4.465824971959789225e-02 -1.717875956335542659e-02
-8.983209848827440613e-02 -6.760145542031206767e-02 4.480295573680760646e-02 -4.060295559340577898e-02 -2.793037129628421836e-02 7.243407438537437237e-02 -6.824135486542316775e-02 5.775694927016043062e-02 1.348970077038769977e-01 9.179608094303799704e-03 -8.981225522627052371e-02 -9.224128876110750108e-02
1.532066375228770434e-02 -7.975267399675252389e-02 4.645243467703694812e-02 -1.344674721109360704e-01 1.056881160197162828e-01 1.398069874675629820e-01 1.571752535133560114e-01 2.755650440475614429e-03 -1.333943614182085853e-02 -3.302133426181139923e-03 1.282723926747115772e-01 -1.600927300720036972e-01
-2.179253924613174243e-01 -1.192077062318076114e-02 -8.203676734343806620e-02 -1.585273990238280917e-01 1.522440573034140043e-01 -4.815941406745522652e-02 -2.897738528855813359e-02 -5.463919898311611102e-03 -1.936682503148173806e-02 -6.452314739892117679e-02 -4.087260026756375439e-03 -1.004188118850098677e-01
1.046282587034295594e-02 3.488683365710321810e-02 4.000715283771408975e-02 1.043129136791048628e-01 -3.374881629163520302e-02 1.487785148568718241e-01 -1.473327519046532461e-02 4.059425648612521170e-02 4.389513712027659498e-02 -1.891303217482683263e-01 1.225906782572331599e-01 5.944588678294532302e-02
2.843900004216230459e-01 -1.043102381154138031e-01 -5.597739768634089896e-02 -9.823856202227310153e-02 1.552558994777505593e-04 2.749039566538571044e-04 -9.155645091792853629e-02 1.306275862013398237e-01 -5.358713457773416067e-02 6.464222803631430869e-02 -1.106299127673773808e-01 -1.198516880651642191e-01
7.130539813211321520e-02 1.137328879153289563e-01 -5.874099841908526215e-03 -5.870793701783359742e-02 -1.109642331476451069e-02 -4.465879460407258528e-02 7.512673026397182277e-03 1.185290988226735537e-01 4.471941544076952352e-02 4.447110881755340223e-02 1.079560367798280685e-01 4.113450002587983045e-02
-1.071350404912705528e-01 2.066594887187667151e-02 1.486213057405270654e-01 -7.130990454337289564e-02 1.058831033684828893e-01 4.589590589157885314e-02 9.130274874193985979e-02 -2.103945462036051206e-02 -1.179694059784340554e-01 5.921408575938026664e-02 7.009183768261001424e-02 1.245722246747998224e-02
-1.441479562774721501e-01 -1.549571862262383859e-01 6.359127335600403552e-02 -5.538400935467591157e-02 -7.203666300304781278e-02 -1.231907850679765104e-01 -7.681863344920243641e-02 -2.691500113455913556e-02 -5.200842210823179018e-03 1.145814174489213355e-01 9.828595614287545523e-02 -1.681721908033967372e-02
7.489617106061240148e-02 1.090409242188291189e-01 -3.732726654404343314e-02 -6.097554714091625930e-03 8.587300491348714981e-02 -4.204123888268188319e-04 4.532555174569023043e-02 1.101619399649921560e-01 -1.757596187343210895e-02 -6.796457585048133092e-04 -3.946420891119056806e-02 3.867729493583560441e-02
1.087754406699708021e-01 3.861556938798279409e-02 -3.460889714792441535e-02 5.360951549421440199e-02 -1.120590688775189303e-01 1.601395634583215044e-02 -1.502546350608624168e-03 7.439621662184529860e-02 -8.892313831518491862e-02 2.222085391783532732e-02 -1.143271432623725048e-01 1.956155830773139981e-01
-1.933806993945500624e-02 -9.972937083483862652e-02 6.760149471928160458e-02 4.967761554321969628e-03 1.695064920143805054e-01 -1.183916550935559392e-01 2.887848373828399984e-02 1.354305720434766103e-01 3.272069704039379245e-02 -6.826259329209033444e-02 5.606168306887782116e-02 -1.843951900873212479e-01
-5.256437685011251804e-03 -2.993869660174672959e-02 -3.733728551858383343e-02 -1.436938829552805164e-01 -3.163151152591501397e-02 -2.091790316927714249e-02 -2.002305945459775111e-02 -7.209903518242431752e-02 1.984300430948902211e-02 -9.912832169613774308e-03 5.227222781484031078e-02 1.573279242163715674e-01
-3.424068129207541097e-04 -7.208242904271369711e-02 2.398194408760194723e-03 -4.723679591007338280e-02 7.799806267139412427e-03 -1.571672055275344371e-01 -3.626728739334199314e-02 6.730788946395472542e-04 -5.679286885700188942e-02 5.353777354755916151e-02 -6.781498965351477311e-04 3.082120158524587900e-02
-6.647984102283602259e-02 -7.045590344184265996e-02 -5.151912684855758373e-02 1.250717178058407542e-01 2.344502426964258091e-02 -7.480967029209047159e-02 -1.113129325540534592e-01 2.707384917611202826e-02 8.134136528843380343e-02 4.817311513809994367e-02 -9.604286838953005057e-02 3.678790920376271562e-02
-2.281021572267185049e-01 -4.049219261715390761e-02 -3.985277821977831203e-02 1.044278101802048331e-01 2.035543492225844620e-03 1.143860348983300954e-02 1.401703731232795680e-01 -1.695487639415123038e-01 -3.194105447314940505e-02 -1.146054294108695693e-01 -2.312038048554210246e-02 5.025841834451814233e-02
-6.685069894892430031e-02 1.889307949137947890e-02 2.714174414350029041e-02 8.395964382976230100e-02 -3.544193767224346897e-02 4.240480754251494538e-02 5.072830254622516521e-02 7.097742938720118244e-02 -5.366103727529792505e-02 -4.109065558936104284e-02 -4.209791971442428810e-02 3.640500349251175882e-02
1.682195066332517197e-01 8.738449511296322858e-02 -2.082063786852653697e-01 8.826526532905976108e-02 3.573627008688078262e-03 1.587567555251806484e-02 -5.576050902498289052e-02 -5.471808056903894324e-02 -4.517951690496024852e-02 2.177747700352541949e-02 2.510556117660095454e-02 2.261824533204367937e-02
-7.680431616756810964e-02 5.093541073436530509e-02 -4.555286414174095078e-02 -6.568060396453452576e-02 -1.665427578693224331e-01 -8.440751176136880585e-02 2.270002622099640543e-01 -8.212284814063683033e-03 4.732681872137621537e-02 7.714413907982929641e-02 9.757796614957148229e-02 5.474449200766527690e-02
1.039363038079182434e-02 4.328365665814740831e-02 8.270308671297305070e-02 -1.273373601432058466e-01 -1.107073887776164334e-01 4.804358197050791202e-02 -1.674043395210738638e-01 2.012151988374835665e-02 -7.372947819145853066e-02 2.448457451390190220e-03 -5.407221829257839729e-02 8.112115505072370683e-03
-8.030541914453163954e-02 -1.087911937566735793e-02 -8.605350812831397134e-02 -8.316436687750438164e-03 -8.760153954099128559e-02 -3.583869767267948425e-02 1.307076293798916100e-01 -5.879444154754571300e-02 3.924991723714681136e-02 -8.800219733460412641e-02 7.256902852447044694e-02 -6.210996464942930562e-02
-2.118606757329074067e-02 -2.491766892294668134e-02 1.015087801417423330e-01 9.976678284127465934e-02 1.573001333111080299e-02 -1.861648764141400902e-01 -2.457656118380604354e-02 1.889574053282593591e-01 2.765623178331255011e-02 -9.084586489620370686e-03 -6.557111425201268828e-02 5.300539615263050869e-02
-1.618378537078662971e-01 7.775287670879528490e-02 -1.976084938474460817e-02 1.378034874467366500e-01 -1.112244620145670521e-01 -6.202269277609318010e-02 -1.256531006803418039e-02 -7.723132403807556057e-02 1.261206138868460613e-01 5.153138140804443268e-02 -3.400819283030330487e-02 -9.541574676105082919e-02
-1.535014532416176802e-01 -6.027896442900071428e-02 2.024032900448519134e-02 3.293964950014065945e-02 -6.374397757108362511e-03 7.145458673500576854e-03 -6.095455885881721769e-02 -6.554811887315697971e-02 -4.919378697104667686e-02 1.466033470200053812e-02 -5.073848832826542005e-02 4.166514799407965847e-02
-6.495737041202724604e-02 5.133682557440092005e-03 1.095712786395971472e-01 -4.660740446438316198e-02 -3.031551259736193007e-02 -7.690255299127971012e-02 -3.370518306300043787e-02 -5.247668501230727534e-02 -6.977493505792602135e-02 -9.869047387845775177e-02 1.832659471922117311e-01 8.190849189287637000e-02
