5.458812729124014052e-01 1.124224978261390562e-01 -4.607968851860378412e-01 -8.826408193801037194e-02
5.752762314578523800e-02 4.562679533035471358e-01 -5.527738681020268885e-01 1.348953630442826235e-01
1.193467019925567724e-01 2.889763929818059962e-01 1.719841971284120641e-01 -3.980957816941738114e-01
3.161301128519640180e-01 4.748548137477939801e-01 5.832343992102020924e-02 -5.651382198989914757e-02
-1.344357380263716262e-01 -6.489116789611981684e-02 -4.518278131152710930e-01 -4.313989309752990775e-01
-5.119178161394399851e-01 2.178142511369671741e-01 -2.233603482620997727e-01 1.816045849614395247e-01
-1.370590497342136400e-02 1.171774449679348906e-01 -3.248988329058735691e-01 -7.098210842623273731e-01
2.174922803829782425e-01 -1.469502071901381546e-01 1.982736644404401935e-02 4.132800351203008704e-02
8.426148038072546476e-02 2.270794612075880681e-01 2.290833908302072619e-01 -4.862278123446638900e-01
-1.979137465425672149e-01 1.634001028370747066e-01 -1.739911188776482043e-01 7.304313097396338168e-03
5.341338020735664216e-01 1.778045141757864933e-01 -2.196924430918254789e-01 -6.081484418076489075e-03
1.069913537761255362e-01 6.942392353000458038e-02 2.081102215076734152e-01 8.555644796531348961e-02
6.168017186261937068e-01 3.898264208081901327e-01 2.383397749493144646e-01 -1.599308067614824136e-01
3.079874373353018724e-01 -1.166248740185174271e-01 1.815023682949377243e-02 9.560254541211751431e-03
1.155915397888220009e-01 -3.667495500586780977e-01 1.038505280529571223e-01 -9.687107591212497371e-02
-5.269978045945107603e-02 1.251018293527591252e-01 1.646282257610973132e-01 -4.734252662115583793e-02
-1.203052273792618726e-02 -4.860387211577980593e-01 -1.437323816542372505e-02 -1.219772487097863130e-02
3.622124630078172314e-01 -7.736071273039347995e-02 -1.801579563598578598e-02 -5.459850214713431529e-03
-3.219793690831035948e-01 1.222767023631875921e-01 5.830051943216453536e-02 9.080421353108009130e-02
2.542928395886484005e-01 6.082963301373519455e-02 -3.044379178857529317e-03 7.876066871346724951e-03
-4.630661464028089092e-01 -1.966475767906625538e-01 4.104957865160954733e-01 -1.359183692090339957e-01
-1.891698373922463539e-01 3.276871064513092735e-01 1.630323827336224440e-01 2.567252073531732792e-01
3.369707096772742161e-01 -7.167152486975554571e-02 1.438155371757552092e-01 -5.037102120568712760e-01
-2.884763885491661156e-03 -8.593194260210509916e-02 8.628254325159297189e-02 1.081919614943953750e-01
-4.336702618841946633e-01 -1.490455933670376265e-01 3.185635082690397857e-01 4.307575782612266813e-01
3.138611692732745095e-01 1.612535303422401867e-01 -3.872657757507704246e-01 -7.613035547903733435e-02
-4.397697864586272987e-01 -1.070085158688284521e-01 -3.784898449195742143e-01 -2.047868194783817111e-02
9.073166860746675888e-02 2.511944599075007986e-02 7.110879295889120655e-02 9.499994048243960709e-02
2.075520476433014572e-01 2.248734110446638790e-02 2.936737644294821759e-01 -2.981304478713737161e-01
-1.184242546292827575e-01 7.058953248464668040e-02 1.850116067084397464e-01 1.374795984692851469e-01
1.559567397265376187e-01 -2.145353301280527869e-01 3.210474310266146075e-02 -4.119716737396041939e-01
-3.304548928130990881e-01 -2.353884094502811941e-01 9.923921068410071489e-02 2.885036741396435067e-02
2.505359803658017692e-01 -1.125057353868563620e-01 -1.595572012260042805e-01 1.398627928369367002e-01
-3.249530792970878879e-01 4.033729922590502670e-01 2.776636200122715725e-01 -5.595078891880648359e-02
1.228240012425464989e-01 -8.322236491744079701e-02 3.450276993890845634e-01 -2.589478158396573693e-01
-3.738146383634580183e-01 1.340063563020536530e-01 -3.075607558968385669e-01 8.141386553621840494e-02
-9.013324680084447427e-02 3.674674648573670321e-01 -2.055701291018403876e-01 3.412816773837082374e-01
-9.422156411624961481e-02 -1.469603195510804693e-03 -9.579111013746842429e-02 -4.513369429434684887e-01
3.249117236787878449e-01 4.454362165933786755e-01 -5.474884876265635469e-01 -4.516865913746651584e-01
