5.628550732908532868e-03 -2.451689198558971994e-02 -1.900116613309814073e-01 -3.600427120064107755e-03 -1.588774104822207600e-01 3.101189164071004381e-02 -1.142776422324889296e-01 -8.095114546980160253e-02 -8.886579796499029238e-02 1.030782796458841466e-01 1.119531601675137211e-01 7.943574660371413576e-02
-4.758820792942732025e-02 -2.556583493084292891e-01 -1.246397899333968051e-01 1.424832063648556468e-01 -1.926126038555693587e-02 -9.728323556127890792e-02 -3.143066705405906519e-02 -1.064372023569821885e-01 6.370486261561343622e-02 -1.117710616709075011e-01 1.112824385764928647e-01 -3.158399414586725990e-02
-2.412969383139032878e-02 -1.971851654968713174e-01 6.016735149569789332e-02 4.970938405657775172e-02 -6.906619435707440913e-02 -1.277126665274956330e-01 -2.952456864617790736e-02 1.319017638383094410e-02 -1.000456066478835719e-02 6.037423982689085061e-02 -2.585190107415406002e-01 -9.724926322052762639e-02
8.276110288025498307e-02 -2.201879369935990094e-01 5.716066435178435504e-03 1.293554318818046778e-01 1.609830209223955255e-01 -2.791182621315933463e-02 1.197878140173078143e-02 3.163481497334919013e-02 3.115542316812698370e-04 -3.967129054331356569e-02 -3.532575231021636147e-02 -1.138351573063702549e-01
-7.433646202013993731e-02 6.290824995450034450e-03 4.711272303959852803e-02 -5.637320152332982170e-02 8.565547593313092845e-02 -1.091804301859632120e-01 1.240811464394878383e-01 -1.567726312392215826e-01 1.204701105057641025e-01 -8.801930663227336415e-02 3.813432662099878329e-02 -5.828190108156900556e-02
-1.170630705305389894e-02 -1.945442714465446254e-01 -8.826638355248375700e-02 -3.962860953770322436e-02 1.090716468292047686e-01 -9.129188190586154383e-02 3.093120723420573689e-02 7.475414194858030770e-02 -9.383455852704057631e-02 -6.362731400236129597e-02 3.773735186776087241e-02 -3.831446415946020839e-02
2.452999612918321456e-02 -1.148390067508536505e-01 4.102118632842127743e-02 -7.285371472137593465e-03 5.487266305618108270e-02 -6.786074282015677750e-02 8.247393731240004744e-03 -9.277829432564017875e-02 -5.303452155190741674e-02 -3.447336706746629426e-02 8.598735089005363208e-02 5.324950926751199215e-02
3.694231222104198131e-02 -1.443944998115317957e-01 -2.641526960163885149e-02 -1.448589744531942518e-03 2.297230248737613945e-02 1.269431875695225045e-02 -1.436651992166123049e-01 1.605739118512959918e-01 6.245029555749023048e-02 -6.142528027099993654e-02 -6.842798868835808790e-02 -9.069904840526263334e-02
-3.544923023972122722e-02 -9.616989405387124656e-02 1.467072611031152926e-02 -2.093907531509558717e-01 -2.198740471698375915e-02 -1.858747800327958943e-01 4.499213320487534945e-02 -6.232291126760250433e-02 1.085070441339844732e-01 9.261082681670620986e-02 -5.367758546648599555e-02 -3.521526711690758232e-02
4.738703235687907744e-02 -1.554751771783597636e-01 3.163899707495068658e-02 -1.349582471451994670e-01 1.452928220090314304e-01 1.557403336354263312e-01 1.770953679787816148e-01 -5.836489817849169204e-02 -6.438504855104891511e-02 5.671901813159171274e-02 -1.328608654442248738e-01 3.981788680339460457e-02
3.961846823187165079e-02 3.632690553306044262e-02 -5.942259133478604294e-02 -1.173936884900129811e-02 -5.271695896760564964e-02 1.050121505429142954e-01 -1.293631072659141568e-01 3.520695605058149491e-02 9.155125893522604585e-02 -1.337539583926997677e-01 1.016301457706921263e-01 7.522127824043339794e-02
-7.298126278995584193e-02 -1.294764394211117275e-01 3.034575670357152546e-02 -9.011549708090363028e-03 1.488573887191072531e-01 -1.590120526087974162e-01 2.382709906011390086e-02 8.045306959304195094e-02 -1.992531639903064034e-02 1.739740437739238340e-03 -5.056086742429612840e-02 -7.105376275111716100e-02
-2.487267008818522598e-02 -1.154266992968551592e-01 -1.746335231283506761e-01 1.791109278455779372e-02 7.922396778902364434e-02 -2.309293654408316535e-02 1.079893139683000824e-01 9.124488932434636490e-02 6.943198468702511950e-02 -2.415038281890782412e-03 -1.583912284981885826e-02 -8.966733318466543756e-02
9.922778961631592565e-02 2.057232488919001623e-02 -3.250606064706264287e-02 -5.730239823848505554e-02 -4.659435225161307099e-03 9.712678916822606312e-02 1.034868512630575665e-01 9.218363475067435642e-02 -1.095117066578680382e-01 5.916419788469141211e-02 -1.757853021141356775e-01 -2.475851241177183179e-02
2.435391625281690606e-02 -2.820222374506662910e-01 6.794201162510912773e-02 1.348350409040874609e-01 5.430530462081046422e-02 7.490581234188734006e-02 -5.139834503753635403e-02 -2.994362454578618216e-02 1.874751207989643759e-02 5.781016833011422967e-02 -1.418060137543045163e-01 -4.500362677059246280e-02
6.571611502993640608e-02 1.341422895020625769e-02 -1.515980015166926501e-02 8.736412832584714017e-02 5.020373748841411993e-02 4.303436292874274899e-02 2.446777082388603905e-02 6.028280822660037758e-03 2.992584465039339892e-02 -9.686939270788524903e-02 4.888392163126099171e-02 -8.774802045104423964e-02
5.245846975489373842e-02 -1.856198546454518039e-01 -7.126159918265442816e-02 -1.802746444694703840e-02 -8.628252447129795832e-02 5.945702050986182569e-02 9.034762645416560822e-02 1.342919602074663923e-03 -1.207674000750455640e-01 -8.765083154350136740e-02 -4.153465786113803154e-02 -9.370896404960735171e-02
3.476271028902905291e-02 -1.415966976293053347e-04 -7.975609332425218079e-02 4.941726719452702032e-02 -9.055374064919467780e-02 1.777316229573732212e-02 1.447235052859204840e-01 -9.209603106404874728e-02 1.449157416655740271e-01 3.230452751106873549e-02 8.057216811784095878e-02 -1.657510088974459561e-01
1.892389497512748375e-01 -5.403890558637084590e-02 8.937813881737449728e-03 1.371695485885821852e-01 7.630377590701716006e-02 1.146450987392984844e-01 -5.718390977863858221e-02 4.672801347475069589e-02 8.532252601369645639e-02 -7.959849230438012513e-02 1.356840577375840184e-01 3.463799855831704161e-03
1.316321577012220280e-02 -1.282165829179004179e-01 6.590066030506222527e-02 -5.354669016474819521e-02 2.702086827395758922e-02 4.293131733378391379e-03 -1.730569688378890206e-02 4.049372124318258159e-02 -5.763644540707926062e-02 1.761955560408987598e-01 1.706837429864498379e-01 -3.175401253584219513e-02
-3.507783260041523465e-02 -2.366373770413470745e-01 -2.459799884181738602e-02 -1.836855466190532226e-03 -1.538712364586460914e-02 -1.084777185927194298e-01 2.615400709986530695e-02 -8.683199540030107910e-02 1.183236747149124385e-01 -7.516023941004493225e-02 1.194409770578348240e-01 -3.023123003545131679e-02
1.170253589057070887e-01 -1.789224419132550703e-01 7.997949793891481751e-02 8.877272906611424763e-02 -1.112116299752283349e-01 1.990503527985800214e-01 -1.189997667915240753e-01 -7.825151689263361299e-02 1.000208455638861710e-01 1.196866237677250144e-01 1.383437083165809933e-01 5.772726096887039610e-02
-4.864043888806578175e-02 -2.906301229363276312e-02 1.779050700591768841e-01 -5.828238756411052712e-02 -2.597793277614263152e-02 -9.694155666625278722e-02 6.240239785570719094e-02 -7.684332988213772586e-02 -1.192307363558016836e-01 2.673762881011817420e-03 -1.826405459715025326e-01 -5.316303074531277678e-02
1.680855486190879419e-02 -2.743317128065338451e-01 2.683207369548456719e-02 -1.108948692704836946e-02 -1.152551508837164201e-01 -1.826619180903380976e-02 1.937117611775496240e-01 -3.153655068699182107e-02 -9.592722490211631758e-02 -7.489190942793719219e-02 2.821221769586319816e-02 -2.689339032091213680e-02
-1.215036042880320855e-01 -9.959141482532393730e-02 -1.340434229989301285e-02 -5.859756856412377812e-02 1.049675123659690595e-01 -4.615183704686594973e-02 3.764580893281251929e-03 -9.345538328978365838e-03 5.556298556752951173e-02 -5.168987190468248699e-02 -3.400651541015558416e-02 1.228836081011838999e-01
-3.043678866974068933e-02 1.026747807607786694e-01 6.357757906072736276e-02 2.120283795490324544e-02 -2.670019415728204504e-02 -1.376514157897928414e-01 3.219681729401598774e-02 -3.336166715249233757e-03 -1.829755110460773437e-02 -6.613274122569304247e-02 3.690272273339529480e-02 4.221963401764321916e-03
1.536320930999565959e-01 -9.761273705098359732e-02 -1.855371271513380979e-02 4.009576704919379231e-02 -3.416314658660101616e-02 -8.242253704135965586e-02 6.080883447397906344e-02 3.013224425374338988e-02 -2.293005937706099617e-02 -7.491642639387990910e-02 1.533184760576785342e-02 2.324512275149602861e-02
-9.041998568679993076e-02 -2.052861083752677840e-01 2.055731435106983654e-02 -1.070065071412782676e-01 -1.297009121612422433e-01 1.804072718027989186e-01 5.888664493239113666e-03 -2.319614081196298000e-02 -5.307496161053028988e-02 -2.123896810838983851e-01 -1.148809050957415034e-01 2.113020058420706990e-02
6.846338888182454396e-02 -1.464662206366146857e-01 1.105309603878390501e-01 1.363226331602464814e-01 7.937743303858323107e-02 -3.285081338363588649e-02 3.010713488649533962e-02 7.045750685799308244e-02 -1.482928071376563885e-02 -1.452280544716647026e-01 9.529526817515934778e-02 -5.667965346620403022e-03
5.660074050560083558e-02 -2.520808301120135431e-01 1.315702487562519715e-02 -1.310323051534797133e-02 -2.655054739483299342e-02 1.086716682062466854e-01 -9.209034916929434433e-02 1.727588454668217421e-01 -8.408208869669710206e-02 1.203980977913772336e-02 -9.029794114514003156e-02 8.498812864043900350e-02
1.153074833903284524e-01 -1.275112829199565312e-01 -3.127909675436455622e-02 4.212020380976912171e-02 -4.729887636267395869e-03 8.144517255969350306e-03 1.714883592631096312e-02 -1.324728087610312355e-01 -5.660668207422218240e-02 -4.163130942485738367e-02 -3.840432873586203250e-02 -1.192320197093187269e-02
-4.131618357920260887e-02 -1.596671613138384849e-01 -1.652222269202615820e-02 4.973185038506734712e-02 1.366631221004720453e-01 -6.819241161913600080e-02 9.309173303566516122e-03 1.460681349245045862e-02 4.994346410417831866e-02 5.065875906493402976e-03 -8.231642382296283644e-02 6.069187289163689020e-02
1.017774624687693974e-01 2.092507293936995971e-02 -1.193600935535107377e-01 -9.270177277874508404e-02 1.175906822497975977e-02 -6.385517870319601386e-02 8.096150159834181181e-02 3.046546358650258080e-02 -5.905756559878996143e-02 2.515437773754748002e-02 2.115189781885675191e-01 3.952374610368163815e-02
1.247314775113218636e-02 -7.795557767998566485e-03 -1.693593224371142680e-01 -9.448494634458559638e-02 9.053814934129504610e-02 -9.903656261389351401e-02 -1.814937914749730763e-01 5.009099036407169137e-02 4.014193401455957294e-02 6.854066550555809600e-02 -5.028243700432050850e-02 -6.016646359154970841e-02
7.336112111926804125e-02 -2.852160343258900443e-01 7.488487525229944874e-02 -5.312515358837979762e-02 6.217531593338528756e-02 6.252028930354100456e-02 -3.178648337553743181e-02 -2.678594500368988024e-02 6.304147400087088682e-02 4.676165380895460494e-02 8.613336847555555769e-04 -1.167097566081313487e-01
6.064364222153496853e-02 2.314621583158173873e-02 -1.063000451887423092e-01 1.057234853658121920e-01 -1.040624152771387062e-01 -8.233959349476804856e-02 -8.038972249453960051e-02 6.456932009703656578e-03 -4.266066071705160861e-02 -7.444463228978084879e-02 2.749592529331243429e-02 -4.247386897882953621e-02
-2.340698875561075532e-01 -1.204759520842634338e-02 8.861263155063686670e-02 -6.401781809613799057e-02 4.547038556783272040e-02 7.557059149083519833e-02 1.507747526563031348e-01 4.334590396479362506e-02 -4.510337678330956362e-02 5.021650390534340876e-03 -2.337208869973257941e-01 1.654657412853322842e-03
5.912049107652866953e-02 -2.354010423623804221e-02 7.965007020073716203e-04 -3.653064394486121857e-02 1.509446507044681467e-02 2.458494182566538580e-02 4.408332532914212981e-02 6.747868970728052376e-03 5.131992389332613175e-02 -6.359394473627996182e-03 1.179471438287762464e-01 2.269369599238519816e-02
1.787684704553181222e-02 -3.260907546513948652e-01 1.166307708962960599e-01 1.245918739074562964e-01 -1.331731777658486972e-02 -1.898761930111391716e-01 4.265255947989565061e-02 -4.605325324810154164e-02 7.220383112265242598e-02 -5.190779315201642791e-02 8.662538128924918146e-02 3.477754214681689528e-03
1.067407267091871788e-02 -9.390701597823687685e-02 4.397434018408767631e-02 8.807712931570786316e-03 -3.282658767798421126e-03 -6.159459525318939505e-02 2.149701686524633712e-02 -4.368178077157296169e-02 -6.402965876116102628e-02 -1.370726592721217309e-02 2.685646372319725611e-02 1.606579575944233895e-01
-1.257769586872954648e-01 -1.297387270240605434e-02 -8.851359299880408316e-03 7.847765631934186525e-02 -7.783137159383045345e-02 4.809626029318567891e-02 -1.677110208449765841e-02 7.400211639043459411e-02 7.114799065754194574e-02 5.195195631114422387e-05 3.987457617500584500e-02 -9.539477346619510204e-03
7.963093491044043182e-03 7.165614039078758296e-03 -1.638527925820855782e-02 6.463528939707746668e-02 1.095384489527865962e-01 9.298997206947789973e-02 -4.307085731076806118e-02 4.869995458519449372e-02 8.867076532449412463e-02 -8.379440554306596955e-02 1.366362822731962412e-01 1.293934090082973498e-01
3.985370207548040444e-02 -1.707750885380910078e-01 -4.110379429148131036e-02 -4.601439177623796450e-02 -4.922298346200571113e-03 -1.821548801202141354e-01 -2.070979138785240536e-01 -8.395230545835796754e-03 5.416669366767896260e-02 -1.440325885057094912e-01 5.400569637555777819e-02 -1.685185474177166784e-02
-5.073514725668665671e-04 -1.299781951507978928e-01 8.168576529446705536e-02 1.218501773325579018e-01 4.654052390283187207e-02 -1.099047410058581475e-01 6.535074156688713831e-02 5.440233057761757751e-02 3.353660153018341722e-02 1.251007924021938778e-01 9.558147084132390114e-02 -1.597432636927949290e-01
3.984790957852595017e-02 -1.073105936079766926e-01 8.219632413218128097e-02 6.072005188558773914e-02 -4.983241482891407476e-02 -5.144026056610453285e-02 7.053367289407211360e-02 3.028951398138349932e-02 -1.630101240508503024e-01 5.261067564056712970e-02 -2.535011184580036880e-02 2.257732907012105147e-02
1.907405763354901584e-01 -1.449452062734524205e-01 -3.744528006255631869e-02 9.176928055912766946e-02 1.348681830654253622e-01 -1.445778579817987852e-01 -8.812332432297612095e-02 -2.534528518684356943e-04 -6.945660446389427534e-02 9.129981083053079205e-02 1.400976692342692509e-01 -3.014097493343416770e-02
6.344597595620328490e-02 5.271942565750650095e-02 -1.746271500229105156e-01 -1.061724798326040831e-01 -1.445469977772755564e-02 -8.617260259780265552e-02 2.723071780463530087e-02 7.001397209377384356e-02 6.912774897982727762e-02 4.109664361321623688e-02 -3.334520594591137282e-02 1.185381393225813096e-01
-3.310485910240031082e-02 -8.006212263454590139e-02 1.005941224558444813e-01 -5.527955420741981207e-02 -3.780107045581395514e-02 -6.832907663633519535e-02 -6.323484010402799504e-02 -6.734259959954823349e-02 1.958533654547881669e-02 -4.967574568633565529e-02 -5.235963660228821343e-02 -5.075989589390927925e-03
-1.321684091261934590e-01 -3.260428011446165480e-02 7.446319621281818901e-02 -8.045418331548872051e-03 1.767284710451249574e-01 -1.209394623824416592e-01 -2.947186107341249681e-02 -1.024377744000958962e-01 -6.933752052445447955e-02 -3.388665396458308970e-02 -3.621976536110379369e-02 -2.254425303000130200e-03
-3.267656982802783494e-01 -2.750789269989122876e-01 8.224828708618461826e-02 2.088241179662484945e-02 1.277636345593349647e-02 9.656928167821426934e-02 -1.734928467937117344e-02 -8.270468416545513624e-02 3.514003278073680320e-02 1.800775458321073746e-02 -1.636129349480314188e-01 -3.925870494987526022e-02
-4.847908239281727150e-02 -9.374652419203301223e-03 -2.377116702844486174e-01 2.807551847878768034e-02 2.795058173613193531e-02 1.398088078098962128e-02 1.237688050157292052e-01 1.598992283300272321e-01 3.152833442692527105e-02 1.104547462930930701e-01 -9.452841773304554440e-02 3.755012532648929063e-02
-3.414103837353177351e-02 -6.458502585977519972e-02 1.801523211045978970e-02 -3.039305989828129315e-02 -4.855765576328453098e-02 -7.951371827212885823e-02 -6.996850124248155112e-02 -1.145650449537575638e-01 -1.044766988847306427e-01 2.294104198430647612e-01 5.508703508407984326e-03 -1.903062840984904788e-02
3.304528433998320941e-03 -4.562666572214029576e-02 -1.234713737641363884e-01 2.721966340189930014e-02 1.075830012446125777e-01 -7.121196991837461243e-02 8.068171129695000943e-02 -1.113242300833056780e-01 -7.257530761580144318e-03 2.696316717363336779e-02 -3.439272379722463704e-03 -8.604589943181267797e-02
1.315246763135591024e-01 -8.664912634295293681e-02 3.785873734721750816e-02 -6.619821784627782923e-02 -1.191757626329277148e-01 -1.090184039284868706e-02 -3.459538010438734795e-02 5.004121628741760308e-02 -3.290065789563157567e-02 8.579569344799034547e-02 1.487410119849197181e-02 7.961157498507376307e-02
9.514610565293812883e-02 -1.622182789742611653e-01 6.033306648758089696e-02 -3.142195590684147138e-02 -7.891123747558745696e-03 7.065661136252404662e-02 5.073807984068549187e-02 -2.871016379569227284e-02 3.632125048683527285e-02 -1.846418008101865377e-02 1.604518339463209542e-01 6.679691887188235477e-02
-1.544967506848985150e-01 -3.758736439104474331e-02 -4.870871694895158310e-02 -4.381768957684174445e-03 4.385019442300735343e-02 5.655389113178670851e-02 -1.224887124358411544e-01 5.559798545197153219e-02 5.978466971546131728e-03 1.380550965091575377e-01 -7.764516325769671434e-02 6.121655432945056347e-02
1.334179273683857303e-01 -7.686923781198345962e-02 3.879223630283640256e-02 9.443712046109623004e-02 1.005008150952029639e-01 -6.183922307493409237e-02 -6.407777017833247817e-03 -5.583662043513670792e-02 2.514498407509810352e-02 1.618503870439983450e-01 -2.299449328627074796e-02 -9.855553800444560864e-02
1.092890029324235512e-01 -1.878296333087072778e-01 -7.010864549256781708e-02 -4.645599801604918810e-02 -4.112500331475208576e-02 -8.111353939903501176e-02 -9.500262649013366256e-02 -1.674835962725086946e-01 -1.152203712156007614e-01 6.727654105859939837e-02 1.526103327693595912e-01 1.001833610270020658e-01
-8.180737432740824502e-03 -6.841723993629629519e-02 1.367761405187969959e-02 -2.840973565651264479e-02 -4.374536948294862476e-02 1.851317582068051984e-02 8.799421035422350101e-02 2.535961199111106540e-02 -2.170374890017183200e-01 -6.117165183418423607e-02 -3.726395792019213810e-02 1.782586766250291166e-01
-1.739440729506664118e-01 -2.395343819591137791e-02 -1.328759007772413736e-01 -9.229730962898560764e-02 -3.107607888934181897e-02 -7.353018363643820665e-02 5.529492710450526621e-02 1.115972529027820480e-03 4.520288612957449464e-02 7.318153352831147096e-02 5.303541220062053113e-02 1.778195784822892145e-01
5.169674958429947009e-02 -6.513929838494697533e-02 9.458372727464922636e-02 2.185156686118853650e-02 1.510575904135609271e-01 -1.234441700082443971e-01 2.110160329625196743e-02 9.042576438345505119e-02 -9.369541696708587331e-02 -1.049738676536449145e-01 -3.536876610812245830e-02 7.313311322047988394e-02
2.070560775023073397e-01 -1.495079953934814188e-01 1.388224802054696325e-02 3.050707822845207320e-02 7.720919628149605814e-03 -4.946360109128702248e-02 1.290997873760683090e-01 3.506515636083835930e-02 2.709732020025867189e-02 -6.422323115130018634e-02 -7.099061782384097352e-02 7.071724937450995022e-03
-1.213668286875453639e-01 -2.473502823646113180e-01 1.023975783860545108e-01 6.057964118572167767e-02 6.548832366904007440e-02 -4.864489072407311016e-02 -2.444373535925671304e-01 -1.251289333210193200e-01 3.047481150965236640e-02 1.026956217351249201e-01 -2.970823760095336885e-01 -5.474499249813751661e-02
-2.764001818318180884e-02 -6.986908296490285109e-02 2.333450447592469099e-02 -1.430910634989438768e-01 2.053241242624063122e-03 -4.478642560609628204e-02 2.285124190989823098e-02 -8.899742593640942723e-02 -1.884250260080694295e-02 -2.545496033766198041e-02 7.143274091894707967e-02 -8.240375282944825686e-02
-8.861794993936195075e-02 -1.636017600117514736e-01 4.067198651394283992e-02 -1.578685837262136793e-01 -2.156474044362759190e-02 -1.436225081227527345e-01 -2.208980556128896031e-02 -4.169203216361831027e-03 7.809748958749744563e-02 -6.473763382006028633e-02 -5.073471489664623663e-02 -5.040697258411198228e-02
-4.258699504922652812e-02 -1.226679666126589963e-01 2.122876841881976562e-03 8.643760326225161106e-02 9.916682208869477544e-02 1.745665921039501588e-03 -1.440386474485450541e-01 -2.991949606421533125e-02 7.629204373558825690e-04 -8.251255805373644558e-02 -1.214823257353639385e-01 -6.916579347456666693e-02
6.689053074622672290e-02 -9.197259659349868444e-02 -1.365435909238013057e-01 3.899616246998496849e-02 8.923843162942836360e-02 8.212604952088031762e-02 -1.192403630727352226e-01 4.355824225161361238e-03 -4.633492783512661167e-02 -1.054616011323281921e-01 -3.808693390904240549e-03 8.437841760998041063e-02
-2.077364135656093944e-03 4.961656296501649327e-02 -1.404589043193494313e-01 4.869841092003929228e-02 9.550366690248045243e-02 1.939360964254695507e-01 -1.115713877524453918e-02 1.138734321661015875e-01 -5.486441280007751248e-02 -2.159002575498155524e-02 -8.168202346484110254e-02 -7.917002154868449382e-02
-2.392379191785085416e-02 -1.683523512186670679e-01 -7.985459208971593115e-02 1.039438581455098994e-02 -5.354414106947574109e-02 -8.475683117506857545e-02 -6.272360572449559024e-02 -4.448883091681533897e-02 -1.027841460242574917e-01 -6.225534367284073396e-03 -7.000741536464655246e-02 2.307267660099608098e-01
9.523689684310471248e-02 -6.370986566147901486e-02 -6.355654075348948773e-02 -1.605928641048452177e-01 -6.688433706983089311e-02 1.925885212617063288e-02 5.541257120526155849e-02 7.579589754403266710e-02 -1.232834930767499476e-01 1.180444260559570802e-01 -7.313029319037056553e-02 -1.599110584044680927e-01
-5.775248049311142162e-02 -2.188540801595065810e-01 2.112709476178574117e-02 -6.782184702361665485e-02 -8.388213635520043454e-02 1.386672808548751745e-01 4.179421009309034624e-02 -9.725332601664408994e-02 4.506931418209899481e-03 6.151309444431529543e-03 -7.733510579653277150e-02 -1.258518697477889192e-01
-7.444696757864435743e-02 2.954574646518192196e-02 1.029658182807403621e-01 8.789032386951500797e-02 -1.038682722242990492e-01 4.510258909996148896e-02 -4.011332142850088794e-02 1.650443183625533994e-01 2.624536211631033067e-02 2.719466169160558722e-02 5.137089704324684231e-02 -7.937832094002858496e-02
1.535183407647780669e-02 -1.257667710446786768e-01 -1.002472910682374596e-01 9.293347492470446780e-02 -4.432326897995870346e-02 7.107835097469317187e-02 1.844265714645463780e-02 1.450048183795542289e-02 -3.026887336289613845e-02 -8.122817140905866373e-02 3.335524326648132282e-02 -4.930907599915509282e-02
-1.201491049521349885e-01 -1.492245540062403508e-01 -2.481130439839180149e-02 9.889205742070913963e-02 3.367995676825063373e-02 1.439548765402193786e-01 8.207024910365673387e-02 -1.236006122834482218e-01 -1.866022791660412045e-02 -2.534357348164404528e-02 -4.601683553341901628e-02 4.683982680780950786e-02
3.315516143790474268e-02 -1.951933074841178672e-01 1.027491864971371172e-03 -6.257447253172003510e-02 -1.205625853518869223e-01 -3.992714116036761435e-02 1.228160793407220563e-01 1.960228650025133690e-01 2.139842712805550828e-02 4.846059239434210436e-02 -3.960171134287449740e-02 -7.458275452321791454e-02
1.593675102725267412e-01 -1.644975623262797393e-01 2.792236625736991065e-02 1.532503752668100960e-01 1.504625207683467081e-01 6.483497498144391580e-02 -1.063211696548664043e-01 4.368112961496872781e-02 4.366807734958165835e-03 -3.185574615840821525e-03 9.143156526593199107e-02 -7.288234564652301684e-02
-1.132863377225840906e-01 -7.398244217062041606e-02 5.773657158265832479e-02 6.660530120138669422e-03 3.066377023560906689e-02 -1.242491724861383429e-01 2.505885129261572683e-02 1.618930049131617199e-01 9.168459597794699489e-02 7.867126348043684825e-02 -1.647303729100328684e-02 5.465530781335210114e-02
3.927639482137133820e-02 -1.319531738727839354e-01 -1.062893335786627147e-01 -4.675190444126819944e-02 -4.953321655384385763e-02 -3.677470039178282885e-02 1.496073416523151364e-03 3.577789836230632972e-03 3.588003429283494888e-02 7.063019127271041864e-02 -6.637391784378637860e-02 6.718010100070674411e-05
3.951992660984238181e-02 -1.278958278568199658e-01 7.277492719469882965e-02 1.570949295606797469e-01 -7.667141324830643867e-02 -5.792106467328687197e-02 -7.371659737769419149e-04 -4.410130623022105734e-02 -1.412413695977569050e-01 -1.600303997421640423e-01 5.060998981561418836e-02 1.200858964053042911e-02
-3.519869788667595589e-02 -3.861217933873212910e-02 -1.202130151532902758e-01 3.562665550379200130e-02 -5.362272578487008862e-02 2.913285093236069878e-01 7.303950373247067307e-02 -3.598481066756446800e-02 1.285064250042800872e-02 1.297909542260167019e-02 3.316993031694796118e-02 1.735977654563896147e-02
-5.281984091095610900e-02 -8.539751204378032146e-02 -1.913650961672828665e-01 -8.627572498977853499e-02 6.036071977521222228e-04 2.465937186043429818e-01 -1.144347862973117691e-01 -4.613356567451835921e-02 -2.595352048866646499e-01 1.484205000282612201e-02 -1.008227403362176033e-01 2.218935295694192053e-02
1.137988683261764548e-02 6.360638539209037545e-02 2.021035621928289963e-02 2.707034029830552094e-02 6.150651337555985802e-03 -4.231426287406633152e-02 2.900616516362783046e-02 5.618598963156762327e-02 -3.860636866883956214e-02 4.209723189769536827e-02 3.694673060531471209e-03 1.318189274873678152e-01
9.090567274888644578e-02 -3.935764011951902591e-02 -1.411171675380413354e-02 7.254439466066550657e-02 -7.348576490289331076e-02 -1.463133514539385893e-02 -6.360489524401374828e-02 -2.023966422793379433e-02 4.998305322953954660e-02 1.089028677703609282e-01 1.585653142544011379e-02 7.595006048299196566e-02
2.299109726548555568e-02 -1.595540315933407782e-01 -4.746670595413232663e-02 -5.155657619005941938e-02 3.046732655582238408e-02 -9.568016495577943981e-02 -2.525153309641134727e-02 -1.490583836393659656e-01 -1.017405929878499177e-01 -1.874790308367311198e-01 -2.636963754818528738e-01 -1.409493763776575592e-01
5.477081271000872054e-02 -2.008338493240499623e-01 -1.340828545514877179e-02 2.654423480875922267e-02 -1.790232277815833606e-01 4.300374051980537099e-02 1.205355089225279563e-01 1.048994130650076489e-01 3.137744773431361961e-02 1.363474759722914098e-01 3.336076594435705145e-01 -1.039711215351640794e-01
1.885014076417732276e-01 4.505165603314807178e-03 -6.330298751881094366e-02 -1.947569911444693991e-01 -1.613831862246607463e-01 1.315862232378632868e-01 1.207993393274070168e-02 9.053880928823816732e-02 8.998287924302440788e-02 -6.463149027553879988e-02 1.121400980900114364e-01 1.179282497114249317e-01
-1.395762161192769246e-01 -3.626604242655933480e-02 9.260362886594469128e-03 -9.380860344025779285e-02 3.438609642673463168e-02 1.054265162228250896e-01 1.173179743471674738e-02 1.608029526954339872e-01 -3.411587062548920163e-02 -2.323513944732812364e-01 2.700793494546754880e-01 -1.082278620667063429e-01
1.407427288070210150e-04 -1.825101588320932333e-01 -4.420594894467144709e-02 -2.529922194973558969e-01 -3.042375767370836953e-02 6.117952769097859816e-02 1.192845881886798742e-01 1.360752622799253908e-01 1.775072807869672031e-01 2.183198196217377429e-01 1.711541811248582512e-01 3.014899146134077459e-02
1.243378691984177997e-01 4.180773040040202532e-02 1.477398502631000268e-02 5.324110418193453431e-02 9.919584022103629384e-02 -4.951251440974208801e-02 9.682412572971421660e-03 -1.153826343882198430e-01 3.488063809759645723e-02 -1.321319354185770401e-01 5.885114078320554526e-02 -1.372765223013147351e-01
-1.509328752602328294e-01 -1.661973936440902522e-01 -2.792703247150192351e-03 1.830387737298574680e-01 1.571865001540067031e-01 8.428899821998830227e-03 -1.342679751949582556e-02 1.290648833666712125e-01 -1.055887024626418341e-01 -9.369151832454647444e-02 -8.185895876130094839e-02 5.905012901558463062e-02
-1.419181531583002809e-01 -1.710272474191186221e-01 1.429726784705778742e-01 -1.107373520951245305e-01 -2.276415363420800780e-02 7.382230777517992740e-03 -7.747783888144196829e-02 5.443310267158528448e-02 -5.611227189214042926e-02 2.623445324249099042e-02 -1.428865944204955711e-02 -1.840749710452534715e-01
-4.101970101554180959e-02 -7.798679824762036472e-02 9.872754307455439138e-02 -6.038286082967311841e-02 -2.326525567035899605e-02 -6.475016139518907643e-02 -9.480360065020135285e-03 -1.089283918393172818e-01 6.794037905187551296e-02 -7.649257353477878496e-02 5.590716970276279202e-02 1.398546095736520611e-01
-1.997853794924842330e-01 -2.335519379149753605e-01 2.961531727309301906e-02 -3.364582819000694336e-02 1.056008892524500226e-01 -6.412576567689107221e-02 -3.141015962666394296e-02 8.672497240928052353e-02 -7.047805667327845802e-02 -1.739795449082207068e-01 -2.493417699867366694e-02 -1.793059886486085205e-02
-3.796829260854715088e-02 -6.310810480946310586e-04 -7.920476426077215082e-02 -1.300575725050945042e-01 -2.361340379166034301e-02 -7.238452876968691496e-02 -6.508547798532768325e-02 2.883590193079797401e-02 5.910093164651730561e-03 -1.389802470781334731e-01 -4.998963973062518773e-02 8.472484762954821114e-02
