-9.427425503039502108e-02 3.547564634553604379e-02 -1.124989587135135360e-01 -1.193759424868805485e-01 -4.019458331408985730e-02 2.792878945910737265e-02 7.453637760641888821e-02 3.349080924687986016e-02 -4.712457165235652001e-02 -7.779706314192041949e-02 -1.138285266388963796e-01 -3.087594319122322420e-02
3.325407413958846037e-02 5.997105939387360057e-02 -1.110604410515452986e-02 6.033693421293060029e-03 -1.541388701079523527e-01 -1.369898844459776360e-02 6.845955411576729044e-02 -2.420819499331545999e-02 7.554881252956496818e-02 6.433358786060421747e-03 -4.950352270657461251e-02 4.962417559208607415e-02
-1.104159513923788083e-01 4.499347687084059855e-02 -7.065393874027724175e-02 1.642648760771429073e-01 1.438176028474063076e-02 1.204834121513072842e-01 -2.833766317854295030e-02 -2.099039332721523987e-01 -2.329299778650064656e-01 -1.016865443269902858e-01 -4.744520450137618833e-02 -3.854391868313754299e-02
-2.903523769988477794e-03 -1.906850850995685936e-02 -4.728450044034971517e-02 7.474307315097383775e-02 9.996012180815036507e-02 -1.246935092651829668e-01 5.486586266261401362e-02 -9.417272971971307749e-02 -5.457659649535380464e-03 3.310029299055788909e-02 -4.115222826407401169e-02 -1.140643382571576991e-01
9.281281549851072565e-02 -1.281832842064134850e-02 -9.966403392607692258e-02 -1.058779930258665347e-01 -1.282259300308635219e-01 -5.572460098679352797e-02 -2.491177100502034013e-03 -4.154294432562351952e-02 -1.651522086178035253e-01 5.272385521371428241e-02 -2.715892027231600614e-02 -1.267053367107647266e-01
-6.509938275034714283e-02 4.161651396067907183e-02 -3.845215057935574138e-02 7.027981935516768031e-02 -3.280028486947549060e-02 5.207224811400499448e-02 4.329386968110541557e-03 5.739173802125839899e-03 7.283936463025965369e-02 -9.436944863690341356e-02 -2.864600761314862326e-02 -2.567155919347498955e-02
-8.239394022824840513e-02 3.624923943974323742e-02 -4.803744203517913702e-02 8.697412157020129042e-02 9.221198013852549558e-02 3.244219123435578694e-02 -8.783667994368496434e-02 1.272484484192711873e-01 -1.534957728813831357e-01 -1.441152395429574351e-01 5.077807402621735411e-02 1.305300461332885020e-01
3.934891401923581306e-02 -1.357187529628061870e-02 -8.395289164493882628e-02 7.196206966207099875e-02 -8.831472145539703833e-02 8.175078082258138701e-02 -4.956164207876632977e-02 -8.235781621748253234e-02 -1.065619073307652875e-01 3.364190901391234806e-02 -4.649079578209336372e-02 7.642929995011879529e-02
2.290768983470678477e-02 7.682506335468641812e-02 -9.853725011596815853e-02 2.962922516176703935e-02 1.364041879926190248e-01 1.084757487099148460e-01 -9.143015150925873358e-02 1.760073380516669062e-01 1.122233593455697759e-01 1.485241339659013893e-01 6.452988945280922761e-02 -1.630117320862439212e-01
-4.490841353767698052e-02 -4.490724190604706428e-02 -1.326010011663526778e-01 7.551247886502962525e-02 -2.463022633532561522e-03 1.505116356542623712e-01 -9.946051208057232751e-02 6.619626403257623803e-02 -1.004633685967092809e-03 4.096591568607942102e-02 6.256584219592815216e-03 3.551889854566858684e-02
-3.715649006521659636e-02 -3.102259145325765924e-02 -4.196040446069752849e-02 -1.404240690523055335e-01 6.177246743195843881e-02 1.881939743239106552e-02 -4.716573247646727723e-03 -7.705897302786446357e-02 -1.952878555368713423e-02 1.114748512824823012e-01 6.683715902901979367e-02 6.099519212414024338e-02
5.592473863381642457e-02 2.058392333588400860e-03 -5.260386516195731527e-02 3.542620508460855855e-02 9.581911308141310979e-02 5.223289443448884267e-02 -7.539233910796899751e-02 -4.699960481314932603e-02 2.631077030140535969e-02 -1.237018262849306216e-01 2.572685725050845654e-02 7.791559044043015747e-04
-6.139830775318689399e-02 3.114631415471724035e-02 -7.124482298254966595e-02 -5.759912582033855505e-02 1.679726891771719799e-02 8.630488781521357400e-02 -6.216941178875889928e-02 -1.302876695541066443e-01 -1.648940997825306754e-03 1.744882707312791353e-02 8.183202199572420232e-02 -1.439536885425747315e-01
4.809102836559587396e-02 -1.104750119468998065e-01 -2.235056876257831560e-01 -1.152154026678336440e-01 4.291828794247626311e-02 3.460081433704030596e-02 -2.247057458964981172e-02 4.672054131689247491e-02 -8.336707792585208721e-02 -5.951617508473579232e-02 1.416838343061535554e-01 2.164868457478496058e-02
5.646330992999219062e-02 -2.904233457558752507e-02 2.318224837289732665e-02 -4.657841069803528300e-02 2.139479189797390685e-02 -5.199618650386348545e-02 -8.368867622329252687e-02 -3.465932973350466934e-02 9.074706010190813910e-02 1.111333285189540845e-02 1.773288529066920916e-01 -8.938478051213313846e-02
1.031155128326508366e-02 1.042233030285015793e-01 -1.388635014619090183e-02 1.239731033762465628e-01 -5.659209796380806901e-02 5.041071912150975332e-02 -1.432458969211359845e-01 -1.187327840986779348e-01 1.572130212447399658e-02 6.703283512432797742e-02 -7.044616791380836629e-02 -8.791986639323158548e-02
-2.196486972341384764e-02 7.268513165506376716e-02 -1.542642399202389693e-02 8.647571285582179856e-02 9.069608298157329218e-02 4.767196455236566432e-02 -4.105873445601779248e-02 -1.312371135935777033e-01 1.161382819205019901e-01 -7.569806779706998723e-02 -7.106974019728690140e-02 8.828173266235105066e-03
7.546835011663040327e-02 8.433247745937910711e-02 -1.639256295053171525e-02 -6.603007120051850032e-02 -1.022852499156710893e-01 3.744382541629517891e-02 5.766848925906086810e-03 3.794202246292998487e-02 1.080131880194201838e-01 -1.734189579274711401e-02 5.956800797680787685e-02 6.478450286714325379e-02
-1.134324783659299840e-01 8.196163533837300119e-02 1.783443639523714375e-02 -2.669258205487460844e-01 5.592024309283712136e-02 4.045998471222704562e-02 1.914539032535826288e-02 2.428430911043126875e-03 -1.571146076337691655e-01 5.665018076207267717e-02 8.978101496987994645e-02 3.360692365003609128e-02
2.504559925405492465e-02 -6.387359775598040225e-03 -2.454363885662881606e-02 -7.931538928564998980e-02 1.947516757813031602e-02 -1.235448083897567606e-01 6.559463003544097059e-02 -2.259659346483067210e-02 1.053624371181131752e-01 1.354016915702334622e-01 -2.151573845286916253e-01 1.070911151749259493e-01
-9.134368731094083538e-02 -2.975101702955195576e-02 4.015517767265443239e-02 -2.220784961725905463e-02 -1.567167243684277900e-01 -2.511651545292196280e-02 -6.434201081368515207e-02 1.287971699773442502e-01 -1.786506934674116781e-02 -2.459584279137198154e-02 8.151159602175021834e-02 -1.358657864600784984e-02
4.743486078087807978e-02 1.064708775280123407e-02 -1.046256288590302896e-01 -2.418557684715676170e-02 -2.188232382167693349e-02 -5.179672187715586573e-02 6.107658405768208454e-02 9.769074958924953145e-02 9.986573688799765813e-03 -7.246951413525490326e-02 1.855976399394477783e-01 4.218482111592495448e-02
-1.128874328875262567e-01 -1.396532447906276564e-01 5.290929865329519616e-02 1.007073790193140500e-01 -1.172779973426887369e-02 1.906230262522376484e-02 3.634553031622600461e-02 1.196853046182580621e-01 -1.605448741492095099e-01 -3.416478964701291643e-02 -5.299638901504930000e-02 -4.444718918944935704e-02
1.351080703620359535e-02 7.419418302726006609e-02 1.557834319751519661e-02 -5.160576394317726440e-02 3.359637591763078857e-02 -4.923863532889178468e-02 1.034148196231971656e-01 2.353035162326053142e-02 -6.949344688650084534e-02 -1.008901478456910722e-01 -2.042794493833688940e-01 -6.074750161499006818e-02
-3.003894340279392172e-02 1.194413398522715247e-02 -1.252260975414676292e-01 -9.043154622520227504e-02 3.880056979045565756e-03 -5.724816597687946290e-02 1.795708279273546676e-02 -7.003149120305669773e-02 -1.001328007207000770e-01 -2.724751015206837435e-02 7.153296604941272729e-02 1.220791724372459084e-03
-2.437851558996844553e-02 -3.430808088620825036e-02 -3.753307331951886983e-02 1.806887985141140684e-01 2.169333625009370499e-03 -1.430687489923205824e-01 5.898504697430465710e-02 -1.190759154293844109e-02 1.296152158634880092e-01 7.947861068154421504e-02 8.947410962526738953e-02 1.512431632873927900e-01
1.104575991407233948e-01 -1.819802092345240707e-02 -1.017069180848632626e-01 -4.199456387528702900e-02 1.192119047382574418e-02 -2.091598277447880277e-03 -8.744815503405203860e-02 1.940135219718593443e-02 8.464164677215538224e-02 -8.147976585004849948e-02 7.095291373969866977e-02 6.055883369671144142e-03
1.047770621975411057e-02 4.490611066093561782e-02 2.567986605213795626e-02 1.439521515500468557e-02 6.634702440572234905e-02 3.434772718553937010e-02 1.192816361581493234e-02 6.161129963277082316e-02 -2.795118260056005804e-02 6.857704487359850450e-03 -3.127224481395315947e-02 5.424157054671733397e-02
-2.847557707416583164e-02 -5.264600008870511452e-03 -7.211305447570350025e-02 -1.303763250328805468e-01 -7.206940446864916472e-02 -3.874669221106127881e-02 -1.129437138939096280e-01 2.462127387656303304e-02 -2.584421577684383256e-02 5.062608355676523342e-02 1.829970446369350023e-02 -1.281436275361247379e-01
4.713437813656358444e-02 1.252195291502167240e-01 -1.009875792767935404e-01 5.290899018986115060e-02 4.354201688953594773e-02 -5.944474653493154320e-02 1.811722836044015600e-02 9.115601103031903407e-02 1.551564095374313029e-02 -9.641019485641333375e-03 1.509878666534798276e-02 -1.234506835396520785e-01
-5.042494645757662763e-02 1.584303428963540483e-02 1.637226121494828740e-02 -2.068640840600687730e-02 7.226717822221259691e-02 2.880812032279348595e-02 -7.179744287081912986e-03 -3.766515426851493181e-02 1.169482287475662879e-02 -1.265461929322978518e-01 9.036330626089159046e-02 6.633488009036859687e-03
