3.387373227049522706e-02 -2.536569022095625653e-02 -9.099590911437846485e-02 -3.728173713953285978e-02 -8.955069032487485148e-02 -1.333255285349376207e-01 -2.679796450224196727e-02 5.592621965324377081e-02 5.666366028293113449e-02 2.203773631530976836e-03 5.414972153671913403e-03 -1.167058496342803994e-02
1.080310314912927283e-02 -8.972637792139938340e-02 2.618872132290645319e-02 -2.296990475302674445e-02 -9.707232716462989297e-02 4.163530592702592223e-03 1.133996052479646771e-01 -1.416482250606519028e-02 6.447969671142615884e-03 -8.258226071844329552e-02 -5.597476526951219306e-03 5.774347890133402217e-02
6.683097075172153567e-02 -7.838566670681772208e-02 -1.163930152568620341e-01 1.216309968755348719e-01 1.494948012265811393e-02 1.293367325770885812e-01 7.061469945208030674e-02 9.394991381665826480e-02 -5.201251550162799830e-02 4.180179440054080514e-02 -8.497914906724704509e-02 4.415496452727527693e-02
3.214880514178093673e-02 2.027005603291886365e-02 -8.582478009695457266e-02 -3.104349050284902281e-02 -5.957189283318740924e-02 -3.415174252249336684e-02 -5.200760990295980046e-02 -2.266096627458626773e-04 8.487355786932629376e-02 4.667570754039174208e-02 -1.725509371726088870e-02 -8.297955094900903716e-02
9.688989206089976269e-02 -1.056664069071111198e-02 5.993444155321629718e-02 -7.896575920081123912e-02 -4.319743132561117485e-03 5.316508634323267868e-02 3.734772297406359354e-02 -7.392923402830502144e-02 1.849029597769818317e-02 -1.884857818756510012e-02 1.761632558705483742e-02 -5.396175672323373640e-02
-1.003620107250408344e-01 7.480429163153343164e-02 1.739341823546694255e-01 2.024612276880662365e-01 -2.676977179897099823e-02 -5.485366081152799611e-02 1.518598464034222328e-02 -5.878903749148717273e-02 -8.262937477721196688e-02 1.036990228625524063e-01 1.438245714259688002e-02 3.743656270834327254e-02
-2.234701622020459147e-02 7.813798732751814358e-02 -1.560907986612620757e-01 1.257075212642005668e-01 -1.080335774865019000e-02 2.140380602069272276e-02 -9.152780710651983731e-02 -1.168398333125432315e-01 -1.588619417609451329e-02 1.080469599766639283e-01 4.558779355547176726e-02 -1.530459378997526057e-02
8.324242474864734787e-02 5.759851761594385333e-02 -5.808165151352610162e-02 -1.888781842453126081e-01 -1.440271467773514003e-01 3.542968057717402197e-02 -3.453304659660730302e-02 4.096764793889948186e-02 -6.529245179250869890e-02 -7.898736802734374063e-02 9.229636359208233387e-02 1.312051468463036885e-01
-8.211155905137021427e-02 1.280669174815916855e-01 1.103522861803126788e-02 6.230752021093542009e-02 -1.219675081069787267e-02 -9.784194930107448229e-02 -6.759155686208201397e-02 -4.311745840173606542e-02 -3.087285145012463872e-02 9.653387842622329629e-02 2.323934653379951427e-03 -1.162982344769917728e-02
-1.074676551955008608e-01 -3.157937638060369367e-02 -8.724572722579383710e-02 -2.628974587610817537e-02 -3.000843404471687653e-02 -7.751001986719193750e-03 -6.001755093324760704e-02 -8.578451934269494539e-02 1.119699939678300490e-02 4.673520997139901656e-02 -9.346158299209900155e-02 2.500211515784974692e-01
-9.885774890899526324e-02 -1.772026038110251223e-02 -1.235906826077270981e-01 1.518652283640340057e-03 -6.776633444426842512e-02 -5.815062755714073967e-02 1.658133108228408426e-01 -5.134325507995875226e-02 -1.204991407354825267e-01 1.419290221090582782e-02 4.668852029259150382e-02 5.268375219485872674e-02
4.504254595618296247e-02 7.006558742250487692e-02 -1.416591002013496345e-02 2.829518389564563557e-02 -5.619517572869756061e-02 8.918450466351740178e-05 -4.179944149422857441e-02 1.151713056251918443e-01 4.331122581777770153e-02 1.443917101039690620e-01 -5.806200722183777613e-02 1.560727508246997214e-02
1.798687088442184612e-01 -9.793444958383126786e-02 -6.697079231081806694e-02 4.990097387026697084e-02 -8.070666257800540588e-02 -1.501713355060800004e-01 7.098972131370305527e-03 -1.128328739482805793e-01 -2.909612346665167715e-02 -5.509693443458663423e-03 -3.892897114779304835e-02 -2.643693490311423144e-02
-5.868423715218307885e-02 -2.069804575783706913e-01 1.752059090692863474e-01 -7.637194386346364550e-02 -1.212621875748858963e-01 -7.962025436441269588e-03 -9.535464519236171166e-02 8.740535119792995633e-03 -1.074335066907554648e-01 -2.273248891386753321e-03 1.003836180119560134e-01 5.128803095397729828e-02
-1.823750096389007563e-02 -1.221923256654786349e-01 -1.646650193716030497e-01 9.335340537876608835e-03 1.926258754993741273e-02 -6.562225449558536927e-02 -5.896896886134606747e-02 1.447623966605383616e-01 -5.690880614146619568e-03 -4.097071212722623590e-02 -2.978326760936379769e-02 -6.010053537114529859e-02
-9.657966565535877623e-02 -1.487016657247116624e-01 -4.025527528793707704e-03 9.119672372505988056e-02 6.965519552126268887e-02 -6.247067639813581874e-02 -1.630797634314504890e-02 5.913974577440573015e-04 -2.216604282652235094e-02 -7.153986625196393119e-03 2.419836159246687227e-02 1.107800006678970675e-02
-3.585917980844786912e-02 -8.093690885492309250e-02 -5.322299942052050037e-02 -5.886093049268953381e-02 -7.810893771845045519e-03 9.816447839373154682e-02 -4.390095818290505603e-02 -1.352537417550962219e-02 -3.813781145819379603e-02 -1.101292534332388301e-01 1.028634097296472205e-01 2.991750267545859737e-02
1.812843799563496616e-01 -6.882460488654076891e-02 -9.543850157560124225e-02 1.682552784299762294e-02 -1.297994141172494620e-01 -7.883093170279392714e-02 -6.376197752869330881e-02 4.192065111817616652e-02 1.286224676219969165e-01 -1.144718494467129866e-01 -3.433406666400481977e-02 -1.630465901444088372e-01
7.897985867552559033e-03 5.205254958317032804e-02 -2.878212487942222869e-03 7.363245962677010537e-02 9.189759349112497366e-02 -1.959930852233274234e-01 -6.842543410624149502e-02 2.263447647854982536e-02 -8.033771438323304703e-02 3.669627632420373320e-02 -8.495369187020665458e-02 1.742566082933791685e-02
-1.368795391121679639e-01 1.228669279318461705e-02 -2.416399431005865177e-03 3.806265326657273101e-02 8.988024932235549880e-02 1.226309205331594168e-02 -1.116315979025951644e-01 -5.179844895317330979e-03 2.092519969670206606e-02 -1.502255331057308907e-01 -3.956476471794991706e-02 2.498402762138939720e-02
-1.683858297359726586e-01 8.072617471289231239e-02 1.093322463137253453e-01 1.264146276346678546e-02 6.735202226633157929e-02 -6.422630229144944691e-02 -1.098158669432566514e-01 7.594679076790880612e-02 -6.942207285896727365e-02 -8.586767617348411985e-02 1.086938908363728647e-02 -1.891258082017598374e-01
-4.183137551298178602e-02 2.293850360833101301e-02 1.306530064457145021e-02 1.560783436311505568e-01 -8.834078526157614075e-02 -8.020042275188526970e-02 -8.932765822588603633e-02 -1.207183523915375256e-01 -2.274856561096433652e-02 2.367765722840974724e-02 3.992560613774106008e-04 1.053693173457317389e-01
-4.684768545317870292e-02 -1.252153925009498181e-01 6.699797654900312149e-02 -2.819673824895794004e-02 -1.301542042707584321e-02 5.322834627216783965e-02 -5.391909115169020439e-02 2.873803012448528788e-02 -7.700814875574941987e-02 1.684607234127696584e-01 1.009456240004410060e-01 5.364301308696559772e-02
1.762695619610096104e-02 1.086782888947319253e-02 -1.028421266555052116e-01 6.716266888171224317e-03 2.280082869589296068e-01 -5.699974949642794969e-03 -2.826544008153439314e-01 5.190352249828250608e-02 -5.302070169757817919e-02 -4.825082805480633563e-02 -7.395359537971163411e-02 6.817583331390500434e-02
-1.797010248537161126e-01 5.851468365365432300e-02 1.863089200959964012e-02 6.688004710994670254e-02 -4.782579558809327280e-02 8.348195724604841328e-02 2.458179655980594763e-02 2.149754673544850350e-02 -1.145344854766742332e-02 5.204906078943458136e-02 -2.344868919435702873e-03 -4.246078683943234865e-03
-3.939307113204374225e-03 -2.338441168893106228e-02 1.034492162080112854e-01 -4.725033181514388253e-02 -9.765605657606919732e-02 3.540327508879101415e-02 6.028928875965017947e-02 -2.257688305475248972e-02 1.911971619034468287e-02 -3.982100912079442057e-02 1.564712998188558940e-02 -7.880397422581281175e-02
-7.148038405201659340e-02 -1.881879180143831987e-01 1.858142662019196751e-03 -7.500560492382127298e-02 4.890388141416238815e-02 -2.420991143537990289e-02 -4.753483833745603127e-03 1.918962750472449560e-02 5.069478874745914770e-02 4.627451656854458806e-02 8.802584181731692992e-02 4.272210400552837323e-02
5.255648913696225367e-03 -4.215868718873942017e-02 9.137202287041282234e-02 -1.272457847385482510e-01 7.412732599558710667e-02 1.138407441195454367e-01 -1.614530069235996790e-01 1.205710164280912322e-01 -6.468967373929543352e-02 9.263991259973153314e-02 -1.574569007143258870e-01 -7.122219612439081859e-02
1.835581915532239622e-02 -6.274250229539377055e-02 -1.061299463500823548e-01 -1.029140360559749057e-01 -3.597708547894318959e-02 -1.170142004837760874e-01 -1.144762884208209430e-01 2.842061874165164106e-02 5.492357071324287243e-02 1.047088120042241749e-01 1.237707920514780069e-01 -3.145668755807011496e-02
7.193431999609517513e-02 1.055014309196993915e-03 -3.945567644090832576e-02 6.755153614875768209e-02 5.289943803961549840e-02 1.909895512149600016e-01 3.796425542914708129e-02 -1.133898375273204168e-01 1.450378479238981222e-02 -9.939143833334602995e-02 -1.360729422309093356e-02 -1.397213264879078876e-01
-5.713371649224936732e-02 -2.364820402395215529e-02 3.449318938014016289e-02 3.972228181509451089e-02 -9.432198564823991715e-02 1.051164816597348201e-01 -6.979027797175824110e-02 -2.279873631548318385e-03 -1.088699989991438744e-01 4.067219722004761923e-02 -8.157150478937406912e-02 -1.159971131047457873e-02
-5.759095914142894901e-02 5.586745917769907199e-02 -6.371279735223163432e-02 7.152974696132106958e-02 1.300512819344966098e-01 -3.074014264245294309e-02 4.884153004984330415e-02 -5.158518755943409390e-02 5.053547405976735116e-03 -9.881795565918918833e-02 9.765989570865097474e-03 -2.576973995080254071e-02
1.538540241483777049e-01 4.536475142110615866e-02 4.580332342712152560e-02 1.499516618864366220e-02 2.252187303612975672e-02 -4.333768162635913412e-03 7.183637035291751127e-02 -1.159398691141308446e-01 -1.033972631408056342e-01 8.062984295183183922e-03 -2.705791385856759837e-02 4.220567040763864575e-02
1.346320213777001118e-02 -6.137398323250325971e-02 -3.698378663969500296e-02 -1.373155025281617703e-01 5.309645030559694001e-02 1.140164840162331480e-02 -9.633262920005017382e-02 -5.638973189360238503e-02 -5.034834918171324919e-02 -1.281884101785492613e-01 -4.655345270607243180e-03 -3.954535179947956530e-02
1.697026112838377621e-02 -1.456054794135046467e-02 -1.258506213565121525e-02 -6.785403902617090366e-02 1.775306471149264934e-03 -3.217427612316429986e-02 -1.033762934690881687e-03 -4.394242400842385265e-02 -6.850112705487972076e-02 -5.664026344597651585e-02 -1.084712344137805651e-01 7.434442048933803671e-02
1.465249563748335371e-01 2.997948826787054377e-02 7.733404592267587030e-02 8.355320622639116762e-03 6.351426529132153664e-02 -1.205410977486775625e-03 -1.548482066715743850e-02 6.014947372132781883e-02 -7.570963435748891135e-02 -1.331497879486275016e-01 2.373056692139297735e-02 -7.871132797174935360e-05
-2.909377975232047692e-02 4.694868739511005168e-02 1.092436258039853891e-01 9.871514317754077894e-02 -1.634428695442070173e-02 -1.317851063209241926e-02 -9.170690137612391712e-02 4.338414167355290896e-02 -2.006175434676461811e-01 -5.727311371059122524e-02 4.741734498304342460e-02 1.277774160879195375e-01
1.224266079600838403e-03 1.350246612985053496e-01 8.000707416441172476e-03 -1.897354108112820140e-02 1.032596952241765648e-01 1.242196513981378425e-01 5.500517400464134676e-02 -5.268128610320330779e-02 1.020462836215993568e-01 -1.388110105562062949e-02 6.087483017258397966e-02 7.080423608941877056e-02
2.678202960293137730e-02 4.862468355428043593e-02 -2.179291859217773533e-02 7.425379001625111164e-02 -5.765099348045370220e-02 -2.587022452959253371e-01 1.473385950325622356e-04 1.591077439685015249e-01 -4.680133932201510638e-02 -1.024445974817696529e-03 -1.889719739181272909e-02 2.898026876725673731e-02
9.135698929710006633e-02 8.635877256237417532e-02 -8.703546690290456245e-02 -1.311658643208429495e-03 -3.001353976397076739e-02 2.454457759310220769e-02 8.699394569670620969e-02 3.394947983347604281e-02 -6.486862565606354991e-02 -7.653297570864449340e-02 2.903892411119656479e-03 1.334930369622276958e-01
-2.639302321052282296e-02 -9.346963896400502236e-02 -1.173672330787285528e-01 4.976830627310073474e-02 -3.574691789672058279e-03 3.435391873468125051e-02 -2.173386173469719213e-02 4.922135514374881282e-02 1.076507151409881458e-01 1.360121285477470243e-01 2.760285966616828762e-02 -2.225578916981371669e-02
-5.282922230750126263e-02 7.888846479965374442e-03 7.909918115672162631e-02 1.247118395095934973e-02 -6.315703562723452846e-02 -9.543644841558129865e-02 -2.160018683527526601e-02 -1.099869392602839668e-02 -1.699175220349505855e-01 5.264664044936018250e-02 -4.846608758833564901e-02 8.216720839890287453e-02
-9.917563755093899980e-02 -1.459882390831166998e-01 1.038465063906926500e-01 3.537992877217236570e-02 1.095398312646550659e-01 -2.613095114708708852e-03 -4.110412600140339601e-02 1.313756873942457104e-01 -3.935001832220995366e-02 8.837513971242934308e-02 -3.782737604102900941e-02 -7.245674464046181207e-02
-3.746963179239218289e-02 1.186746208866777674e-02 4.240416971533387397e-02 -6.543972680778151196e-02 6.110655457144668207e-02 3.785154097247757365e-02 -2.389559860500150429e-02 -4.848314994082957019e-02 4.011497355200992210e-02 -5.593918509314407816e-02 6.947120479105023394e-02 -5.721955746208591542e-02
2.085899200541243004e-01 1.013567293876243836e-01 -2.325650054630533717e-02 4.272056521480752447e-03 -5.782043646129268744e-02 1.338841148084934929e-01 -5.594974031909689255e-02 -4.614682522104165963e-02 8.842744169296834489e-02 -6.801158068596499864e-03 -8.495187548153361468e-02 -1.782532769979545961e-01
8.757485024853096933e-02 3.711611144415993824e-02 3.043735668480565884e-02 6.102162395796462135e-02 -2.014372155569597311e-01 -5.029320840803819942e-02 -9.058022639032382861e-02 -5.748941843215641528e-02 1.405948325845658362e-02 -1.000144910177162491e-02 9.507452595051002486e-02 4.399319163135887584e-02
1.886837474060814451e-02 8.882618398708824747e-02 1.531056893292662702e-01 -8.818832916827121227e-02 -8.751740529320278794e-02 -2.067121723588212154e-02 -6.830273484879349766e-02 -1.654020008846696643e-01 9.454415027610514610e-02 4.710370830638194173e-02 -1.863650339538482081e-02 -2.743252219351618310e-02
7.040954738232427235e-02 1.328360232931254103e-01 3.863889503516577950e-02 -2.005583851698890530e-01 1.268411592913906878e-02 9.312164081619031530e-02 1.249771617276593944e-01 9.244463600726172958e-02 2.272046735939761003e-02 7.824946863471662906e-02 1.593949185703518734e-01 4.328093256759835833e-02
2.985641211260997227e-03 -7.405889455192876669e-02 5.409877789103326173e-02 -1.114858103680994583e-01 1.852942851659743206e-02 1.691333982520416002e-01 -2.274487455682765516e-02 9.400419707954528470e-02 6.195715983844139046e-02 6.391696726537415829e-03 1.884751239933854169e-02 -6.231839920993820572e-03
-4.189083891384792063e-03 1.003319444248288173e-01 -6.481481683346004830e-02 -2.101405788675457607e-03 3.175141746616129412e-02 2.342683752835546251e-02 -1.109328619919201647e-01 1.985584883137004805e-03 -9.621809483895221726e-02 9.208732848250936187e-02 2.086937474665000181e-02 -6.469393694515657156e-02
1.461563424074631239e-03 -1.572523136164324584e-02 5.587938607859788132e-02 1.222426512753731070e-01 3.798875819208050175e-02 -9.678379835711899137e-02 9.455187565389269744e-02 5.713581180025513462e-02 2.349032394972223187e-02 4.114126271918288474e-02 1.818528892245599438e-01 -1.468391675267195773e-02
-6.022598389595171936e-02 -6.513441407126227545e-02 -1.906964065420690274e-03 -7.367385599388621975e-02 1.065040359936152564e-01 3.309510575660352255e-02 4.342681115922150930e-04 1.641195071568584685e-01 -9.414509664714834983e-04 -1.154145522102049820e-01 1.205455652748835260e-01 1.145157125044689861e-01
-1.133152948946947354e-02 -5.097505357431514339e-02 4.679162774932838637e-02 -6.965100462451863372e-02 2.055269541084316434e-03 -7.561468533007828507e-02 4.684353734532632069e-02 -8.841736749745038315e-02 1.586726397360851137e-01 1.558186100731227819e-01 -4.295482665811776318e-02 4.227924038715492883e-02
-1.226575755022419334e-01 -7.202695120473568031e-03 1.936906907473434913e-01 -1.195555372387955562e-01 -5.294534304154775023e-02 -7.309616264057864667e-03 1.725689779399460222e-01 -2.612297201921872508e-02 -5.495393448072558029e-02 2.092994968407377865e-01 5.078153075458279042e-02 3.662728604038484326e-02
3.459383626196713829e-02 6.946433110328854854e-02 -8.292611525162407737e-02 1.734284575912551640e-01 5.337985758808377890e-02 -5.151462432571217442e-02 -1.495789990958777127e-01 -1.230345475462201466e-01 4.980529053001468698e-02 1.477350942499216502e-01 1.357250263934748624e-01 4.495964910147085686e-02
-6.065675361319046444e-02 9.700148340978093087e-02 -1.285191003417419583e-02 -1.990874821941146511e-02 1.944142823962562161e-02 1.223264585050618664e-01 5.003218966749557739e-02 3.194601904695475170e-02 -1.171575191251427173e-01 5.398114803372090070e-03 -7.357789589896451821e-02 8.604302512850144080e-02
-3.907736432039719300e-03 1.363214654705384790e-02 1.354783925667429334e-01 -7.517420953558060989e-03 5.912028339648421962e-03 3.304298890713421727e-02 1.293412929680405887e-01 1.426396671748786545e-02 -6.701917352982300624e-02 4.161360301187715799e-02 -4.077044539368428894e-02 -6.827162653864578268e-02
8.640256323828417184e-02 1.274934385235163177e-02 -5.468659646780028860e-02 -8.742905757841873404e-02 1.138968771642676937e-02 -3.745257795072971102e-02 1.405176418913275938e-01 9.256089336436421067e-02 1.894110062113528795e-02 -3.982557102548275885e-02 -2.968293634690531008e-02 3.155224206094818518e-02
-1.466312124086436575e-01 7.551215931196728071e-02 -3.775577844758989943e-02 8.628964508204858830e-02 6.067887623430599786e-02 7.864345525537652648e-02 6.135368711351086440e-02 -4.045686243371231228e-02 1.294214722874948431e-01 -1.049259037901923985e-01 -1.678237012829967845e-01 4.779368987921753242e-02
-7.986649207851095889e-02 9.159611803957801168e-02 -9.111317429496371134e-02 9.847779273315682147e-02 -4.843640457365211427e-02 -2.027451352170294430e-01 1.449648965211989271e-01 -7.193137406662195033e-02 -1.367056848382017242e-01 -1.306390587573401096e-01 -3.768728736274587141e-03 -9.710461018338359396e-02
1.199623211319703064e-02 1.600927014419719491e-02 1.152825400365010411e-01 -2.897169450122306922e-02 9.622011426172849546e-02 5.775676238537724716e-02 2.082718506123442878e-02 -1.421294212554481406e-01 7.530144749603136234e-02 -8.295741104026213564e-02 -6.848588442996601799e-02 2.596469660884437314e-02
-1.730020380790675827e-01 -1.104749511449943933e-01 9.999927645239971297e-02 4.587008402864439782e-02 2.285356074048138647e-02 1.762688421694200841e-02 1.133062457033846560e-01 1.009460707896931222e-02 -6.202021317037044457e-02 -7.280532260565963920e-02 1.895555347787819880e-02 -4.074973666798616806e-02
4.449648004975481630e-02 -1.633200418250226136e-03 6.660943739753975856e-02 -1.212715710114912332e-01 -1.207247699924019618e-01 -7.274203058209635642e-02 -5.981700022755752355e-02 -4.777309584253043584e-02 -4.329338047473184348e-02 5.015315202898168456e-02 9.611908273934238744e-02 -1.083444962090055058e-01
-6.889434207505719387e-02 8.704374057204745940e-02 8.856520264672729237e-02 -1.622154508032634321e-02 -6.094358716743884102e-02 -1.123070887865553272e-02 8.344781492792835431e-02 1.540052791425902158e-02 1.214297366957712843e-01 -3.044289162669257948e-02 -1.387100703504206001e-01 -1.182226553973377177e-02
-4.884540497620901839e-02 -1.500440030604483985e-02 8.759146944647294708e-02 6.301764916342533773e-02 9.822772728413395327e-02 -5.613631601871300891e-02 -9.983542717333322714e-02 1.895293293830459594e-02 7.406455345809251356e-02 -1.590463526663904448e-01 7.131968137842883970e-02 1.645859966551967979e-01
-7.715189538070123948e-03 -4.759405071992160036e-02 9.739118942103790547e-03 -2.615617396394415844e-02 4.282694802449274474e-02 -5.756517622509510490e-02 3.910751884620199126e-02 -1.535991181531275044e-03 9.046437703648496642e-02 1.517333851333841077e-01 -1.206149830109204124e-01 7.687108302963827078e-02
-1.125308031157301880e-01 5.872965699202196271e-02 -4.360365792502440829e-02 -2.342369080268972073e-02 -7.021382384746904792e-02 8.594809583263048058e-02 6.493173284622605346e-02 8.546798170726663257e-02 -5.170616853089769760e-02 1.017124132417783211e-01 2.027403934802835331e-02 -1.836651070370226013e-01
-2.235235980118779886e-02 8.790097538850477621e-02 3.663098244541296289e-02 6.294566291739428499e-02 3.862023284981093429e-02 -3.781680939835860289e-02 -2.910797611596604995e-02 8.608472712918735503e-02 1.285103445350272433e-01 9.427221416114647812e-02 -3.014236271903538572e-02 -1.333399198285145082e-01
-1.056772217298158067e-01 -2.936946664480204194e-02 -2.972057675716576614e-02 -1.790467167853368180e-01 -3.206393543375283400e-02 6.102097295687280987e-02 2.022143682535931103e-02 6.109608791319979040e-03 9.709368378688468249e-02 9.592541430360788240e-03 9.032676476037667518e-03 8.932844963225916590e-02
-4.798605552462154727e-02 6.786134007664129837e-03 -5.089739317691614751e-02 8.686708320154304386e-02 6.846595036417618685e-02 -2.898992478397603018e-02 -1.839011576768065925e-01 4.146527098823576951e-02 6.876506835859523548e-02 4.365681225401933652e-02 8.086903514844971663e-02 -9.155567834874589472e-02
5.575294654908731495e-02 -1.481328141093217754e-01 9.664521909106699171e-02 -5.790440052298580220e-02 9.074945585743661447e-02 -3.628748434118844041e-02 -9.844504783062424380e-02 -5.032974785509831267e-02 -1.495592092606298218e-01 -1.824083774206485681e-02 -2.802447759333768218e-01 -7.856772976841500111e-02
-1.832149056866512471e-02 -2.160046914011768404e-01 -1.028861542886789493e-01 -6.203185851926826255e-02 6.446689458685803120e-02 -1.137333821054720279e-01 9.002632866296111924e-02 -2.711425925088706973e-02 4.410560472679645599e-02 1.396819336624937659e-02 1.794159924336718309e-02 2.241246352508927120e-02
7.938879565108948599e-03 4.487973303637793343e-02 -1.507949498432999969e-01 -6.178342846854385090e-02 7.133256327951226217e-02 4.674862893673496084e-02 2.469805884862414508e-02 1.624851938569565890e-01 1.303781794755664580e-01 1.547219194196590604e-02 8.729912441078457874e-02 1.486558564157579865e-01
1.131285705306008804e-01 -2.247700628006528145e-01 3.805139022087774409e-02 5.190910596201139815e-02 -1.148685661035960849e-02 -6.806431653225011869e-02 -5.645039992229665404e-02 3.707458768535031035e-02 -4.597886112826603255e-02 -5.960757072221556548e-03 5.317231570705223398e-02 -7.892424628227759364e-02
-1.301909996812554982e-01 -4.734311774970882333e-03 8.329638234195467505e-02 -9.757771196869126362e-02 -8.752285640224601038e-02 1.355599937858279792e-02 3.938698502211185337e-02 -1.818740275800550532e-01 -2.523904624116717760e-02 -4.914426897786972059e-02 7.091629623529266402e-02 -1.329755688390382162e-01
7.364705590420560222e-02 6.460045022550925387e-02 -6.051748926510531340e-02 -1.104938062573990187e-01 -1.530332389865471376e-01 9.992152453958158195e-03 -9.800216975609740699e-02 -3.539262080179668424e-02 -1.121191741788985646e-01 3.322823548413368633e-02 -1.446067210485028594e-03 -9.801520377769525061e-02
2.875785769156322114e-02 2.746220298305056262e-02 -2.691277103869304035e-02 -9.814799522947997845e-02 3.243950384596682585e-02 -6.870344111264701029e-03 -2.914423151840785098e-02 -7.517219700995095288e-02 8.670820725849960608e-02 8.958773032373197609e-02 1.327423222992345914e-02 -1.394662818514154530e-02
2.102294929048689753e-02 1.176027605592446304e-02 6.924702442044716744e-02 -1.096416823001112456e-01 -2.192518281019046472e-02 1.538827995859746722e-01 -1.407433849226429404e-02 2.941482511887330564e-02 -1.038678784651081016e-01 1.176221673442203464e-01 1.511104363961941234e-02 1.671778973014066694e-01
-4.106287155560815749e-02 8.513989951656728700e-03 8.628626077599835242e-02 1.123898791287467613e-01 -6.366249970844070627e-02 2.818522609935088241e-02 2.998915630623627884e-02 3.877906609002476634e-02 -6.680788080662924955e-02 1.908252865995227129e-02 -1.504565179600009517e-01 1.899171167900230994e-01
1.447697663462066756e-02 3.574684722820441196e-02 1.468379902625097655e-01 -1.210244526613124122e-01 -8.939440881451932164e-02 -3.330718228588155916e-02 1.918075397649897026e-02 -1.067328498838908263e-01 -1.971384103254067042e-04 -7.282899012469731814e-02 -1.322125241131613671e-02 9.192417100403475066e-03
-3.609304958541651592e-02 8.323213557745424377e-05 -2.131122135574725629e-02 7.811790004515367647e-02 1.065470522321060459e-01 3.463657859044692172e-02 4.683351473643616869e-02 -1.256545268200341958e-01 -9.447377185906233321e-02 7.348602230889548018e-03 2.153240962715240181e-02 4.033254209944913890e-03
-2.760988240816818554e-02 1.673419586141659532e-01 1.054612782453952236e-01 1.100294267557601624e-01 -6.483224635428222471e-02 5.940474850295892999e-04 7.059635714478104673e-02 -7.384467282595449933e-02 -7.965468334350098156e-02 1.950076700643843808e-01 -4.128349068222599699e-02 -7.466986430317104628e-02
4.967450651388718996e-02 1.132485219161745854e-01 -5.302460364850190150e-02 -6.420730526971760166e-02 9.330304017672839956e-03 4.737544379554238516e-02 -6.459490396389032385e-02 -1.213415236496522553e-01 1.066692612971045177e-03 -1.195729998439212377e-01 -4.459349428042197472e-02 3.203411007118650913e-03
-1.293701189480604141e-01 -9.964367221427627985e-02 2.109527725214183774e-02 1.546191020448683257e-02 -1.343661693232546354e-03 4.941438520334394402e-02 -4.276181879575118028e-02 8.301211438308161994e-02 -2.860223192882456467e-02 -6.692697491686155908e-02 1.340099411235093525e-02 2.798816806003111973e-02
3.929971650705602060e-02 3.794979988957124240e-02 4.160231747314685480e-02 -2.929332836586822156e-02 -1.738918925146178129e-02 -6.201264737180398057e-02 1.445479964499623848e-01 1.223596754115796742e-01 2.763510415418135927e-03 6.548128632421620562e-03 2.080364005240185193e-02 6.593196862089609200e-02
-2.286818436887675700e-03 -2.315779031253470746e-02 -6.159986073277791407e-02 1.999508078472983855e-02 -1.571923721680899833e-02 1.319858042921108754e-01 -9.187377325916802617e-02 1.723506566268341866e-01 6.567145662858933641e-02 -3.967049717728522024e-02 2.869820822832526430e-02 3.359023233281061178e-03
-1.359101247130966618e-02 6.544355621738276452e-02 6.746986374496855010e-02 -1.901827242167070456e-02 -5.886671501712844451e-03 7.628929848625499999e-02 -6.097743892347590178e-02 4.052721556063647312e-02 -1.116016887987823086e-01 8.194735375656050924e-02 1.725888173555090443e-01 -1.650221397401248624e-01
-6.408628199200562536e-02 8.963834882799486675e-03 8.929649430487493489e-02 7.678264993199051397e-03 5.291607109419966398e-02 2.393390031941855511e-02 6.299475807620052992e-02 6.229631012298084136e-02 4.996204299402768473e-02 5.157047245678728770e-03 -9.178986953611581456e-02 1.298463022346363627e-01
-3.231483465293917556e-02 1.355244713055689110e-01 -1.892510538211315818e-02 -1.654617909894164351e-01 -1.495635637754128555e-01 6.941909970169575506e-02 1.635395043279375404e-01 5.957880245347961512e-02 -1.088880714514333173e-02 -2.675816899860907275e-02 -5.791597905081460884e-02 5.311881263861766012e-02
6.043071557661262860e-02 -1.502875501711188888e-01 3.561432121499737147e-02 4.871499022560113121e-03 2.047203923677486798e-02 -1.097562385576935085e-01 4.480045243152239870e-02 3.392898594136589674e-02 1.071251552508826511e-02 8.739146349329830407e-03 -9.911740710334829632e-03 8.537735592163768830e-03
2.876345339956698846e-03 6.457148821252392534e-02 -5.123611313404570489e-02 -5.167953464600114066e-02 1.503517204272300511e-01 1.579961340788194890e-01 3.447305053714175282e-02 -3.134950822525624931e-02 1.286343873496390566e-01 1.235206889451963552e-01 -2.776831606648015940e-02 2.347674407793704648e-02
-7.083267241163004359e-03 4.636862627433967210e-02 -5.345469782359950350e-02 -2.793311371757456994e-03 -9.088619712663977002e-02 -1.481145370907384351e-02 -5.384112326074322330e-02 4.656997920178514161e-02 1.038672954743129553e-02 -2.177103877815694810e-02 -1.314160270356687643e-01 5.269654153344783404e-02
-1.292979093043971142e-02 5.384449127853060957e-03 1.009542908623457108e-02 8.905631483108202018e-02 4.996630994920684202e-03 -8.811989757818394775e-02 8.908580708514299284e-02 2.069855378906611532e-01 -2.423902189045048020e-02 1.354931752577439308e-01 -9.203946719220951200e-02 2.706677691657027873e-01
-6.799955043971074586e-02 -5.258915385246422380e-02 -2.944812255555536579e-02 1.677487976761394065e-02 4.957572173111113312e-02 -2.367956654127667537e-02 3.578689359240553886e-03 -4.648238333370047909e-02 1.059724413827692890e-01 -1.789754549324245117e-02 6.622789878970668231e-02 1.773651755874345870e-01
