6.220706624689163744e-02 -1.878113699545693252e-02 -1.034276614074431805e-01 -2.745333480975815227e-02 -1.270998139064886956e-01 -1.505934165074061526e-01 7.923035687876982952e-03 5.219036743370421283e-02 9.939975862539043860e-02 -9.983467257024916663e-02 -5.630796877524916859e-03 -3.297434475899736067e-02
3.913643712552435094e-02 -8.314182469589460889e-02 1.375696902983716136e-02 -1.314150242325222082e-02 -1.346214507462407672e-01 -1.310435737976190125e-02 1.481206054380917181e-01 -1.790067472560289905e-02 4.918406801359957031e-02 -1.846207069202388529e-01 -1.664324555814881285e-02 3.643971910576545431e-02
9.516430472811152064e-02 -7.180111348131178184e-02 -1.288247675499396561e-01 1.314593992053041116e-01 -2.259964345895175766e-02 1.120688446046283204e-01 1.053356996421980357e-01 9.021406159712243300e-02 -9.276417159170139218e-03 -6.023665180124052054e-02 -9.602491809844339310e-02 2.285120473170824257e-02
6.048213911817733324e-02 2.685460925841799337e-02 -9.825653239001928829e-02 -2.121508817307418693e-02 -9.712101641479908842e-02 -5.141963049495689581e-02 -1.728660971284198822e-02 -3.962461882283411715e-03 1.276096562117784161e-01 -5.536273866138935462e-02 -2.830086274845741018e-02 -1.042833107445770152e-01
1.252232260372884987e-01 -3.982087465210649123e-03 4.750268926014240833e-02 -6.913735687103406136e-02 -4.186886671417044264e-02 3.589719837076898318e-02 7.206872316418062863e-02 -7.766508624784083936e-02 6.122639432015578725e-02 -1.208870243893452878e-01 6.570556555858205784e-03 -7.526551651879913318e-02
-7.202867674865076619e-02 8.138884485703813676e-02 1.615024300615892638e-01 2.122896300178354900e-01 -6.431889538058044309e-02 -7.212154878399149038e-02 4.990698483045877265e-02 -6.252488971102286575e-02 -3.989327643475645141e-02 1.660576660770627213e-03 3.336688111400068404e-03 1.613280291277579409e-02
5.986317756190246385e-03 8.472254055302287645e-02 -1.685225509543422096e-01 1.355359235939704587e-01 -4.835248133025946832e-02 4.135918048228603115e-03 -5.680680691640367652e-02 -1.205756855320814086e-01 2.684990416636336141e-02 6.008513774882148079e-03 3.454202452427331677e-02 -3.660835358554453273e-02
1.115757587250374161e-01 6.418307084144424246e-02 -7.051340380659097684e-02 -1.790497819155433545e-01 -1.815762703589598737e-01 1.816179260471116955e-02 1.879535935115066322e-04 3.723179571935979204e-02 -2.255635345005034542e-02 -1.810258142291397698e-01 8.125059456088599974e-02 1.099013870507455498e-01
-5.377822507497995175e-02 1.346514707070824435e-01 -1.396523675038253802e-03 7.213592254071196641e-02 -4.974587439230705038e-02 -1.151098372735364916e-01 -3.287055667196600584e-02 -4.685331062127548463e-02 1.186324689233284567e-02 -5.504567775558138684e-03 -8.721834377816950826e-03 -3.293358324326849801e-02
-7.913432121911079253e-02 -2.499482315510525784e-02 -9.967747951885853885e-02 -1.646134354633320418e-02 -6.755755762632893735e-02 -2.501888995918264899e-02 -2.529655074312926050e-02 -8.952037156223076331e-02 5.393309773924002265e-02 -5.530323623038208014e-02 -1.045073520232953496e-01 2.287173917829395109e-01
-7.052441493260519501e-02 -1.113570715560307720e-02 -1.360224349008067879e-01 1.134705461341457833e-02 -1.053154580258801043e-01 -7.541851552960324168e-02 2.005343110129687856e-01 -5.507910729949790085e-02 -7.776304239302364585e-02 -8.784554399087390886e-02 3.564275126139365008e-02 3.137999239929025602e-02
7.337587993257813079e-02 7.665014064800980409e-02 -2.659766231320470978e-02 3.812358622541960756e-02 -9.374429931030922591e-02 -1.717870346780044424e-02 -7.078441304109693577e-03 1.114354534056562623e-01 8.604732416023794239e-02 4.235326390218761838e-02 -6.910777625303443639e-02 -5.696484713098608731e-03
2.082020428206167728e-01 -9.134989635832650723e-02 -7.940254460388281033e-02 5.972937620004146325e-02 -1.182557861596169324e-01 -1.674392234785485600e-01 4.181997232148670918e-02 -1.165687261678176601e-01 1.363997487580619929e-02 -1.075481396452388771e-01 -4.997474017898995841e-02 -4.774069469868374299e-02
-3.035090317578619315e-02 -2.003959043528790174e-01 1.627741567762062136e-01 -6.654354153368682856e-02 -1.588113111564947999e-01 -2.522991340890473957e-02 -6.063364500224381615e-02 5.004682900255321559e-03 -6.469740834829643128e-02 -1.043116950931668174e-01 8.933784898075967928e-02 2.998427115841001411e-02
1.009583301250535463e-02 -1.156077724399726253e-01 -1.770967716646831835e-01 1.916374286765171187e-02 -1.828653603167176497e-02 -8.289014246804776720e-02 -2.424796867122822053e-02 1.410265444410028213e-01 3.704521772831122911e-02 -1.430091583290201696e-01 -4.082903664055947263e-02 -8.140429516670942556e-02
-6.824633167896870800e-02 -1.421171124992199886e-01 -1.645727982186329444e-02 1.010251260548369889e-01 3.210607193965330647e-02 -7.973856437059814728e-02 1.841302384697319355e-02 -3.144454761793502931e-03 2.057005551593561049e-02 -1.091924328269764100e-01 1.315259256126998823e-02 -1.022575972877804926e-02
-7.525845832052280998e-03 -7.435235562941798493e-02 -6.565475171358760298e-02 -4.903252816291562427e-02 -4.536001735345438629e-02 8.089659042126953747e-02 -9.179957992786334786e-03 -1.726122639504752351e-02 4.598286884263454166e-03 -2.121676996350344568e-01 9.181764069845087251e-02 8.613742879891025245e-03
2.096177139327479733e-01 -6.224005166103779157e-02 -1.078702538686660134e-01 2.665393017277233739e-02 -1.673485376988584072e-01 -9.609881967525593649e-02 -2.904097733857441410e-02 3.818479889863657384e-02 1.713585659644465686e-01 -2.165102956485086549e-01 -4.537983569520129962e-02 -1.843503499399683221e-01
3.623131984394754868e-02 5.863710280866956531e-02 -1.530996478101179573e-02 8.346086195654719986e-02 5.434846990951586881e-02 -2.132609731957959553e-01 -3.370443391612594486e-02 1.889862425901203333e-02 -3.760161604077619929e-02 -6.534216987757353323e-02 -9.599946090140300259e-02 -3.878098966230622384e-03
-1.083723951862204382e-01 1.902597657656271771e-02 -1.487965098809529083e-02 4.785751857555702732e-02 5.235637205071235617e-02 -5.252704891155765034e-03 -7.703199329992514721e-02 -8.835526282703226944e-03 6.363034402959730218e-02 -2.523205813776354112e-01 -5.073535311582178658e-02 3.657901035720792504e-03
-1.400524957595743469e-01 8.731072793839707302e-02 9.690049402066062967e-02 2.246986509324206543e-02 2.980289868472281792e-02 -8.149419026391202525e-02 -7.509486675313893633e-02 7.221093854837314086e-02 -2.668597451650947527e-02 -1.879061223752796495e-01 -1.763799475597483573e-04 -2.104295679973193500e-01
-1.349804153658553003e-02 2.952305683383008375e-02 6.335483515017858482e-04 1.659067459609198381e-01 -1.258899088431903734e-01 -9.746831072434727905e-02 -5.460665803576952859e-02 -1.244542046110759942e-01 1.998753273149395798e-02 -7.836078897337014904e-02 -1.064651296981949415e-02 8.406555755016377474e-02
-1.851435147678205315e-02 -1.186308392754513302e-01 5.456622425592966286e-02 -1.836833591918320824e-02 -5.056454400868504867e-02 3.596045829970413027e-02 -1.919809096157232275e-02 2.500217790494749584e-02 -3.427205041329273866e-02 6.642227721098992177e-02 8.989985496924467190e-02 3.233925329139717558e-02
4.596029017249655957e-02 1.745238211497375166e-02 -1.152738789485702603e-01 1.654466921794558315e-02 1.904591633773211334e-01 -2.296786292210639333e-02 -2.479334006252136013e-01 4.816767027874309381e-02 -1.028460335512019867e-02 -1.502892742566017681e-01 -8.499936441090809314e-02 4.687207351833227315e-02
-1.513676908773178287e-01 6.509923687915473989e-02 6.199139716529943230e-03 7.670844943972382479e-02 -8.537491916970427197e-02 6.621406927358643169e-02 5.930279674992199046e-02 1.776169451591052759e-02 3.128264979478981994e-02 -4.998938541234601574e-02 -1.339063795063304661e-02 -2.554983847951152603e-02
2.439402686319052174e-02 -1.679985846343156827e-02 9.101746391494656974e-02 -3.742192948537014646e-02 -1.352051801576802381e-01 1.813538711632820336e-02 9.501028894976785988e-02 -2.631273527429011869e-02 6.185581453280470515e-02 -1.418594553225884236e-01 4.601360950688838068e-03 -1.001077340213807759e-01
-4.314705007562191774e-02 -1.816033647888915525e-01 -1.057360963105010571e-02 -6.517720259404510830e-02 1.135475783255230145e-02 -4.147779940784331737e-02 2.996751635637234096e-02 1.545377528518638958e-02 9.343088708991889590e-02 -5.576392963323648089e-02 7.698007278612058191e-02 2.141834420996121396e-02
3.358898289009161486e-02 -3.557413396324005800e-02 7.894027057734802344e-02 -1.174173824087709761e-01 3.657820241397664179e-02 9.657285614708338572e-02 -1.267320067334717082e-01 1.168351642085560110e-01 -2.195357539683732290e-02 -9.398533602049879282e-03 -1.685026697455234146e-01 -9.252595591995889379e-02
4.668915313171771719e-02 -5.615794906989212548e-02 -1.185616986431474867e-01 -9.308563372619779730e-02 -7.352620906055497285e-02 -1.342820884562435646e-01 -7.975528823070325568e-02 2.468476652211388025e-02 9.765966905570233614e-02 2.670365802442386909e-03 1.127250230202837961e-01 -5.276044735363972366e-02
1.002676539724852156e-01 7.639567534697162300e-03 -5.188742873398231870e-02 7.737993847853477658e-02 1.535031445800516016e-02 1.737216632424914420e-01 7.268525561926407474e-02 -1.171256897468569425e-01 5.723988313484772855e-02 -2.014298845351416567e-01 -2.465306325428851669e-02 -1.610250862834673724e-01
-2.880038251585240530e-02 -1.706365079845261271e-02 2.206143708707085024e-02 4.955068414486824696e-02 -1.318711092298521237e-01 8.784859368727279683e-02 -3.506927778164273257e-02 -6.015725851086169834e-03 -6.613390065668484086e-02 -6.136624898173395626e-02 -9.261727382057040325e-02 -3.290347110604393416e-02
-2.925762516503210495e-02 6.245201240319969704e-02 -7.614454964529639158e-02 8.135814929109816407e-02 9.250215835288558286e-02 -4.800803061491614593e-02 8.356253023996092211e-02 -5.532103977897344371e-02 4.778964574843364704e-02 -2.008564018609846902e-01 -1.279779460331956784e-03 -4.707349974637240614e-02
1.821873581247759888e-01 5.194930464660352937e-02 3.337157113404817799e-02 2.482356851841868717e-02 -1.502725054548024672e-02 -2.160165613509964708e-02 1.065573705430352264e-01 -1.196757213336680781e-01 -6.066116479834968850e-02 -9.397546190659705756e-02 -3.810368288976358903e-02 2.090191061207154893e-02
4.179653611416489500e-02 -5.478943000700160076e-02 -4.941553893276882936e-02 -1.274871001983902408e-01 1.554732672398678045e-02 -5.866239570841196883e-03 -6.161162900993180647e-02 -6.012558411313928541e-02 -7.612250839255098669e-03 -2.302268563803450685e-01 -1.570111430180485407e-02 -6.084911159504808459e-02
4.530359510477920126e-02 -7.975994715850325337e-03 -2.501681442872068575e-02 -5.802563669639698024e-02 -3.577381711046082741e-02 -4.944216409562792597e-02 3.368723725542464853e-02 -4.767827622796327880e-02 -2.576502871242213749e-02 -1.586787096477738079e-01 -1.195170034449786478e-01 5.304066069376674880e-02
1.748582903512318487e-01 3.656404149337044024e-02 6.490229362960926729e-02 1.818372295241393183e-02 2.596514170971275445e-02 -1.847329894995009339e-02 1.923617952296081957e-02 5.641362150178817758e-02 -3.297353601503224402e-02 -2.351882341504237250e-01 1.268479789019589556e-02 -2.138247112353997698e-02
-7.604457759257431462e-04 5.353324062060752647e-02 9.681187351092067350e-02 1.085435455073178734e-01 -5.389341053602995230e-02 -3.044639860455563077e-02 -5.698590118600804777e-02 3.964828945401334404e-02 -1.578814451251965012e-01 -1.593115599123887116e-01 3.637157595184560555e-02 1.064736562923595115e-01
2.955760005599642956e-02 1.416092145239972733e-01 -4.431044876628621558e-03 -9.145138751354166956e-03 6.571057164256502436e-02 1.069517634256755834e-01 8.972617419475968636e-02 -5.641713832274261597e-02 1.447823819640469967e-01 -1.159195472574007513e-01 4.982906114138736103e-02 4.950047629384745490e-02
5.511536357932773911e-02 5.520923677977914584e-02 -3.422467088524826229e-02 8.408219234602820613e-02 -9.520011706206535362e-02 -2.759701332683984210e-01 3.486833878514873641e-02 1.553718917489659845e-01 -4.065240979557710466e-03 -1.030628921765976702e-01 -2.994296642300971201e-02 7.676508971688553694e-03
1.196903232734901346e-01 9.294332578787893595e-02 -9.946721919596927808e-02 8.516743686565821786e-03 -6.756266334558284903e-02 7.276689620638448867e-03 1.217149458868239248e-01 3.021362761393730015e-02 -2.213252731360542541e-02 -1.785714219104406197e-01 -8.141876620076924850e-03 1.121892771666676142e-01
1.940310765871606363e-03 -8.688508573850024785e-02 -1.297989853718071185e-01 5.959670860287526878e-02 -4.112381537128183967e-02 1.708603076221849523e-02 1.298713845542132095e-02 4.548550292420938668e-02 1.503868134834391024e-01 3.397368234596626069e-02 1.655709063496980243e-02 -4.355954896538302007e-02
3.728693462722891538e-02 -2.689576212731433977e-02 4.379661306681399691e-02 8.996749925166424439e-03 -1.351814088906058975e-01 -1.284900136463438258e-01 7.487451197092036270e-02 -7.691138863909156853e-02 -9.966065850982977481e-02 -7.564501082358340844e-02 -3.506011986490312898e-02 2.683766769219890491e-02
-7.084230357454893157e-02 -1.394036858576249704e-01 9.141475409762793436e-02 4.520833110194624055e-02 7.199070768304344226e-02 -1.988098308717204180e-02 -6.383125811284478743e-03 1.276398351747132787e-01 3.386080020247424910e-03 -1.366330648935197220e-02 -4.887314507222576682e-02 -9.376050443602980400e-02
-9.136297815996610380e-03 1.845201531416850935e-02 2.997241742226118902e-02 -5.561132447800747752e-02 2.355743098983764314e-02 2.058365300001473511e-02 1.082540158511750492e-02 -5.221900216036896858e-02 8.285107189447070419e-02 -1.579776312949413009e-01 5.842543575985333776e-02 -7.852331725764925829e-02
2.369232540305226120e-01 1.079412826131291164e-01 -3.568825283937783477e-02 1.410045885125500026e-02 -9.536956004290439437e-02 1.166162268360280696e-01 -2.122874012897912888e-02 -4.988267744058107189e-02 1.311635400354171643e-01 -1.088396042703765609e-01 -9.599764451272994881e-02 -1.995570367935140810e-01
1.159081842249210237e-01 4.370066466965865509e-02 1.800560439173639823e-02 7.085002628774114686e-02 -2.389863391385682323e-01 -6.756109638050394883e-02 -5.585922620020737639e-02 -6.122527065169157401e-02 5.679558160091442015e-02 -1.120398953035515455e-01 8.402875691931367685e-02 2.268943183579182760e-02
4.720170871700393733e-02 9.541073721259300811e-02 1.406739370361861918e-01 -7.835992683849410390e-02 -1.250665288748165072e-01 -3.793910520834447436e-02 -3.358173465867808627e-02 -1.691378531042052047e-01 1.372802486185531190e-01 -5.493473789539927987e-02 -2.968227242658157128e-02 -4.873628198908639547e-02
9.874288135871428507e-02 1.394205765186175561e-01 2.620714274209593950e-02 -1.907299828401197994e-01 -2.486500765247081843e-02 7.585375284372830595e-02 1.596981619177879341e-01 8.870878378772591166e-02 6.545656570185880152e-02 -2.378897756706604277e-02 1.483491495391543458e-01 2.197717277203129621e-02
3.131897518765648647e-02 -6.747434132642475546e-02 4.166702559795933125e-02 -1.016574080383223500e-01 -1.901969506501159993e-02 1.518655102795730683e-01 1.197612563329101751e-02 9.026834486000946678e-02 1.046932581809004725e-01 -9.564674947524343107e-02 7.801743368141828526e-03 -2.753559971656171362e-02
5.401541908868284780e-02 3.199188062117983011e-01 1.072017758779050117e-02 -7.763983745939809179e-04 3.658258476694108835e-02 -4.810828133208572971e-02 -5.275921077298385831e-02 -1.205364520344302526e-01 -5.524651859393978764e-02 3.886582400092311596e-02 -1.338052535957989786e-01 -1.153776615442293624e-01
2.304897331669311308e-02 -1.459330005042078909e-02 4.233743238652934449e-02 1.312841568292041072e-01 4.301485803477490995e-03 -1.016224261155167785e-01 1.231081546580780894e-01 5.516354183153453217e-02 6.483552375440965188e-02 -5.656522933688233612e-02 1.729527235650562544e-01 -3.788235289938902267e-02
-3.900930042982006518e-02 -5.986489245429952449e-02 -1.262927550000289556e-02 -6.941826158311212303e-02 7.237110890880299463e-02 2.801559629760277600e-02 3.038303597345282797e-02 1.628505225842204474e-01 3.972643844659385498e-02 -2.139354639781728129e-01 1.129039274780072460e-01 8.886806354827180010e-02
1.279480747630765657e-02 -5.225249221192252574e-02 1.973358349481143734e-02 -4.184744556478508376e-02 -3.159431464360638181e-02 -7.021536899677641164e-02 6.224072994879490534e-02 -8.210913961701869768e-02 1.997168078558893278e-01 6.438005238052871282e-02 -5.235456030386904241e-02 1.930224612192691508e-02
-9.384543040326920327e-02 -1.464042409295209651e-02 1.655685449251195207e-01 -1.000374465785310307e-01 -8.396411123732462622e-02 -5.472389683396103842e-03 1.913071995415464299e-01 -2.813833576683144946e-02 -9.156696489964836691e-03 1.136278670866725793e-01 4.849792271023236484e-02 2.642117871317305883e-03
6.251081506954472844e-02 7.566172850105250258e-02 -9.656605833239727266e-02 1.824417361821098205e-01 1.583974243455651271e-02 -6.875345836635496366e-02 -1.153435858107714346e-01 -1.274321805621205783e-01 9.271582425512564507e-02 4.653137774079964262e-02 1.251343083014060387e-01 2.343567610088632264e-02
-3.254503419801454966e-02 1.021013061340261957e-01 -2.760025082787492465e-02 -1.058603687762367865e-02 -1.804314593776346412e-02 1.057154306089432561e-01 8.338769817312756405e-02 2.784382612170395108e-02 -7.460240101201545682e-02 -9.604590421659756072e-02 -8.344610783624957506e-02 6.388961667354196849e-02
2.440476006756060398e-02 1.842023926442031348e-02 1.201702319298450644e-01 1.727987140234276070e-03 -3.081952370685983947e-02 1.736544588716578894e-02 1.615646814834328648e-01 9.949825657200426707e-03 -2.437560508468299136e-02 -5.873644259687448022e-02 -4.979291104270668761e-02 -9.153133458107988452e-02
1.140892190044898724e-01 1.872223139223646790e-02 -6.961527376217237217e-02 -7.818063720894283253e-02 -2.600397242971301884e-02 -5.375683103639355281e-02 1.733461303319477620e-01 8.834234019660595905e-02 6.106650416605054893e-02 -1.412888240097200931e-01 -3.947193756878349807e-02 9.152361504756241495e-03
-1.270211608298543182e-01 8.451365782511292835e-02 -5.618842344321052507e-02 8.787677483613415275e-02 2.465751255170571185e-02 7.344412815019810137e-02 8.836804529759979820e-02 -4.921017345630739059e-02 1.746260645165839398e-01 -2.063671087653285996e-01 -1.688147046224707792e-01 1.818668191080406032e-02
-5.692377134573585462e-02 1.005237249106503278e-01 -1.068695661753365361e-01 1.031185211819617420e-01 -8.559185728136764482e-02 -2.145359166945171037e-01 1.766239795655349665e-01 -7.925032885895409718e-02 -9.312370335651720676e-02 -2.321790218823344687e-01 -1.076879052676553254e-02 -1.246589483816712557e-01
3.171192501885287951e-02 2.686845907427272764e-02 9.955221625029760102e-02 -2.556309138260445118e-02 5.970289126536115071e-02 4.708592929480636541e-02 5.031260202422190020e-02 -1.513934363879688161e-01 1.196496963726793594e-01 -1.846876436746280326e-01 -7.278594626302835324e-02 -6.185248533889125579e-03
-1.488344185722416113e-01 -1.014037646679076948e-01 8.462601490738637378e-02 5.188488825082775840e-02 -1.470555573969552915e-02 3.043759237759520453e-03 1.461993458780031230e-01 2.789128866014790355e-03 -1.800057202090359076e-02 -1.748397701666195014e-01 1.177039009537675894e-02 -6.915749072177244938e-02
1.471303339232833685e-01 -8.400947902414403201e-02 1.347348773307817729e-02 -1.357268769306894940e-01 -1.895382290282164039e-01 -1.867681934018747825e-01 6.623762235010634269e-03 -2.295244074762414210e-01 3.406681455495400718e-02 -6.515948359722810446e-02 9.131571998803782175e-02 -1.875355684795720623e-01
-4.056100809866215740e-02 9.362829379755223391e-02 7.613345035366254898e-02 -6.393142750552179530e-03 -9.849271074905061041e-02 -2.849859685111883964e-02 1.181688151180460694e-01 1.166467569472102138e-02 1.641658350382213249e-01 -1.324813378284886989e-01 -1.497558393816180167e-01 -3.312602533530314280e-02
-2.051207099981207024e-02 -8.419847080544674497e-03 7.515971715340828696e-02 7.284605149320191875e-02 6.067860370252239205e-02 -7.340420399117505990e-02 -6.511442698321552591e-02 1.521708071876637890e-02 1.168006518005515471e-01 -2.610847988681552767e-01 6.027391234723181862e-02 1.432822368596372853e-01
4.102129868933485080e-02 -3.393553500976500409e-02 -6.472109167601820638e-03 6.838705867991232319e-03 -1.205474525097093366e-02 -1.100183968543329838e-01 9.013112630545118409e-02 -1.891309442777284675e-02 1.444144727256310989e-01 4.944353457609820812e-02 -1.445665548341497630e-01 3.487556339294112934e-02
-7.902984413908872852e-02 8.023433419550128620e-02 -4.887733447423224520e-02 -1.879088624106713817e-02 -1.109068989771202218e-01 5.837095656857058806e-02 1.035765772974884952e-01 7.260336204811192184e-02 -4.963533802081926058e-03 -3.323466485604922773e-04 -8.402088659462845707e-03 -2.029976091159760576e-01
1.643356204736725820e-02 1.071008790597037380e-01 4.045587998721923706e-02 7.580620170344296027e-02 -1.539535191929178141e-03 -8.023873681709339789e-02 1.111868168584044178e-02 7.406378296140460338e-02 1.741690460433850951e-01 -7.766695667803476255e-03 -5.950203557437391128e-02 -1.568919021000964309e-01
-8.097547641197133661e-02 -6.658059710773074104e-03 -3.563211312257782981e-02 -1.700804414630788519e-01 -6.979235291945429243e-02 4.093671157313246572e-02 4.607787117591127801e-02 -6.476511781997677450e-03 1.456368977247007590e-01 -9.244871232863927091e-02 -9.175977084056359187e-03 6.137092249953080697e-02
-4.756082976954153878e-03 3.729602721575425977e-03 -7.955182466394301877e-02 1.206725184240290960e-01 2.588418024526685166e-02 -7.550186985877085921e-02 -1.473505363230532550e-01 3.405063188637875993e-02 1.157018029129122660e-01 -5.840566943782367348e-02 6.953215243770984044e-02 -1.168922692238551359e-01
8.510210101118489967e-02 -1.273323267202123577e-01 9.140410567258396013e-02 -4.480148221894739852e-02 4.879662756508871407e-02 -6.883985065957984317e-02 -5.506765652279754786e-02 -5.866510824590097373e-02 -1.027166598941348929e-01 -1.202822532159653346e-01 -2.989077705355763226e-01 -1.048879060451387707e-01
2.881710467869642509e-02 -2.177637732702306095e-01 -1.583080848613143132e-01 -2.614740905814875310e-02 1.782526960207668834e-02 -1.580886112640206842e-01 1.317685225884725198e-01 -1.310883269431223873e-02 1.001050342628846124e-01 -8.811371683210300620e-02 1.750794799598088397e-02 -3.759382828818161153e-03
1.013167830624485954e-01 9.937860805654750995e-02 -2.117351438557369958e-01 -7.276723052506642309e-02 9.818469330228511011e-03 3.342885135323720586e-02 5.381657072574939915e-02 1.542865026272101647e-01 1.570946303916353759e-01 -9.438043746103536025e-02 7.493019583821154683e-02 1.398519274878769203e-01
1.512643493530871908e-01 -2.088982483961915881e-01 -9.579478297537611514e-03 6.311293325487954409e-02 -4.528092596273693843e-02 -8.479791925620064341e-02 -1.981510049777763377e-02 5.933820081963124549e-02 -3.622876399172652098e-03 -1.080066097743628273e-01 3.445829995471684504e-02 -8.044710810825685121e-02
-8.683916698323945749e-02 -1.885537740299405782e-02 5.033633505894272164e-02 -9.334958890594138858e-02 -1.043782273609910327e-01 6.477993696713256998e-03 6.503891775680052667e-02 -1.726076036075242515e-01 1.336189971229724723e-02 -1.511654683196665405e-01 6.184930792126123317e-02 -1.419625753594825068e-01
1.072796022333093735e-01 6.344803119069304664e-02 -6.665267358780400941e-02 -1.281656021620168062e-01 -1.941794538125599379e-01 -2.253653579421630374e-02 -5.328414257853984759e-02 -4.844423645726302075e-02 -6.738795955452150932e-02 -6.757911841166809597e-02 -5.515413749855736097e-02 -9.449767412443003944e-02
7.090584508497840832e-02 2.941641485180099616e-02 -4.254621269364645963e-02 -9.497060311853997017e-02 -6.094701481895525332e-03 -2.926203664515588179e-02 5.357783733091217582e-03 -7.958773548115923024e-02 1.244302920305090238e-01 -1.255807392516206100e-02 -2.784699516648791746e-03 -2.323680745532744757e-02
9.591842540021974783e-02 -2.168683322478407241e-02 1.547054653429885684e-02 -8.253460589871206010e-02 -7.230045524171996307e-02 1.533230119487259402e-01 1.399593023729007665e-02 2.092705394608319544e-02 -1.625964049874774678e-02 -3.570652828388631850e-02 1.377130768667640150e-02 1.474215193508106869e-01
3.121928933790863239e-02 -3.475672983402187249e-02 5.175982441996709871e-02 1.528995978180414383e-01 -1.253196974023134402e-01 -6.625430961738953094e-03 6.752792615110399244e-02 1.611133150249194693e-02 -3.483652712433547155e-02 -1.111267008245288290e-01 -1.365401945773093706e-01 1.514492074055421023e-01
2.969231783889688878e-02 4.369703096109991275e-02 1.490471563320896475e-01 -1.369971570299943486e-01 -1.524005870272081009e-01 -7.706437581021727268e-02 7.687593783479536313e-02 -1.245720295200987981e-01 4.735227630536501670e-02 -1.183347091693742192e-01 -2.289705986746131544e-02 -1.203774771974276334e-02
-8.615106754835356526e-04 3.965799435668643930e-02 1.380401315712519172e-02 9.199748956088998897e-02 1.415674668057752446e-02 -2.020440606311655826e-02 1.449304287439530936e-01 -1.425673363264166604e-01 -5.902532996957535888e-02 -9.637230344624353462e-02 -1.310218140461910825e-02 1.986726345133487531e-02
2.563621589457555291e-02 1.571233511848730835e-01 7.644141385646631426e-02 1.573823468156472505e-01 -1.159563505174083242e-01 -1.539558002188616721e-02 1.103677922774617542e-01 -7.020713046274361380e-02 -3.130643567802127852e-02 4.890120004053225000e-02 -4.218420887741160946e-02 -8.440533942059801065e-02
1.057011011758335617e-01 9.845671174644311796e-02 -7.133862679780821059e-02 -5.020703679260516555e-02 -3.852887731554157508e-02 1.632048187054188984e-02 -9.770268205885376811e-03 -1.067813869093227203e-01 6.781772875240850429e-02 -2.278240802019433353e-01 -6.430964982441592093e-02 1.953905375094718011e-03
6.115642464449672078e-02 -5.739943839771775025e-01 -6.175044673602623213e-01 5.634570794816657902e-01 -2.859639477177950209e-02 1.552116145775458977e-01 -1.654992158458812035e-01 5.637594451984987431e-01 9.638141657159213227e-02 -2.980950756532412815e-01 3.887060919158288885e-01 -1.058884741528351783e-02
-7.094102903287383133e-02 2.091941962444465730e-01 2.550298163375886995e-01 -2.255119854449751660e-01 1.930336516276763906e-02 1.670506595924952861e-02 1.610930299664366239e-01 1.805739648772025988e-02 -6.020791133619875918e-02 -1.739300488910964018e-02 1.417495212260945535e-03 4.872717608440753877e-03
-1.219004400116568410e-01 1.547302488765856521e-01 1.399937266600776442e-01 -1.542158988817688703e-01 3.154575677378253229e-02 1.631609809844120074e-01 -1.084762111505693100e-01 5.553614600288291070e-02 1.014383145940571662e-01 -1.211847567700893302e-01 -8.160757822884903701e-02 8.111344822411391958e-03
-9.176176304595029531e-02 2.047373132454331501e-01 1.970853997963615822e-01 -4.601754049821617926e-02 -4.066363046842406265e-02 1.072239672881222794e-01 -3.488059511250457545e-02 2.203733864129525308e-02 -1.263163206762140944e-01 -1.808601909670233543e-02 1.465178206235626113e-01 -2.233646938359455103e-01
-2.055019155028124378e-01 4.161676691116001497e-02 2.314661331156969704e-01 -1.794733983504614161e-01 9.529976832495114236e-02 7.190887071876725378e-02 7.082073313600965869e-02 -2.960787846709762514e-02 3.693176140769264398e-02 -3.078589593496360022e-02 -1.352675936030648396e-01 9.036217341451434348e-02
-3.981500676544545876e-03 1.421090245310608347e-01 -3.135685767518318900e-02 -1.556333886596471816e-01 -1.871126873570213289e-01 5.215121172923208731e-02 1.982605045180655112e-01 5.584295023394011959e-02 3.184729119731408847e-02 -1.287966152004011433e-01 -6.896174808201122053e-02 3.181505284304921716e-02
1.711781449503348429e-01 -2.592381380600564111e-01 -7.471255419498377959e-02 2.915195689919721639e-02 9.814879450371512964e-03 -6.892199699294135340e-02 4.705370112621222456e-02 5.977004692166017208e-02 1.318180700356989254e-01 -1.754312084736476818e-01 7.197852843106113119e-02 -7.031307582732125583e-02
6.711709173497265590e-02 -2.689879924019627708e-02 -1.337903676225552507e-01 -1.067200887110796373e-02 1.317738201023117839e-01 1.633052896083393435e-01 6.406605759245231901e-02 -6.516446806158957689e-03 2.157726878722924513e-01 -5.120179424534417045e-02 1.511894661829672575e-02 -5.400841882648914870e-03
2.125006673523206421e-02 5.295317949983722322e-02 -6.588645011666587059e-02 7.035090958016709285e-03 -1.284353207082541970e-01 -3.207934168153742799e-02 -1.912012307062526534e-02 4.283412698224560444e-02 5.312282788988832022e-02 -1.238094849799372121e-01 -1.424617960668648764e-01 3.139278173787935639e-02
1.313941904180965514e-01 1.248031549447184557e-01 4.107381130630508026e-02 2.347910346367030054e-01 -7.140391179873430139e-02 -2.003256389730081466e-01 2.863803387912062237e-01 2.122131899565140034e-01 6.030239222678095840e-02 -4.086510359609950294e-02 -2.359323838394689621e-01 3.583994720523769884e-01
-9.948103263569915700e-02 -5.990532410302234351e-02 -1.563506445214473198e-02 5.854432734531439704e-03 9.129697015511881175e-02 -4.493024349650153425e-03 -3.500019974088997010e-02 -4.233143642310227550e-02 5.848788766892763780e-02 9.547850584207233371e-02 7.850097549104004258e-02 2.010360198047323188e-01
