7.602328537567136502e-02 -1.713511131937071330e-01 2.415317249484788265e-01 2.565522619694137196e-01
-1.640394428300771534e-01 2.662497914724751280e-02 7.568330827475588940e-02 5.082560793630792606e-01
-2.716300623266120762e-01 -7.914594309280946760e-01 -4.547314921442742741e-01 -1.143303381244706405e-04
-1.557885504603742921e-01 1.650578959929778211e-01 7.510466147596313313e-02 -3.285628434846276508e-02
3.941690309386358670e-01 2.899228996915791459e-02 9.447581420655248863e-02 1.965260274391371076e-01
-2.325934889336655209e-01 -3.080987378160474771e-02 -3.629410888460325446e-01 -2.880142140037608017e-02
-9.549490158435558484e-02 3.596587424560099278e-01 -1.934865960726619705e-01 4.135639688418129012e-01
-8.702639318290961157e-03 2.336026198003218757e-02 4.519138463700053676e-01 2.793008348169962463e-01
-4.423766650098488462e-01 -6.352687481027737837e-01 2.154779341720809427e-01 -1.645610392834726335e-02
6.856378989354286468e-02 -1.895873903826276741e-01 -4.153885020056676328e-03 -2.495439639691362510e-01
2.779206826874319053e-02 7.786713486838164888e-02 -2.006774417531365928e-01 -1.031699750557004136e-01
1.265578038066476896e-01 -7.185479565920484257e-02 -1.665119048207044927e-01 9.815008417509943350e-02
-2.071166840999895953e-01 -1.003687017689222009e-04 3.659908136837027037e-02 -7.194554295020558210e-02
3.108864620441908477e-01 -1.026444509138736833e-01 3.900798502471654050e-01 -2.233623765410570061e-01
-2.324317633634669783e-02 1.905623598208594782e-01 5.130814738184381885e-02 2.025526949483632752e-02
3.436765476819190201e-01 -4.530599372141879133e-01 -3.123699715576793712e-01 -3.232628919950488178e-01
-4.967224289718737140e-02 -1.039556340019223701e-01 -1.766573755689734501e-02 -9.374513740974638534e-03
-3.390239224702407128e-01 5.059095935197348570e-01 7.704126235967296843e-01 2.144781058729943735e-01
-1.152695198835414769e-01 -1.523180636701780000e-01 -2.668681927614200977e-01 6.833768374826898473e-02
-1.986851710599967999e-02 -2.473706774043055723e-01 6.148000368124647425e-02 -3.570926662970219656e-01
4.749457564188875464e-02 -5.432817315564789640e-01 -2.532531225896956784e-01 5.014836765901361515e-01
9.274458351325043370e-02 -1.309871297050038512e-02 -4.322079601014918587e-02 -2.442963505329881838e-02
3.445708004008157799e-01 -5.769395686193162787e-02 -1.469274786374792086e-01 -2.202397028623066799e-01
-3.087585656967401504e-01 3.564209309472357035e-01 -3.014587367885053215e-01 1.184080402538666837e-01
8.379950217041337579e-02 -6.920611209573283851e-02 -6.095624705464752074e-02 4.174041016038000651e-02
-3.752593959165001491e-01 -7.096955689297962389e-02 1.110205009187246045e-01 -6.426161066594435201e-02
-1.911678716881850398e-02 5.994248876733413584e-02 -4.187466383239713541e-01 -8.029788866421111448e-02
-3.123887940324522328e-01 4.071332918309086835e-02 1.118825609634092715e-02 4.701736363918435774e-02
-3.090864567943890293e-02 3.150178037884914656e-02 7.455535244646230297e-02 -1.547666322349406931e-01
-1.210327234470204710e-01 -1.893413774379854309e-01 -2.224525502040484298e-02 1.269019599527923536e-01
-2.404525156418304277e-01 2.237664594681532948e-01 1.917738485073250121e-01 2.249967917865431377e-01
6.780069877109999588e-02 -3.255112492370528660e-02 -7.892359288746408907e-02 -2.543334415236865320e-01
7.508142596529308876e-02 4.016708667918255093e-01 1.689891626995703167e-01 1.746281149529892995e-01
1.170630557585114195e-01 1.857932006708302164e-01 -3.248084112969073511e-01 1.442380620518221301e-01
4.938312536305543010e-01 -1.825643382720808922e-02 4.336548879421177616e-01 2.414801629408828143e-01
3.156233900017640074e-05 1.916838325039215418e-01 2.001632881082770002e-02 -9.792112185496078952e-03
-4.126386620915520331e-01 9.734330064409014993e-02 -2.280754490545379154e-01 1.011762214465670856e-01
2.883128906463253149e-01 -4.175562995227464214e-01 2.036912467994264064e-01 3.589030724295686481e-01
1.777563982135767218e-01 -7.815472480674681005e-03 -4.582160587782218020e-01 -2.194708473469952348e-01
