1.232992700602720371e+00 5.411345450057212236e-01 7.203910822310671813e-01 1.383638830955433274e+00
-2.481899341820970328e-01 5.068582145792657201e-01 -9.599431486946222725e-01 -1.547764868164038354e+00
-2.391281084103210608e-01 5.924522732593081598e-01 -1.492019692722417190e-01 7.844720070043197102e-02
1.746197681918000510e+00 4.260645460398327367e-01 9.515896120358888766e-01 8.182397690444611627e-01
9.706649754367178140e-01 7.395711444874324414e-01 1.159401648789710748e+00 4.969044448681493309e-01
-6.226500376736857634e-01 -1.172613111269784181e+00 -1.663054962981923346e+00 1.234763171540067123e-01
-4.649898335609226052e-01 -1.688403012292919447e-01 -2.941794624320677731e-01 -1.271532940714971582e+00
-7.367915009645856772e-01 1.125308926044319424e+00 -2.008502799526998839e-01 -7.581890204892091090e-01
8.565197104427521024e-01 4.940040013982550104e-01 1.129603120941780059e+00 5.220290830045453134e-01
1.366331173389437603e-01 -8.271197801262690774e-01 -1.034075507967924468e+00 -7.795313176433317504e-02
-1.478741108068020615e+00 -9.877738132699547258e-01 -7.404757798060968010e-01 -9.289954816881422772e-01
8.089986315312707177e-01 1.062300752617010291e+00 1.006257647294229729e+00 6.518717809144723985e-01
1.006847770789791374e+00 -5.382963540485761339e-02 -3.234849353025631702e-01 4.456792684488834477e-01
-6.653031394046839964e-01 4.076918805651425504e-01 -7.942702375502537215e-01 8.874037191824840631e-01
-2.770185216812670603e-01 1.582227065488492068e-01 -2.603573915338105449e-01 -1.618381027517142412e+00
-5.889458296758608435e-01 -9.563917137906847721e-01 6.286017826649294982e-01 8.389475149808918175e-01
6.759752870914347289e-01 1.372911967486720952e+00 1.016274033796684906e+00 3.698230625234105728e-01
3.243709554082274682e-01 -1.761619944667213167e-01 1.253218296581019908e+00 2.977385303065096522e-01
-3.932582446429164769e-01 -5.547072902075372847e-02 -1.062963350323520816e-02 4.283875187864452649e-01
5.415675453715760312e-01 -1.052773064061092584e-01 7.841330739851817277e-01 1.208580481652712146e+00
1.392837625305827221e+00 6.333713531975807554e-01 6.445850632664439361e-01 9.779588190893671040e-01
-1.100150722448137053e+00 -1.593357127303926424e+00 -2.554780027296608691e-01 -6.340682675649577105e-01
-7.021887127363163339e-01 -1.111912775250192942e+00 -7.074124784129789401e-01 -1.454181667439873316e+00
1.238478801700605425e+00 4.959406364252189614e-01 6.975189113959738840e-01 7.000833639662129571e-01
-1.151895207581902447e+00 -1.185272593961918197e+00 -1.076202837462154172e+00 -1.143837676911648726e+00
-3.521430085540846466e-01 1.423027161161353471e-01 -7.768339197981705135e-01 -1.203236729328702515e+00
1.729684353952213038e-01 7.658985408855985000e-01 8.948157947986693506e-01 3.018290190799204353e-01
-1.407091250748886413e+00 -1.321017931957332969e+00 -6.611640642323587391e-01 -3.568205531862997937e-01
-1.253871756129820936e+00 -4.337141037277621458e-01 -7.145340792543013464e-01 -1.018940170241364518e+00
-1.350494249233473054e+00 -1.565004719697057345e+00 -4.498095125480948142e-01 -3.627957390298449103e-01
