1.024976073514028085e+00 -1.992414436225607988e+00 -4.700200935898015686e+00 -1.315986746454047007e-01
-6.006908781416613330e+00 -1.456265803667856407e+00 -5.124671308762180466e+00 -3.082254647899977051e+00
-5.463386339055732677e+00 -7.602483144801564841e+00 -3.693545043577445508e+00 6.016169618872816427e-01
-1.676828633818200354e+00 -1.367449834365307648e+00 -3.068658497965397469e+00 -3.765710991054542767e+00
-7.806997361731186302e+00 -6.163427236374094953e+00 -3.186208994382688342e+00 -5.888374233491576959e+00
3.349774876996906237e+00 6.764258550105220813e+00 5.556207873993400881e+00 5.980892768723964359e+00
7.647533546722304898e+00 9.137244231624952917e+00 9.055166577061916300e+00 8.875486506265605868e+00
-5.616912741734550352e+00 -6.564470021149604761e+00 -7.973692966872239829e+00 -7.934464886972764752e+00
-7.982751985333464972e+00 -1.082595323514670405e+01 -1.033158003553609205e+01 -1.048615458586754734e+01
6.483188733071978405e+00 1.007675328844037210e+01 6.976989650342304117e+00 8.106937591982051217e+00
3.587994274436753894e+00 4.836443135069144361e+00 4.317857499835484170e+00 4.681119901659426930e+00
2.340911112260668947e+00 -2.376629255860771561e+00 9.434382197742298137e-01 2.434573211900116885e+00
-8.852620557695070502e+00 -7.355303635242204763e+00 -6.651357009394018860e+00 -8.278038191382051991e+00
3.078353473529988449e+00 4.027493671156804567e+00 1.939012696543307213e+00 1.337617020572726023e+00
-3.019172658798074060e+00 -5.548902411200436369e+00 -8.584949483494927591e+00 -7.253455279690980362e+00
5.385552951937616406e+00 1.955932009518845938e+00 3.925925592368053607e+00 3.532822769269404972e+00
2.868635579854929230e+00 2.957807510116032823e-01 -7.327199505077131025e-01 -2.192359951369668547e+00
5.070574729229506694e+00 8.249158282629124983e+00 8.362308524900139872e+00 8.817847848701532598e+00
4.062698396788807287e+00 -4.095057504698403683e+00 2.049045041821553614e-01 4.423701213415909272e+00
2.835446370727882304e+00 4.383560741118410320e+00 4.260646643799018918e+00 3.965404780338454227e+00
3.699544131413858405e+00 -2.839314851798721673e+00 -4.270816730239221926e+00 -2.123479713213292097e+00
-9.780297684280762738e+00 -8.889540326962793060e+00 -7.829982014283896952e+00 -4.868931641288681611e+00
7.123904790030812784e+00 4.894289736191806739e+00 3.420905111102055862e+00 8.766209190265349394e-01
-9.369347668938054596e+00 -4.078582391511457850e+00 -7.419396578802868625e+00 -6.641750905988970111e+00
3.664654295644065307e+00 4.727766592909058652e+00 2.788412575991408460e+00 -9.226998569833220198e-01
-6.228623890448484524e+00 -2.500153694809022387e+00 -3.367626378488423278e+00 -3.880630299387358484e+00
-8.680268355350008846e+00 -9.091856638302798999e+00 -8.976825563353335369e+00 -1.012411598344626462e+01
-6.916503168742233143e+00 -8.382330379509465246e+00 -7.235771366598447329e+00 -7.598243583306031113e+00
-1.111808812043329819e+00 1.878784248444453464e+00 7.103039184044717125e-01 -2.602713678943485487e+00
8.475069201675303532e+00 1.052320414301148332e+01 1.050275205077748630e+01 9.953353601067842504e+00
