1.093186681124419246e-01 -1.993082484691369172e-01 3.389385766017716239e-01 -1.944627290098542294e-01
1.144789419571712041e-01 9.497411630457289200e-02 -3.498695760842910896e-01 2.360156090755729241e-01
-5.160314863814631225e-01 1.292551410785136579e-01 -2.836943191858853353e-01 -1.243256965767333827e-01
2.033275746244288598e-02 -1.283010378683764885e-01 1.899103391774212002e-01 -4.400216677505178892e-02
-3.496297251921008653e-02 1.601193013236298923e-01 -1.870587060538672630e-01 3.441513517013666257e-01
2.167109974770524972e-01 -1.403543440416459842e-01 5.631282216025589038e-02 -1.045796561042888068e-01
-5.033028896035613570e-02 3.072739472897949020e-01 1.484265675129924633e-01 -1.343620556072117056e-02
3.720066386353035326e-01 -1.575325063058546360e-01 5.633624826941779906e-01 -1.044045299915960651e-01
-3.844239954770670153e-02 -1.950528527594362349e-01 -2.875534176180199464e-01 1.260748463976642253e-01
1.261120083711101542e-02 -1.972201865699494128e-01 4.421400356091436112e-01 8.482150857936694710e-02
1.175727308948622679e-01 4.187321238840456261e-01 9.700691663204823179e-02 -1.376193217712648187e-01
1.594488284615503126e-01 6.636242168439744626e-02 -9.455432438987723676e-02 7.039423533354027818e-01
-7.916997560475071138e-02 2.999276628120313704e-01 -5.206807161748204515e-02 2.119495999884775106e-01
-2.366652407575950690e-01 2.164128061669748082e-01 2.840262845030120387e-01 -1.705244103287779922e-01
4.402590064850919749e-01 -2.484911000438255746e-01 1.202986268045140583e-01 6.091448105411045172e-02
1.879267451889462537e-01 1.743489100453656238e-01 1.667457637945281013e-01 -1.912563926705911077e-01
-2.681314747320132086e-01 -2.983741349469628545e-01 -3.264207005937220241e-01 -3.941971200442449114e-02
-3.717391098793706439e-01 3.007453205599119536e-02 -3.207661332355506434e-01 2.549973613262399574e-01
-4.414965976275413428e-01 2.590991814543782690e-01 1.085181745213499166e-01 -5.749810553493116261e-02
-2.518692865235671041e-01 2.677007022451676210e-01 -5.199775782227302606e-02 -6.687735982518921984e-02
2.008801658687962843e-01 -4.117923488648824598e-02 -3.455868117501968706e-02 -2.240210155420789551e-01
3.211295807750286224e-02 -2.807043052746141867e-02 -8.102193338422437885e-02 -1.382569528986892504e-01
1.063488598886549452e-01 8.037569336538068210e-02 -3.438315788902844561e-02 1.640237736437767102e-01
4.721286084042650155e-02 -4.319580144385775505e-02 -5.026728136039058242e-02 1.001353476856287616e-01
-5.157232628269353691e-02 7.977466233147673114e-02 4.183363491187205851e-01 -2.942559785676908124e-01
-4.355245643253411458e-01 -6.051165586361793858e-02 -3.027465762616132761e-01 1.247740015863146035e-01
-5.918076263813645266e-01 -1.084578926396928544e-01 3.212636253217696081e-01 -6.583238002851105053e-02
-9.033361887942759072e-02 -1.242355682030237274e-01 2.826038331016088589e-01 3.965883892904140673e-01
1.787822604213874511e-01 -1.573045005405627750e-01 -2.444765865991312126e-02 1.729919537957764486e-01
-4.490944832726718183e-01 4.810033401531020325e-01 -3.322053615724014919e-01 -3.048502715041033762e-01
