-9.881540936507676731e-02 -1.213527497832764257e-02 -3.410975019274564007e-02 7.394388423169750979e-02 -4.625884020570589228e-02 -1.084808364683667037e-01 -6.943711241719510707e-02 1.033251115816201660e-01 -1.544020745970439423e-01 -7.905515410404856391e-02 6.605120997585925413e-02 7.050666842171748883e-02
2.023184546866627909e-01 -7.767697341482476814e-02 3.054932694430172006e-03 -7.705836171433427806e-02 -1.625989918014740243e-01 1.077989383521929870e-02 -1.029150090646045457e-01 3.567382879779780469e-02 -3.435394374948654017e-02 -5.671256784485874392e-02 1.179563286062820793e-01 -1.678884757894162638e-01
-5.067342366667108855e-02 -9.579643929001441238e-02 -5.531766627354596511e-02 -4.732840432143812365e-02 8.196916804959393510e-02 -1.169321564706725103e-01 -6.697547859514983368e-03 3.048598002300199200e-02 -1.240041822533042570e-01 -1.235028553047291464e-02 1.011973747808712076e-01 9.322977847461580425e-02
8.575997451951195352e-03 -9.719638763383825833e-03 -4.979358411243995156e-03 -2.195360095095426345e-02 -1.231050963584073565e-01 1.260422158410693938e-01 -2.692689311264221536e-02 3.762178835461582604e-02 -4.092093250724477410e-02 4.146386072102355158e-02 1.058122986542088528e-01 -1.057746190331851355e-01
-1.350307315670082886e-01 3.901166905470072888e-02 -9.789987584521003816e-02 -1.216373623518595404e-01 9.296794169294106402e-02 -1.017117858005231745e-01 2.484532432513600342e-01 4.112866803440655417e-02 5.637974692286501499e-02 -1.547876721037034775e-01 1.155005224344130693e-02 4.089095252747426690e-02
-1.123238179338337424e-02 9.376293384986279789e-02 2.883254937226882586e-02 1.540540943297808926e-02 5.868595477843034647e-02 -4.054163195486444257e-03 1.757518196659295096e-01 1.327389692926186915e-02 3.893782344182532273e-02 8.578673286840604595e-02 -3.852965132054798902e-02 1.223758464443677196e-01
1.270462371618484576e-01 7.789004693997236828e-02 -1.169287982958445438e-01 -1.251800597216352895e-01 1.290803686347000712e-01 8.358825143545986144e-03 9.471940772511062978e-02 -7.544301487540305828e-02 -2.455294431512614409e-02 5.833128264855061418e-02 -4.508076229279399036e-03 1.528404264188426565e-01
6.160561287869012470e-02 9.972655361398398421e-02 -6.427570944186429547e-02 -5.018754245104022071e-02 1.457884132706717406e-01 -2.883203947411899087e-02 -2.458845024331056742e-02 -1.108837200040483917e-01 3.470302539757589514e-03 1.827918193549398634e-02 1.837647809459607567e-02 -7.026121247312577811e-02
1.747700621044463503e-04 -1.016089096721737861e-01 -9.938922628695381900e-02 -1.692916361486900834e-01 8.209826034856324006e-02 -9.329780306348818553e-02 3.405640287840697167e-02 1.359025294124048024e-02 -2.222682866312913202e-02 5.271117380590554374e-02 -1.058670406874182707e-01 -1.105309822207537207e-01
-1.525222227089744476e-01 3.149213441152476367e-02 -1.406520995771162817e-04 2.147903112472071552e-01 -2.090664246257185541e-03 1.239167385858417625e-01 7.600452718979661126e-02 -3.634390014441619965e-02 1.546317196129154067e-02 -2.663528126150740277e-02 -1.649337226957976049e-02 -7.315415753587432846e-02
-5.257895028843484475e-02 -1.459608708634272944e-01 -3.613152728832474958e-02 3.554347754710243668e-02 8.370962552615719698e-02 1.299628371285319051e-02 -3.243525152927907891e-03 -5.593056388294845305e-02 -7.390576661127147562e-02 -4.159010078630253661e-03 8.992773185536057090e-02 -1.351417881014023784e-02
-3.355896197512641538e-02 -1.006155186988076516e-01 1.231810575060056645e-01 9.003706512944988083e-02 -5.730510659951264935e-03 -6.326094481061361741e-02 -6.887087794614728253e-02 4.547010283691577809e-02 9.123028815628569932e-02 2.984368481070975160e-02 -6.640828860442643013e-03 -3.217764979199090603e-02
-5.839620253069769534e-02 7.099097470503018537e-02 -7.390635613947210344e-03 9.679704440547762245e-02 6.471003128174399044e-02 -9.171974705405551431e-02 -1.031888996967871286e-01 5.601715300546887544e-02 2.432204823068071300e-02 3.060508140186195269e-02 7.775438812098428576e-02 -6.973398713918241287e-02
-1.485957376101611771e-01 9.684268461489811686e-02 1.094217702879057008e-01 -4.603855923584793119e-02 6.153509834045093468e-02 -3.546093304033795524e-02 2.699777204193718350e-03 1.460218930549816441e-01 -1.867419869806376947e-02 1.847489105075137555e-02 -1.243874627096656915e-01 -2.117639465223506226e-02
-2.590594937774380949e-02 5.866181546331467739e-02 -9.969293172772593359e-02 -8.716422933555063868e-02 7.803072643364016014e-02 -6.002320775700822897e-02 6.286411115752547907e-02 4.714423231081774773e-02 -1.875508175258717158e-01 -9.003799446043880828e-02 -5.246223474822148819e-02 -7.780923441070233815e-02
8.075132031090745399e-02 7.973590191421565943e-02 -4.302617944273381956e-02 2.363943209179462102e-01 1.957468823338591735e-01 1.284046696501813835e-02 -2.513887514056379127e-02 -1.877989853328593597e-02 3.065088440986606794e-02 1.373350623486412347e-01 -9.243573592997023081e-02 1.855812406800734782e-01
2.744511012345132173e-01 9.874788592383653210e-03 6.764750979941314135e-02 -1.609919394399527970e-01 9.126950444508696858e-02 -2.102746964581067926e-02 1.029629909026392792e-03 4.006032371004963899e-02 -7.355786540524937578e-02 -9.585332814819166880e-02 -1.286992119320359319e-02 3.885239649829937830e-02
-4.133776306146209889e-02 -9.958180205384360717e-02 5.951665722008453452e-02 2.930083211341912020e-02 3.529160656980297184e-02 3.863059204586350576e-02 -2.856113466921693378e-02 -1.426926828301500541e-02 4.803952972959764367e-02 8.445519171008339376e-02 -1.466714527822745584e-01 -1.719540602256655615e-02
1.266394610385875308e-01 3.960857543816299203e-02 -1.541742652080808386e-02 -2.349454811717825026e-02 3.477753537803827261e-02 -6.223066840825587642e-02 7.468066119808525194e-02 -2.611083545806867304e-03 8.301155935149395759e-02 1.365204457355404244e-01 -4.597952350735418775e-02 9.425624622310470324e-02
1.167318716955716706e-01 3.581575685320979169e-02 7.521539102473492888e-02 3.336426320882866260e-03 1.506095628201225591e-02 -7.287262316739021029e-02 -1.110299733043462744e-01 -1.497464384275391525e-01 -1.085576996273323047e-01 3.892450175091879960e-02 -1.807385122616966822e-01 -1.219398473220280193e-01
1.605058862730195796e-02 1.995454753779121043e-02 4.111041492363209926e-02 -9.950261733636212719e-03 -8.498810078099990756e-03 1.438670344490866788e-02 -9.704914629964075945e-02 1.236384312371059530e-01 -8.918597429631050511e-02 -6.163448789586973425e-02 -1.663201353568063978e-01 1.946223657012801089e-01
2.542497351688746687e-02 -1.175411194278269678e-01 2.464485561563066821e-02 -1.124832782981013413e-01 -3.574141356925202712e-02 -2.227772103327363418e-02 1.012197266544503371e-01 4.027853974628929634e-02 3.420689502500168233e-02 -4.718675580287692850e-02 -4.346721254015176172e-02 1.008840042309087220e-01
1.023757746274072261e-01 -7.297384343943273677e-02 5.503038563843233588e-02 -5.649097575535170362e-03 -6.265984471085220275e-02 1.358010831277239872e-02 5.652601699578347488e-02 -1.775715977449965344e-01 -8.102500183655489407e-02 1.495981254695254725e-01 1.068615560283116273e-01 -2.390174830619344604e-02
-4.869433469106003443e-02 -2.316753424629572236e-04 -1.664446650238232683e-02 5.984859131619760936e-02 -1.709214160625782963e-01 7.711736326140271325e-02 -5.094443559614104250e-02 1.176502384579676957e-01 -1.232391268041026222e-03 3.619346591611862646e-02 8.594030083201255332e-02 1.400022228727737794e-01
1.969437135457179355e-01 -6.019246648287826518e-02 -1.313789514243619005e-01 -7.868174007433793860e-02 2.144679076606090945e-02 -1.184696417583395861e-01 -3.628083669041347759e-03 -9.491355152138791773e-02 9.907581317014611116e-03 -3.954431344107121188e-02 -3.842338846643489347e-02 5.300912541232348507e-02
-7.969651710858227656e-02 6.417930409025948690e-02 2.413980547125680470e-02 -3.878417658528685030e-02 -3.156075005436294323e-02 -1.426877137138208573e-01 3.568992162858440381e-04 1.623136470843627175e-03 -1.212360686930264442e-01 2.100691670925062399e-02 4.094656979898731071e-03 -6.892846299191304760e-03
4.342932323446893617e-02 4.559662906241066654e-02 -1.034835403555724176e-02 2.409193967133536896e-02 1.241897181866221667e-01 -6.639177038354940330e-02 7.316172104753480322e-04 2.907480749058037953e-02 4.075059277544355874e-02 1.181282223048098559e-02 -3.773525330066412886e-02 3.023789512111495562e-02
-2.404932987783691134e-01 -9.365758782266128679e-02 -3.848685938264214540e-02 -5.017623017818456654e-02 3.494658395667307044e-02 -4.972699133947743044e-02 -1.594303699990861495e-02 3.239027507745841777e-02 -7.791602722879044374e-02 8.041048607517080338e-03 7.003754369583507777e-02 -1.482216153734555175e-01
-4.997918852511854665e-02 -4.821094565340509897e-02 7.081792725723162936e-03 -1.318139318928159831e-01 -6.176951418956320300e-02 1.026787515318268174e-01 1.424574975898090234e-01 -7.072236547438209842e-02 1.797260202643275462e-01 6.369953696629190865e-02 1.303622812823295174e-01 -1.410957986060928926e-01
3.763060775083953979e-02 -1.246419932751686721e-01 -3.744999812441143598e-03 3.960927881671510303e-02 -6.694721173678414017e-02 2.580584584316180860e-03 -6.176803421014055023e-02 2.074395303205006300e-02 -5.149669794795112832e-02 -1.637672402085890364e-02 1.231383507543806072e-02 -3.244623129710304255e-02
1.259952773775890877e-01 -2.979054362594613092e-02 -1.759207338097558693e-01 1.922279279300101451e-02 -1.428836663170152399e-01 -2.036639176413543306e-03 7.098314964922851356e-02 -1.576915705150572916e-02 -7.341517912627729125e-02 -4.085952303432102695e-03 1.272625723866676606e-01 -1.097254142539401262e-01
