2.715552738374031327e-01 -3.049724485711869382e-01 -2.747527480876649220e-01 -2.651593169102871017e-01
8.812341702388591658e-02 -2.385273273894291945e-01 1.836623071314528177e-01 2.802595895720949026e-01
-2.321993246791862961e-02 5.531013715774122513e-02 -1.947470850042378743e-01 -2.959924337579988296e-01
-4.857256244074350388e-02 -1.422607202407387417e-01 -1.421360586241831592e-01 4.190367132589099819e-03
-1.666329209188560645e-01 -2.474570595212596813e-02 -1.420543925753014469e-01 1.006338027524026346e-01
1.849996788963250982e-01 -3.241117217078607893e-01 -1.260270674827864701e-01 5.227510572625006929e-02
-5.096765197107576417e-03 -8.145776443817736657e-04 8.443923214788223719e-02 -1.386522975452579853e-01
-9.702949411349977293e-02 -9.913491674223730288e-02 3.112184300489055921e-01 9.592183542160350254e-03
3.159706376662959615e-01 3.600735878462971717e-01 2.219717030086397480e-02 5.754923473774468251e-02
-7.988931511888522352e-02 -2.627028670859652901e-02 -4.426714942634033673e-02 -4.195689488698847031e-02
4.580156647358153005e-02 3.096390108002817221e-01 -2.092971151936686147e-01 -2.038249406100154093e-01
-2.568028413450547665e-01 2.345608811089355539e-01 -2.053738085266557656e-01 -1.615240997468533890e-02
4.023660276708153627e-01 -1.847941600646527960e-01 -2.105723873693783610e-01 2.231013676039321769e-01
7.060923987266211344e-02 9.836440006210291076e-02 3.400525018193589766e-01 3.536510693874911349e-01
3.500198976869230150e-02 1.328981466038981207e-01 -2.510484514473703688e-01 -3.614331919178101482e-01
2.990446722696146753e-01 2.167310589023152198e-02 2.713251904398614189e-01 -1.889855188175425527e-01
-7.162677010754349149e-01 7.350116434579406777e-02 -8.809930007604914459e-02 -5.327578972213681263e-02
-4.021611441438340817e-01 1.580833274308396652e-01 -1.639496333639295089e-01 1.909964532367609269e-01
3.614855466172586795e-01 4.499328217867942792e-02 2.521836163636848593e-01 4.119241937691072164e-01
-2.936158160398923966e-01 -7.344185525301359652e-02 3.349034414208301030e-02 1.416537074725300327e-01
3.891483396993768440e-01 -1.334641723160913396e-01 8.982645462499105893e-03 -2.191870496902437737e-01
-1.814145676534551777e-01 -4.904270472038475132e-02 2.303487971886478969e-01 -1.042908979447451090e-01
4.136585500828753870e-01 -5.790722549062690128e-01 -3.937270168908308526e-02 3.350004305417455391e-02
1.400098532707353405e-01 -9.126751407051000853e-02 -1.536628887138089450e-04 -6.228391677278449258e-03
-1.222963435669570942e-01 4.344923488499081721e-01 -2.495479320367064158e-01 -4.657570217211330355e-01
-2.431430995326201161e-01 3.726796419311049768e-01 -8.589532991844056956e-03 -2.154360482278624700e-01
-2.876826901661194702e-01 5.895126965480979031e-02 4.781500973891666395e-01 3.492144252708254681e-01
4.240291314072272000e-01 1.586355619718069626e-02 -6.803856915671435690e-02 3.267153225897109214e-01
2.726526847679219268e-01 -2.339221218737922714e-01 -5.081013325273002756e-01 -1.881663175159921653e-01
4.506355642860950250e-01 7.189822296311311201e-01 3.712240299806097987e-02 -4.486688690354495579e-02
-5.136364763228207925e-02 -3.182456208071117454e-02 -7.190766995785576043e-02 5.260522896298567425e-02
-3.009955752971645304e-01 2.784623250015937357e-01 3.614972555920990122e-02 5.211585225639989716e-01
1.650407448192272586e-01 -1.395237884670069151e-01 -4.844068573728776972e-01 2.993414135477294458e-02
-4.527488479728402071e-01 6.447122698110884231e-01 2.843492503142039385e-01 -1.374396950781420768e-01
-1.046114679925161384e-02 -1.396879816792020168e-01 -6.223988958027205642e-01 3.570699585494429562e-01
3.080546698952769669e-01 9.180452378252380863e-02 -2.831942288808401154e-01 -5.741094484421763733e-01
1.363153978571715608e-01 -5.259202072934954231e-01 2.765262524681958989e-01 -1.066010476083389669e-01
-4.790706346908086832e-01 -2.336232250824082923e-01 -3.876446079327796057e-01 7.840374506804419219e-02
-1.226315874298705699e-01 2.197516793159517978e-01 2.976538557622683823e-01 7.572315335688142857e-02
