3.430944901525371793e-01 6.157985086711834088e-02 2.960567081119399105e-02 1.571367066321569667e-02 -6.228809640299112216e-01 -1.028981869231274660e+00 -4.122561588070975391e-01 1.097332553455955484e+00 -6.876634339477702973e-01 -9.157806143866221715e-01 -4.118301269019751798e-01 -7.201393100564146277e-01
1.750358218949851219e+00 3.931012572058462107e-01 7.542231547063864283e-02 -8.825966653510941562e-01 -3.148813898395228517e-01 1.092578250780263494e+00 4.414904215528004938e-01 1.858618039487324736e-01 -2.026992685578407338e-01 -3.570076726810785250e-01 1.256900250519474627e+00 -2.185919712349690958e+00
7.681561451388684292e-01 -1.876849382041278214e-01 -4.389281873657396305e-01 1.262886964474253748e+00 -1.761576644759784427e-01 -7.466812748927378340e-01 -6.270836897537296339e-01 8.069311363454063635e-01 -8.970337036115402229e-01 -3.380286384927311261e-01 1.338539523327048286e+00 -1.125662330014855633e-01
-1.258950747157438599e+00 -2.847863335952129926e-01 3.433835119387627088e-01 -6.401660824017448848e-01 -7.287308674389406660e-01 3.489197520528027896e-01 -1.754191599642634103e-01 -1.964201286318127959e-01 5.868518777774647255e-01 8.320426350085398381e-02 6.343785156940026093e-01 -2.039038732556525471e-02
-4.885462230510903558e-02 -3.338632058585689899e-01 -5.763869606339064866e-01 5.693772649747899095e-01 -1.042345185564317545e+00 3.979831123870452569e-01 1.052783486715353378e+00 -1.636376258232153935e-01 2.517855188634550712e-01 -7.399206549256846788e-02 4.732174377886795846e-01 1.177975627045965368e+00
-6.468456986040715950e-01 -3.530129514006027369e-01 -7.091755286738034014e-01 -2.636094436043415201e-01 6.144958583473838498e-01 1.120567409355796684e+00 7.763329608615874289e-01 -4.753862213742416354e-01 4.900885613040736888e-01 7.089765429681085251e-01 2.861099986864539257e-01 1.076813108661056617e+00
3.064631866125801518e-01 -2.307265665667305177e-01 2.518917048888895116e-01 -1.417715507902683081e+00 -6.175610787817318315e-01 3.595230592115034596e-01 2.954046358200614342e-01 -4.423333018939287764e-01 5.703087497969123731e-01 -2.173513121122017805e-02 8.608524708539679882e-01 -1.110813809033435851e+00
6.878337885826096842e-01 4.739982527521410804e-01 -1.228568800089284846e-01 -4.207979785536736239e-01 6.943141526690919108e-01 2.820450473420035298e-01 -8.532288464942627826e-02 5.547911038186138094e-02 9.032908999273510375e-02 3.923048145943273668e-01 1.918847375930346766e-01 -1.131135011513995092e+00
-2.532253778320146531e-01 -1.821656139606317448e-01 -3.107610666670467814e-01 -5.536563444779231125e-01 -2.673070822683964662e-02 4.029520153478968192e-01 4.378948292405468457e-01 -4.121494459143375533e-01 6.264649358159093961e-02 2.651635998166595454e-01 5.247035290930871509e-01 1.357417703751391536e-01
-2.341661409434811769e-01 -4.203328438257532274e-02 -2.857641705697216636e-02 4.819329436675101053e-01 9.151874091900621955e-02 6.199794851435654064e-02 3.749076156744252653e-01 3.135084978949073675e-02 9.698938819300138847e-02 1.736924470609163551e-01 -5.412989244800567867e-01 1.495889984524433058e-01
-6.806605329617849698e-01 -5.799675932071687301e-01 1.634957869576104950e-01 2.810763808119425833e-01 5.671330758124455418e-01 3.149972793916422376e-01 -4.927442008503056248e-01 6.931138666880417090e-03 4.558394475798753787e-01 5.842155195891200054e-02 4.442014711472245803e-01 7.788133849858072111e-01
-2.144534436795677568e-01 -2.621788184758657159e-01 3.934573313827932628e-01 4.852539332852933707e-01 8.636825120631851094e-02 -3.132083017501707256e-01 -9.759278189956297478e-01 -3.275439947684917735e-03 3.933292148636067243e-01 -1.542651793657326756e-02 1.906949439744615726e-01 -1.459484349095960254e-01
5.856435226350838359e-03 5.475916624375709585e-01 -3.763853073485193962e-02 9.218407387217586457e-01 5.396378220802283687e-01 -5.122183278919387739e-01 -3.020637822343589241e-01 1.094350496827481534e+00 -5.013724978438950375e-01 2.233578113485320052e-03 6.801493779412063137e-03 2.256520498445274692e-01
-5.854985479884036170e-01 2.482083756479833703e-01 -5.045549760894507685e-02 3.661508035989902154e-01 4.763845841543613568e-01 -3.136239271561753195e-01 -2.618861398301480792e-01 2.427893111639253809e-01 1.389134754618662759e-01 2.069928288383439952e-01 -2.824544498704816831e-01 1.107405632010021623e+00
5.856532444285084127e-01 -1.367015531173533249e-01 -4.284988656669649343e-01 -6.379059306871461832e-01 -2.497553554697066677e-02 -7.080749957122136652e-03 2.307965370656513970e-01 4.026752439464867384e-01 -7.976247606986667238e-01 -8.516903199779152223e-01 6.206845978245502105e-01 -3.403700047749412816e-01
-1.023266691216149660e+00 -2.862261264896960866e-01 -1.170747799203919914e+00 1.899143834708293177e+00 8.522678946692481272e-01 2.584096265620551836e-01 6.785034779362009161e-02 -2.605090751066600485e-01 2.196539932806483020e-01 5.324989853095012382e-01 -7.211461414198848674e-01 1.087048468262329814e+00
1.294713293055991254e+00 4.693923502108558465e-01 -4.008661388062471076e-01 3.665481301728633068e-01 -1.877394097623275374e-02 -7.296678684633680634e-01 2.694664860379856752e-01 9.685256750210341492e-01 -1.401424283254883552e+00 -2.237771058112945077e-01 1.028661684600240545e+00 2.818747956635381247e-01
-4.492874283638155775e-01 -8.075889317980998461e-02 -8.933311758778532397e-02 3.569040489884924838e-01 7.764808666434914741e-01 -9.239240723374644165e-03 -1.318727362485912213e-01 -1.292294346194886034e-01 3.816256909858143920e-01 4.466413123708899424e-01 -1.040529837163848281e+00 4.072059451149325215e-01
9.162425268965077585e-01 -4.051522847550127066e-02 -3.813818680965537222e-01 1.104752100722119268e+00 1.117653741578721882e-01 -1.311933009032949238e-01 8.164829322888429441e-01 2.285616145432223523e-01 -1.149112204583555286e-01 2.089003777446727106e-01 -1.806400780577391025e-03 7.025163895542388959e-01
9.999013281851248935e-01 6.954879191334936150e-01 4.243261034250688235e-01 1.730958833129345176e-01 4.347434464060653259e-01 -5.885774934975933625e-01 -2.972024995614547804e-01 -1.610715715938059178e-01 -5.957411523339884579e-02 6.029314716678282338e-01 -5.402298124624804743e-01 -5.175371767013352553e-01
4.844931354415639158e-01 -1.033080016436620369e-01 6.356518826808287004e-02 -6.738550221209986535e-02 -9.537098346887529221e-02 -2.079625727150667125e-01 -1.555076836682599273e-01 -8.992642948544560255e-02 -1.251134295674166848e-02 -3.402311901492122148e-01 -1.121229297210013964e+00 2.915645529628527743e-01
3.526207384893483704e-02 -4.408258686573978125e-01 1.008018474322644603e-01 -1.023560854918211943e-01 -8.122268714314808680e-01 -7.545837305118109628e-02 3.597994327730920094e-01 7.500160870043567907e-02 -2.266248691320420505e-01 -5.435567034904624784e-01 2.555304864571321111e-01 6.311672417015337655e-02
-3.934386604997888726e-01 -4.813511229924140045e-01 -9.602354109728042375e-02 -3.639311432878147290e-01 -4.716354716053852703e-02 3.784290243919851138e-01 -5.907436326887214317e-01 -8.460603013562792984e-01 4.019806280536903365e-01 1.607055338190460370e-01 9.024630543704197372e-01 -4.035852415261768633e-01
-3.357316353053095837e-01 1.178697294482929786e-01 5.440608736911619614e-01 -1.191185771894437972e-01 -1.418362925773108789e-02 -2.540917863623952111e-01 1.098769465176200888e-01 7.359962685279883843e-01 4.423650084083544792e-02 1.231949891369674838e-01 7.797235989363596742e-01 7.615359782962423107e-01
8.613817489215215284e-01 1.194477441609946011e-01 -5.393028351435514844e-01 -2.347994557370119972e-01 -3.558584755866276428e-01 -2.384073593254440182e-01 1.369021545260601935e-01 6.846242392352680506e-01 -7.669228723489927013e-01 -6.829767060024758418e-01 -1.118052193135980810e+00 -6.188848645381840319e-01
-1.069045843084824643e+00 5.217990800435098192e-02 4.147874175610546388e-01 -4.780510525946068262e-02 -2.300124309060848915e-01 -1.536297546906681133e-01 -8.875337202073978471e-01 5.890331539187859677e-02 3.364462148217492454e-01 -1.518412910807553397e-02 6.761406802253862036e-01 -3.500415725095533392e-02
6.215552219717722371e-02 -3.767042575005983274e-01 -3.498086075656689498e-01 5.325909385210961799e-01 6.683573546701447876e-01 -3.768527878373736373e-01 -1.603847781031793596e-01 7.324005196508275306e-01 -1.298263086948927281e-01 -7.760862305279390971e-02 1.507699117118638521e-01 -3.951589477141147916e-03
-4.434572063210831527e-01 -5.263692096056674652e-01 -3.531469690025202390e-01 -1.856769622681346266e-01 -4.718454328038459988e-01 -5.701132671259546286e-02 6.033987562707412294e-02 9.390960974204402845e-02 -2.168290842783294203e-01 -4.433535750484793869e-01 8.619816140183546027e-01 -6.443322420727902733e-01
8.704818351780529984e-02 5.061599240209683215e-01 2.174198950124028307e-01 -5.646239329313635924e-01 -3.624989082583447986e-01 2.108148396303888561e-01 4.568244721903246819e-01 -3.820472465580548871e-01 2.511481266929848147e-02 4.613354575221840226e-01 2.440817324480280270e-01 -1.057362908641347410e+00
-4.143528611150859575e-02 -6.238692065912789797e-01 -6.700962455177099653e-01 -1.195252824744821446e-01 5.175306397545187398e-02 3.327718420344769612e-01 -2.757787724097290338e-01 2.970303869693990961e-01 -3.701678625648651133e-01 -6.025536253452576929e-01 3.753281356054049001e-01 6.355316291963521158e-02
6.849507973803123928e-01 -1.483272691895560214e-01 -6.008877700402057709e-01 1.612935820858956149e-01 -1.553999813765701288e-01 2.434878763067887253e-01 5.096281819283601244e-01 -3.521055230026226557e-01 1.225397218365592844e-01 -4.667988599226842450e-02 2.778658264340211903e-01 4.792166695252546571e-01
