-1.298597254133689594e-01 8.982287562058766106e-02 1.383373499406608809e-01 3.536516350282791626e-02 6.468320310978811771e-02 1.873588010407874205e-02 1.621595447497223841e-01 -4.447034631588939017e-03 7.156393968220015056e-02 -2.789554347737187995e-02 6.828782269742986188e-02 1.402938590150647757e-01
1.942769789196422889e-02 -9.598810670597425487e-02 -5.894838662699972837e-02 -3.341718466925741593e-02 9.051026108658216662e-02 3.494303164210182250e-02 -7.662836119478798336e-02 -4.385048874617307729e-04 4.255659976723406152e-02 7.986562217510921602e-02 3.088131575535298101e-02 -7.946354196801494463e-03
1.284202647401430641e-01 -3.903792570960060854e-02 1.460952052376310872e-01 4.268336557865046871e-03 -2.124400748767967320e-02 4.278815679633641298e-04 9.950087549406479159e-02 1.305876136614316507e-01 -6.598212523860039549e-03 9.737159176908107006e-02 1.084599733357080181e-01 7.817925348988809253e-02
-5.866092699286776235e-02 -7.628504459721710540e-02 3.838051876087758552e-02 1.023351877138820032e-01 -1.271327070306660645e-01 -3.389623708531565305e-02 5.650902805074927478e-04 2.047532473524447429e-03 2.797402866788050238e-03 1.188208193394568735e-01 -7.456483228651711315e-02 -5.624017342926239393e-02
-7.756872682149733300e-02 1.002896230872912624e-02 3.355924241601064562e-02 -4.003568564026632748e-02 9.567239338661642778e-02 5.559647943130227588e-02 -3.159959156188799773e-02 1.254131120700454072e-01 1.292007669533077330e-01 -3.379758832353163024e-03 7.164675346356115526e-02 5.085204149685769448e-02
-1.160272089875216406e-01 3.040195530343745792e-03 -7.267576152432400627e-02 1.784969632676618734e-01 -1.202377370774447979e-01 7.490305692579998786e-02 -9.602503462277239832e-02 7.669464774172880805e-02 -8.886133857452445384e-02 -5.872077094728931496e-02 6.018861008955588010e-02 -6.041808649999520775e-02
-4.040566410398707675e-02 8.841329704784386956e-02 -9.292506782347054184e-02 -4.397714712491782030e-02 3.965924776066674651e-02 -5.029018206746539016e-02 -9.945961073297693300e-02 2.653123217339510564e-02 2.945514832366082775e-02 4.542502407274555398e-02 -2.510360515299344536e-02 -9.990928699478460184e-02
-6.757198460512583993e-02 -5.616343560090159004e-02 1.197591488962486961e-01 -1.790203725686502836e-02 -5.746091616725776396e-02 2.068735218730070602e-01 -6.445123274476305397e-02 -2.233465345506930114e-02 -1.297821287015122615e-01 3.364633259421222211e-02 -7.581573684516215716e-02 1.699402037563428267e-02
9.137616235687892607e-02 2.418091268622977325e-02 -1.189327321919822489e-01 9.098747096554885005e-02 -6.599890263098973087e-02 5.497344667386681177e-02 1.223775503337400962e-02 -4.467205727793219228e-02 7.671747941869938581e-02 -6.829349978522067377e-02 -2.035950216137756841e-01 1.019400027143569920e-01
-5.865381720981395486e-02 6.150157357585514517e-02 8.048531993807152285e-02 -7.257117587603559294e-02 5.371363687985015317e-02 -3.372519696921930099e-02 -2.072258549391925997e-01 -1.025094336761069036e-01 5.816918324935908130e-02 1.238127757035791150e-02 6.877156597251987691e-02 1.112406624893869656e-01
-7.776515545323976764e-02 9.274739660752547021e-02 -2.548955291643125246e-02 2.066824742671603127e-02 1.200538325136309981e-01 1.539791290461652029e-01 -6.275775023125818031e-02 -3.280117976332584673e-02 -7.953396727292294521e-02 -1.486438451093435864e-01 -9.678622077040140159e-02 1.027606088483765667e-01
-1.363753858107356609e-01 1.721489698140005881e-02 -1.565404491112291213e-02 -6.660361086533157782e-02 3.203744050725516185e-02 -7.649532169439113294e-02 1.046775730973257060e-02 4.057906166736600928e-02 -1.639399786262587047e-02 9.607748139530142284e-02 1.047470015592378012e-01 -6.753802087002611088e-02
-2.263319820183517031e-02 -2.052756056765381310e-02 -8.945266385801095566e-02 -1.197917308383500690e-01 4.186566467304842637e-02 7.484990526142612510e-02 -6.603009247858888930e-02 7.095613501730810291e-02 -5.550642822074980387e-02 1.686426721449026112e-01 1.411127655620845744e-01 -5.094904750311524816e-02
8.063113762916140903e-02 1.480266877164845563e-01 -1.045122047853482006e-02 9.442678863392767186e-02 -1.236789771020324058e-01 4.574164047307362375e-03 -6.294989277138063333e-02 -5.161066491375706361e-03 1.020897279469414054e-01 -4.682816791778247195e-02 -4.760012570586983488e-02 1.102524057574680444e-01
-1.281045033183865756e-01 -7.079112960002525989e-02 3.295962560128997548e-02 -1.265949315984852830e-01 8.338164037814850549e-02 -7.819585692856324821e-02 5.295780166741612810e-02 -4.351151354383101660e-02 4.957269940799795271e-02 -1.322488071009411681e-01 1.810527604695889164e-02 -5.993872066006304677e-02
-1.945481484876389333e-01 -5.259714899926377918e-02 -1.181394702709344380e-01 1.263383906393057872e-02 9.664843478989415537e-02 -1.105233760236238871e-01 9.221341806578123301e-02 -5.812141084866293689e-02 -5.374734879239329022e-02 -7.898837455980523004e-02 -1.835952823125948097e-01 -3.057755899481244544e-02
-8.182788591048262283e-02 -1.878417834904413594e-02 3.822510865478120912e-02 8.297249656048964750e-02 -1.391316080675616129e-01 1.120260780632075792e-01 -2.864983978649452215e-02 3.818112409411555941e-02 1.287147387902434492e-01 -6.166352227083068960e-02 -6.976827589605030799e-02 -8.068971769466148219e-03
7.539846319369181149e-02 -4.439733760719089678e-02 -1.807457071018582495e-01 7.325207322960852752e-03 1.692023499643288686e-01 4.542630683138032532e-02 -2.364548415040145304e-02 -5.224780844456645978e-02 -9.832470702151053718e-03 1.018438860158565606e-01 8.338588231683907726e-02 -1.730737327623938504e-01
7.985062893814826035e-02 1.273961612207925170e-02 4.172551192693630534e-02 3.279634006023450510e-02 3.389622732204383183e-03 7.972242785769564910e-02 3.715810491722057463e-02 5.453941265318587757e-03 8.643662567767063099e-02 -1.344041519805588281e-01 -1.291191514425417408e-01 -1.707387874905044178e-01
-5.067230558471405230e-03 1.161594781959726305e-02 1.796557810304344471e-02 -1.617166446074073671e-01 2.938769466607061079e-02 4.952079116238219947e-02 -3.524972779726429084e-02 3.748400463188194393e-02 -6.371501279960331554e-02 -5.499621945245059679e-02 -6.947621162921518989e-02 -4.791892378367922090e-02
-7.750425827025068243e-03 -1.766054487692334668e-02 -9.845434194673666206e-02 -7.986517346710415854e-03 1.335978184270059793e-02 6.832381556630619419e-03 5.264640762064883017e-02 4.371692678492580808e-02 -1.126072342725668689e-03 -7.855255013402573372e-02 -4.964625421037287267e-02 -1.941740701419080589e-02
-7.642979853525951051e-02 -1.103912235881099047e-01 -3.399005616682179015e-02 -3.937625951096511423e-02 1.220426821037472603e-01 7.333646720982855971e-02 -1.512288208343209039e-01 4.950966353100792056e-02 4.923495007181558775e-02 6.066520592422046387e-02 6.276098542873009833e-02 2.097650712806417572e-02
-1.362444147841039288e-01 -8.405267312498855559e-02 7.785793167494095557e-02 8.941194783711194430e-03 1.266917211932849230e-01 7.036878854281714002e-02 -3.094467189773315863e-02 -2.106508287869422735e-02 6.143998533976718912e-02 -7.128240141466063440e-02 2.310234661869497996e-01 4.592108466524975896e-02
-9.145322182865156524e-02 5.875208187870578636e-02 6.515221486733178968e-02 7.637969982628382837e-02 -6.590300418107956915e-02 -1.455951753363198334e-02 1.846643247209471886e-03 -7.054570722955499917e-02 9.510474762967076334e-02 1.479251781729004067e-01 -1.316647207956948562e-01 4.677311964713473658e-02
-1.984624318726200751e-02 -1.135233708289008492e-01 7.211602051982736461e-02 -1.120330576397464972e-01 -8.227624456625837190e-02 8.371786025829100475e-02 1.558098571884966310e-01 -2.753206424832340001e-04 1.600183235203021803e-01 -1.330779143215745086e-01 -7.610752482197094548e-02 1.380559608632275954e-02
6.942251086707025565e-02 2.369725251699997953e-02 -5.437074544343587640e-02 4.364744217606698895e-02 3.217056014991183464e-03 -6.236937840954658030e-02 5.384054450053011448e-02 -1.301647301233899989e-01 8.720149743180495832e-04 1.062511772869320081e-01 7.197705074831264871e-02 -1.731728497396894939e-01
6.101548347289625918e-02 -1.568491041870925529e-01 1.047831279336155497e-01 -1.420472508694972658e-01 -3.134099960606107765e-02 -6.573755257141760712e-03 1.122507699000524078e-01 1.718176671949248405e-02 -6.491349437487645146e-02 -1.504140886297526958e-01 -1.309902446871857385e-03 -3.784309652810269320e-02
-1.990238245322590097e-02 1.082728454139768315e-01 2.019715791180679010e-02 -2.325199210654907769e-02 -6.577922794774931914e-02 -3.602452362826745469e-02 9.781624277669505318e-02 1.110457373312452450e-01 5.029198228249841252e-02 -1.926316877211931705e-02 1.750954569644956049e-01 -9.879047293170467245e-03
-1.773095232951402145e-02 1.140405275190050360e-01 -3.358601427747024554e-02 -5.948972183480312481e-02 6.213309999277541462e-02 5.844949421284004187e-02 4.134801238580707722e-02 1.166844315634602003e-01 5.073830241353080583e-02 1.605307537361889136e-01 3.846646885097705637e-02 1.179824816805774904e-02
5.564980902805847368e-02 7.451418515798666209e-02 -3.736386631815031244e-03 -6.764122297150665375e-02 -3.822804979305333140e-02 1.130600086994245218e-01 -1.658351307545461589e-02 -1.388634803731502235e-02 6.491077490019625529e-02 1.230176223805986430e-02 1.313549089262994463e-01 -3.660437494100966110e-02
3.216923271415205593e-02 4.036034708684967803e-02 -1.391417299126947345e-02 -4.936969164382169761e-02 -5.710884960862486898e-02 4.245707694257126047e-02 4.125105146998726130e-02 -1.770100295164324378e-02 6.207989865860076041e-03 -2.188061408205728420e-02 -6.934605106158615861e-02 -8.777078687796920076e-02
