-8.006291255643087634e-01 3.791645659185622019e+00 7.565429388687038292e-01 -7.509947728580242954e-01
8.338121070565518878e+00 9.278844211661740005e+00 7.190045159660954255e+00 3.657822526538855978e+00
-6.154741803485165974e+00 -5.877416900984774983e+00 -4.887446294895099186e+00 -6.456110634092103062e+00
6.498570484590507235e+00 7.179076630403782744e+00 7.103861631576898539e+00 7.782712499782673987e+00
-7.440950412810322767e+00 -8.431347267217118358e+00 -7.413679009225653260e+00 -7.686173683568480186e+00
3.855645195674851866e+00 1.337685944133853111e+00 4.605099671564359731e+00 5.497201389465117494e+00
5.149096093845002109e+00 4.280423272448054206e+00 3.013912685568224337e+00 -8.108609131996411534e-01
1.047266401952074055e+01 8.448226756480162081e+00 9.710418947197258177e+00 7.818025440346954902e+00
1.031228668405053206e+01 8.869126227697215370e+00 1.083185041538729365e+01 9.880799708198745535e+00
-1.057821916798945239e+01 -9.480024986353505767e+00 -1.085630099195857134e+01 -9.856129428522386604e+00
2.776399309530561688e+00 5.855076797928338905e+00 6.609337326365852583e+00 5.622300553439685267e+00
-8.225377153723792745e+00 -1.024331318526751211e+01 -7.699435535509520534e+00 -2.902537761951565987e+00
-6.420782019694938114e+00 -4.555571207493870567e+00 -6.985975455848925542e+00 -8.459256835923506301e+00
5.391534613824283895e+00 6.889021425615668548e+00 6.922895590820269618e+00 5.551243066483274369e+00
-9.834309220057884104e+00 -1.028929700612202858e+01 -9.171935448028309068e+00 -1.044531249645404536e+01
8.059101796785803629e+00 8.482088790255104982e+00 6.861047089841228797e+00 7.831030128806026447e+00
-1.142110339805156194e+00 -1.659587802796233413e+00 -2.583803753775537615e+00 -1.561435397894444854e+00
-6.653241226546002807e+00 -7.526868435376202093e+00 -5.905726582691120718e+00 -9.058134184669363265e+00
5.835977178125032694e+00 5.635453441320577461e+00 3.809545522421855068e+00 6.062228279206008708e+00
3.063078075300501357e+00 2.046323696457140962e+00 2.816074076367030443e+00 1.051439966222432520e+00
-5.756786729159648175e+00 -3.802263443386894259e+00 -3.595959350141849864e+00 -6.363300194377368157e+00
-1.007220742536037505e+01 -9.635145523679121027e+00 -9.706251284110566147e+00 -1.035866404410851338e+01
9.405382835361553617e+00 7.621955517049399553e+00 9.546581055916668390e+00 9.071116406669343490e+00
1.826054469965723959e+00 1.925311783763910656e+00 -1.153511529463377094e+00 -3.690874630684297220e+00
7.096347736934705885e+00 5.518839921947355620e+00 5.054986190330866158e+00 6.398644276980974155e+00
5.763441371763573073e+00 4.134095998199568633e+00 5.651872263584428957e+00 3.428251074513890551e+00
6.368320187651265840e+00 7.839857664504165768e+00 6.589298782480469185e+00 8.234397619985294625e+00
7.419904310679102721e+00 8.764459697439578534e+00 7.590246384379629063e+00 8.222872647713815653e+00
-6.015436308357558381e+00 -6.610570165159121991e+00 -6.494929542233919051e+00 -8.227243173286614919e+00
-5.709133518885224134e+00 -7.276828096419206027e+00 -7.676538469025426359e+00 -7.725110098510707957e+00
