1.102556849204218981e-01 -4.008137912452662543e-02 -1.674236895780753243e-01 1.781804085146975521e-03 8.616146561260026177e-03 -5.005015098164228293e-03 -1.511939852670495243e-01 -1.062456192211952422e-01 2.239790702173992745e-02 8.921479775815390617e-03 5.510899083254688913e-02 2.171100926788320853e-02
4.886345536304034440e-03 -1.911316897683489405e-02 -1.306979437900987473e-02 7.931556267959762041e-02 1.113646317047068124e-01 1.563387412442478891e-02 -6.690144725335708809e-02 5.642939277312708501e-02 5.936163421840479765e-02 1.063398254598626469e-01 -6.751478119450526894e-02 9.622196162512872131e-02
-4.109680182201676246e-02 -3.380698008917219777e-02 4.574617192803621252e-02 -8.791890433331173149e-02 -3.358529524678741107e-02 1.151047459402993051e-01 -2.702770892653321572e-02 -1.456352308138441076e-01 1.056475838908597781e-01 -3.410492900226316793e-02 -5.816661792706060569e-02 5.005123628228669991e-02
-1.572818343834792021e-02 -1.076339571227593744e-01 -5.002970549584254828e-02 1.836928829763936621e-01 5.360109051679202291e-02 1.254268817872486452e-01 -1.572019357055224470e-02 -5.197798277056780991e-02 -3.410581611140710290e-02 9.657543665994673676e-02 1.167549146186906001e-02 -4.744366284085205221e-02
-1.221796168586274101e-01 9.521996624870533721e-02 -2.755579484662305789e-02 5.135921042974112699e-02 -2.729431679626719703e-02 1.096373859034102255e-01 -8.311330529052807226e-02 -8.961620011189831703e-02 7.680788971260614495e-03 2.214012283801952002e-02 -1.744756717036843041e-01 9.508924362614418202e-02
1.138446264454998358e-01 9.169868037914230552e-02 2.704594050632408778e-02 1.172428236981755134e-01 -8.545286063923268616e-03 9.106033042302480451e-03 -1.542202192682189110e-01 -1.017607574652651392e-02 -4.583787233876124995e-02 3.661083420553329013e-03 6.047950795254775080e-02 3.315566106714672862e-02
1.054584325318479732e-01 5.783794418943513649e-02 1.852216979556330773e-02 1.247059896556723668e-01 2.110294104012919517e-02 4.950826543568970922e-02 -6.462204865189630221e-02 7.206493963164405450e-03 4.211790517046360566e-02 -1.111344236278723058e-01 6.796085084266037177e-04 6.749761342322060931e-02
-7.970810121643454038e-03 -4.300205254327282844e-02 7.268334114188308714e-02 -5.025174040401524100e-02 -1.070123852030042955e-02 2.145185458918091870e-02 -2.764724316046214270e-01 8.450145677164178082e-02 1.696897399312992105e-01 -9.276705753802379217e-02 1.091399438790889853e-01 -6.099420857995124096e-03
-3.968090380491448577e-02 1.370886213782862573e-01 -1.147868118497629708e-01 7.960594031003433851e-03 -5.252432820223586554e-03 -3.738559036031225552e-02 -1.872639859182566591e-01 1.064670203820915553e-02 1.908413348240849683e-01 9.380542734182964471e-02 -9.082459517345348177e-02 -8.927563381289155275e-02
2.329412202256640751e-02 -1.288828006302316920e-01 -3.117358678976793820e-02 -6.268039779034673131e-02 1.964982782312079540e-02 -1.034428840423692007e-02 5.522524133125621126e-02 -1.704332539923456361e-02 6.136542656897089887e-02 -4.430026004985687660e-02 -1.502868057192230933e-01 2.959823166905631991e-02
9.123233243513878543e-02 3.426854395020857008e-02 -7.753224129118820203e-03 2.433758341434865205e-02 1.320453077330714653e-01 1.228606903637997766e-01 5.264748793274876687e-02 1.586182540893660287e-01 -7.775062182750801243e-02 5.137842196235475889e-02 -7.162255774083387200e-04 -1.279656891048013834e-01
4.106850694370375865e-02 -5.198946797028684147e-02 -5.126830434113824331e-02 4.340985267178305157e-02 1.200602039648647756e-01 -9.865450657371412080e-02 2.120969258663727569e-02 4.268174955127528036e-02 1.581801617735603682e-01 -2.945156997391020284e-02 1.359341093538631584e-01 -1.986750155746775381e-01
7.118183436821663192e-03 4.182842706892819784e-02 -4.105628877332025140e-02 1.015293062153536374e-01 4.504286674834415832e-02 1.330587380270610298e-01 1.098393611992744268e-01 1.429315707436301375e-01 -1.176987026518051538e-01 3.775047455416800229e-02 -3.521501125837343815e-02 2.456418327850491879e-05
8.119897169555932714e-02 -2.700540979548508858e-02 -1.239136773172897499e-01 -5.253234082071994715e-02 4.474141113364721312e-02 -1.504459475450126323e-02 1.742900508997527187e-01 5.591971633889454563e-02 -2.270068952099107279e-02 -2.916371392769194840e-02 1.368505059435740634e-01 -1.071426714247085965e-01
1.652405184357402801e-01 4.203223384891523022e-03 9.341409405633892965e-03 3.216901200974208591e-02 -9.756098147336079995e-02 -2.744796943039413961e-02 -3.355651100594798930e-02 -1.573270331958351309e-02 -6.714874031169246194e-02 -1.001883231751671613e-02 5.515774498729662106e-02 -7.103245514945953631e-02
-1.017457805139640459e-02 -3.458515212555599017e-02 7.049718019122787338e-02 -6.912818393039010800e-02 -1.722393907065804530e-01 -1.175329100162235685e-01 9.700046056388408888e-02 1.296544188488537620e-02 4.089320783787918356e-02 -5.580457305068700635e-02 -1.160490597523019911e-03 9.559382844521902012e-02
-1.550793514813398645e-02 -1.795934877116436845e-02 -8.676314061143843015e-02 -7.041585998045543290e-03 -6.486540494711295901e-02 1.126755377133868002e-01 1.344031740628150173e-01 -3.116294636374180443e-02 -1.371637992204855494e-01 -3.461227112024074098e-02 8.905140566220653975e-02 -7.582238924487391674e-02
8.544527232072476886e-02 -1.646617581370565363e-03 -2.222445442413985978e-02 -2.531946017965876899e-02 -2.742253606301965282e-03 1.054412122583692560e-02 -1.381038677042663700e-03 1.605402366051676966e-01 -1.635986639728171932e-01 -3.805677155349971447e-02 -1.514665958915677735e-01 -9.037689580187115157e-02
1.052002991960512834e-02 6.487606385173520784e-02 4.771835868236352224e-02 5.886974553007780220e-02 -2.765265454150568104e-03 -8.614713453097117002e-02 1.413742910235834815e-01 -6.296333849329686927e-02 -1.094154067864399199e-01 -1.320622221752306702e-01 8.678292890973060558e-02 -7.520418532038336545e-02
-1.064286912250619055e-01 4.482654674288830132e-02 -1.484926404814758960e-01 1.077686469062245911e-02 -2.902984605753997083e-02 4.700089507495495977e-02 5.205101801610781398e-02 3.076972080191642256e-01 -1.921868104166664093e-01 -6.303039139778202071e-02 8.898695670821545056e-02 1.687001367893446457e-01
7.077321568836010546e-03 9.313707967028117540e-02 -6.950564911517673194e-02 -1.403571146525026993e-02 1.011785194966735857e-01 1.115328859492316915e-01 1.710262871209570004e-02 -1.533820755317035801e-02 3.153925235751521561e-02 2.786127301441584242e-02 -5.300489266001104371e-02 7.287700989700568455e-02
-4.656231793361939597e-02 -4.041093670452271941e-02 4.163195130893380946e-03 5.823335548336038697e-03 -7.327199499619768686e-02 2.914477256267668237e-02 -1.126422346731921348e-01 3.443344047418181453e-02 -5.946741104338418293e-03 -8.803755892788830625e-03 7.708768500171805926e-02 -1.223702460151099465e-02
-5.875957757091844480e-02 -1.439490163397644934e-02 -1.272204587519873975e-01 9.452847616125428787e-03 2.767142415953514900e-02 7.785203453403330594e-03 -6.752026235791172559e-02 2.063973503541530891e-02 1.538189879774844865e-02 -7.166309386112587609e-02 2.728232177051571894e-02 9.599633182466556225e-02
1.092029658512614076e-01 -4.819927128029533048e-03 -1.996802621471532868e-02 -2.492034204086892440e-02 -4.022082138647062322e-02 -6.334789627887225938e-02 -3.469939302886763943e-02 3.111819630619095181e-02 3.266589702366538145e-02 4.626106076136044659e-02 -4.346963107736626086e-02 -2.070691548188993009e-02
1.262915112213896553e-02 -1.330158128332627476e-01 -3.017953922542683867e-02 -1.476870165845337729e-02 -1.654219635438203967e-02 1.277233795749823098e-01 4.712988193194723313e-02 7.063550254776719550e-02 -1.962695881819652988e-01 2.758188778334828839e-02 2.691177563394552344e-02 -5.878721825112227795e-02
-1.131418686816470509e-01 -1.196231607686643328e-01 -3.561648353592181820e-02 -5.268205506824574780e-02 2.103623149696922170e-02 1.959129473812230154e-02 -1.428301393009031306e-01 -7.697730813028129393e-02 1.788001832085590187e-02 2.299917201978544101e-01 -1.428945149685008006e-02 6.042303747168800698e-02
5.715524071020004065e-02 1.328404294596772228e-01 9.335542023351595109e-02 1.151592405080454143e-02 6.971020188627226333e-03 -8.459623807808405727e-02 1.875401221705080834e-02 7.416626219623040361e-02 7.968473369469805667e-02 1.006096665394767276e-01 1.482013916609613291e-01 1.566269248151329688e-02
8.944113603991450667e-02 1.311571347917221964e-01 -3.013689051615843842e-02 -1.432484973226276492e-01 2.554628353238923635e-02 2.077108357380988424e-02 9.272802928243834356e-03 6.510851822745902795e-02 -1.624211550888922662e-01 -1.631292596142402684e-01 4.769025551156137743e-02 -1.836348269155204660e-01
-3.279389597230951414e-02 -1.497965949324919499e-01 -3.117047778044048159e-02 1.409827263831285593e-01 1.383638249473270188e-01 3.491351342266803964e-02 -4.478698828911118271e-03 5.808107224714394168e-02 -2.449344754386507256e-02 7.072354574084208090e-02 -7.248038499677776636e-02 2.840989996998101799e-02
8.166065816148905532e-03 9.057974332370474779e-02 -1.130235378653473011e-01 1.822660452775567985e-02 1.701191069400470601e-01 6.142005443348116933e-02 8.560961958587971765e-02 -1.853861794437227858e-02 -3.438423527687647918e-02 -1.091624070314954481e-01 -3.162138213839597173e-03 -1.256711698960794599e-01
-7.449657156022382321e-02 1.461729890299225676e-01 4.644574006667839816e-02 3.523501453766215985e-02 -1.354523806948785755e-02 -1.868631325597865100e-01 -7.968150333271303842e-02 -2.130867284606386414e-01 -1.497381418468201608e-01 4.611003439008805327e-02 -2.208791905920137744e-02 6.131192643571607009e-02
3.933675525961090325e-02 -1.085038270969985660e-02 -6.692658424687558671e-02 2.565986791253176483e-02 -2.539700581393964512e-02 2.178237116669665477e-02 -1.805623333035258349e-02 -2.318098643053791846e-02 1.242080455259652050e-01 1.062612648828391154e-01 -5.871063767771853015e-02 1.240748586531128517e-01
4.923299251957734268e-02 -1.245274355627993407e-01 2.683067349830012965e-02 1.237801480743086074e-01 -1.349332838707129403e-02 -9.455326369068774162e-02 3.279258353166668305e-02 -6.925219421878316128e-02 -1.634967455526543240e-02 4.532821653091807790e-02 2.968169592249086941e-02 2.153892227839917517e-01
-1.675232080473360724e-02 9.785313453430788400e-02 2.008232318511897832e-02 -9.544488293400310575e-02 3.476514645921525981e-02 4.628271596153744200e-02 -2.368948309667805174e-02 -7.415101878344537711e-02 -1.249862165483047322e-01 4.509485490857512852e-02 5.722687110932171001e-02 -1.456079831187535034e-01
4.345282177041165372e-02 -8.259581917728651967e-02 1.016648070417350003e-01 6.192474981761109804e-02 2.835838193589947445e-02 4.558061838841605262e-02 6.589956125547126453e-02 -3.954726354165699620e-02 9.853055660097385926e-03 -1.293113704331397273e-01 6.046492514190876522e-02 9.165409857774715896e-02
-1.278025002440930091e-01 -5.898696400819133934e-02 -3.173565565760901042e-02 -2.138541849182185040e-02 -4.721596057180338368e-03 -1.049770518074589348e-02 6.717541333991564056e-02 -3.459396830806345940e-02 1.245427858940055393e-01 1.446184511042809540e-01 6.534102726167673701e-04 -4.191972728332098164e-02
4.584583403155080214e-03 3.204510681604526984e-02 -1.641177699505102783e-01 4.054988848917583794e-02 -3.480879271634176181e-02 -3.671466403468357648e-02 4.187263327526569157e-02 2.298306443564363324e-02 -3.403060308206848350e-02 -8.755416308690552873e-02 1.254480370860867056e-01 -5.596063769919352310e-02
-7.042046409678304197e-02 5.297631662971961919e-02 2.229820125341880344e-02 -3.404519661527527497e-02 -5.388475810658536341e-02 -2.727801899471159197e-02 2.125551872147441179e-01 4.054496153297231648e-02 7.289753160643647201e-02 2.821567995360774878e-02 -4.609382336449494716e-02 -1.673486027746982907e-02
-2.822792867992045263e-02 7.020658370577758517e-03 -1.158371728991315110e-02 9.061807759276452323e-02 4.052434543505616105e-02 9.911227819169661502e-02 -3.916660912485529170e-04 9.466954579255410212e-04 -6.995176231843636128e-02 1.706462098409795569e-01 8.853278461385377662e-02 -8.351138921094197753e-02
5.947096603468405435e-02 -9.743807568286102366e-03 1.762234228402225489e-01 -1.760628601083649158e-01 -3.022761847113002512e-02 -7.201190492661982412e-02 -2.116132735157991857e-02 -7.429361624654148843e-02 8.608807703302370773e-02 -1.305083869391865381e-01 4.120713705650617953e-02 -6.354976000896317423e-02
-6.371496897771128376e-02 1.088188780940918809e-01 -1.945619705764563626e-02 -8.067412948511185761e-03 2.281150811266266509e-02 4.736687223725734308e-02 2.542653034444487814e-02 1.525436116919629860e-02 3.760314134346563752e-02 -1.686182913711289574e-02 1.166361598040406566e-01 -5.837224439594563413e-02
6.250947544922058619e-02 1.242189005171773220e-01 1.454029011390162440e-01 -1.059389931310733557e-01 6.290216523635345537e-03 -1.066546324706723475e-02 -2.513586943950029545e-02 -1.049415219007613920e-01 -8.373966864289161816e-02 1.039675328956507078e-01 9.811321262508998498e-02 -1.046172466791425726e-01
-8.237122283384382126e-02 2.011332985206524260e-01 -6.813911796330715531e-02 -7.376345512940399307e-02 2.193173285269048658e-02 -5.779000892984757082e-02 2.883098478289055147e-02 -3.481178260588335769e-03 -2.322617907485798328e-01 4.304485281222185378e-02 5.788475572943442560e-02 -6.474273165568913968e-02
1.249224672563656324e-01 5.796238445691256902e-03 6.882411187649367657e-02 1.195567540657856698e-01 -4.221254585131720138e-02 4.731727003626293171e-02 -3.140831365767364491e-02 4.041483323070976102e-02 -6.594002535663964770e-02 -4.435642554994571884e-02 -4.427855176313958557e-02 5.988113912423476126e-02
1.429898903819846190e-01 1.268693452828235091e-01 -6.995017530748219581e-02 2.227747841644190166e-02 2.615155808486303857e-02 -7.562156217611961002e-03 1.042956264777527564e-01 7.077580441715719539e-02 -6.668680357768660971e-02 -7.521330918012746058e-02 -1.245165685705615886e-03 1.021503405899626543e-01
6.458117525080447896e-02 -6.631052414232503633e-02 3.547754078671165601e-02 -2.337546975730961374e-02 3.875563737592313540e-02 -1.591882759949576898e-02 2.365534233162222000e-01 -3.611698223050499937e-03 -1.353413027881829322e-01 -7.884237519669118344e-02 -1.173784269196610497e-01 7.568352237790462733e-02
1.839225537009235231e-02 4.924788186545862867e-02 -1.178846379208376566e-02 -1.798533437303084792e-01 -9.246416919833574943e-02 1.927357529746535625e-01 7.632359693586958371e-02 -9.536847738435938471e-02 1.193243675703006546e-01 -2.706178067216525110e-02 -6.883941405147568637e-02 -1.996466412494850989e-02
6.868579374120968584e-02 7.291604277502816700e-02 7.658749085022933945e-02 6.601051919516773281e-02 -2.816643607685435924e-02 3.143923577974631206e-02 9.928510167045339133e-03 1.423849540899461141e-01 -2.106528007756443971e-02 1.411247823778598587e-01 -1.790607270806154894e-02 -2.697442525299093563e-01
1.256911653184134559e-01 7.603028553028684522e-02 9.979727971988897051e-02 7.575517315504451399e-02 -1.119210934632194898e-02 -1.017397289931284976e-01 1.421239985797788374e-01 -1.175117488151123657e-01 -5.982766532268815607e-02 5.436470515415531973e-02 1.112560465074914906e-01 -5.084376050932540997e-03
-4.893173797220177340e-02 -7.649880593553988473e-02 1.708907522222914005e-02 4.064891438044483662e-02 6.651382054606946870e-02 -4.551002862633929391e-02 1.273418461945113322e-01 1.602521145872992103e-01 -3.012649159724090780e-02 -1.310918432701889619e-03 3.153309002147985929e-02 8.746057835626910859e-02
-5.378992084521839329e-02 -7.403172257618893803e-02 1.234706303142480907e-02 -9.242516751501092531e-02 -1.243330593657369920e-01 -1.473747643284097075e-01 1.622405996484418966e-02 8.880128183994906443e-02 8.033097166948822976e-02 1.837648102024284635e-01 7.602750320523586972e-03 -4.337783392221401801e-02
-6.984850081362334318e-02 7.096296346572545169e-03 -2.531288359577149941e-02 7.705305275815416133e-02 -2.739129852013034300e-02 -2.877701178826329309e-02 -1.558560816884048753e-02 1.036446270112131446e-01 -8.622672493541513883e-02 2.366720441491167171e-01 -9.791488379683247617e-03 -3.094528606696982792e-02
-1.759143704714230538e-01 -9.130604121378983751e-02 1.359611502246299286e-01 3.602100710139652818e-03 1.665343703173815387e-02 6.032040907223754078e-02 -8.643730934418072942e-02 2.236863645965133512e-02 -1.640368876829138151e-02 -1.424544051930607125e-01 -1.273889194357758631e-02 -1.105220056328362795e-02
8.315607666490906769e-02 1.434481602522358901e-01 9.430960492706698395e-02 -4.240836264145149415e-02 -7.006244347651635618e-02 -1.980959680329742387e-02 1.730937028865448327e-02 1.084392823682687884e-01 -5.285996383088524542e-02 -1.933160816296980999e-01 9.528032254897378026e-03 -1.859652150053110742e-02
8.488238259194466617e-02 -8.053614991898419562e-02 3.416605027632720060e-02 2.000395475791090852e-02 1.399124296527481381e-01 -8.755227934173853699e-02 1.254144404029415225e-02 7.514431577935958874e-03 -3.694747254725841423e-02 2.032102181926107726e-02 6.052043687783698750e-02 7.140249191208877799e-02
-1.177480865170932312e-02 -1.376021779949131718e-01 1.572944017385764781e-02 3.049324711205055050e-02 9.611548443857888258e-02 -8.028682712262111276e-02 -1.795760667994152349e-01 5.383358971109254015e-02 7.040677053953478537e-02 -5.873826344043497905e-02 -7.018816278096307038e-03 2.849365951873306796e-02
1.223256259371774055e-02 6.451466466588781645e-02 4.841943652747936200e-02 1.102693527819054164e-01 7.519176936635649233e-02 -9.948644754145419267e-03 -6.662544779163419306e-02 1.759657567480459386e-02 -4.731118048845083662e-03 9.458503876046053804e-02 8.488332746220318692e-02 -1.134331838623958977e-01
-2.017022472457163582e-02 -4.725741192649206279e-02 -2.304923547836088688e-02 -8.409243686707597309e-02 2.143233377665811762e-02 3.174697569653295304e-02 -1.210956328979084784e-02 7.153693938250246798e-02 9.127275090494163523e-02 -4.058323936692274925e-02 7.886758496331919277e-02 -1.607328647232547369e-01
4.735264206467535569e-02 -2.204683436009668984e-02 1.419683017311911336e-02 8.903158112501738386e-02 -4.338555926575241029e-02 9.857525898047710122e-02 -5.328151469558899123e-02 4.918587723856508720e-02 1.902465560315948559e-02 -8.780429968861344636e-02 3.513556206642677593e-02 -1.908094794543478342e-02
8.244896039398441623e-02 5.039483643643456745e-02 -5.383371819479929044e-02 1.130107082272773650e-02 2.115727740146355201e-02 -1.622951659230676968e-01 1.771615518313970905e-01 9.636829651288675519e-04 -1.103307308666940691e-02 -2.836767355771397520e-02 3.240795069284835295e-02 -2.055386942744780870e-03
1.438003673992213072e-01 -1.522174005655697882e-02 -4.234548967287961319e-02 -4.857314049580135906e-02 -1.748991322613308030e-02 -6.457210606466176617e-02 2.330494983903477063e-02 -2.713704724594871026e-02 -3.486147219851087886e-02 4.832882389372791798e-02 2.982184541747387105e-03 -7.015538296821642768e-03
-3.405342890355856494e-02 2.056733189746285106e-01 9.201108578583140629e-02 -9.106161271645329958e-02 1.665455475779464498e-02 -1.738568031296693905e-01 1.002516818061756354e-01 1.140459920308150715e-01 2.322107430784802612e-02 -1.741908246677059680e-02 1.649016164638855697e-01 4.928456459214106827e-02
1.724465522398585249e-01 1.370956184119013765e-01 -1.778789283605782673e-02 7.901223412579226613e-03 1.472450187017778633e-01 3.214510478881865696e-02 -4.124660282190106830e-03 -6.343385499291599727e-02 3.369408492266533217e-02 -1.454244690762855619e-01 -1.338316491858668467e-01 5.184438321764759522e-02
8.721822984469507212e-02 1.134813266429962608e-02 -5.459776680015536454e-03 -1.369780818693479008e-01 9.509776194386640458e-02 3.277038783565857510e-02 -4.722354823248442468e-02 9.449374952317408927e-03 7.262012948061430384e-02 1.444724185193193289e-01 -7.538355040424174480e-02 -5.838478930979290604e-02
3.621053058491766063e-02 1.415441672946161078e-01 5.399553625881759605e-02 1.733841112035329219e-03 2.554219399219594469e-02 9.620439637498302832e-02 5.348235830262294257e-04 4.094120879079452685e-02 8.096609186965331162e-02 -2.131722544797529442e-02 1.141255424136174701e-01 2.579843229909219854e-02
-8.051396190221894733e-02 -2.600313213385278127e-02 1.570246919194430435e-02 2.863746086763713228e-02 -5.049751994321510437e-03 3.877910341880481948e-02 5.429277499981574606e-02 -1.793213627799315202e-01 1.090900132251369781e-02 -6.459391279725136548e-02 -2.521977530478182461e-02 -1.882151829828611345e-02
1.190228297834119431e-01 7.108677000076268904e-02 5.036422246319255391e-02 -7.275227094838609965e-02 -1.171712442310342533e-03 2.087456103584646727e-01 1.979136979192433199e-01 -4.153601503079749208e-02 -3.435167554788819133e-02 2.546478613835909100e-04 8.292070081021413186e-02 -4.058972329753131325e-02
-6.037717910160169191e-03 8.128258991640133213e-02 7.268007997059611203e-02 -4.729719683122327739e-02 2.234630128585734024e-02 -9.040730448670088182e-02 5.093033683149523344e-02 1.256406965151474382e-02 -1.460989633491564799e-01 3.392639375256295033e-03 -5.445393859597517233e-02 -9.113159001872923881e-02
-7.497920906661129092e-02 8.109479364557209413e-02 -1.538391602305527461e-01 -1.920893756533355312e-01 1.112283215223670331e-02 -8.690847052711822562e-03 5.207846745054198201e-02 -5.957872513032503453e-02 -7.977978140774039106e-02 -8.211975946596543341e-02 -4.634277042555865617e-02 6.975471911088738930e-02
2.567012090110050437e-02 6.378721170170234198e-03 7.508755439259391651e-02 -3.457713497762868182e-02 -1.140459120233200119e-01 -1.921615487757182272e-01 -1.034083502618628192e-01 -9.903105694468278264e-02 7.245211633315788713e-02 1.366641403471894334e-01 -1.902593589589816198e-02 4.284399732239173308e-03
6.895816623654708877e-02 -2.939272321694294879e-02 8.246328220047711641e-04 -7.813282267543608661e-02 -4.256750572568356039e-02 1.205305864412471728e-01 3.104622248596202588e-02 -4.048897340091926061e-02 5.680533495502943647e-02 7.639744139898566044e-02 9.548796949190414829e-02 -3.125308734105038816e-02
5.871819780358807431e-03 3.313311566937444247e-02 -1.748803020861600666e-01 -9.829813310451887554e-02 5.487703621137874493e-02 9.403556939959578642e-02 2.144417149046592974e-02 -1.419897502190252958e-01 -2.252788908077674457e-01 9.837172795535983894e-02 1.100793181096526574e-01 -4.427198593752524822e-03
-5.486338169302946554e-04 -9.026395787802167503e-02 -1.739714947379478183e-02 4.614777063850759170e-02 1.350653839849254578e-01 4.191450147963182715e-02 -4.332388418267184294e-02 -2.910335995103929818e-02 -6.808852013797450642e-02 3.550784288995286614e-02 3.734621344397481835e-02 1.805078904307031995e-01
-1.016198697358756398e-01 1.379416665875953796e-01 1.879710387926413623e-02 -1.663935559562090827e-01 -9.387019139317026584e-02 -6.667945078466767928e-02 6.187166349264540399e-02 7.354457472274156249e-02 -1.392419273336105434e-02 -1.501664607016541669e-02 7.817848390916738721e-02 7.835067886596207287e-03
8.997087619782269396e-02 -9.890621488146363049e-02 2.169699445591408843e-02 4.011688285709130025e-02 3.633662012343111258e-02 -5.300996726324586766e-02 4.760543319367614712e-02 6.744048813583412849e-02 -1.315230643033613468e-03 2.727506541144202393e-02 -5.387365305782790270e-02 1.109438855158359633e-01
-2.492981822554459631e-02 -9.911983309363493755e-02 1.113914995638163874e-01 -7.460924398272006375e-02 4.581541056804307177e-02 -2.273923347033298542e-02 1.717555310038026417e-01 -6.875310566203035600e-02 1.261141514508142270e-01 6.125070459117951810e-02 -9.738326619699236644e-03 4.680550035686934646e-02
1.361460987814081536e-01 7.455833175317300165e-02 1.363811792202859197e-01 4.606657338477010422e-02 7.592121551649902433e-02 -1.672151608944555667e-01 -2.862222664489894042e-02 6.950890000377199507e-02 5.899589130784942126e-02 4.862457479166613916e-02 3.289826755789734825e-02 1.947975645448846160e-02
-8.092635735919380402e-02 -7.458216571068673750e-02 2.572910466577562130e-02 2.291951306219527640e-01 -8.651616479992155218e-02 3.656765130755851301e-02 -1.328405987246642980e-02 2.171793011837632251e-02 2.968782195975435204e-02 7.656926747929414245e-02 1.932865616886904059e-01 -8.012674479298384500e-02
-6.609363006320895240e-02 1.379941247505156454e-02 -9.737055260853889893e-02 -2.403196668940306771e-02 -6.591404330201734718e-02 -7.976625371664684827e-02 7.469214791040373891e-02 8.922178237181468963e-02 -1.227829398622756751e-01 -1.075358563692266345e-01 -4.487243469790684613e-02 3.849480569258928453e-02
-2.050269372373294541e-01 -7.796350333725476922e-02 8.408262193332129153e-02 -1.603295759404800847e-01 -8.633303955585265588e-02 -1.023242332849227387e-01 -1.308020526621927471e-01 -7.552782992691457753e-03 1.275238194664010116e-01 4.689343066011592009e-02 -8.865111981273537944e-02 -3.648271681796423638e-02
5.950002728573656335e-02 2.596128267422013851e-03 -1.396201320013632646e-02 5.689349997645726242e-02 1.368534660220678267e-01 -1.432409302161145037e-01 -5.344944976579094065e-02 5.589938853618758169e-03 -8.539249812323734812e-03 3.085845391947510119e-02 3.135601006685138914e-02 -2.572765977678806992e-01
4.413635940141853037e-02 7.219102286186200590e-02 -1.851465714906246757e-02 -4.537618584932673338e-02 -1.324414690358369229e-02 4.393589655987822917e-02 3.760375918732473954e-02 -8.613463903630200202e-03 -2.744457787078990324e-02 4.718311643671922045e-02 -1.658624506526433229e-01 1.006365256693908666e-01
-7.918054566980688158e-02 1.143265577546226375e-01 -1.100488329536360166e-01 5.521790737623242379e-02 1.597569192792652193e-01 -9.691666459418019075e-02 5.298931810641693309e-04 1.431239417294550842e-01 5.834560281998153047e-02 -1.109950934127250100e-01 1.895112823777149111e-02 -5.325795117762698039e-02
3.426287010903479591e-02 -3.440555629943931742e-02 -1.166501684513597398e-01 2.818090374310685056e-02 -9.216641185947982429e-02 -5.789015986617333104e-02 -9.579397838415248945e-02 2.570654608162695892e-02 7.192173853631498442e-03 -5.196107045844619576e-02 2.396624341222986232e-01 -8.237968223581171312e-02
-1.997115304097293875e-02 2.335804102081107114e-02 1.137390970175184736e-02 -1.128239184562302710e-01 -3.242357373436814683e-02 -9.495668141254209882e-02 -1.544026882750764162e-01 2.416100758015397865e-02 7.383757197083323787e-02 -8.548942990731057956e-02 9.627831951963098517e-03 -2.095883294785426745e-02
-4.544141199707392442e-02 -8.173416061286875589e-02 2.518926591232192869e-02 -9.207086715711176872e-02 -1.510563021535791806e-01 -5.247390673809877726e-02 -5.675525663188824010e-02 -6.028254825313373449e-02 -1.826073449582957253e-01 -9.695568188768051432e-02 2.047635434176566238e-01 1.305027179169747087e-01
-1.018592942301752291e-01 8.896616357556980104e-02 -8.857119863613262256e-02 -5.559392027231031819e-02 -3.768072910470791903e-02 4.148219343473652510e-02 1.799308729571884313e-02 8.236912740260737831e-02 -6.514509721382971685e-02 -9.479047412663109407e-03 2.107112335815661958e-02 8.556730639996741605e-02
-5.435866521216576458e-02 1.942616305839166280e-02 8.182665908837288837e-02 -6.166276054188850331e-02 6.147112808075984314e-02 2.474487782916401368e-02 5.548972358640885671e-02 -2.047611206744155976e-01 -1.034041468171154055e-01 -6.716604918825674897e-02 4.325635742861375782e-02 -5.164813934260244210e-02
-3.546388741337048317e-02 2.771901815587897791e-02 1.238595734678602511e-01 1.042390094771582787e-01 6.715066190381958899e-03 -1.937042292080434769e-02 -4.147844320658422568e-02 -9.723984499266798143e-02 1.019738179784524107e-01 4.034185802581033431e-02 -2.870048400977037034e-02 7.486693980805045334e-02
3.853270486188054011e-02 1.177719774221592033e-02 6.634608732037991508e-02 -8.363446963450812260e-03 -6.765362438834088277e-02 5.656750729385696258e-02 -9.932370469746043540e-02 -5.254375287744944556e-02 -1.574094418160621456e-01 4.611972941513081681e-02 1.668885124430717071e-01 1.150935920052905403e-01
-3.233598238950433773e-02 4.045376948653747751e-02 4.048250941868600239e-02 2.541883190881496016e-02 1.723252548148048423e-03 -4.506496189778140538e-02 4.439741546565793839e-02 4.636255790760946544e-02 -1.236808202980576622e-02 1.921780021035546931e-02 3.136734024310133123e-02 1.751524136608379467e-01
1.391415292309134411e-01 -1.299727656991699343e-01 1.259612666069778175e-01 6.324473700805862721e-03 -8.897052956681458791e-02 -9.026207410762010497e-02 6.245473052118569873e-02 -8.930745475720087978e-02 5.045048174115077805e-02 -8.153087501177951057e-02 6.229341523158064137e-02 5.296722324317945652e-02
6.400348982716470847e-02 1.727723927648827096e-01 4.388487240941668643e-02 6.736313409158285748e-02 4.648793242585564506e-02 1.375178184433772932e-01 -1.439337891095707478e-01 -8.950806499271903027e-02 1.058681446957254468e-01 -1.664663763892326037e-02 -8.163811149109388710e-02 7.425276730207648612e-02
1.118295327285130994e-02 6.808039017220493538e-02 8.604922370200601689e-02 2.469207413852270855e-02 1.287176470193820629e-02 -6.828299561249837057e-02 2.487165431383541250e-02 1.126496653589319219e-01 -8.453589744311486298e-02 5.057875981467036680e-02 5.502633878838938952e-02 -1.279716263638551177e-01
