-7.745931596039853373e-01 -7.702640078394745737e-01 -1.461439309210586401e+00 -1.505579716966181536e+00
-2.648639525572387132e+00 -2.045772525643584583e+00 -6.544740805773239245e-01 -6.637646308366521586e-01
4.138676201302020630e+00 2.720119559816516208e+00 2.054566083385348296e+00 2.798181607907264556e+00
8.112020895814968380e-02 -1.046659188033624899e+00 -9.324365669409014901e-01 -1.003821178747619225e+00
2.101339639326480935e+00 3.028267740431086263e+00 1.446961357349524135e+00 1.849147919057049227e+00
2.776372284979236493e+00 1.534827950439552613e-01 1.028774142927800561e+00 1.779373019105710219e+00
1.005229338920770266e+00 9.678554324560816324e-01 1.245005470857942331e+00 2.949000196401315499e+00
2.296683907245767112e-02 -2.354373330972324485e+00 -2.924546928240597254e-01 8.929591643056097316e-01
-8.155747491734538501e-01 -7.674114776116210956e-01 -1.149548971841665157e+00 -7.405534335448906713e-01
-1.705451841864570550e+00 -2.249209047552417129e+00 -1.494646800923300267e+00 -2.997356026085638891e+00
-8.132206963822176116e-01 2.402834150576173278e-01 -9.495426837133164044e-02 5.090812589187619919e-01
3.677799328718732719e-01 -1.274113690543431376e+00 -8.347227990022879629e-01 5.015531429269992625e-02
-3.280049805866264379e+00 -1.650040461055031882e+00 -2.631068750411293955e+00 -2.545057375861071502e+00
3.316481104152277037e+00 1.798006616051829099e+00 1.558526487167178898e+00 1.373261937937549693e+00
2.538767667289285601e+00 2.851277383045874636e+00 2.267078236137013203e+00 5.119392495712890678e+00
-2.260881848227647151e+00 -3.483332178852586836e+00 -3.033927707117876960e+00 -1.037398178263312154e+00
-1.023904860936971223e-01 9.314697534548239677e-01 4.185239337369806023e-01 1.299125859254102400e+00
-5.627721812274889546e-01 -1.154181719651327098e+00 -1.276916884612953051e+00 -1.351378137563653548e-01
6.648781733591481169e-01 7.288366448617555893e-02 7.984281222970739389e-01 8.997581375358144617e-01
-2.848947789849389789e+00 -3.651917558728324575e+00 -1.829265909542688417e+00 -1.218611389934876499e+00
2.543046314866522994e+00 4.763371644980171071e-01 1.923953766830006185e+00 6.080105181994854391e+00
-1.623143256024164982e+00 -2.866230761263699023e+00 -2.869704057280484388e+00 -2.541863596465098407e+00
-5.565550049628011919e-01 8.270340548424579552e-01 -1.319780202130740598e-01 1.451851670023180718e+00
1.328124526139179640e+00 2.926307478556779085e+00 -2.588840292438260304e-01 -9.682917545892261169e-01
-1.633827676074829094e-01 -1.682669336871235988e+00 -1.636389241287945939e+00 -1.040963834441986036e+00
2.033783049348952154e+00 9.656263640054766340e-01 1.856126322904832815e+00 3.427079791948218102e+00
3.565951855803799919e+00 2.940114291865389529e+00 2.672923446212633003e+00 2.039387166761801762e+00
1.743642564024704411e+00 4.838215594257859187e-01 8.101422314603767827e-01 8.723633032261612907e-01
-2.550971978150202712e-01 4.110388867194264551e-02 9.959492985225439909e-01 1.287293295721155806e+00
2.912284480652740370e+00 1.863654055206467097e+00 2.672147672112534345e+00 2.121419440175495552e+00
