-9.651509807199442070e-01 4.589268594278979596e-01 -2.358619426924477014e-01 -1.039887717561309044e+00 6.676283374784001134e-01 -1.022467234613591396e-02 -1.369503384995085227e-01 -7.389418342068881929e-01 -3.398588404120031492e-01 2.392204543895815327e-01 4.274751183552363831e-01 2.030307065958533996e-01
-9.347197589691026431e-01 2.640571963529939059e-01 7.351803591748656830e-01 -1.794583805404504018e+00 -7.265006812802586866e-01 -8.694363616516356807e-02 5.994262237374478053e-01 1.544454890459327823e+00 1.409071240843805528e+00 -2.746436965010178866e-01 7.123746027538482295e-01 5.174028916327408911e-01
-1.188177470437716376e+00 -1.011847298277905594e-01 -1.740716378815712617e-01 3.740914627138858251e-01 6.161759338935544061e-01 -3.717090473329570655e-01 -4.428663450840822358e-01 -6.311664305254498508e-01 -8.065340693151598073e-01 2.656243958743526035e-01 1.067866317004584120e+00 2.954324838996653657e-01
7.107268007912902474e-01 -2.609391276682830885e-01 7.614715250251451462e-01 -3.044651091944260979e-01 8.844198045541349362e-01 -8.033509883961558184e-01 7.130243431529507125e-01 6.916126691831070428e-01 7.143920427692643793e-01 -6.616134448054321604e-01 -4.252792160014683964e-01 1.194514012234787481e+00
-3.468629458355361739e-01 3.700387649983089694e-02 -2.764049504806624924e-01 7.988015994229530348e-02 -1.507369994934761315e-01 -5.541952314318236011e-02 -2.640452351280082599e-01 2.384835637109353479e-01 -3.121948852723565038e-01 4.611494672253423910e-01 1.118193309639480715e+00 9.765459953095871892e-01
9.519252085080539549e-01 6.058403242509436959e-01 -7.390391070731958112e-02 -3.123746717341914225e-01 1.276987068328367704e-02 1.023935200647995702e-01 -8.319563014605418916e-02 3.438360168012854490e-01 8.877950569265656566e-02 3.970848973762753920e-01 -5.539992514188186723e-01 -7.229967258675396025e-01
9.746352199291942187e-01 -1.055498214227649084e-01 -5.608356214337592016e-01 3.567447275807110740e-01 1.306068745978820056e+00 6.599674630128800068e-01 -5.464474801673441240e-01 -1.142949926861339005e+00 2.271270092136473129e-01 3.106724293713431506e-01 2.312434217127208036e-01 -1.999094098185054125e-01
-1.667708659090393564e+00 -4.077770893355921467e-01 -4.330364429900111778e-03 -6.381200569092527752e-01 7.437881029612337658e-01 9.973848362073446661e-02 3.249109522942394968e-01 -3.852470374280390630e-01 -2.019522384505122725e-01 -3.157520227447200845e-01 1.499793655611948717e-01 1.115622561373478705e+00
-1.722046383045379714e-01 3.008894766540186061e-01 -3.633805142277393707e-01 -9.781597979729095282e-01 4.543601856231433388e-03 -1.239634414299300325e+00 -2.194916284507909543e-01 2.178661669126810974e-01 2.294191432772078598e-01 6.979476191896231141e-01 8.373928160400356813e-02 -3.733531756957780279e-01
-8.452851521659114908e-01 3.698607767624129683e-01 3.765303888357140472e-01 -1.073998612700746147e+00 -1.775905510000717891e-02 -8.944502292760041495e-01 8.465053614693903716e-01 1.998007684177476317e-01 6.027672125554188742e-01 -3.091849841065241744e-01 -1.347613157472992373e+00 5.734129724111032556e-02
-1.143527631633480396e-01 -5.240646671071379492e-01 1.839945572453131617e-01 6.292715893051796794e-01 9.190476834810280826e-02 2.518362151306421937e-01 1.079042233380069354e-01 -2.656897180687699533e-01 -7.685969023225331931e-01 -1.830239431232398295e-01 -9.540077492754903826e-03 4.312079992217242030e-01
7.836513227166982398e-01 9.829400963713591510e-02 -3.211815555839955816e-01 4.909084833956687821e-01 -7.921718737328753424e-01 1.112155789237758707e+00 3.918911824704641306e-02 2.066506276393372532e-01 -4.745395595909825404e-01 4.971273123659922799e-01 -5.150708601565832101e-01 8.497937303414572208e-01
8.841348684261319812e-01 5.537631148527976110e-01 -2.663164144488381901e-01 -5.941578085771973550e-01 -8.113418991989862494e-01 -3.791575951249496201e-01 -3.913415723717220129e-01 1.013596171394502532e+00 3.625947615993732054e-01 3.331169798541226967e-01 -2.918588711668270164e-01 1.163728714141713860e+00
4.764571532132607645e-01 -1.602587999529773988e-02 -6.079090978737980988e-01 -1.522071313619171029e-01 -4.001293418323348949e-01 1.156855025853407715e-01 -6.503193372388864635e-01 -7.054865155662329856e-01 3.640483443487326776e-01 4.951089763518104481e-01 -3.966260222761622822e-01 -7.058847787701826026e-02
-4.324128396504336447e-01 3.873338927850356050e-01 -2.213711229011753878e-01 -1.168985350290584924e+00 2.772946348559575114e-01 -7.076559046659441909e-01 -3.886010376151878276e-01 -1.288219636424626224e-01 3.738191209734844644e-01 3.873746133000504632e-01 7.888475321943058116e-01 -2.820993481518575541e-01
2.145778125049404850e-01 4.480114499793316218e-01 -5.698402179118526867e-01 -4.404028072426251494e-01 -1.173485717844701570e+00 -3.163251386606494853e-01 -4.231014758527068542e-01 -2.305073830988742245e-01 1.556212363476332516e+00 -2.759193774755547973e-02 -7.836631629674796207e-01 3.087811508746106104e-01
-2.294975911020920578e-01 -5.832553230608563677e-01 4.916058871419363152e-01 7.152025478211196940e-01 6.815981427001827075e-01 7.470465447277004900e-01 3.785666107512778988e-01 -1.527738496662591761e-01 -1.336004432121190133e+00 -1.730454844927451219e-01 -2.292753408582277330e-01 7.127561447697204899e-01
8.034841118872829147e-02 -5.435424834942287342e-01 -2.257052115328045394e-01 1.362160975088472448e+00 7.168454349236665912e-01 2.588840014708192472e-01 -2.379586339587206334e-01 -4.746654976560589767e-01 -6.764231253667848387e-01 2.914515820371076371e-01 -1.998998564946823653e-01 7.744688123067043906e-01
-2.953222913393199200e-01 -5.731913050028799445e-02 -1.026425705060324128e-01 1.524207768063662094e+00 1.508696015821748837e-01 1.639155091330069203e+00 -2.261109468426494296e-01 -1.549980655183214706e+00 -5.515890016437694499e-01 -1.931312249254644453e-01 1.155211966792098477e-01 -2.362213321411323341e-01
1.193324166141670473e+00 5.294253759421972960e-01 -6.681931631437502961e-02 2.607215678873217035e-01 -1.093407514537094866e-01 2.958120575380284167e-01 -5.578301438562018877e-01 3.530360700082669778e-01 2.412053529024793530e-01 -3.984181630798554474e-01 1.654912400506607833e-03 -3.798354814773235444e-01
-1.256529229895918087e+00 -3.990460114496175992e-01 1.346454542081300561e-02 -8.949375268542787421e-01 -1.905736004178898158e-01 2.095873376875670158e-01 -3.514788826340683320e-02 -2.724797055461213313e-01 -1.467650357215451451e-01 4.044374349538425867e-02 2.300089108399306914e-01 -2.180083245788572988e-01
-2.620468292659031917e+00 5.885360751824902925e-02 3.089879363646617083e-01 -1.638092824862830366e+00 -5.286074817128446485e-02 -1.262054647303535670e+00 5.790602118240242291e-01 4.197789111125138639e-01 3.135103352523898601e-01 3.715374896810886424e-02 -1.206974554059705440e+00 2.074278602208412536e+00
6.555590094933841927e-01 -3.296380953712161888e-01 6.560980094292531151e-01 3.144626447665061497e-01 -2.970794473701532379e-01 8.506148513958074198e-02 1.161887604772078753e+00 -3.400505120335129555e-02 -2.181296170453293493e-01 -5.528368723227050641e-01 -5.925019391814071446e-01 2.880711690277452941e-02
-2.524742052128294278e-01 -5.920174486384617296e-01 2.563861114703130384e-01 3.391483866573197226e-01 3.423228585798725465e-01 1.166768320168328987e+00 7.364285577287393858e-01 -4.815985195274343211e-01 -7.464543715889352393e-01 2.400616328137560596e-01 -6.037568069805336890e-01 4.349459808622138657e-01
1.191307141462218805e-01 3.667920051012117377e-01 -1.700359950252131394e-02 5.149855537518630566e-01 -1.201571434167698904e-01 -9.390142850052747292e-01 7.736543738991624730e-02 -1.403877018372296503e-01 5.946820408086579413e-01 8.678704537952966480e-02 -2.265822818360145319e-01 5.177952213428176353e-01
-4.439034317657215151e-02 -3.197445842151847711e-02 7.418948750926828151e-01 -7.337388386738048496e-01 7.789519375910124444e-01 -7.294971116488353502e-01 8.171271694631007110e-01 3.969843239456403716e-01 7.670890566298371738e-01 -7.386772901055909113e-01 3.549696493813103704e-02 2.703966195559241448e-01
-5.092302621338254953e-01 4.345682237354966948e-02 -1.264936984884329763e-01 -6.406895391266682616e-01 2.116088380225665255e-01 8.306978463303467120e-01 2.335746414911180902e-01 -6.208728779605795500e-01 -2.627242840408784350e-02 2.473384521162024993e-02 1.284058524650897870e-01 -8.677539013364181653e-01
3.445103257539580688e-01 -1.515768218460522010e-01 7.910223011142661909e-01 -2.333721626476209510e-02 5.501609797892070830e-01 -7.732346029752839023e-01 8.738039060947599967e-01 4.796273587083729750e-01 4.130763650794710973e-01 -7.516657452571268161e-01 -2.887879587210223642e-01 2.616107574550609605e-01
5.209739592884350401e-01 -3.212487785626613745e-01 4.150702674244347024e-01 1.164740355559122920e+00 2.419703699832083943e-01 6.213139095640467929e-02 7.172920572336546896e-02 -4.475363436806945733e-02 -4.904211357895243983e-01 -4.989180125659831155e-01 -3.283233900943891004e-01 -2.342202838948815313e-01
4.397017298513802852e-01 4.931711614944697120e-01 -4.230673622832063496e-01 -1.377146620592907267e+00 2.759626028219818727e-01 -9.988123608621235494e-01 1.616270600277166236e-01 -1.287843077805886915e+00 1.324266165584033539e+00 1.097855734210784057e-01 -9.498003702432937789e-01 -2.465925005289492766e+00
-5.611936147469804848e-01 -1.537790102198078879e-01 3.843106675121923943e-01 -7.850058802185022611e-01 -1.292173895810953543e-01 -2.061841425928804400e-03 -6.745355556973516020e-02 2.791740544833924004e-02 1.862081132817663687e-01 -1.928647398781782318e-01 8.363479042314175826e-01 4.930655315854463594e-01
