1.473121470815246470e+00 -9.089838502000834042e-02 3.661329950520482157e-01 2.107603944737077573e+00
3.562571216189718726e+00 2.408159801076148021e+00 2.271299175299574813e+00 1.888929024591174954e-01
-1.695999391901269693e+00 -2.504891249850870860e+00 -2.318092229123204007e+00 -2.896996818736738977e+00
2.053872883337816369e+00 2.509718077741739162e+00 1.693405043937594057e+00 4.385216269665635380e+00
5.067948779616405774e-01 2.943409255457369311e-01 6.764493728383202953e-01 5.033396566384147341e-01
2.081903027267137496e+00 2.575468748834242039e+00 2.667277796760577413e+00 2.436150916334367977e+00
-1.844723809494298372e+00 -1.391115909033474374e+00 -1.570581486766675416e+00 -3.942833023625976763e-01
3.106405820425072406e+00 5.922738877692999004e+00 1.682552329582319706e+00 2.864710322530017894e+00
-1.249639710892833655e+00 2.311146671432372735e+00 -1.422050444003062131e+00 -2.494963785697138281e+00
-1.169683828808007364e+00 -1.228842992195841921e+00 -1.606344104336803857e+00 2.206496398792338720e+00
1.622069116315425052e+00 5.320374569972051049e+00 1.279206124447064719e+00 2.200814932996286721e+00
3.078541701536406272e+00 4.243109247965424657e+00 3.684175500644960355e+00 4.708772079078505257e+00
-2.800792912639403998e+00 -1.953354860352449984e+00 -1.450617244252862648e+00 -5.670730614202185160e-01
1.855049211206386328e+00 1.528061398541890936e+00 7.077550196473740840e-01 3.579648957543079657e+00
-2.078772064829182309e+00 -1.862915405494166121e+00 -1.108961584524660093e+00 -2.574524447348149447e+00
-1.841650086089694272e+00 -3.195685716382933972e+00 -2.288165038641330362e+00 -2.644264994233670674e+00
1.807230518020439325e+00 3.508883638936965088e+00 2.580618258265781950e+00 1.036803621842741441e+00
2.684783030922243796e+00 2.166164511582028496e+00 4.394351658208885958e+00 4.018412591900085040e+00
7.741331050839380667e-01 1.228781615973059793e+00 1.883786029061395251e+00 5.891631919980659937e-01
-1.527861948637561085e+00 5.536960938602635274e-01 -1.425577067185682001e+00 1.076419674576902574e+00
-3.085485212585108883e+00 2.038868934896887364e+00 5.817259291342481431e-01 -2.489025304655225201e-01
1.758364251411724810e+00 3.947500643280624111e+00 2.276456029172757578e+00 -9.322054690456313963e-01
-4.035636431174741134e-01 8.992093295369101291e-01 1.637989972423979035e+00 -1.476142428281506991e+00
2.055949465833408762e+00 -3.651326134184827432e-01 2.460514759462741008e+00 2.352368652111468172e+00
1.524795612865279315e+00 -2.411011772576431511e+00 1.304883632033569274e+00 -2.012291672097665352e+00
-4.061460292989910736e-01 -2.547318279846279676e+00 -1.031592859239388149e+00 -1.249732840345009477e-01
1.305175905326235064e+00 2.981279387871152764e+00 2.038382449089817694e+00 3.231528443377862381e+00
-2.412878221452904537e+00 -4.685586640425172256e+00 -1.912865501338737229e+00 -3.961310265931593300e+00
-2.224256813702154556e+00 1.188047783466281482e+00 -1.332865242609677869e+00 -1.497059273145055602e+00
3.914107257227454006e+00 3.835945705658365235e+00 2.794442955185805211e+00 3.214205244632057923e+00
