-6.081943637692018012e-02 1.582390163189371646e-01 1.500855473600985236e-02 -7.297856814037929907e-02 -1.277132899262887478e-01 2.110070152969672347e-02 -1.541673292779756300e-04 4.027352185299502146e-02 -1.334889845306738987e-01 1.115642489942828865e-02 1.116385909251661930e-03 -1.131129485347981689e-01
-7.117808288958004000e-03 6.915866657717958943e-02 -8.480682499883468450e-02 -1.848096920033190094e-01 2.598761680936053503e-02 1.465403314927937045e-02 2.028850091568315250e-01 8.043552610615750664e-02 -5.992422480960336861e-02 -1.383185908049347664e-02 -8.564542358788425347e-02 -1.508683005110783744e-02
1.053961757533616317e-01 1.170558175429456116e-01 3.156447346127085052e-02 -8.669034621810484120e-02 -5.213510454395634680e-02 1.277944978094404938e-01 -1.024634144197235086e-01 2.163849939859733423e-02 6.663629638504250940e-02 -5.701198382449546714e-02 -2.476882503895368182e-02 1.232318819081879360e-02
6.116751371544072724e-02 -2.157782835539056449e-02 -4.410257944839096611e-02 1.881974458796792371e-02 -6.261721741233966521e-02 -3.271515797746438192e-02 -4.059809482229992383e-02 -1.311256292545805446e-01 2.241163480707109371e-02 5.146119446767330463e-02 1.716024756478046198e-02 -6.016810210270062687e-02
5.671255146832686334e-02 2.701128563880024480e-02 -5.904811544204418769e-03 -1.028970351276637663e-01 4.000860519171563212e-02 -7.555844926440383191e-02 -8.283848068854592073e-02 -1.682986929479200200e-01 3.722682350025547336e-03 -3.498016780284188276e-02 7.556157633969479148e-02 -5.082261810163213323e-02
-1.951331744855510364e-01 1.000079489149779954e-01 1.601760635820136391e-01 6.555431959715875279e-02 -4.841786585365288192e-02 -3.805224142524578357e-02 -3.406386013724091444e-02 -8.471639534648520153e-02 1.788366988689419901e-01 -1.337570049868759027e-02 8.479869701768218138e-02 -5.751100265349685242e-03
-8.542335977402167047e-02 2.244705083838092474e-01 -2.155888831140797546e-01 -5.614671909801259575e-02 4.547330120180755053e-02 -1.051265794165020251e-01 1.677003069502053800e-01 6.205851012317457199e-02 -3.353154778812355435e-02 5.208333519517950594e-02 1.570605663550693476e-01 1.048862264561919722e-01
1.755769730344908242e-02 -5.657429567323732367e-02 -3.753739675603563752e-02 -1.555798465949166653e-02 -5.985795661126620121e-02 -9.576311238759978306e-02 -7.066462178765417490e-02 -1.126956460259256609e-01 7.000891333952775561e-03 -9.575295149535931194e-02 -1.284552537832374733e-02 -3.575489028201696978e-02
-9.151124712004739259e-02 2.136505480798601281e-02 -9.838615022671476362e-02 1.047573217398174578e-01 -8.844888774051154479e-02 4.339757284569702167e-02 3.614342945651266570e-02 -3.414844966557714634e-02 1.584111941547450275e-01 3.052295236459357658e-02 -7.411693196651691906e-02 5.898248085357747639e-02
7.909504222003768681e-02 2.149412112627921163e-03 4.119677091604701663e-02 -7.180213382106750974e-02 -5.945312855510438699e-02 -2.940564438132031722e-02 4.391813090983465173e-02 1.574545085910464964e-02 -1.108574779485946293e-01 1.362211804914417615e-04 -2.396547486379663541e-02 2.979153378087010667e-02
-2.843771821888433152e-02 2.691663723073078884e-02 5.052397332560782522e-02 -3.082029508398181211e-02 2.545314150462608428e-03 -6.139880798729507871e-02 -1.616224553027508296e-02 -2.296027444513209365e-02 7.435125797248143265e-02 -5.707598640989518246e-02 3.809771140418308222e-02 1.056012257340441414e-02
6.424322977640166410e-02 1.255180149862424877e-01 2.166170095502448767e-01 1.399477782680612348e-01 -1.110354385497098030e-03 2.712858380058984914e-02 -1.284770299842471486e-01 -8.096534185844883602e-02 -6.256017869735712444e-02 2.288229115933579361e-01 -2.863895187792766389e-02 -1.623034290145046743e-01
-8.879160930234392124e-02 6.364174597188551608e-02 4.751028667556543572e-02 4.058154048328635466e-02 -6.410627589541037508e-02 -3.448907476800987942e-02 -2.799660981577251420e-02 -1.494088991978735903e-01 4.192322511409005831e-02 5.650892020355577361e-02 -2.053925334142893411e-01 1.057916267146520595e-01
6.774397726954692334e-02 7.088900552777757658e-02 1.889419410189579693e-02 -3.514519736817130896e-02 -8.255143249052990240e-02 -1.122942938503372276e-02 9.299133122406162688e-02 -3.625091524333989151e-02 5.532358691310804849e-02 -5.201806696341166464e-02 -8.802573479188641192e-02 4.983637283832060422e-02
-4.189531807633438409e-02 3.451504740699953833e-02 -1.000215807560863868e-01 -8.228821766189442499e-02 -2.063733604035726532e-02 8.550530028397895776e-02 1.247175608084191145e-01 -1.752303674547512485e-02 3.352683951400402111e-04 7.163395775465164483e-02 -1.279041861577196182e-01 -6.855189492678892549e-02
-5.077812803647427375e-02 -3.779254660980164993e-02 -2.854334751049740840e-02 1.295735457933300423e-02 -8.522126408339705805e-02 -5.215136905589910776e-02 9.691355069830415170e-02 -8.512773558726680068e-02 -4.320245407453903418e-03 -2.001151292199969400e-02 1.071501568019273543e-01 5.219661762737144717e-02
-1.135683297319113605e-01 -8.111266961397783914e-02 -1.309326817649640075e-02 -1.060101665226975409e-01 -6.650513169366426003e-02 8.452072300869396815e-02 -9.049469905884734502e-03 -1.007419300440294818e-01 -8.247027782454648126e-02 -1.656981051253906406e-02 -8.780704984442852176e-03 -4.420619371683422172e-02
-1.060133041523132758e-01 2.385870661225891753e-02 -1.827837338256669414e-02 1.026780889858160684e-01 1.287917906180872096e-01 1.451386352948448588e-02 7.980943547004615279e-02 9.899993195993840589e-02 1.016988808092175178e-01 3.705364858985807364e-02 6.096039333275898864e-02 5.755898800567418871e-02
-2.378058981049201992e-01 -7.577978434251667061e-02 -1.654666277219888904e-01 -1.428407041142084055e-01 1.359797863931458406e-01 1.800860369042005596e-02 1.471510257832515101e-01 5.147664709131480332e-02 -1.760227511619886220e-01 -5.039690752720575595e-02 -3.080569442039865838e-02 9.824091642674473435e-02
2.724300153051058965e-02 -1.088277308566553414e-01 -8.102051594789333455e-02 1.053346770854585307e-01 -4.957879269565492429e-03 -2.857677533083802582e-02 -5.819780409111585673e-02 3.125107781003974572e-02 1.177169358412869828e-02 -2.167062467689451488e-01 -5.490924912263048935e-02 1.386662289985582108e-01
-3.037423835351137427e-02 -8.046607218935672434e-02 5.895044432744762919e-02 1.553186541344194795e-02 1.887432956972893636e-02 4.042472960586227654e-02 -9.232824575326112337e-02 3.510789087802959618e-02 -1.104701831691036196e-01 -9.925769858289155978e-03 1.324093178262686354e-02 -6.256488273076993463e-03
1.116931697515740896e-01 1.005479915057976847e-01 6.714002496298268619e-02 -2.906545186164566710e-02 3.522689710306900479e-02 8.294000326627407049e-02 -1.043766653358749359e-02 -5.206268355398391279e-02 1.501968486492395206e-02 -3.922891444894693533e-03 -6.869249924491356574e-02 -1.650761814046094317e-02
-7.912080379232329375e-02 -4.618373722850433599e-02 1.344229946190645952e-01 -1.500109230221941536e-01 -1.107641628171308346e-01 1.600977491820905485e-02 -2.580745938030098996e-02 7.214861891400856098e-02 1.006726848013873576e-01 -1.083505180899097531e-01 -3.395523757889136462e-02 -5.089264163352145987e-02
4.723804594036704052e-02 1.594342450818597712e-02 -2.688938610147865310e-02 -3.340739610553035421e-02 5.496849877791418898e-02 9.317766059559852432e-02 9.901583165532971270e-03 -1.416140608003408075e-01 2.530688600284495063e-02 -1.057411865261221884e-01 6.802430000502526775e-02 -1.353632486829723161e-02
2.490208748501182567e-02 -2.200996883913591828e-02 9.590919380785913051e-03 -5.793949024901133560e-02 -1.266696667638575191e-01 -6.028994564495004926e-02 1.376721643032453313e-01 -8.333467419960399747e-02 7.129148053100117788e-02 -1.712578425950795485e-02 -6.161672980543052291e-02 -6.564691515528327248e-02
-1.805258428854956132e-01 1.364408285581625736e-03 4.990877986860301624e-02 2.278179942613497294e-02 1.165396359047106978e-01 -1.551333604976127796e-04 7.931244232762049706e-02 -6.294253482012332479e-03 -4.377263663050451337e-02 5.932703759710955538e-02 2.822564582782110046e-02 1.543134058898691652e-01
-6.815639385853473897e-02 -7.482816968323684204e-02 1.573045661140806684e-01 1.160135374611429848e-01 1.792233702554785757e-01 3.777158555337008922e-02 -1.779510883635176954e-02 3.303463564365530236e-02 1.935964248447219760e-01 -1.259348044658762933e-01 -5.628969168382662314e-02 -1.185315878371460963e-02
-9.989276301242350220e-02 -8.215517884792636338e-02 -4.619640388690302024e-02 -7.748809149444549349e-02 2.426680016156363556e-02 -2.690199311751644007e-02 8.772277938921174689e-02 -6.492223054816709249e-02 8.028031686956126067e-02 9.793639479664781322e-02 -2.790417386133866966e-03 1.402104464924105454e-01
7.650414725574869457e-02 4.552951443241168988e-02 7.682985592733790683e-03 5.871492924845118921e-02 -1.039195460000155898e-02 1.012646823214132241e-01 6.630898930988794737e-02 -1.451979543702420529e-02 -5.572641526971279687e-05 -1.121879746729154137e-02 -3.883123972181531242e-02 7.334040160597925240e-02
-3.051658030404067780e-03 8.087484194183469643e-02 -4.777320818941903358e-02 9.052897784519906357e-03 6.985905762163619262e-03 2.596802279907392888e-02 1.739533332326403947e-02 1.384436874029796871e-01 1.253365355809705518e-02 -1.756974102245959513e-01 -4.767960253103366297e-02 -8.267771959200062408e-04
-5.772855701267871203e-02 -7.376688319921401171e-02 8.462032050413972883e-02 6.309680899309280666e-02 1.405565779608033625e-02 9.846943801761670612e-02 1.618416212998581225e-02 -1.479089392922520452e-01 -5.811410499139756103e-02 -8.793487840459342231e-02 3.832444041203386664e-02 7.220438472820712994e-02
4.898427411604215458e-03 -5.201112640639488083e-02 -1.901667887589584827e-01 4.729389468076631436e-02 3.163248679656484319e-02 3.689356443377486694e-02 -8.419448652091472696e-02 2.639599028089872346e-01 -8.933594150200088041e-03 -1.885905244548736759e-01 1.737644080041423345e-01 -1.004526715984194324e-01
-2.283709617000135444e-02 -1.068453437659878935e-01 -1.201320173446661643e-01 -3.947535207764001075e-02 1.570404759570911968e-02 3.593136310397135325e-02 2.353455425976036866e-02 -7.355347778899237743e-02 -1.374125536141447557e-01 8.137215430315802855e-02 -1.135278458493452214e-01 -8.092131330159197528e-03
-1.307550757492187965e-01 -1.976120543923553380e-02 3.094525667026459120e-02 1.391983724483456322e-02 -3.349188389783715192e-02 2.193503183625616915e-02 2.110710062715397996e-03 -8.970275068788528469e-03 3.672592922488112505e-02 3.506069498318543226e-02 -1.585762514735536421e-01 5.877917011258235180e-02
2.596542090037497544e-02 1.123893430877853997e-02 -1.290893614157172242e-01 2.824106539912051711e-02 -1.839520168485512391e-02 -1.556286939933225755e-01 -1.418484786881079041e-01 6.811169377039527628e-02 -1.754145804666326289e-02 -1.071167179612910747e-01 -9.691075639835022848e-02 -1.818416209379076359e-02
1.035947382944503170e-01 2.378635571119828290e-02 -1.178279315000559935e-01 9.886324688918365911e-02 1.084869458333742077e-02 -1.096239174447280473e-01 1.512458683803139317e-02 5.551313564526776101e-02 9.847017096968785355e-02 -1.313060197264407092e-01 -1.737916680739302194e-02 7.493929898615361851e-02
-4.582552746362648227e-02 7.162307821634830707e-02 -7.848318978848911609e-02 2.532241922676243401e-02 -1.056923963429226149e-01 -4.004033695927436409e-02 -8.951560850497626565e-02 3.590826334547873172e-02 -1.406243416548614289e-01 -7.865830837554553534e-02 3.505085190609050216e-02 -1.196871932918706569e-02
1.253032634338417939e-01 9.699482667959088977e-02 -4.770909831930332176e-03 6.183026908085285239e-02 2.442805001207093776e-02 -1.211464888876243595e-01 9.970024458429815883e-02 -4.222563649317925827e-02 2.950607631290791746e-02 1.420700939620184178e-01 -8.700759614971016742e-02 3.402413031021882250e-02
-1.125669389152987448e-01 -8.625636713473530670e-02 6.615532866020019942e-02 7.264991041579249575e-02 -2.303561606763542824e-01 -4.280395205943293702e-02 9.694077395618963533e-02 -1.306811444944259437e-01 -9.597766962472883967e-02 1.347272840723276206e-03 2.374526180682467319e-02 3.992643547642668600e-02
4.573984971302297309e-02 1.062072228713602240e-02 8.750085252544987854e-03 1.577101159386283535e-02 4.966564993983077492e-02 -7.587822854119749549e-02 9.831468217474709226e-02 -1.205327922383737649e-01 2.088244348007217178e-03 5.187772634662145277e-02 9.342428230452112792e-02 9.281761937706785315e-02
1.056075904147685957e-01 1.289616169143872060e-01 5.456016708458144571e-02 -7.428718155729413519e-02 1.439986641042986237e-01 6.410494896594630398e-02 1.093444725323507033e-01 8.062566367375446907e-02 1.097889923778772384e-02 -2.940033162031624979e-03 1.463946392329838406e-02 -3.246481743875993115e-02
8.211571105655281200e-02 4.696457657414167264e-02 -1.516380980211905483e-01 3.927020280265881846e-02 -6.724434156833572485e-02 -3.999169475629116288e-02 1.441084046395728520e-02 -7.453360789449568757e-02 9.162985370060372503e-02 -1.080341557345136927e-01 -1.323975341770590175e-01 1.425190614400925204e-01
-5.774996192493909997e-02 -1.809630052839082959e-01 -1.196654394963133916e-01 6.834413476196053716e-02 3.575217955105251116e-02 -2.108480159894118300e-01 -3.454911111451230976e-02 1.606548683686750412e-01 1.782337558121039889e-01 7.391906311159979204e-02 5.249971296266434106e-02 -4.436408664644621302e-02
-8.526005611863696210e-02 2.074438634551978647e-02 3.409538304952617564e-03 1.178188695492527090e-02 1.217967904751884878e-01 1.414482950233117986e-01 2.046739830976190312e-03 1.844074189272112418e-01 -1.463092003405958852e-01 1.435798873877799087e-01 -2.141423982083356242e-02 -3.226713913853922200e-02
-3.382853663470263700e-02 1.378046860503950866e-01 1.531021262647213471e-02 -3.210704972641090227e-02 4.588577931333896048e-02 -1.277010801871814039e-01 1.747016578240014051e-01 2.348303811989774920e-02 1.708290947800292781e-01 1.122520246031897401e-01 1.304094908492827443e-01 -2.859310405930596058e-02
3.794998079224685961e-02 8.353717775309185689e-02 -8.264751395697297887e-02 3.477627442793929796e-02 4.019842283708077724e-02 3.857422387485485299e-02 1.689767817355024293e-02 2.444699979012881358e-02 1.103394953015069541e-01 -3.092551590323752361e-03 -1.773018549025228568e-02 -6.314934626894051772e-02
-3.130249345526459059e-02 6.665913435193462910e-02 -8.902442243798942834e-02 8.032262109538682027e-02 -5.354128626871045189e-03 7.106360256861822544e-02 -4.952996569593909326e-02 6.772676262740111308e-02 1.899337439029605834e-01 4.895194741631465202e-02 -5.646584023638609451e-02 -1.305688798010219004e-02
1.193728928992791594e-01 -5.293454696224226402e-02 -6.234542696366725256e-02 1.468768632275515573e-01 -2.507117031378078287e-02 1.046107304178772873e-01 -4.708443160802090743e-02 -1.423485389768745779e-01 6.348347632125149465e-02 -7.462684431695978948e-02 -3.575766776876177638e-02 3.178515169306348614e-02
-2.975678349057578331e-02 -2.101459465630415441e-02 -7.166327554378569553e-02 -2.269139366618324119e-02 -5.111188043914889102e-03 8.671740347320229525e-02 1.081745957622843868e-01 1.486207021829648658e-02 -5.290751450378645276e-02 1.014539511375506520e-01 6.956764787093498714e-02 8.216623483706571307e-02
5.717882702227687630e-02 -1.018650597899474902e-01 1.578285592304687901e-01 2.240172365970901497e-02 -1.655578044853971975e-01 4.465763711687424642e-02 -9.670111901908914898e-02 7.049790850975433398e-02 -9.372630711356079447e-02 3.110067049112581056e-02 -8.581482034568388428e-02 -3.463277484690214375e-02
1.264167855732186152e-01 1.260299957403137050e-01 -8.931181592397779978e-03 -1.878269911695624322e-02 -2.150384494554909848e-02 -5.746647871049395673e-02 9.670400984107808962e-02 1.085914828565141127e-02 1.223822337738491618e-02 -1.514296051089661366e-01 -5.941024273604809947e-02 4.859620144066838232e-02
3.458122024146524642e-02 -3.881173770467804401e-02 -5.767555965558627575e-03 4.655107615005278643e-02 -1.187711994871390800e-02 -5.516806553173024541e-02 1.401406176480498103e-02 -1.141337294843803446e-01 -4.437536658588067673e-02 1.151395825809377327e-01 -4.834762072432746693e-02 1.255701551901681600e-03
7.412182751638381195e-02 1.027931266266532001e-01 -9.443533432472228650e-02 5.486491036137121531e-03 -6.150356234360325469e-02 1.339083640270331832e-01 1.207996420273503915e-02 1.055097450239364659e-01 -2.075587400516802714e-03 -1.207653384609762154e-01 -2.913227292412450334e-02 1.344805381588443094e-02
1.480404532559543851e-01 -1.385386786563392314e-01 -1.030034858915862689e-01 -5.894210586322032319e-02 -9.272307551221156685e-02 4.101572313736034925e-02 3.513508875333778286e-02 5.759028317362840238e-03 -6.766230577994319928e-02 2.644355711218710804e-03 2.315337587372912759e-02 -4.352486103052531641e-02
1.512649424705236612e-01 -2.296719046344579129e-01 6.414711004899176228e-02 1.106562069555588890e-02 -2.007041656947766012e-02 9.128832072164146105e-02 -1.592886661927799541e-01 1.846901219576823489e-02 3.656942678880670261e-02 -1.188841995940691648e-01 -9.362174441439731140e-03 -8.537636506874149434e-02
-8.715957468229804106e-02 6.239026151276223786e-02 6.992470754967387847e-02 -1.268173776939752681e-02 -8.296995104052452830e-02 1.461473850081909664e-01 -7.740394816109989751e-02 -1.189876407616393822e-01 6.872630641096667825e-02 1.383588511490131852e-02 1.423509444701131499e-01 -7.532476446830281731e-03
1.127799056635232500e-01 1.134102899232529160e-01 -1.547387181017289559e-01 3.230736872931719988e-02 4.630867949131981659e-03 1.067933464398310855e-01 1.476128236470147514e-01 3.810834354240685840e-02 -1.817792083041027199e-02 1.868313256232860542e-02 2.451106885527693912e-03 6.327140231995018183e-02
-1.889935859106750202e-02 4.901692571579730623e-03 -8.271747461264797319e-02 -9.964480444067302933e-02 -6.246709587778988271e-02 -1.296820286708755543e-01 1.261742816934468582e-02 -5.569414046810761826e-03 6.647123831973447694e-02 3.944686644787460950e-02 -4.766915158673300235e-03 2.896348198245061317e-02
3.170879725140399868e-02 -9.232092378406656086e-02 -7.476659154873913082e-02 -1.613574366390449488e-01 -5.205674496415187147e-02 7.846527323434543399e-02 8.604971038597872268e-02 -8.365815169411536245e-02 -4.524600504378252508e-02 -1.496861520198638495e-01 -3.054582882885832282e-03 2.033276373693976291e-02
2.790087187519719319e-02 -1.160617030135277783e-01 1.139337000372162151e-01 1.453957846056911640e-01 1.638464441697641272e-01 4.118227261158535768e-02 -3.337626277630365013e-02 -2.026396116220413601e-01 -9.266438407906869845e-02 1.182417746234637052e-01 2.911893704665821647e-02 -3.920238028109022943e-02
1.904403907154685882e-01 9.354708338056651196e-02 1.224480190864731810e-01 -7.021203549205723426e-02 9.937657498682771207e-03 -1.402743940530342126e-01 1.659925761257134424e-01 2.248571733671922701e-01 -4.565067484282803872e-02 -9.362572437274838122e-02 -9.689573756844976904e-02 1.280206054740065658e-01
-4.509352719163425838e-02 8.613586507217571575e-02 -6.774135363541407620e-04 9.705354673303790564e-03 4.411109528956137782e-02 6.744756028268054926e-02 -1.483186374252291051e-01 -1.260567443626801898e-02 -1.760614681350082811e-01 -8.039879640203302646e-02 5.707541627294430986e-02 3.235217936777237679e-02
-8.429461794304933531e-02 4.544835393604946400e-02 -6.234709035409931321e-02 -5.272436697299560937e-02 -5.503721033243159921e-02 -2.814567457689982899e-02 1.063530949262975339e-01 1.359667502457752586e-01 8.772389660616648766e-02 -7.134066689934785190e-03 1.010312997314222472e-01 4.667431175787421782e-02
5.988224564047203713e-02 4.466194673271490362e-02 1.161931627123641286e-01 5.238025961493644744e-02 6.952237171852612696e-02 6.001416630684069942e-02 -1.120832881717439417e-02 1.578087048465882380e-01 -1.349800620600845047e-01 2.253038513649863878e-02 -2.207410141137537141e-01 1.750195137838207607e-03
-1.538407503851931153e-02 7.498555036646538385e-02 -1.116217949205611792e-01 -3.784283179176048395e-02 4.608650632736997071e-02 -9.492218780235628373e-02 2.154365238524366399e-01 -5.628688911582389182e-02 1.143165409280665068e-01 -8.630926236184921149e-03 -1.247938934816385931e-02 3.718607204663982452e-02
-6.864725663911691589e-02 -3.252828778298500617e-02 -5.539846634942388603e-02 -1.074532040040420411e-01 -1.360904689924465234e-02 1.451862101788421733e-01 -1.199763829306061957e-01 -1.402185744250474819e-01 4.497417589100159707e-02 2.591748538296879956e-02 -8.946900322996106242e-03 -3.958653988262587561e-03
-4.600982801210846268e-02 2.352323455162302207e-02 -2.799483199172988004e-02 -4.780196224336985544e-02 1.260019078634474210e-01 -4.997717622630352963e-02 -1.476514693654772947e-01 1.932634637300201241e-02 -9.950053970709095419e-02 -1.458472128243968550e-03 -7.548098017256699155e-02 -1.187170820043787108e-02
5.200236032761057503e-02 1.010702771298840480e-01 -1.074034634116463882e-01 -3.556129727095105192e-02 -1.400480573928819528e-02 -1.216465030529330638e-01 -5.248765147067708386e-02 -2.121889423519116025e-02 -1.358739566361807372e-01 -2.557114655377411283e-02 1.792007660836067787e-02 -3.169067126065900492e-02
-1.235316085505745037e-01 1.244676825566723433e-02 -6.561089417653891143e-02 1.281962503334271308e-01 2.950145022827837041e-02 -2.071694881890611111e-03 -1.105595823251743701e-02 -6.780723905909938343e-02 2.884753425406740013e-02 9.965524826992858132e-02 -2.432777856887404291e-02 5.698487884707138795e-02
-1.463878501242465557e-03 3.670629761748362557e-02 -2.880589985344301010e-02 3.620868727922924718e-02 -4.429656149768646661e-02 -3.777158484508941205e-02 -6.965060579272179531e-02 -4.001102526410316162e-02 -1.628374734129280424e-02 -2.097975107860042959e-02 -1.216644026708373627e-01 -8.513244469831329764e-03
-1.620012265597429724e-01 -8.505657255938428585e-02 4.504048408629929973e-02 4.110853022611293123e-02 -4.798189746051104848e-02 5.176927716054827155e-02 -6.696052967134538680e-02 -8.364620019882357260e-02 -2.314388164572092621e-02 1.545168537671937764e-02 -3.627623709906533690e-03 -1.409462579701272755e-01
-1.035063495970062891e-01 1.079136084126999379e-01 -2.524532780609278076e-02 5.386014432765463822e-02 4.916534263170090069e-02 -1.433177277330079935e-01 2.038969121928808914e-02 6.551651914012640576e-02 -1.390757376835047854e-01 1.213654483178177035e-01 4.782457461834910273e-02 8.551697150044917928e-03
3.194020450141414613e-02 -3.411605557309362741e-02 -1.174682691772985926e-01 -9.391666308274082553e-02 -1.042387207864105131e-01 5.529743511527788341e-02 7.784667569072564741e-02 9.427453662556303793e-02 -4.252408915949008189e-02 -9.878733918857619811e-02 -1.683555460971438919e-02 -1.578855900989083183e-01
5.989712976261658134e-02 1.022936225786591075e-01 6.796710117746189439e-02 5.553151715594859678e-02 -7.225366993921084058e-02 1.423186370401172407e-01 -6.752166303126051761e-02 -8.181527434607345495e-02 -2.303248631260675777e-02 -3.313181387356245455e-02 -6.107891887164001998e-02 3.056773037780800145e-02
-1.165333787934477207e-02 9.261379321177844182e-02 5.256031119408474846e-03 -1.392464752178701817e-02 -5.391523488486552051e-02 -8.728987135666900488e-02 8.454457318714360403e-02 3.130337920477048452e-02 -3.985441852624714565e-02 -1.092062003796853420e-01 -6.161162663027089370e-02 -2.414534459011212497e-02
-1.012397393368545673e-01 -1.033335065304994971e-01 -4.722094005869369171e-02 6.244595411568269749e-02 4.200319421899592620e-02 4.355370605714656979e-02 -1.232246252369612882e-01 -1.506959946024187189e-02 1.265550707465458447e-01 -5.512242729746229253e-02 -6.922787192924595434e-02 6.234160536836494404e-02
-2.417137264166266744e-02 -1.709072702979780312e-02 1.202471915317666201e-01 -1.801076973258553537e-01 -3.456816741205545607e-02 1.945437091827586507e-01 1.988607895852093632e-01 1.134937187723778079e-01 2.228016750626564749e-02 -1.300405115740604911e-01 -2.203971654275401273e-02 9.280048455459505297e-02
7.662775438598566635e-02 -1.336618342636762720e-02 -2.337666701093070801e-02 2.907293794364808684e-02 2.220552107782714380e-03 -1.187691962030506566e-02 -5.313984256696757669e-02 1.846570175120897384e-01 -5.066780836387323184e-02 2.112869413535595209e-02 2.035931156509970114e-02 -1.064343910944531568e-01
-6.340849497461933937e-02 -6.516096808903082405e-02 -2.034937613926777328e-02 -1.183604617363502240e-02 -1.456408972442175577e-02 -6.531941223412796038e-02 1.164406547288667215e-01 4.235016894156357764e-02 -8.993076321320458977e-02 -8.029059944299421492e-02 -8.499499879326558038e-02 3.972705249426104063e-02
1.528223653867049649e-02 -1.550922177962734128e-01 3.433657240919229386e-02 -1.183561378111728929e-01 -6.536594761700707801e-02 8.794414220527753401e-02 -3.380793617043467703e-02 5.797744920454590833e-02 -9.095562487046267297e-02 9.293142756191563603e-02 2.550798386656859609e-02 -2.901625945408565360e-02
3.372027912321431953e-02 6.363539974718562461e-03 -4.657696075601487629e-02 3.835930406701737808e-03 4.328881641060884633e-02 -3.383797333111678018e-02 4.258732703196198288e-02 -9.011885467489932910e-02 -4.474964245432763721e-02 2.473455181597954480e-02 -1.203129221277271649e-01 -5.004539297542740656e-02
1.730109626381265697e-01 -1.810369385348143123e-01 1.461484983681227492e-02 -3.858663033473221093e-02 1.129411220694571602e-02 1.371566120126437305e-01 -5.974625014179398876e-03 9.250361095527678823e-02 -1.616067714644365549e-01 5.658661326400975244e-02 -9.767987898445243400e-02 1.463850311026345177e-02
1.133674473756402651e-02 -4.234189037482061907e-02 7.810479638023079541e-02 2.342781081211785590e-02 -5.873217008848810594e-03 -4.888219967152077072e-02 -1.128274798473476170e-01 3.272088440798346515e-02 -1.312586920628013576e-01 7.467995456889878203e-02 9.322506024552634774e-02 1.831649462193658123e-02
1.485831020329286267e-01 9.472234996669105789e-02 -3.010993791221774907e-02 1.235455942571020704e-01 -1.100448241256970494e-01 2.876961353051175202e-02 -1.110471381137183022e-01 1.040401179380798929e-01 -4.811164326146558090e-02 4.012748345075583395e-02 -1.425135408835999651e-01 1.313556119856843507e-01
-3.507220235369287731e-02 -3.630868544029028366e-02 -3.250910195390912388e-02 -4.424152919045015731e-02 4.243802293456075403e-02 9.588307484483787890e-02 1.397547537839831933e-01 8.150163315577488299e-02 -2.857255337346534252e-02 -5.849916305345277678e-02 -2.376772738551953881e-02 -4.499983913760395582e-02
1.424962574833331733e-02 -8.812411124728704304e-02 -1.364211047101965280e-01 -2.280349698879808457e-02 -1.245581180021884254e-01 6.447696341733084868e-02 1.567875672813263954e-01 -2.832230376119299151e-03 5.875631959173219232e-03 -5.697285436059851965e-02 1.829424217863955676e-02 -7.443906303746077903e-03
-9.320803172932530523e-02 5.050089448561829314e-02 -8.777717148806615799e-02 -6.623813056745334049e-02 1.078415054284545121e-01 1.243897014455292577e-01 7.674994858216604987e-02 -3.959113635770327572e-02 -1.436508271275694845e-02 1.415351387593713206e-01 9.302472413274992524e-02 7.902287942376863550e-02
1.055481096347515024e-01 8.831139723020473356e-03 1.276705394774439381e-02 2.298640728231344035e-02 2.851876009432005588e-02 7.800740720056752522e-03 3.712980689105981058e-02 -9.250401037094648643e-03 -4.783742159384738596e-03 7.117989832801388528e-02 2.154443414979843874e-02 -9.128951423619724448e-02
3.618639057195039560e-02 -4.241895778230975883e-02 -7.205397110016414919e-02 -9.464706854742227504e-02 -1.179246602823088852e-01 8.710251118136670689e-02 1.540663381263893995e-02 -2.675056621872019813e-02 -6.824902385586499240e-03 -6.565756534845568204e-02 -1.328912913035005736e-02 -5.110413740651399694e-02
-6.080347833560307419e-02 1.805359022962517712e-01 9.981190955061380876e-02 6.702927509760581160e-02 1.155603987221526241e-01 1.795718923467506944e-02 8.281603708757131338e-03 7.134158618185060252e-02 -7.035909249252439782e-03 -2.591693342308983017e-02 -1.227338754909681751e-01 -6.141346933261898101e-03
4.253035169933783166e-02 -2.489228717840637206e-02 -1.123302639646869133e-02 1.222980246921434762e-02 -9.972386864084548108e-02 -1.058799024855474891e-01 -1.218578996648205376e-01 4.364804729592020732e-02 8.588673764526438825e-02 -3.887251999573836103e-02 -6.346947488359047651e-02 2.309909049164338840e-02
-9.728954438485535802e-03 -7.806807507982718719e-02 1.239651130520261213e-01 1.487969024176889234e-02 -8.630389349220293771e-02 -1.175854942039104289e-01 -5.171749878512120480e-02 1.476232016605625100e-02 3.484482260100574269e-02 -2.168836272556335099e-01 1.449647838710931697e-02 6.928654649396673304e-02
-1.461752840247418275e-03 -1.272274552936025933e-02 -9.900787643067233967e-02 -1.362035807096170260e-02 7.952042996009026088e-02 1.366279105242690917e-01 -8.619718216286199192e-03 -1.544965450287467401e-01 7.258453323523988976e-02 1.573964621489434557e-01 -5.032681352860946672e-02 7.971876452475959440e-02
1.657987271854100518e-03 8.799527910735238656e-02 -6.952706749001857922e-02 5.732893445531326432e-02 -4.248229703320128420e-02 1.560347920375030478e-02 -3.904877161392866780e-02 1.235971521546911644e-01 2.434531419546584734e-03 1.436891250167572076e-01 -1.214291902527708245e-01 3.143385988505803530e-02
