9.221648378601778884e-01 1.821405921336666234e+00 -9.420590532374879533e-01 -2.176589746086349031e+00 2.098784924281980491e+00 -9.353877361735793983e-01 8.855907283073801706e-01 -1.178373451000837902e+00 1.262753994689300496e+00 -1.917176928517530243e-01 5.334826051179669681e-01 9.029720350285153074e-02
1.704937520320679800e+00 1.794001912866906245e+00 -5.044129911132220201e-01 2.021255651274453738e-02 5.229226601113232120e-02 7.463786137909113050e-01 6.429127932069403917e-01 1.103042980395973899e-01 -1.036781594212663471e+00 -3.039763387983204779e-01 3.229310147948966092e-01 5.331596514204182125e-01
-7.175169857874300616e-01 -6.216579048145554065e-01 6.871081754817726095e-01 -1.519461222676575129e+00 2.048274044423972651e+00 4.185049298565457487e-01 -1.824998486438596856e+00 -7.985297639871493658e-01 -9.338449038165689275e-01 1.291594871033469705e+00 -7.927197005951895636e-02 -3.228946921502476863e-01
1.333251347368281436e+00 -1.320176806536295655e-01 5.594436874223280842e-01 -5.550256208250696766e-01 -1.217238850430208075e+00 -6.345322191865394590e-01 2.223066178010942029e-01 2.532977810465692592e+00 1.104526488161004405e+00 -1.625026571377906903e-01 9.752003666693175032e-02 -7.554703169905891968e-01
5.047070203875003713e-01 1.508871890775509872e+00 -1.501502798401070926e+00 5.173966274974345358e-01 3.207654620673338730e+00 -1.545065802596143623e-01 1.315946155420567865e-01 -1.419513390069225833e-01 -4.631231838302728998e-01 3.424963283911789391e-01 -5.682917189848634143e-01 -1.502592761546399425e+00
-5.200238353200142827e-01 1.539788988451751550e-01 1.046862442775048141e+00 7.532824145753639344e-01 -9.928662096978142504e-01 -2.011924666631278669e+00 3.052648858779962726e-01 -6.186995700404277626e-02 2.904245848468792537e-02 -6.044253244736773611e-01 5.805280030058432988e-02 -1.306094697966365611e-02
-2.303932251467565584e-01 2.987318061415679127e-01 -2.773007696082265827e-01 -5.774219335040565726e-01 -2.061093894005452842e+00 -6.715875862642635141e-01 8.410116651611879712e-01 5.004569296536203193e-01 9.122857330328814074e-01 9.827142139178224323e-01 -5.095337257865085734e-01 -1.132590830168385576e+00
-7.358812039605783228e-01 2.815957865000354166e-01 7.770399292411612757e-01 -1.244784737196828195e-01 -7.720987632171276704e-01 2.737766897303324787e-01 6.136749952995581570e-01 4.773214424034105674e-01 -1.726117510670935606e-01 3.382750188321307916e-01 -3.697113822064009292e-01 2.983731194199926162e-01
-3.443319118766742237e-01 2.312294869986502854e-01 -6.177995318356260812e-01 -1.950058128409900005e-01 1.141885189276114765e-01 -3.477928235097256238e-01 5.002353608402922980e-01 8.088844842794086498e-02 1.281364168029367201e-01 7.929100049354179114e-02 1.000601369581192029e-01 4.088076146837035241e-01
-2.227732909186548871e-01 -1.157444276703263331e+00 1.163428271795711177e+00 -1.064873320667635292e+00 -1.544695351708394115e+00 -9.547990211831611229e-02 6.116743848962802321e-01 -6.738394917060387401e-01 3.934257639519759819e-01 -5.605557530495236529e-01 1.365143099282224021e-02 -6.792582577225459994e-01
8.347529247278548947e-01 1.078081443593588595e+00 -7.021802875147687972e-01 -6.232762489810950157e-01 2.452505748987935608e+00 -2.020368356702670454e+00 -1.075729913484566869e-01 4.883624601948438615e-01 -1.758491951141550602e-01 -1.097758555646630441e-01 -2.244824162367214715e+00 -2.863090447036691799e+00
1.007226127048406861e+00 -5.895700510258110594e-01 -1.923431495814789782e+00 4.455065765271818412e-01 5.575437571931658454e-01 -3.167605271820237989e-01 -4.560541472369796789e-01 -4.579242194636147234e-01 -1.170821927218371750e+00 -1.501734836930296968e+00 -1.752359959567404868e+00 -1.315841153061435120e+00
6.278725975371409751e-01 8.765229118058007751e-01 2.289303507925856754e-02 7.933504720603382632e-01 3.303917342134018442e-01 -1.805721587682805440e+00 6.038053126441765839e-01 2.537265732045898670e+00 4.396155994704499248e-01 1.619967357978450151e+00 1.753818626746475928e+00 -8.016177195999614202e-01
-3.848441590556864189e-01 -2.776555709266241290e-01 -3.193074836130270766e-01 2.379406449896854792e-01 5.042340749691912594e-01 6.425103850811406669e-01 -5.749336544672196680e-01 -2.458713348397050524e-01 -1.006255969336474321e+00 -1.167068669473579900e+00 1.889534551503495030e-01 -1.701025032102819468e-01
-1.130690972147827766e+00 -8.287265191688949484e-01 5.461231332215062961e-01 -1.288559088211910786e-01 8.473657328694308433e-01 1.455508069849604347e+00 -4.014236995244967465e-01 -1.401791927676012905e+00 1.146261490479277612e+00 7.715290441337834260e-01 3.616138969866145580e-01 -5.035707493906785848e-01
1.355308922664793636e+00 -1.104765926403671883e-01 2.045475649262298301e+00 6.093119335190432251e-01 -1.400530380338267378e+00 8.878449617352454082e-01 3.600890084938649927e-01 -1.434845435943096215e-01 -8.100206174348982546e-02 -1.141759550821263458e+00 -4.974197813465504048e-01 -4.936194871497472103e-02
1.116549292262673632e+00 7.322247016466677527e-01 -1.710444327042628387e-01 2.485387062145053561e-01 2.170998024488682010e-01 7.159868166795785305e-01 -9.910549752158595016e-01 2.098850232729910781e-01 -4.219701153334313171e-01 -7.899277944357395442e-02 9.711254232738055769e-01 2.080975672064332149e-01
-1.730200557075963541e+00 -1.451493883246030459e+00 1.311165666499716886e+00 -1.298923523190952167e+00 1.482634834121603129e+00 8.338894002581120901e-02 -3.608059824763494294e-01 3.067814011608508418e-01 6.064659907675916672e-01 4.829843025024504501e-03 4.362677202217395966e-01 -2.803816463658181046e+00
3.778859353339324434e-01 1.555692053111310980e+00 -2.421079555350597046e-01 -8.084055371697407288e-01 -3.504416411492966565e-01 1.508773147254970914e-01 1.853097523883710407e+00 -1.902886068107810802e+00 3.574443880341528490e-01 -4.280590361519587828e-01 1.193593262942277411e-02 -6.600540207001729387e-01
-4.461072548764672407e-01 -4.023149198253489489e-01 -2.195507990662282971e+00 -9.198885031209088625e-01 -4.356122607974687311e-01 2.978514369809003373e-02 1.844517286597688210e+00 -8.662287945662314748e-01 -1.634782796876771416e-01 -4.824177227434213733e-01 -6.746448090496264260e-01 1.916047935034080607e-02
2.029113836655680458e-01 -5.806740034535341488e-01 7.301910437811557353e-01 -1.292256060776646898e+00 -3.192975281305028834e-01 6.754041050457789686e-01 -1.315313241143857836e-01 -2.592408807957839734e-02 5.208914406962373844e-01 -7.618277200893450729e-01 7.798628424597295883e-01 -3.187882459850540640e-01
1.269584586027771467e+00 1.012190097252902987e+00 3.596382857998546290e-01 4.923266263493177308e-01 6.738322955825208904e-01 -1.341438683085189210e+00 6.074036359244390226e-01 1.462631958859512249e+00 3.755839253017699608e+00 -1.423400835722901325e+00 -1.349964969275940341e+00 -3.517527326227981033e-01
1.676328565691484362e+00 2.999762421566685600e+00 3.217668290429593903e-01 7.149457190109157478e-01 1.838330160743501251e-01 -1.121594717528655583e-01 4.299081612558695586e-01 -1.357127875857064569e-01 -6.549828107328349303e-01 -1.679675435142762019e-01 -2.307008443956060917e-01 -1.154128468343993630e+00
-1.395103889814224285e+00 -1.291596013839716450e-01 -6.289795672127417303e-01 -4.908893097243773734e-02 3.826109494489888241e-01 -4.206779417675378108e-01 4.047395879978225586e-01 -8.115412415814682312e-02 -3.647601212777553115e-01 1.109962586018241382e+00 9.679162754092140997e-02 4.666279242025998808e-02
-5.196766286483857078e-01 6.455193024363993226e-01 8.407930855315057794e-01 6.493705175700283938e-01 3.745067280935865384e-01 3.794931011225899931e-01 9.254953879842473530e-01 1.361074982496264865e-02 -1.879322248584756494e+00 3.675934471988075436e-01 1.052096752969828783e-02 3.693840137841035709e-01
-5.191451611704542835e-01 1.042892290377034521e-02 4.907653707632090856e-01 1.453357651158808439e+00 -2.364653340764628187e+00 6.664863911304474975e-01 -6.685721151432203468e-01 -2.154243973612041785e+00 2.912681047104030418e-01 4.572618146217678481e-01 -1.296852154628068687e-01 1.071326014182179875e+00
-4.122045106916937818e-01 -7.470207263573103162e-01 -6.707419034365602606e-01 -3.826187531930730912e-01 -1.579490869090637961e+00 -1.305826847544284242e+00 -3.665544333000307353e-01 1.814401705914526097e+00 -4.571045140049036504e-01 7.505134554155784565e-01 1.210560991899904293e+00 -7.003769417509978501e-01
-2.033133230184741347e+00 -3.157311578584217848e+00 2.457406387934589986e+00 1.151372624152341650e+00 1.030818570183606564e+00 -3.875808872296724328e-01 7.606732116792384035e-01 1.763843533491664742e-02 7.920538286898506919e-02 2.237829620815821041e-01 1.353089301397812694e+00 1.852418588314002079e+00
-6.309504851053510111e-02 -1.064931942316020397e+00 -5.772209826497179952e-01 -9.923435712935505526e-01 -1.679532387440895724e-01 1.077445863105939150e+00 -1.880779339133853423e-01 -1.416185184592506641e+00 2.213432569165411229e-02 -3.003621083600908626e-01 4.141896480917688916e-01 -1.293487882440352621e+00
-4.043926977843002590e-01 5.785518350142134780e-01 -7.994449756455640488e-01 4.232390040913536766e-01 7.953991412557124274e-01 -1.297757004591655550e+00 7.620378380854312406e-01 -5.015500978452599457e-01 -1.285358388816277175e+00 -6.282601681057216059e-01 -1.057045147141109642e-01 -1.365914012006272271e+00
-3.548313192205341804e-01 -3.052481912394870364e-02 2.002915779581722899e-01 -1.825387009902586788e-01 3.573139722095934889e-01 -1.492590837142085958e-01 4.243849533792472539e-01 3.329464429372976375e-01 3.680998357878890320e-02 1.973823499362507283e-01 3.239304283534311796e-02 -3.824182510726086837e-01
