-3.884579759646413222e-01 -2.895466600483261876e-01 -7.704946039311152961e-02 -1.593468544338982051e-01
-3.212809540653436824e-01 3.524771034876177378e-01 -5.690167079438947229e-02 2.372183514887195865e-01
1.903398183965469559e-01 -1.819833763081619982e-01 -1.054641751987081127e-01 -9.371474429785901783e-02
-4.772204808794634490e-01 3.881073956958238091e-01 2.077289245762579395e-01 -1.100358510540987572e-01
-1.663716713895501964e-01 4.995624268127227957e-02 -3.046501535165616614e-01 -1.953537234211783213e-01
-1.032265608561131476e-01 3.742883460327354750e-01 2.117834600267926859e-01 -2.392920409870188392e-01
2.561552335861679297e-01 -1.643852229245695296e-01 -3.213932639089889243e-01 -2.348822321974035343e-02
-2.696353794069675791e-01 2.568654115925570469e-01 -3.549768484185070738e-01 1.496672412889277493e-01
-4.404752214022344264e-02 -1.663306772292740821e-01 -1.586478025744784970e-01 -2.148275207820463661e-01
3.510327517898054195e-02 -9.442365738402534736e-02 -2.354210139566245696e-01 -8.468201746354056536e-02
-2.162999196073293329e-01 -2.123107519409270921e-02 1.344208474036590328e-01 -1.077406239393042670e-01
-5.307943964609523890e-01 5.056321338950958699e-01 3.711947816052087457e-01 2.825550883373155117e-02
9.166953570014153840e-02 1.166029766359820280e-01 2.095113929175867751e-01 2.153382504620750815e-01
-6.348927864793123266e-02 -4.181821015048182294e-02 2.538783744421085342e-01 7.276385447567842394e-04
-1.402562920157591486e-01 2.738189189083626296e-01 1.208594344154025925e-03 9.577552294198753147e-02
4.524995849481146942e-02 3.407743512221030890e-01 -3.744760199321554156e-02 3.060852703544731934e-01
1.331544505175774884e-01 3.520332274390493010e-01 -2.323841054948727267e-02 -6.854277577671425217e-03
-8.826397344376860077e-03 -3.938425897735671755e-01 3.978819355702230276e-02 7.054446185484350776e-03
1.191665679197882050e-01 1.566054205194500337e-01 1.065660682372403661e-01 -1.966188188098185741e-01
-1.806895155847127940e-02 1.205735166205315484e-01 4.434685929396744997e-01 3.896851773463018143e-01
-7.712098188209158545e-02 1.895770701417977266e-01 -1.633774813224759814e-01 7.205082470161923436e-02
5.102397078444134149e-01 -4.390127396540258742e-01 2.441562686159031159e-01 -4.984827756601346582e-01
2.767110023533291274e-01 -7.683591730534326814e-02 8.425580552473717344e-02 -9.301353075510584989e-02
1.279190140706348289e-01 -1.428201267780909028e-02 -1.902788401396462437e-01 -5.863910645437172414e-02
-1.773950582483788951e-01 -6.279400480883647884e-01 -9.447783030701584206e-02 -3.316867857745704473e-01
4.376260069780231812e-03 2.554268095038488284e-01 -4.577090777175284453e-01 5.266401539118866770e-01
-5.705911680874361375e-02 5.945479740740231556e-01 1.758830111336263657e-01 2.350245119814624584e-01
-1.563217945584592927e-01 2.390269090146684150e-01 -1.263200535246066514e-01 5.881865540363751671e-02
2.886015785029152902e-01 4.899675096116627715e-02 -1.786920330597303319e-01 2.845875162244738688e-01
-2.675678617087088318e-01 -8.290479883838673680e-02 3.127025984155493710e-01 -8.027590942553987363e-03
-2.244840843973046063e-01 -1.190833162890069657e-01 -2.447766848165989217e-01 -2.110196975526647534e-01
-2.357007846828122755e-01 -7.792234209101785158e-02 -3.515260345085948201e-01 -3.573739455994718872e-01
2.201088092547286157e-01 5.871557714302733100e-01 -1.777000618740826043e-01 2.977826286858945570e-01
1.167543300076476775e-01 -2.195015730173334456e-01 -3.259869125138611934e-01 -8.505392698743560742e-02
-2.883932793310031023e-03 -8.728226559185886524e-02 3.393372560894446499e-01 -1.897684278510396727e-01
-3.151507770221163574e-01 -2.701482976004440095e-01 -5.922080937581436499e-02 5.249597872633977175e-02
-2.143351487827090673e-01 -1.268694078276626502e-01 -6.034451302528724970e-01 3.565488336922956192e-01
-3.526546354429428709e-02 7.944810723441501910e-02 4.455263493372523809e-01 8.508796216572200172e-03
3.376226839285272896e-01 -7.967923206199239994e-02 -1.777160026129962767e-01 -1.377357800734432258e-01
