2.354113961158807722e-01 -8.082740907089608351e-02 -1.640189992297099580e-02 -9.413585671763263774e-02 1.840871716167376618e-02 -3.751764880906185984e-02 1.657294227058220965e-02 2.176057436430139103e-01 2.170647408980188459e-02 1.875653037959173486e-01 5.275731692182957649e-02 1.126698632235899333e-01
6.214297536080336942e-02 1.280781848307659121e-01 -3.450819422642625173e-02 -5.517108661292619703e-02 1.019243647698641481e-01 -1.030202627646296248e-01 -1.353983931449852518e-01 -6.796182651014916198e-02 2.056762826793801235e-01 1.603595212584094654e-01 -1.111572098268303749e-01 8.638976728441152830e-02
1.636209813516026623e-01 1.230408452138620490e-01 -1.273364496558643810e-01 -1.595275357339092648e-01 1.080117530978321333e-01 5.274215509385946077e-02 1.401918018120798526e-01 1.999267232971317643e-02 1.046612291754094731e-01 2.061803466033260701e-01 -1.556695366768009736e-01 7.710585388703997123e-02
1.718545664724716315e-01 9.745715642876251472e-02 2.445528523387744541e-02 -2.217074967959399845e-01 -4.712561804209489114e-02 4.615250041622016852e-02 -6.799301933890300464e-02 -1.040603843230242936e-01 -8.115300931871195778e-02 3.335112836322526308e-01 6.357862592773927402e-02 -2.943758454594359170e-02
2.982236244299453221e-01 -5.158244159385926009e-02 -1.279027136221226602e-01 -1.716182129863167982e-01 4.439588762306286192e-03 4.168906898418560381e-02 1.175666966092144133e-01 1.704848516565227526e-02 1.791737778424898619e-01 3.754770165944288363e-01 -2.214826678590196274e-01 1.971310099153797124e-01
1.206274197989116136e-02 4.444280895576818713e-02 6.463849572606922278e-02 3.149472986836891752e-02 7.489528562982690485e-03 4.382979133887715539e-02 -1.111829570866127055e-02 -1.638297367021011863e-02 1.943892059727827387e-02 3.466827568974543694e-01 -1.988969227061874664e-02 3.084248154881367998e-02
2.030011166563931713e-01 -1.022753916683011343e-03 -1.594750022256696542e-01 -1.598737201174983968e-01 -6.884101635676291575e-02 2.249364894681264715e-02 -9.905271886733240869e-03 -6.276738201301866604e-02 8.792112532068745157e-02 2.458037106483098588e-01 9.334741798695402049e-02 5.194067001509838216e-02
2.969867406179048652e-01 2.818130511663500745e-02 1.943141607824334233e-02 -4.758190782883090636e-02 -8.995194451411274439e-02 1.714890709756654308e-02 3.416270750254868371e-02 -5.302859041299391035e-02 1.214336709231048361e-01 2.482346499473540025e-01 4.035327698629517790e-02 1.763212935558574890e-01
1.522985774414930271e-01 5.733000988607792059e-02 -3.771019600041885383e-02 -2.352916280274507804e-02 -5.744064660657645371e-02 8.755475309716929944e-02 4.620398816043881293e-03 -2.063156669487095918e-01 5.069642744462150852e-02 2.170378250827159072e-01 -7.167546940063736216e-02 1.032106743927607984e-01
1.544565213647251245e-01 -1.532884280255157952e-02 2.209310373039085479e-02 -9.139765075331487965e-02 3.118820288791137717e-03 -6.046965657323213894e-02 -5.262302362239763137e-02 -2.397152767609801727e-02 -3.116792402477724933e-02 2.054515503777946117e-01 1.153269542209187232e-01 1.551980670267376905e-01
1.491949061756935035e-01 7.172421717008889419e-02 7.723587160859125790e-04 -2.345110364736022190e-01 -6.721048040609496621e-02 -6.426526999993563416e-02 1.146369119041364300e-02 4.786783113843386811e-02 -1.661813966471791665e-02 2.774137469550200241e-01 3.214094248284971728e-02 -6.030300287042570512e-02
1.057535821290636890e-01 3.215303941448512809e-02 1.941514746249205225e-02 -1.770004286587610887e-01 -5.045249449218770776e-02 1.540159077347311445e-01 -4.958130712590378547e-02 -8.584464686914063114e-02 -9.311070834460800916e-02 2.227077282770726918e-01 -5.527584304963346212e-02 9.926713008135393257e-02
2.286202563655181097e-01 2.311970630173008356e-01 -3.112941323666617438e-02 5.225181059106311782e-02 4.995137872332296169e-02 -1.137201317038677856e-01 4.650854910751044818e-02 2.770373144183586184e-02 -5.124638088689284499e-02 2.670295528656265738e-01 1.774184412292968693e-02 3.371559110827104105e-02
2.736938243648206169e-03 -2.498971124974444166e-02 2.370458743894381104e-02 -2.631441862370048623e-01 -4.750384895214530834e-02 1.480216081261455374e-01 -1.636482610217337985e-01 3.353421333001050525e-02 7.968982448104518224e-03 2.691542187183236789e-01 1.490144488709661819e-01 1.270434011523075279e-01
8.487731055786185141e-02 1.586534427415957696e-02 1.456469599648380353e-01 -2.596591750010242006e-01 -1.321585688796625413e-01 8.585184025348478742e-02 -3.031606531059522804e-03 -6.038234252084313108e-02 4.741215214358755758e-02 2.554515281600636123e-01 -2.344439321002043594e-02 4.015412671756195956e-02
1.230956779259949063e-01 -1.516019578078999508e-01 5.101929760614631881e-02 -1.011738326906192476e-01 3.570084399613629444e-02 1.588120087667844321e-02 3.809734611316410030e-02 -4.114269448297697834e-02 8.348366562004323754e-02 1.108029538452545287e-01 1.107069044887500492e-01 2.288623628712511265e-02
1.833911902363178636e-01 1.195886819615387363e-02 2.485891997043485763e-02 -6.401030753366629411e-02 9.062551688743634981e-02 -1.768284666963354790e-01 -8.924283082919080845e-02 -7.849613712202054006e-02 1.424686545135796789e-01 1.733144596118025293e-01 8.292255549725834063e-02 1.810466604016893605e-02
1.975283096650066461e-01 2.073689906192049438e-03 7.777357356361785934e-02 -1.488235206718532266e-01 6.430133419304227826e-02 1.089494659047664654e-01 2.944418421376358841e-02 5.285863018047200906e-02 -8.751516090008094884e-02 1.706514602600809338e-01 1.158494813741151735e-01 1.251480681230587033e-01
3.599664385792787913e-01 1.301621087662077070e-01 -1.498457494589578165e-01 -2.909011434266826068e-01 -4.152645436014533453e-02 -2.466872105823107036e-02 -3.930404670598367650e-02 -6.215586275069469313e-02 -3.847001235794822449e-02 1.223978358957371754e-01 1.152743350572980191e-01 6.388273312897883860e-02
1.583639037979346631e-01 6.126740518304107930e-02 1.157688025708364654e-01 -1.768762647136122856e-01 -4.902395117318465723e-02 4.467441550832793040e-02 -1.399701208510656936e-01 5.673482474496142208e-02 1.158513289538776053e-01 7.909040796842760346e-02 5.122379530639119966e-02 2.789433932507715541e-01
9.157663028859097665e-02 1.093686931068684476e-01 -2.448597785752654188e-02 -1.273592759768518157e-01 -3.202360850132671133e-02 -4.887241246642322345e-02 -3.550297456949787905e-02 -3.037438320969473859e-02 -1.597039097438052169e-02 2.003233254692902698e-01 1.479780891051308001e-01 1.036991709717803023e-01
2.192331602922574507e-01 2.120728117723503503e-01 -7.644651654920406672e-03 -1.433340054439020128e-01 1.047341746639431359e-01 -3.643254418298693537e-02 -1.398954998125526705e-01 -9.857442884229698776e-02 4.408974756808638207e-02 1.072464329774108910e-01 2.020166204657125320e-01 1.189567831939088716e-01
2.443527150471092313e-01 1.794081194293892581e-02 -9.315333970236397421e-02 -1.429422484592514364e-02 3.268226576750014878e-02 -5.011154805722310701e-02 -1.210308511991628616e-01 -8.204228852596072430e-02 7.414989444898974214e-02 3.363590965783195830e-01 9.389213227418900798e-02 4.477722828349952819e-03
2.286105226509590194e-01 2.155728639882222714e-03 -1.231533317935370464e-01 -2.487432320329638069e-01 1.659028447165313350e-02 9.706826414716542006e-02 8.844884837616158457e-02 -3.239557449267376887e-03 -3.767394568431376486e-03 1.556461084320179267e-01 2.939246851700054800e-02 4.303791616738806419e-02
2.419278667647432324e-01 -4.834958917834165926e-02 -2.758053723818883196e-02 -3.960188201248187462e-02 -3.578203823288517160e-02 1.247431384003389321e-01 -2.467230710779687655e-03 3.466018193219119053e-02 -1.789416136664074425e-02 2.227507406580150340e-01 2.970613227199506712e-01 1.025474375775748126e-01
1.635800316701344348e-01 8.750370092639064845e-02 5.325274018142089894e-02 -1.236104872843773184e-01 1.499197048528884413e-01 4.561210878750926456e-02 -5.564825866852945307e-02 -1.029830965452960406e-01 8.337006928385222448e-02 3.540742306670724981e-01 -2.107123660084313579e-02 1.238645350288194169e-01
1.098350725156784780e-01 9.461363848960821499e-02 -9.949845132290738303e-02 -1.554888100821946728e-01 -8.020994922295811291e-02 7.553827395844638082e-02 -2.665254394727206710e-02 -6.307100730986094084e-02 -9.515624115396130456e-02 2.294680479640609505e-01 5.110143887948326996e-02 1.883130248471693580e-01
2.954514031773296523e-01 -6.366249007675027494e-02 6.933612774623141260e-03 -9.484849024749605895e-02 -3.885807329928692155e-02 4.478588336793322411e-02 1.319870738064947702e-01 -2.679524161216877837e-02 4.711350570172379015e-02 3.138219529321983337e-01 -1.823874081492325716e-01 8.046005764279301475e-02
2.365744499696692260e-01 1.510084926665076176e-02 1.469065679392971002e-01 -5.685622937853284514e-02 9.833000970778456307e-02 5.391583994612862696e-02 -5.691783048625834868e-02 1.723545237416344508e-02 4.169545403011645779e-02 2.868166664892174977e-01 3.134878365382081505e-02 5.312884344231928041e-02
2.870445415707032488e-01 3.676742547299627264e-03 -1.599702327530821977e-02 -1.229724344332139285e-01 1.022958958536248769e-01 -2.413649125635153325e-02 6.399379455237202974e-02 -5.827341497557361055e-02 1.595024631701644491e-01 1.156181676652355134e-01 -1.896881138986116488e-01 9.642081314966974293e-02
1.851241820029425889e-01 -9.490563408360216946e-02 8.075142516846475771e-02 -1.891251364913362210e-01 -2.413950755517250621e-02 1.210711358720266695e-01 -7.375922736059443985e-02 -1.189370506132806787e-01 1.723622289870067326e-01 1.014558877314072766e-01 3.497785056219073624e-02 5.437183329948058058e-02
2.950758922798665251e-01 2.593930632186781590e-02 1.001036554082056773e-01 -9.542335264511081494e-02 3.391545266135728709e-02 6.297015633933937540e-02 -1.698492207901309836e-01 -8.056760570433467439e-02 1.849077869034232713e-01 1.892503411335556551e-01 9.190409464307564696e-03 1.506447305282273275e-01
2.259893845322772099e-01 -1.124616563074245790e-01 -2.122657866519550851e-01 -3.963282049888088715e-02 -3.461295441332816469e-02 -1.093183136141105821e-01 -5.723316365898245550e-02 -7.830611909121561187e-02 9.293018761863940103e-02 2.378384279789800271e-01 -4.825009006663597694e-02 1.042802474773044663e-01
1.959021840766846656e-01 6.067491159358572028e-02 -4.212878515904427273e-02 -5.151271315865426498e-02 -1.798760792777010786e-01 -3.620866850494121325e-02 -2.931554554582782579e-02 -2.342460632319339625e-02 9.567531958896101363e-02 2.529856880334213076e-01 -9.564443982923508114e-02 -4.835178280524286137e-02
1.557151296037419808e-01 5.866011614368454863e-02 -2.293165006388574872e-02 -7.937386763752563024e-02 -1.154058717272084672e-01 1.690056560599386415e-01 -1.016503194183810271e-01 -3.364583729539107060e-02 6.364465657244173721e-03 2.673032188888155858e-01 1.466806491068489982e-01 2.015719167118127653e-01
1.937490368949434105e-01 3.528406149679399473e-01 -2.981855364477224019e-02 -2.271829875000753729e-01 -8.381709155543673462e-02 1.244781832001489175e-01 2.457417099227010016e-01 -1.209298261449941875e-01 -1.038950034005420159e-01 2.059819804570494628e-01 -1.213140420267600078e-01 4.538090887468466256e-02
2.715709669438066687e-01 -1.368205751429812100e-01 -6.279976186948740824e-02 -3.436024114821539799e-01 -1.027751508872032891e-02 -5.163871615557313888e-02 -3.758375251080708218e-02 -3.040825687249808923e-02 3.676308829245600318e-02 1.228828744605945517e-01 6.445352957522233750e-02 -2.710469124043297928e-02
1.651833303993661961e-01 7.587216872416377433e-02 -6.324911229311042105e-02 -7.661099071995053356e-02 1.082820472145995389e-01 -1.266942875070804775e-01 -9.193283399179337512e-02 -1.203985862329561424e-01 1.045775266488023630e-01 1.234988367551159011e-01 1.509571718884914204e-01 1.454255320753100600e-01
2.934777875417007298e-01 4.459550551256537265e-02 4.337666040272957282e-03 2.946422297033218785e-02 6.437167441485087960e-02 -3.001838600692590536e-02 3.104079989153087915e-01 -9.523077280509341380e-02 1.577358123992730621e-01 3.370504465172188824e-01 -2.469102519178417443e-01 1.071482222508238769e-01
2.841889416877372287e-01 6.303459137813592628e-02 4.892408358665952667e-02 -1.436044060694856572e-01 1.995234223342765099e-03 3.548910199666130416e-02 -1.533572362180914486e-02 9.672604019155893462e-02 -1.809799593071705071e-01 3.610978823825723993e-01 -2.390241232258997692e-02 2.095147263637429924e-01
2.705444940295538281e-01 1.167853695345562326e-01 8.620431870477703387e-03 -1.748108042857713373e-01 -1.056285228149568128e-01 -2.028767401656944233e-02 9.218610751894546970e-03 -1.213479042976418759e-01 -9.008497983512121776e-02 2.342525712665974869e-01 7.704847300941623789e-02 1.319015192531111658e-01
5.182798174712001382e-02 -8.279345902858453732e-02 -2.021379936539429434e-01 -9.705469955873169408e-02 1.708926308024727794e-02 -1.314323992539308816e-01 4.802746370394442993e-02 -9.145008323468521716e-02 -1.959515338837980458e-02 2.889602337080165451e-01 -2.257878162439424241e-01 -5.417833597820002206e-03
1.530856855578060782e-01 -1.541821660166816932e-01 9.388794731704211416e-02 -2.533711290263916949e-01 -1.144659618420884421e-02 4.369911221914454802e-02 -6.497051016866700309e-04 -8.094763152329005618e-02 -9.409434704557814375e-03 3.677117186506580482e-01 4.159611958933469994e-02 1.077805588654452695e-01
2.272035057183196816e-01 6.477042763479980148e-02 -6.291681910910788822e-02 -7.413455539236410430e-02 -1.064780803702587847e-01 1.432659238410789182e-01 -6.569749962962365131e-02 -8.304684185363035709e-02 1.337406050989210261e-02 2.605444355085635433e-01 7.213178217742494125e-02 1.496676333660942881e-01
3.584597076155067175e-01 4.692315237419701635e-02 -8.632804161116508501e-02 -1.857232242111944709e-01 -6.082193681385403283e-02 2.923922461987758098e-02 -3.278607457963338828e-02 3.110547426953846201e-02 2.067113382287533996e-01 2.888071556687665242e-01 3.192620360758347681e-02 2.815833433055930923e-02
2.241907680956237436e-01 -2.191648926705272102e-02 5.916633783536814906e-02 -2.130180494231742605e-01 -3.913659926733135952e-02 5.519548656851436252e-02 2.895418623285125892e-02 4.591865548943622338e-02 1.597960893269510796e-01 1.848004835408317836e-01 -8.253985098731554670e-02 5.419424536397104281e-02
1.845477344173479806e-01 -1.389439657070648017e-02 -7.084128310691534258e-02 -1.133307956530504867e-01 -9.325320263474558280e-02 -8.075584544480816918e-02 6.528713414484905997e-02 -3.861993458824884012e-02 8.497736016940214687e-02 1.751157915666719522e-01 4.823001478980764450e-02 1.140771846775665288e-01
1.168946973760274233e-01 1.049006476915659014e-01 -3.946586764058068048e-02 -2.265081810906397208e-01 -5.259565749128562728e-02 1.104449632926420982e-01 -5.756711528686225127e-02 -9.997845825796254290e-03 6.232012650034336743e-02 2.591792789320282453e-01 -1.913105881996711357e-03 1.630736186088455053e-01
2.422321145777283913e-01 3.191574546735644058e-02 -1.684254468310877103e-03 -2.747505494416689897e-01 -1.126664599040956144e-01 -1.090805078775758247e-01 5.162409115660950704e-02 -1.583510928260336847e-01 -1.745430727548008265e-01 5.887390984191599730e-02 -5.779764528693811382e-02 1.454714587268478576e-01
-1.500404326923009124e-01 1.533245464759903365e-01 -3.034562880360479609e-01 1.432672718531272926e-01 -2.643569781644840577e-01 -2.101842260028313480e-01 1.035631177995818414e-01 7.211018199127079698e-02 -2.073695830043732202e-01 1.910149083806156334e-01 2.748795297592533937e-01 -3.902015486515752161e-03
2.572610021630389876e-01 1.870735321074401894e-02 4.478977913339766276e-02 -9.564324512662292221e-02 -6.762394550787130532e-02 4.820073923056408804e-02 -7.555866992943215121e-02 -1.518446949145036695e-01 -1.463033380893688680e-02 2.689689335428245842e-01 -1.238261014008781441e-01 1.035250346516222997e-01
1.217521095428446415e-01 1.770112635213838825e-01 1.090980773830057572e-02 -9.790755958496710765e-02 5.675758226320233579e-02 -7.752142406148852805e-02 -4.765659278072575250e-02 -1.288083098869776955e-01 -1.040937086179207806e-02 1.563764633240161128e-01 -1.538194485449145485e-02 1.616172068498180903e-01
2.308250954595073290e-01 1.886633515376403281e-01 7.831271138310158531e-02 -3.504948856190303053e-01 -6.568694462558911928e-02 5.955609228494655044e-02 9.585784145658618818e-03 -1.087418343068193988e-01 4.034420906816979513e-02 3.768608989498395956e-01 -4.797775439348441612e-02 1.567148590773857486e-01
9.634041942808135861e-02 4.624453708013629219e-03 -3.085625182624014695e-03 -5.239378708169967376e-03 -4.327659187406020236e-02 8.658022718449125132e-02 7.984610716341565551e-02 -1.858240142626601810e-01 4.743261410167757966e-04 2.169903419591861504e-01 7.481822563136468485e-02 6.854285231604906325e-02
1.649196262765965371e-01 8.460030750947622469e-02 1.102988552049606052e-01 -1.484862704929379440e-01 -8.185798739439731353e-02 -1.135802224096598284e-01 -1.889627766461090402e-02 -1.179418701890467842e-03 9.867256950633444823e-02 1.158768355389938193e-01 4.746760230805504438e-02 1.370921667360485152e-01
2.814893404879269534e-01 1.354112512768645138e-01 7.673017485445310371e-02 -2.969960270966648386e-02 -4.805514390312576323e-02 -9.788581861933486061e-02 2.271497584498177735e-02 -5.478146864709718816e-02 -5.448937000306047773e-02 1.623388610657046094e-01 4.149140783061521821e-03 2.017488236322993300e-03
1.486231842821242599e-01 -5.778477443866296415e-02 3.429981312223536437e-03 -2.068171767254718407e-01 -1.098716093462962472e-02 9.232409401651288372e-02 5.758829216668821110e-02 1.017344814913198475e-01 2.368353013107137028e-02 1.847624963997152592e-01 -7.960386979220145792e-03 1.630946255327334338e-01
1.394746560022949444e-01 3.160518175637377653e-04 -1.113985228526424565e-01 -2.180530330329156219e-01 -4.069842014886040915e-02 2.050281074053029312e-02 -1.658449534136742509e-02 -1.077176149789838416e-01 9.983706619115405301e-02 2.840108380369623098e-01 9.142793850589260585e-02 -1.368534619572818467e-01
1.285804735484709915e-01 7.866339107817385545e-02 -1.049648821871555227e-01 -2.509377967079239324e-01 6.211545026827391958e-02 -1.621345012970142746e-02 7.685061110090239678e-02 -1.498045226915541706e-01 -1.669345192687066437e-01 2.561722618758444647e-01 -6.377766976562655732e-02 1.154248265944664564e-01
1.795344906517235273e-01 1.717423702386818019e-01 -1.630520540210315394e-01 -1.574670198230125884e-01 -1.057934529176934729e-01 1.829818988930778656e-02 -2.366427756002101868e-01 -7.349253851340083188e-02 1.012185169570566957e-02 2.230427966313250354e-01 9.322154588695404087e-02 -2.237870703045984153e-03
2.443826742117097550e-01 3.495982541585748726e-02 -9.379206727950600841e-02 -8.545911639185005404e-02 -1.044124208261836412e-01 3.073724369559595326e-02 -4.011871448147149438e-02 -9.974067410532112821e-02 -1.733543366769104421e-01 2.559833066407342650e-01 7.391892125118676438e-02 2.372659216405251237e-02
2.197929556114212313e-01 6.456556720917087933e-02 -7.518131541810665897e-02 -1.033728664370313355e-01 -4.992362105643378956e-02 1.540552697224716605e-01 -1.882352410187509669e-04 -6.739157173302313952e-02 -1.132224173855545107e-01 2.371065199562851777e-01 7.894191560609868652e-02 1.361109591864414214e-01
3.501306163585422571e-01 -9.003758166463133802e-03 -2.144957658241131854e-02 -1.360937519238905602e-01 -2.961296544443668410e-01 -1.422516676776544309e-01 1.123493892087327507e-02 -5.793412406278129062e-02 -1.957266388367606413e-01 3.626297903400294564e-01 4.149401177300159338e-01 -8.190773103280168943e-02
3.978769655934573102e-01 -1.074419997953625638e-01 1.207929012086121079e-01 -7.069873595150226095e-05 1.766525397684761203e-02 -2.444858351260284501e-02 3.279983890969365157e-02 4.416333508856157969e-02 -1.889370534553542341e-02 2.487545739084416341e-01 4.800921436482683685e-02 4.533152592968994060e-02
1.548040894095208675e-01 2.042425091962407971e-02 -7.596513029088114780e-03 -1.933340273684028277e-01 -4.787427961272157362e-02 -8.713036749497886368e-02 -4.180842238432994767e-02 -4.888648254734789117e-02 4.362586051981177937e-03 2.122026269055826142e-01 3.408116364844266527e-02 1.558053683360802744e-01
1.841488683528088866e-01 5.109681783421032852e-02 -4.767316415357421983e-02 -1.675150588862917012e-01 -1.965337403853902598e-01 -5.020460105478301294e-02 2.667204866596990191e-03 -1.514061016398148343e-02 -3.816667686526618863e-02 2.642739103541034695e-01 -1.554911574382337319e-02 7.278009966666509900e-02
3.536583760707954216e-01 1.683584168718547935e-01 1.668064372902921394e-02 -1.790946174514878586e-01 9.200259935691809318e-03 8.491972993987788321e-02 1.030566336388156201e-01 -7.533297631350375188e-03 -9.810584231821876944e-02 2.797933669331479911e-01 5.322882916720767660e-02 4.061262941357632848e-03
2.890234513967361307e-01 -1.548776162328414918e-02 -6.566839959724027342e-02 -5.193962012800882461e-02 -8.201846512445556958e-03 3.041720537280906411e-02 5.008538060837328804e-02 -2.226685676262311897e-02 -2.492332015668816125e-02 3.339332182999145693e-01 8.374569172796457461e-02 1.330488350867687908e-01
1.682639292170851342e-01 1.274546856249255677e-01 4.535972918303223488e-03 -1.790386615094755607e-01 -1.589721729229396155e-02 1.249511762737597412e-02 -2.740004611962158776e-02 1.226081762198343722e-01 1.965219154645092559e-02 4.077002429162139285e-01 -3.294203681658867261e-02 2.356527168927641525e-01
2.953520265623230667e-01 -8.595445077173554174e-03 4.554581857010377849e-02 -2.719496564474123135e-01 1.587419116755841852e-01 -1.337601453936791140e-01 3.249998415700971338e-02 -1.819971882595523491e-02 9.419238514195980849e-02 2.475254251241254533e-01 -8.255794065542305937e-02 8.802104625096635049e-02
1.771178154764242729e-01 -6.132750073284839315e-02 -1.317727224461943437e-02 -1.590718367120352306e-01 -1.113824811596953075e-02 4.057871220025829895e-02 -3.138255196560655463e-02 -8.118989218801793417e-02 1.226501683735185255e-01 3.754610208083251632e-01 -1.479101264096759896e-03 8.574890638260854181e-02
2.553627197804204663e-01 1.463187224743053572e-01 -8.116072675155788785e-02 -1.614222402649149318e-02 4.244327308375785298e-04 2.534216675997144619e-01 -1.283758290034912319e-01 5.076918028312477765e-02 4.143771649508897273e-03 1.446648145892858728e-01 8.283515169221818131e-02 1.422349914944314730e-01
1.348995279956622106e-01 4.532076147889549378e-02 4.421263160352143645e-02 -9.271838214521796462e-02 1.599290925959831189e-01 1.438636664062761528e-01 1.848028083657408116e-01 6.513480435551873005e-02 9.202978256573983093e-03 2.908893163583987085e-01 1.269581248999813450e-01 7.117672958046275533e-02
2.003038042467991942e-01 2.955880371065944170e-03 -1.217360490183795330e-01 -1.201682553806697473e-01 -4.607612224184241823e-02 1.204869981173946059e-01 1.794994891402226789e-01 1.457249860836884181e-01 2.347379915498538916e-01 3.447883872955074813e-01 1.389082288987626701e-01 4.112302811293307853e-02
2.083649545930519598e-01 7.435847397325948127e-02 -3.797351801830400192e-02 -6.494264602176094692e-02 9.231544728295805469e-02 5.543403161041908500e-02 -4.149130783049179844e-02 9.696553262567074449e-02 1.574054943944354912e-01 3.677365547629330433e-01 1.294886341811523900e-01 1.079271039729123860e-01
2.769017657622667716e-01 4.065285087418359089e-02 -2.532688068007841325e-02 -2.410551304479973400e-01 -7.122071159749661200e-03 -2.963994331066821530e-02 -9.989922126310533685e-04 -1.201922993744650586e-01 9.283447381888788874e-02 3.773552818788217800e-01 5.827918053143724825e-02 1.365786811589748684e-01
3.797142966136046738e-01 -1.341656573820716909e-02 -1.008156741506886500e-01 -2.055434040889783653e-01 -9.252865463390828882e-02 4.814176727471250472e-02 1.565008383205828942e-03 7.223328842926408921e-02 5.425497546242982749e-02 2.795799814372280090e-01 2.140444685006782921e-01 2.732349863421856123e-02
5.928865134413859039e-02 8.876784833033291022e-02 9.857160304084677804e-02 -7.659332368746707420e-02 3.602945347883224070e-02 -8.959226933920027289e-04 1.255600958010400225e-01 2.241112914844748533e-02 -1.004626507261712626e-01 2.041501236893590865e-01 -1.168299685854051750e-02 1.854206113125711208e-01
4.600180222108100903e-02 3.231337930408223480e-02 6.117142649041429348e-02 -2.010243743886864221e-01 -3.812030587884329431e-03 6.441072737010032634e-02 -3.500231935537608668e-03 1.204148403971153254e-02 1.108877628717687804e-03 2.238439052350440495e-01 1.591144976083660734e-01 1.974002681617566812e-01
2.230946277439246894e-02 -2.212911061005743696e-01 2.186366949818277783e-01 -1.219508830054127080e-01 -6.139613038801476630e-02 1.072508259960779781e-01 9.681644667146450597e-03 3.194065907811668298e-02 7.872853508189563143e-02 1.993282852797340632e-01 1.101638127072593759e-01 2.471079772293327259e-01
3.021438745134620296e-01 2.303843996794356988e-02 1.286269938270218245e-02 -1.224000849186902828e-01 2.182673310012296988e-02 -3.197592228498867539e-02 4.832890853549155069e-02 1.576819833499716050e-01 -1.167403489621877087e-02 1.570315882335161506e-01 -2.781944055905376852e-03 4.139151877201350388e-03
2.054447309735534521e-01 -2.330673876743622197e-01 1.265027279375445790e-01 -2.781923101760773731e-01 2.453606846731858637e-01 2.518348673101962303e-03 2.438016006512611078e-01 -5.175323601717813499e-02 -1.008294325902860805e-01 2.164156483987285662e-01 4.148419317172535870e-02 1.978257195772647747e-01
9.951146791372911249e-02 9.979653902123347686e-02 1.639996651002914307e-01 -3.302877968480777415e-01 -4.245842435758128038e-03 -8.505448305771233508e-02 -6.147278082789617293e-02 -1.238925681817088474e-02 -7.007352575389146077e-02 2.686902236316467407e-01 -2.521865986275355631e-01 7.495391249034827341e-02
2.003419216816805515e-01 -2.439030705519746114e-02 -1.167131128892244518e-01 -4.910004904778405427e-02 -8.701291437737528056e-02 -1.361954873628190843e-01 -4.865871043825439335e-01 4.569443079860354140e-01 -2.246465295367281179e-01 3.781007413223644309e-01 2.373352177836258459e-01 4.195472576388715180e-01
2.474769844623793125e-01 6.014433596524691727e-02 -1.358701468909861709e-01 5.623210257469445778e-02 -1.710360785769029883e-03 1.002869706154675827e-01 -1.859075281528661527e-01 -1.582849582115274101e-01 2.417681518831466814e-01 3.008947022466222365e-01 1.059956369041019503e-01 5.671922202277831365e-02
2.061942659232083030e-01 -1.494039476584355965e-02 -8.534141119692201238e-02 -1.223520689246541948e-01 -1.033203018482247021e-01 9.003456528456475760e-02 -2.984123328875502856e-02 -2.761549335037428166e-01 3.245928662123808567e-02 5.478100494059852388e-02 -2.856221418121134281e-01 -8.409346534734463141e-02
5.893036225044993859e-02 -5.233336029586209241e-04 -3.803787937842014605e-02 -1.679818101638909655e-01 3.143780595949532269e-02 -1.408366758272941097e-02 -1.555230696861231721e-01 -1.354434478143991816e-01 8.769288728788736387e-02 9.176291695010536931e-02 -6.955232814809032238e-06 -2.610966435065725094e-02
3.014557442063270365e-01 -3.858203603604334897e-02 -1.348485044337570937e-01 -1.869829737258781321e-01 -2.225380934181725168e-01 7.882330578114478403e-02 -7.062934836934227356e-02 -4.641826509916497367e-01 1.181638559889908596e-01 2.952765256980401376e-01 -1.428496738213209938e-01 -1.031640237376661440e-01
1.946289206558366180e-01 9.533401587362710927e-02 2.689642275264077166e-04 -7.381289991850853438e-02 -9.888317406758188877e-02 -1.061557575468856374e-02 -7.929281267846106929e-02 -7.249197648189921461e-02 2.171146582779130696e-01 2.580408242594790513e-01 5.260807804514345404e-02 1.097286939014664453e-01
2.167199073606525250e-01 1.596346423182932323e-02 -1.072943465601159697e-02 -1.884177161229239617e-01 -1.850933955705496778e-02 1.357170597361212760e-01 -2.117853971027381377e-01 -2.443130942593373101e-02 7.978165855990725086e-02 1.844190144308904267e-01 -3.860747264116626970e-02 -2.559281499082164540e-02
2.489924524051175814e-01 -6.621336102435582127e-02 -1.001419120809343699e-01 -1.458048142365949706e-01 -9.926182883737259821e-02 4.951796133548495848e-02 -2.160215346252607888e-02 -2.150582339620342454e-02 -8.876163610139549409e-02 2.269870602509884150e-01 1.463759479274011899e-01 2.277248647522664149e-01
1.702411373063572320e-01 -9.696841015234061723e-02 6.746566797934169801e-02 -1.895334926476953119e-01 2.792711377650216459e-02 2.597137240240991046e-02 -1.027323195538118877e-01 -1.124967726712279709e-01 2.486978153319052420e-01 2.372414921269197507e-01 2.137832023170229967e-01 1.929807867089017304e-02
2.212671007152430536e-01 -3.353883331464740936e-01 -4.321729459645334837e-01 -2.031115141613402675e-01 -1.953865134940533654e-01 2.388824744537695888e-02 -2.612681139706189704e-02 3.840823099868197477e-01 2.687656339298450381e-01 3.283002729245305777e-03 -8.726372823125992662e-02 3.682663344027050506e-02
-2.208888013872292166e-01 1.277064469115356780e-02 -9.904362859733385760e-02 1.003322858601214812e-01 1.324858948518256863e-01 1.757214337965488232e-02 -2.290711118455970863e-02 5.547611952283395403e-02 -3.204637466792436933e-03 -2.222475155879218012e-01 -1.158108467922481510e-01 -1.230601775893745350e-02
