-3.733645714438068447e-02 5.449586088319473554e-01 3.378314481158001259e-02 4.011261864869358207e-01 2.644888525007722813e-02 -1.686382044130420865e-01 2.139812609109317532e-01 -1.144476981694202422e+00 9.228956803907180095e-01 -2.289458061014168488e-02 6.287914743620556246e-01 -5.895453564313866135e-01
5.561954126073306304e-01 8.099229564572142381e-01 1.417498659892000301e-01 1.343034920234381868e+00 4.856287319669314040e-01 -1.431604182814288917e+00 4.739181039148980257e-01 -1.025581128193302771e-01 5.143146704755457987e-01 2.822629780533890131e-01 1.780123122952594339e-01 -1.343816095679784883e+00
4.623241087104897895e-01 3.543196525796952767e-01 3.980077787470255868e-01 1.828850391013450982e-01 -1.459895300674646235e+00 -4.906763364438690433e-01 -4.726251412461876522e-01 1.249130270393733304e-02 2.197678826337259306e-01 -7.647225897816368745e-01 3.129851485308994541e-02 -5.077128712557490431e-01
-1.599471470431436393e-02 9.897512757421585983e-01 1.722012676665584385e-01 3.735365612221876463e-01 2.396004705818910174e-01 -9.350675843576385926e-01 1.372341598631953985e-01 -6.094759324920950849e-02 6.737601944744106008e-01 4.469227800030160791e-02 2.101237700249781737e-01 2.142213693221942106e-01
-7.586590510801843878e-01 9.333307250362818386e-02 -1.167348800136749631e-01 -2.107212942459785882e-02 -1.039780242933886711e+00 -7.994913627273508849e-01 3.069700221046122723e-01 -1.498037736734728842e+00 3.557782415395074893e-01 -5.791280930224896872e-01 3.495774970945311755e-01 -1.278782956224089606e-01
-2.670284298060741635e-01 1.822006264799647945e-01 -7.349793119135958896e-01 -7.125477486172918096e-02 -1.580283804241135528e-02 1.002407291929112709e+00 8.373360562752218961e-01 -3.579284481132637835e-02 4.493088286047827173e-01 -2.865571654890202158e-01 1.094533497556686275e+00 7.680564638531509614e-01
5.029934690657924534e-01 4.287316134070430218e-01 4.706833544298873462e-01 -4.272626948381502143e-01 -5.043211026008438402e-01 -2.112912901828251311e+00 2.120629070118851822e-01 2.431536959269431641e-01 1.292540385366812150e-01 -1.326671218230499327e-01 8.199413883806941916e-01 9.764402857068261721e-01
1.404499218335445998e-01 -4.582033872449110534e-01 -9.001269779632849188e-02 6.202575291447550709e-01 7.853380423720985881e-01 3.875715944860999018e-01 -1.256686089591993349e+00 6.752234611811527287e-01 -4.244488799219018338e-01 2.429666994295491197e-02 -2.455789218648346539e-01 8.860653160402943707e-01
2.219749964203808490e-01 -8.067670004985645626e-02 1.566611061078287404e-01 2.572613032267354605e-01 1.802190283579660490e-02 -4.801025591671635728e-02 6.603046460549674146e-01 -4.976341778980689079e-01 3.625604173720353707e-02 2.341333668725247286e-01 1.983586917469181143e-01 -1.006149778350302393e+00
-5.008740847153658748e-01 3.393058607597205789e-01 2.990460352632247631e-01 -4.993963047332344307e-01 1.801027378674671942e-01 1.379223850785733063e+00 7.841758239658694687e-03 2.250968422806412170e-02 1.951038241076700763e-01 -7.180926151432003302e-01 3.793900237787598551e-01 2.758952441485552909e-02
4.014010904278018654e-01 1.245842741398140718e-01 -5.770203975069591040e-01 1.041770881955538242e+00 1.226117787865235398e+00 -1.244018318829836905e-01 3.919338911720578467e-01 -6.230552311505164198e-01 1.483951585504765525e-01 1.639056866680796087e+00 -3.373447246498354479e-01 -6.632872021734453893e-01
-9.018936047196904338e-02 2.392140774606813236e-01 2.339174742406354701e-01 -5.893486379591094115e-01 -3.757316021745266688e-01 -7.887352349775391680e-01 -5.112975570811508774e-01 2.908151712971306369e-01 7.348571595903113929e-02 -2.924213112444518647e-01 1.342541941825941276e-01 8.084387923564596498e-03
-9.103113821730540733e-03 1.433895689922490002e-01 -4.358334357925169877e-01 4.192721480973947423e-02 -6.404447348107593363e-02 5.053062531954609637e-01 9.348460799645065544e-02 -2.620851225775786553e-01 1.642830072164586652e-01 -1.983566323497030215e-01 3.964071094681510532e-01 7.363075503152706203e-01
-6.929731879388808524e-01 -2.362753634508971690e-01 -5.810981407758025741e-01 -2.184846582331846643e-01 -1.266163094441285220e-01 4.767403816538693384e-01 -7.060513753144240234e-02 -2.975063663686688085e-03 1.888183625514514852e-01 -1.411017961499654860e-01 6.102887485705983384e-01 9.471170467369086077e-02
2.620913471728420485e-01 6.527327979690382420e-02 -5.394849197409117281e-01 5.454844589379105324e-01 1.461000804969335487e+00 7.010148427555482620e-01 -1.473939266486435251e+00 5.378585008014625801e-01 -3.055194688292544591e-01 4.201967007700061485e-01 1.173934238973352862e-01 8.461582274442855933e-01
-1.034905413819856790e+00 4.009223359214852400e-01 4.307456879469839794e-01 -6.616373037348064479e-01 1.310699851080472655e-01 -6.171793253735666784e-01 9.946157008449233450e-01 -6.630847419568453027e-01 5.415825416142593385e-01 -3.890798811203851626e-01 -8.527301165309060516e-02 -6.309358807262116509e-01
-3.269913376606536914e-01 2.336874685297380544e-02 -1.099895413807456535e-01 -1.394769184188467293e+00 -8.779227281268634497e-01 -7.406295326822649461e-01 -4.624784567509843680e-01 2.645086534493713004e-01 1.140870806685066324e-01 -1.215457229307090437e+00 1.466808673053600076e-01 3.001752224271913683e+00
1.399701424909358116e-01 1.769325288588855793e-01 -3.099451525639892457e-01 1.124320774046790650e+00 2.450167302113391565e-01 -3.835824801627997771e-01 -2.635942544069680427e-01 -1.633518404124027490e-01 3.883588690567093410e-02 -9.085629211103456171e-02 -1.929802509079199813e-01 -5.686317595758467736e-01
-3.597452957272050944e-01 -7.535065218588057889e-02 3.572289286742112435e-01 -7.450948006294608739e-01 -3.775528089096196610e-02 -1.917284856444210484e-01 -4.614841353840459237e-01 2.164980972210324706e-01 -1.702181838720846427e-02 -8.228426513538796838e-01 2.846259146043172428e-01 -9.477165577631249116e-01
1.785743412295307531e-01 4.589472190393159567e-01 -3.820759269510449196e-01 1.426121024716218155e+00 3.676391854600927767e-01 -1.629247958827600096e+00 -5.661514120367804048e-02 -4.976499633716398030e-01 -8.683842594598460696e-02 1.403223232434948620e-01 -2.220600956792692093e-01 4.280124578568312299e-01
-1.315342554173419387e+00 -3.370916682838703271e-01 -4.729848235631243791e-01 -6.085752175739711500e-01 6.560877151757207315e-01 1.772076568265915780e-02 1.464647888463570247e-01 -5.876266571558685925e-01 -1.134658190029626812e-01 -8.063230638036430475e-01 2.928197686004873138e-02 1.628077660926103620e+00
-7.084939374608286711e-01 2.753334683382196446e-01 -4.781962364976322100e-01 -1.057420624590187375e-01 -2.522102169216359699e-02 -2.239290813723690196e-02 1.885988885319771213e-01 -8.757240434621034464e-02 2.170822590996926427e-01 -4.727081593712388896e-01 5.530677261846977943e-01 3.267664580146761311e-01
2.400882269162084581e-01 -3.166659204356964130e-01 -4.571834808574644637e-01 2.916854719098066484e-01 1.530575951364605114e+00 -2.105306967427528875e+00 1.925962356962473629e-02 5.080209920428291337e-01 -3.110123349625721900e-01 1.440736322468241237e+00 -3.480753770546610171e-01 3.656410120999672442e-01
-2.589134771456514175e-02 -1.067410971443421897e+00 2.127355527631070442e-01 -3.308618240226117724e-01 3.731184651540366687e-02 1.309484662176041425e+00 -8.435041106253745591e-01 5.439038687511740452e-03 -1.157596528972538286e+00 7.419588602825878676e-02 -6.498627480197285422e-01 -3.567743381925715662e-02
-9.919136326624132527e-02 -7.167942549918095152e-02 -3.974405292447130145e-01 -6.085424779913526372e-01 4.565565878034626990e-01 -5.930239997019940423e-01 6.406385734882485972e-01 3.653670573932464305e-01 -4.472463400953496926e-01 3.369022988085113579e-01 9.890875333511754686e-02 2.778435654761666762e-01
-4.703550980911629376e-01 5.253054520072697464e-01 -8.557869103376768150e-02 -3.034281486038797326e-01 2.990221275791811184e-01 2.464046378888229971e-01 3.993071678653657419e-01 -1.942639835886043609e-01 9.042710347944250548e-01 -3.879853680507437397e-01 2.938976839368269145e-01 -5.334579914868206041e-01
-4.759824205341510184e-01 2.505044501665297241e-01 1.782566507633278063e-01 1.556036111767443442e-01 -5.766667953951916115e-01 7.901136501780109400e-01 2.422643926384519808e-01 -6.745589198114235741e-01 2.537034954138427459e-02 -5.758749551009508805e-01 3.762282162851925960e-01 -4.002924910931165980e-01
6.515406174993907396e-01 1.332844404082070972e-02 4.654845015186940826e-01 5.314300546957469173e-02 7.212267333449703388e-01 9.505383080602298751e-01 -6.240443684394323537e-02 9.785413741713249181e-01 -8.490912876896161698e-02 6.325648692782356308e-01 9.797810563488863755e-03 -1.488300086396923794e+00
1.523476442721169721e-01 -4.526033541873073635e-02 2.347385443717487363e-01 -1.323762867251867814e-01 -3.792395512336760310e-02 9.591637074784793437e-01 -7.430583636670942127e-01 -5.254400868908422340e-02 -1.741057182529553993e-01 -2.518396787384283991e-02 -1.054016844698753452e+00 7.610041908628099525e-03
-6.651794606951728639e-01 1.049433409550262070e-01 -1.175714462885119715e+00 -2.324280855174288285e-01 2.220089474560507925e-01 -1.455732351745863407e-01 4.721220898936737687e-01 -1.388706209574948336e-02 2.587503879041612720e-01 -2.567183635799341057e-01 9.435415056300971992e-01 7.494986819391479260e-01
1.451208529872931030e-01 -4.780677021852173247e-01 -2.415104977091810379e-01 -3.429653784770083091e-01 -1.983503198134662637e-01 4.140995933786232319e-01 2.621416482375674151e-01 4.746523837364746007e-02 2.007198685561397203e-02 4.268196977252123325e-01 4.393081283923433444e-01 3.410833261577854436e-02
