8.104216046674492246e-02 -4.676323079998435245e-02 -7.928463642450565840e-02 9.326774225220720027e-02 -6.371238190096374654e-02 -7.096513413807974124e-02 1.015850262856710234e-01 -3.853974497893526696e-02 9.733756653086318711e-02 -8.499211532991159113e-02 -6.298766303955680157e-02 -1.376044434205015571e-02
9.831848829487474517e-02 -1.092162651481150531e-03 -3.767620295566243005e-02 2.191701530358829836e-02 6.481460341236436329e-02 1.605832741015190135e-01 -4.070580785243133048e-02 -5.132648865728314802e-02 -1.604945521949381485e-03 -8.142726126594336880e-03 8.591002135359679381e-02 -2.786190457065468654e-02
9.268828668536646664e-02 -2.216389808238217532e-02 1.597076810934780489e-01 2.210493947229960968e-02 6.630765806782647209e-02 4.927552574598548230e-02 -2.600714877616777665e-02 -5.345863563384801315e-02 1.185733283131371919e-02 2.606854997709958516e-02 -3.128525235975831986e-02 2.508330893635840053e-01
8.352754808572518397e-02 1.034309945930607932e-01 -3.786958759926668458e-03 -1.098535097585486980e-01 -1.955781904729263221e-02 1.395559441890644181e-01 7.317143244030609173e-02 -5.433310571520358345e-02 -5.886169395947705302e-02 1.432052111643875303e-01 -5.186787689169947146e-02 -6.401713833233289505e-03
4.746186664351118717e-02 2.313326097384879945e-02 -1.899349180919798416e-02 1.881600246353953279e-04 4.657823175575537267e-02 -2.980110977182445081e-02 -1.022450523951942431e-03 3.067010529133113589e-02 3.598872634109169522e-02 -1.026412876251507969e-03 -2.299261265691252346e-02 6.964150790226794618e-02
-4.549055030258349064e-02 -9.900966763608516630e-02 9.045361629088646827e-02 -1.443932063780222104e-02 -1.996691514704072856e-02 -5.784670471157269539e-02 -1.793109891736227590e-02 -2.100611591430179975e-02 1.504825711339396743e-01 8.843284278940266585e-02 1.003199707569818605e-01 1.859075667141337623e-02
-2.723705333266272788e-02 4.321019052794395493e-02 5.514688286297348557e-02 7.102093167740496094e-02 -1.179544122291657782e-02 4.021215164987835405e-02 3.410293700213457707e-02 -3.382345991963350146e-02 -1.381904339593054143e-02 1.287832437437868016e-01 -2.181735493649629171e-03 -7.894432922244527806e-02
1.094579474061521396e-01 6.592624668318108894e-02 6.723099315109296037e-02 7.314143004698236972e-02 -9.691913110502992090e-02 4.131267925604088787e-02 1.865226532431617235e-02 -1.156788131413976663e-02 1.803184944905494858e-02 8.674302827444109465e-02 -9.582762410434794709e-02 1.290366118916067700e-02
1.950129192321506111e-01 3.587716388283797991e-02 4.382383936586162904e-02 -3.998310387724848119e-02 -1.523529747564619785e-01 -5.707936369403265875e-02 2.632587391887603739e-02 1.576145301166500048e-02 9.232757202068261893e-02 8.431526742862151258e-02 -1.619626942994249405e-03 3.638622428751378535e-02
7.265767087647066920e-03 2.049593556210742989e-02 -1.422466270428184888e-02 5.160389931417556919e-02 -1.548995478611717505e-02 -1.012332934767230450e-02 2.061155802637201773e-02 -1.445530304924733944e-01 -4.831117837416859517e-02 9.142576128331988961e-02 -3.256131538662700858e-02 -1.617798794614854208e-01
-1.061940280837461170e-01 9.822752167017808136e-03 1.265570533128199671e-01 7.433131891503338973e-03 5.417443945352535400e-02 -1.992410383754037242e-03 2.046039933159200797e-02 1.775497048130650068e-01 2.574368481391996547e-02 1.784715825047534371e-02 -1.801463584129928130e-02 3.191375146864591783e-02
-3.032157079648558143e-02 2.386250665813619345e-02 1.004856308527210529e-01 -5.205248130511559712e-02 -1.011477965558656156e-01 1.654021667291362407e-02 -1.231460307333329951e-01 1.288914789976917594e-02 7.002618804245364093e-02 -9.899221778001496275e-03 9.299606609168616089e-02 -1.173950379280929851e-01
-6.696925501805274517e-02 4.002845891772140174e-02 7.138061354525071511e-02 -1.564496085130660102e-02 -1.028921636452876098e-01 1.031636740432392008e-01 5.051156642711311651e-02 8.118330526571758410e-02 -1.724128601239614533e-01 1.183477228070752285e-01 5.053833370422210203e-02 4.353286462401998597e-02
6.444984929192459910e-02 8.079587677177998972e-02 -1.090841428617774778e-01 1.072101886317231578e-01 -2.025714945973283027e-02 -1.994002944893652138e-02 -2.561121134004836278e-03 -2.969660018207249952e-02 9.486244689187957324e-02 -8.849622066532789044e-02 -3.204696037230810035e-02 3.075675719533408486e-02
1.891905337537183596e-01 1.377581488102598006e-01 -4.182757734141851619e-02 -1.266484555969757675e-01 3.127539372539550784e-03 -5.829245696931438514e-02 1.313326982919668096e-01 -2.727317481495740437e-02 1.048527444668963110e-01 -2.868985842002738998e-02 -2.652538380092403503e-02 4.420529918948110093e-02
-3.876237946372974863e-02 -4.309219039209695457e-02 4.642914389594159086e-02 6.860580712527142300e-02 -7.461322942031793637e-02 -3.365207300288003607e-04 -5.948184255561321521e-02 7.562285471223328948e-02 9.457024552644535675e-02 2.205796096933109254e-02 -7.154067333786075233e-03 -1.620522336134117003e-01
2.774090047314945254e-02 -1.286314315119391483e-01 -7.885572994009318326e-02 -3.674025525629206340e-02 4.551243704940666213e-02 -5.331241730880480201e-02 4.976231094109585112e-02 -8.310038156638742401e-02 9.261064967523380265e-02 8.364571635566886432e-02 7.574619907190513479e-02 9.993146246857038950e-02
-7.783106096604991420e-02 5.687657730047791793e-03 -4.658850293439407986e-02 9.581530209767732953e-02 -3.480836311121995961e-03 1.210578307669053430e-02 1.365081160362443535e-01 -3.243727143410260472e-02 9.999043171462629678e-03 -1.597475908212586324e-02 -2.959994203665244905e-02 -3.251801497394997409e-02
-2.924167053974580446e-02 -5.728993994014922736e-02 -3.833702704045553744e-02 7.920681746199972895e-02 1.108902266858552005e-01 3.910826134542912114e-02 -8.953088646089112437e-03 -3.175940255408067625e-02 4.478014010089470531e-02 -9.144118974822414148e-02 -8.706837213455351221e-02 2.123020565850086390e-04
-1.110734580368358260e-01 8.398024589588105882e-02 6.109623587071347922e-03 4.626250312661862180e-02 7.368265268008748758e-02 -2.153932706761982601e-03 8.961978033636705619e-04 1.618665053216014615e-01 -1.743798892694860270e-01 -1.991388249728287888e-02 -7.255579135436393545e-02 -2.339242309779156204e-01
-4.848623515068524459e-02 -5.587334557767162369e-02 6.902736319124188474e-03 -7.525990162802348449e-02 1.235986859714666847e-01 -7.498437652986003621e-02 3.177919704232520098e-02 9.850001309840773767e-02 -1.417806297659821857e-01 -7.474543502099945114e-03 1.254342716822948733e-01 5.126795403826429898e-02
-4.345380892801715272e-02 7.073281268499012793e-03 5.848316251877616612e-02 8.806104091201835682e-02 -3.917342283152991378e-02 3.430241024751334855e-02 1.192586891714125796e-02 -7.051458360143876124e-04 -1.718602072278361259e-01 -1.180775451437054702e-01 1.205820375818245915e-01 7.084973488214571513e-02
-6.389312841425520695e-02 5.401503887308642393e-02 3.302423382642820371e-02 -8.062083732400927849e-02 -1.024432367668204058e-01 -1.327761672564752200e-02 9.532000031746684643e-02 2.026561855912872769e-03 2.071970935206701812e-03 9.293576050027987923e-02 -7.580138361725045903e-02 -1.044420425074400610e-01
8.016775082991926815e-02 1.196081718248348802e-01 -1.526527554600926040e-01 -1.054929263302707004e-01 1.616211321195077377e-01 1.917509333638267588e-02 2.981065669313043634e-02 -1.916101008871351138e-02 -1.864852656345484042e-02 -1.634538070410474289e-02 1.800632525891726621e-01 1.084621061910187312e-01
1.585251132114681993e-01 1.048952490106603436e-01 -6.970727876048764260e-02 -5.168017213202345111e-02 -1.235813085068115241e-02 -1.638543159546273012e-02 1.121116778437028644e-01 -2.072079806645444125e-02 1.288634569070403087e-02 1.624658928331611241e-02 1.134873642631004098e-02 -1.013702999547816674e-01
-4.746982072617275672e-02 -8.403750212598943420e-03 1.695250271472584225e-01 -2.937530615663003566e-02 -9.517253091639729656e-02 -4.858122146450276693e-03 2.167873531621589134e-01 5.927003073262306077e-02 7.635848686395628471e-02 7.798813739314497395e-02 -2.182793537098026704e-02 5.349674492526357295e-02
2.777662134725915333e-02 -2.287446803294782005e-02 2.832817087036836393e-02 4.911876565218581403e-02 -2.301509937887906421e-02 2.243935010490898455e-02 -6.222452860832863863e-02 2.971157746110478226e-02 4.315636400887944146e-02 5.406578509968366225e-02 1.875858156584275793e-01 -8.602350945924058800e-02
-2.537160451870793323e-02 1.299059350007430308e-02 4.127262240784043690e-02 4.808726710133776061e-02 4.041554958033218015e-02 -2.084252220811656786e-02 -5.376250281115137197e-02 -4.935660640080367922e-02 -1.171794140932867490e-01 7.952324910837441085e-02 7.997000930503414540e-03 -1.209002762568095815e-02
-8.393032244611653425e-02 -1.263648876221704076e-01 -6.534444979224281191e-02 1.062905002790723481e-02 -1.904355657959416748e-01 -2.201892307543386607e-01 8.644799521373254525e-02 1.053541020538024953e-01 -1.302464473805892697e-01 -3.542199100062884409e-03 -1.026869970917379526e-01 -6.131435463150658460e-02
-1.492768199353126102e-01 4.786284951681743505e-02 -1.275479008700899364e-01 -8.680201707162779612e-02 1.816741812734801176e-02 1.317032665155444815e-01 2.626834991332680294e-02 4.669381721703616539e-02 -4.737213388396317032e-02 5.571011116339605329e-02 7.872742087125583765e-02 1.068003313537551069e-01
2.835209997893510872e-02 8.294320268946454855e-02 7.127452053921523589e-02 -6.011324037439717133e-02 1.332395811402297889e-02 -8.062306233889260376e-02 1.060980567603799635e-02 -1.528804567091228590e-02 3.335246895370500703e-02 1.897335008569544373e-02 3.959545011174977341e-02 2.666947400478593758e-02
-2.667527618125660471e-02 -1.760063864657540056e-01 -7.412452015245786507e-02 4.971309548255800626e-02 -2.260156748812625072e-02 -9.013648179572598951e-03 -2.053888363126975258e-02 1.403975907202497375e-01 5.515563099329260505e-02 -7.621409357133052120e-02 9.656007555773873929e-02 3.404395995987543472e-02
-1.962239016628016669e-02 -4.715839447473663820e-02 5.313109617125633122e-02 9.236874714218493154e-02 -1.730373119683355221e-02 5.288036119822789316e-02 6.642271268323993172e-03 2.511308573723729232e-02 1.882023291615006200e-01 1.584652508088389422e-01 -1.062116800838564246e-01 -3.685227184229197123e-02
6.139411708326132991e-03 -4.328666580798171820e-02 -2.542153751622139302e-02 -5.081938433442014305e-03 5.019880920054198975e-02 6.288210117596516879e-02 -1.391595900871254454e-01 -2.466673296435276108e-02 9.244709479846159594e-02 1.374379157638226656e-02 -1.109080233767589796e-02 -2.721683441385512950e-02
-1.039570678185380431e-01 1.127347047909505462e-01 1.073361047322144574e-01 8.168889921820149391e-02 3.465458260513064326e-02 -1.463129304578827394e-01 -5.061843068063022477e-02 -1.027481992284393630e-01 -3.061299677409870523e-02 5.581580777719911263e-02 9.970270968888653162e-02 -2.382368427768994518e-02
-2.297770238436798451e-02 9.104108179548864310e-02 -4.369101545012513133e-02 -9.794963421133826009e-02 -1.022938487397941631e-01 -1.973677510042578728e-02 -8.085666358558687983e-02 1.113250837900266049e-01 5.023240016639243799e-02 6.223193955480286338e-02 8.066482870868408456e-03 -2.567676744704865816e-02
-1.221995099790471190e-01 1.013982002606601818e-01 7.447437324044763052e-02 7.905587661221209761e-02 -5.593971535737515821e-02 -1.279516027507437426e-01 -1.102563142734445389e-01 1.463975400818622041e-02 -7.233004373066636086e-03 -2.002019477686730817e-02 -6.599527451541783996e-02 1.000934446229577099e-02
-1.118047550793166145e-01 -1.319620343719498656e-01 9.601971795365013551e-02 6.414322033040459337e-02 5.073031291274934275e-03 -9.688948937021854557e-02 -9.741013275002549654e-02 7.923621998953889189e-02 8.797801783325967517e-02 6.391357036886463616e-02 -3.959149087630817881e-02 -1.600843989963654790e-01
-2.690138589277642212e-02 -4.355741493131055908e-02 8.461698927386641922e-02 -1.051154625503254170e-01 3.726358965151244790e-02 5.135009481401148906e-02 9.362178827143680104e-02 -4.533151830905916835e-02 1.383686955445587348e-02 1.980754387383646536e-02 -1.820740077701641507e-02 -7.258290759149950422e-02
4.413352234635673638e-02 5.092647799320840218e-02 5.895613698111058787e-02 -2.417858834494994447e-02 -4.737794202995269932e-02 -3.245803149294177598e-02 -1.084481807362790706e-01 -2.152444819885215160e-03 1.174052039369751811e-02 6.876901859305549827e-03 2.624589114016179919e-02 1.257348556153028429e-01
-5.617556314591835853e-02 8.784955939494165644e-02 -6.015756708038278583e-02 -1.013944659325084624e-01 4.058934350034688887e-02 -6.103037805036416741e-02 -5.123365898306015548e-02 -2.058976041401028127e-03 -1.273110350983927275e-01 1.323027541175682831e-01 7.005220464851799611e-02 1.705832465852826635e-02
7.645437826977199980e-02 7.203392241956368958e-02 -1.521967195360543479e-01 9.110214190350719721e-02 5.870205853033331339e-02 7.282129664748272779e-02 4.063110839555576781e-02 -3.575189142231869482e-02 4.360966811122016229e-02 -6.440053656919014768e-02 4.024821014592306484e-02 -9.974842548986719015e-02
1.354080609315772565e-01 8.276695140953088323e-03 4.992269475454763628e-02 -5.561666184085485576e-02 -1.954205790047866195e-03 -4.882304070329532286e-02 -8.755684566262986190e-02 2.320544552015803286e-02 -6.199633045861982494e-02 -1.235933534267843609e-01 4.999794646005079751e-02 2.520787947039446891e-03
-9.593641100186425796e-02 -2.693074925667951480e-02 6.725446774940161895e-03 -6.283318731342871222e-02 -1.274827750774127633e-01 -1.651847764563836307e-01 3.691811104332753085e-06 -8.389045948633001848e-02 -6.283363567451262510e-02 1.455535564140093552e-01 -5.017224820889968490e-02 6.513206761008449863e-02
-1.206047799525370584e-01 4.495695663811691972e-02 -1.785087415143062420e-02 4.370672500675930328e-03 2.455831768079783442e-02 -1.456329836572156818e-02 -1.917434826658293012e-02 5.789929341473510488e-02 -4.612104074893506878e-02 -8.530874835297572178e-02 2.498167340759772925e-02 -3.940257975093289233e-02
1.248124862555994620e-02 -2.884350739850181228e-02 -2.376996006576469200e-02 -1.171244538706876226e-01 -8.393891002830863868e-02 4.480916595321101162e-03 1.414615922381422947e-02 8.109425844221904156e-02 3.933634770957540605e-02 7.406496023117807581e-02 2.294325125672379978e-02 4.381384666751992479e-02
1.620287997451056450e-01 2.622045550941084005e-02 -8.623264609682441961e-02 3.601427706957684161e-02 -5.458848426752792304e-02 8.179090777989143565e-03 6.757357087690422925e-03 -8.050255998040581340e-02 -5.934413244893958078e-02 7.002266511508742353e-02 5.180523251760378589e-02 -9.714367333786741443e-02
-1.015976099856951420e-01 -4.262269542198711403e-02 1.226184993131652357e-01 3.323119919191187127e-02 -4.500413083420000404e-02 1.907824925319848153e-01 1.131444623894380525e-01 -2.182256235163578320e-02 2.585553436004008748e-02 6.864933533571671020e-02 9.984335514354715502e-03 1.737511152564626127e-01
2.645321902499433997e-02 4.321524142014890497e-03 7.295705985039518254e-03 6.284607963921538809e-02 -7.452646374037510957e-02 9.086564117023795961e-02 8.873508011716602084e-02 6.114143962158961193e-02 2.657599077101076290e-02 -1.117000249202022288e-01 -5.701921788973417227e-02 -9.948573790062065214e-02
6.047392638280610355e-02 -6.472439870548839583e-03 -5.877764619337900315e-02 -5.286455516658686987e-02 1.209450701732553979e-01 2.170317694697943695e-02 -1.779772678517646534e-01 -8.246878380052984070e-02 -5.403877254029397503e-02 1.643374601025917037e-01 1.964360473658984668e-02 5.474537401044241025e-02
-1.435326329439023385e-01 1.799151156430336962e-02 -1.495662790631717698e-01 5.906005533171460042e-02 -1.098133503412048947e-02 -1.005704829139610762e-02 2.640143220384267436e-02 5.781921807508785816e-02 -2.906968999780973339e-02 1.164764923169927663e-01 7.911442475215596515e-02 -7.803260031287997944e-02
-4.008317305508624778e-02 9.402568937805680371e-02 3.424791476613626984e-03 1.126923781378796549e-02 -2.646759227988604302e-02 2.448894097611903440e-03 2.072573937998916510e-02 -4.962712448589425354e-03 -8.045515209158898839e-02 1.159624942631779301e-02 -4.263871397581688039e-02 -2.171212250689123074e-02
3.215971139803176782e-02 -7.939282768342312280e-03 5.846743925082817372e-03 -1.012444023648419594e-01 9.462533529564061408e-02 1.306381517320227489e-02 -3.341043518972303811e-02 -5.144738439868088570e-02 -2.908658852274415701e-02 1.786508931308563794e-02 5.192983292032966880e-02 1.672332280156723361e-01
1.238095181542229195e-01 4.552786447178969881e-02 -5.513741803933026875e-02 6.750905654950570267e-02 2.376411115320077941e-02 -2.048086014686924528e-01 -2.187985769461492716e-02 1.741539840332733402e-01 -3.415736741736799531e-02 -1.612361281282701647e-02 1.109959363250659498e-01 -7.407091342257110002e-03
-1.982538368572550891e-01 -7.320934783749874497e-02 -4.621135426295676883e-03 -7.037756903176720959e-03 1.872808452412932922e-02 1.459883129060500218e-01 -1.739026524560398444e-03 -1.472014048851449410e-02 -2.038190075587966582e-02 1.353206603574928502e-01 7.617035312971304206e-02 5.020396543395372335e-02
-5.462689841157675197e-02 5.879880551454622073e-02 1.091525334409005898e-01 -8.372081525511152790e-04 6.599544052252256932e-03 -3.013023002340326287e-02 4.220507997378669662e-02 5.078657235243003165e-02 -1.499476232149935147e-03 4.941557907442110237e-02 9.591118981014210010e-03 3.361498233813081660e-02
1.046604135640485629e-03 -3.285422334351521811e-02 -4.512506933519619401e-02 -3.612116469192909463e-02 -6.463376399609560563e-02 1.050047055312861889e-02 -4.031136689542886425e-02 -8.626090939949918046e-02 -8.658197230089009766e-02 -5.325553879589118439e-02 -1.850776472905570416e-02 3.629905689700523800e-03
1.195362991072356496e-01 4.242303190238841393e-02 3.653244115638772105e-02 1.469295678755423995e-01 -5.999664689699595044e-02 -1.005446708129421191e-02 5.636061644323082931e-02 -6.974515633990396868e-02 1.055760402388903618e-01 8.221360823632015147e-02 1.281687698429577194e-01 3.220327912379685603e-02
-8.777168118388298246e-02 1.142793169290029637e-01 -1.498134430790810587e-02 9.414277423562806765e-03 8.232161252742355162e-02 -1.342924003010493861e-01 -8.527466965357201334e-03 -1.114655789563472332e-01 3.479783721804068086e-02 -7.326566469069722976e-02 -1.103191648336477870e-01 6.590812230530182503e-02
2.932266608570400016e-02 5.999671308866642849e-02 -1.027611404617937915e-02 1.270231877900802539e-02 -1.268863924269789979e-02 1.420043133517604091e-02 -4.492254767005631963e-03 5.963194947864967205e-02 7.343966913766704352e-02 2.596422010020699861e-02 -6.435520382530360295e-02 -6.544292618268256201e-02
1.392539523429193182e-01 5.861037555537246951e-02 1.020347953116434447e-01 1.178200842000656223e-01 -4.447089423686084730e-02 1.642229325822248997e-03 6.815933055120941553e-02 1.626021399580691029e-01 1.379835627341239879e-01 5.928775289890686473e-02 2.728555615766357217e-02 -1.474643207819564261e-01
4.185548943209969203e-02 1.711974017467750644e-02 -1.615054493847834297e-02 1.447753072629907600e-01 -3.895036951644999940e-02 1.198157728340396577e-01 -1.063083253112074300e-01 -2.408179909745371272e-02 5.582961838715901071e-02 -3.567207158413644372e-03 8.777036543760342868e-02 -8.482686142341079594e-02
-2.568718317603945617e-02 8.041853493083905152e-03 4.257966681605931947e-02 2.603632827841313030e-02 -2.180273737220502772e-01 2.964116166715051806e-02 -1.505071705074297050e-02 -1.050177937020620594e-01 -5.914496518212779275e-02 -1.235485939668153621e-01 6.726154368570713693e-02 4.259438900651903170e-02
5.983812692924293103e-02 -4.271098560715653678e-03 -7.525999070319536188e-02 1.442523065611738819e-01 6.354434862736910161e-02 1.223583486274076870e-01 1.195736686808971661e-01 8.145565586938660618e-02 -6.861243736670848137e-02 -6.377717640150500078e-02 7.816441730964962531e-02 1.082375685053593162e-01
-7.097789790312480918e-02 2.076304252178672316e-01 1.111898958202260923e-01 9.290103340821248556e-02 6.549521684030966406e-02 -5.380842667466055238e-05 4.643032162595353562e-02 7.345600933132068189e-02 -1.154523665063788770e-02 -8.171890745544058143e-03 8.992645056392961633e-02 2.350075723239332393e-01
-1.314988707476196228e-01 4.914964189215997870e-02 -4.604591458131191556e-02 1.050601048230669632e-01 -2.346852013670672199e-02 -1.812682294267221883e-02 -1.969643593088873240e-03 3.944967345496611100e-02 -5.746321506923816186e-02 -1.143586590496741412e-01 -4.274696536944838123e-03 -6.208304141790993436e-02
1.951292629211437701e-01 9.428624466205624485e-03 -1.212829683840191547e-01 -2.070889105440885947e-02 -1.004667098391467533e-01 1.051484458285740220e-01 -6.448415493759283856e-02 7.784677462540824655e-02 -6.195522337050220381e-03 1.272784179475738506e-02 -4.698828619742043827e-02 6.904248868871865064e-02
8.487007907544047436e-02 1.402672743215206859e-02 6.616974120135262274e-03 2.071377371508515558e-02 -1.776338956082499920e-01 -1.004295493343554946e-01 2.274321416000526369e-02 1.037004412305323267e-02 -2.813473234428712916e-02 -3.527727934724692038e-02 -4.629226484706059491e-02 -2.697050925811981040e-02
3.681281367034079655e-02 1.522788482712905678e-02 -5.605694069375122962e-02 9.973601331092650166e-03 -1.542972517463533921e-01 4.140370588076092151e-02 3.857999275730469163e-02 1.288334638272759305e-02 2.368490139878307379e-02 8.660466546269519894e-02 6.534679632771095426e-02 9.725862537851279188e-02
-3.720854401982459647e-02 4.551804283124109146e-02 7.098116039833582414e-02 1.913523761860581041e-01 8.328500828704479830e-02 -2.720816655717090207e-02 2.970664316834146015e-02 2.559878842438323768e-02 4.604986161507571701e-02 1.174045232449597888e-02 -3.626022161447069181e-02 9.157006193299224717e-02
8.498267860783800809e-02 -2.826763720813076086e-02 -6.847350147362002426e-02 -4.643028036532904218e-02 6.104498760453625633e-02 9.897295486656770835e-02 4.616634460618532221e-02 -1.416213546886031273e-02 -3.944681028252321198e-02 -2.231051077444189679e-01 1.837022542138865289e-01 -3.178682943256476434e-02
5.073472692615241253e-02 6.102868931747477271e-02 -6.210478660158748332e-02 -7.001151288785061044e-02 7.538452987237978520e-02 2.629347407020262307e-03 2.475548907830108121e-03 7.135126706817793152e-02 -6.821629868726929169e-02 -7.637082061176928872e-03 4.392222409168970026e-02 1.186650822179917963e-01
1.118681223970226929e-02 4.277027631634709726e-02 7.482344338005414604e-03 6.734701710027882898e-03 8.152015660972218580e-02 1.598526677500562154e-01 -1.000147492455448900e-01 2.064907886043495372e-02 2.860991625191867949e-02 3.257167318336624817e-02 7.004971282852022647e-03 -3.104577544449379362e-02
1.154432539902484067e-01 -3.358783991286378584e-02 -3.672166448944407403e-03 1.224772511464223002e-01 -1.335936238660866693e-01 -4.389071896842078324e-02 5.964593067658567616e-02 9.099334496488725721e-02 -8.718415543240339016e-02 1.148012998145734320e-01 3.091000888414501338e-02 4.192149279217008417e-02
-5.063789988722466884e-02 -1.533241238290884434e-01 1.876079173418263024e-02 7.953504120099752495e-02 9.953837313555231880e-02 -1.112454958927126258e-01 6.131493756946343465e-02 -5.822515777851739599e-02 -8.859107436243865430e-02 -4.010197439232161126e-03 -1.665504114243996359e-01 -1.715483354946012728e-01
-1.954306705343978462e-02 -6.286612436957923766e-02 4.385309476696973123e-03 -1.061607688235793878e-01 6.323906301494286453e-02 8.505766597549888064e-02 -4.620267333650401528e-03 1.438800090683104715e-01 5.999822995982141000e-02 -1.683622851117201336e-01 1.853804320273952366e-01 1.881334377543760275e-02
2.274193944984649884e-01 4.475702234541027724e-02 -5.854905821088700335e-02 -1.197439719092929789e-01 -5.870852375195556583e-02 1.138355055635713320e-01 -8.047727826883466218e-02 -1.643800824191232746e-01 1.431576640705235250e-02 5.486393412797909569e-03 -1.098068298872977439e-01 6.014774886042200189e-03
-1.518708706196205890e-02 6.087532666263285180e-02 -1.144341595006176104e-01 4.941366808268864153e-02 -4.772363562224334055e-02 -1.381076146478186495e-01 -5.965327756184438113e-02 6.573084186894449787e-02 -2.428960155794554834e-02 -9.892710257248651939e-03 8.869945030924664131e-02 -7.116145095442547031e-02
3.021175291191921519e-02 3.650237668485886711e-02 5.078535490429953586e-02 -1.272729471249215427e-01 -8.554464848484216732e-02 -7.104850348136165783e-02 2.643660962144306348e-02 9.518952417572301705e-02 6.341914029024507682e-02 1.193803824025811561e-01 -2.070199041905457921e-02 1.581432377732106334e-02
1.412807296359602782e-01 6.023068629679285274e-02 4.524628196990200524e-02 3.875436101750092538e-02 -5.829670820414420418e-02 9.513998995232243738e-02 -9.249707321905170643e-02 2.358129186318080189e-02 7.418198140194479095e-02 7.823999195460157319e-02 -5.427452882379919102e-02 -3.894148989196181965e-02
3.731269052801094999e-02 1.029742711105184443e-02 5.016939287634644695e-02 -3.493868236527157556e-02 5.737884299454516779e-02 -1.268262042124146949e-01 5.459052189692745194e-02 3.306740782999410821e-02 -4.312389321192129643e-02 1.508262715060321724e-01 4.964006022825567799e-02 -3.043688814115499269e-02
2.324617835870844418e-02 2.365503348873441714e-01 -1.415187088573467422e-01 -6.695995513387734133e-02 -1.795794078932783366e-01 9.026813034471062314e-02 7.978297098328292203e-02 4.018379623358219604e-02 -1.559869709755095923e-01 7.360497177755037645e-02 3.311230502863502650e-03 3.052076890730040515e-02
-6.030647386150448513e-03 -4.213681948057352439e-02 -1.548495966736272988e-01 5.474568395481529959e-02 -4.323209455446514610e-02 1.439501476575620609e-01 2.249588754311024688e-02 -5.554773985478494644e-03 4.209521362327520860e-02 -1.046891349223254275e-01 -2.254439294894324333e-02 -6.214122175787198388e-02
3.549854244074004961e-02 -9.986756152733219927e-02 -8.719301007883126231e-02 -1.224578094504996800e-01 3.749318672048188028e-02 -1.304980071997710600e-02 -7.354743974425745345e-02 2.925177774547910170e-02 -1.205730022511920657e-01 5.654929348524664889e-02 -3.279486318115237831e-02 4.291710179335300746e-02
5.053415044856281180e-02 -4.263145752300748909e-02 -8.242620912373882502e-02 -1.179746331446950292e-01 6.056351277532645572e-02 -6.029594128628410626e-02 4.315687175264865116e-02 -4.178035256429701860e-02 -4.930794850922695649e-02 1.913464183855784900e-02 2.331933204407950558e-02 -1.110908963145349204e-01
-5.192164236769794723e-03 1.418819518242856771e-02 -2.619836283659042475e-02 -3.724918271503206441e-03 -2.157008217641334380e-01 -1.559124859191604248e-02 -8.706221274081717143e-02 5.930324626594358356e-02 -5.642173368754890839e-02 1.700613042278179346e-02 -2.215398214031043256e-02 -3.400513037264126653e-02
6.963614288059963298e-02 -3.612538112437520960e-02 -2.190852538215379286e-02 -4.821844743834682867e-02 -2.761060208308540112e-02 1.456991591545449445e-02 9.364257724257399676e-03 5.530831739135787239e-02 6.413971061254697403e-02 2.984123664479591126e-02 -1.360365053725562101e-01 1.759595709183900125e-01
-9.499670240822268019e-02 2.076381405253296952e-02 -9.985828173068507507e-02 -4.248316020823927897e-02 3.684874509959648603e-02 1.024098537744033144e-01 8.394527274297872762e-04 -5.119601653054551421e-02 1.636897211528055562e-01 3.655072577412804558e-02 9.468112567430253534e-02 -8.420268784518619709e-02
4.168964400366013262e-02 -1.871537899700161101e-02 4.307674889177277866e-02 5.153574553184710194e-02 -7.602853161997247255e-02 -1.135692221140192637e-01 1.771253886197960148e-01 -2.527115565268393815e-02 -1.912759058716511362e-01 2.630454645047267809e-02 9.532144365210057368e-02 -5.662383698448571201e-02
-8.309020970272137929e-02 -9.922253388516177885e-02 7.567360611675702509e-02 -3.187656477296975377e-02 -2.812018570050961452e-02 1.705336590976500033e-02 -1.362748182973060329e-01 -6.882037802223972545e-02 -5.145616231704781135e-02 7.361390185302174594e-02 1.171433000880063580e-01 -4.365284092170466229e-02
-1.134974481012544223e-01 -4.945182663433587283e-02 -1.346591726198440031e-01 -1.018336168354211091e-01 1.336691223346907487e-01 -4.508957782399392739e-02 -3.967711812105739061e-02 9.257269934411610501e-02 -1.132593258128355151e-01 1.168730096902112076e-01 1.614545343430371926e-01 1.100203264945402992e-01
4.343546952206404216e-02 -1.359710727728780100e-01 4.999793755398256045e-02 2.188401126172396030e-02 1.518674663713398820e-01 -4.279594018871670999e-03 -1.140094527575255257e-01 -1.535144726602899815e-02 6.372035313701769274e-03 1.151722887233881144e-02 1.338270033007027959e-01 -5.730614525084505584e-02
-3.012328788811335922e-02 2.216434067593970880e-01 -3.042487072934371012e-02 5.078089558147627636e-02 7.932941264935099157e-02 1.295718550758407370e-03 9.403545836458190865e-02 8.325091478720264559e-02 1.459347177597398182e-01 1.906082364946122543e-01 -4.461412800109402013e-03 3.887026339897800553e-02
-5.404725041576825817e-02 -8.945334231935481162e-02 -5.817830687967445735e-02 1.101783526701280436e-01 5.843266185435938564e-02 4.803827515534345172e-02 -5.095464824623725797e-02 4.997221427650291870e-02 4.361213114105151611e-02 2.119116553917437668e-02 -2.056066945600442883e-02 -6.104730056844719088e-02
