8.088865294584127175e-02 -5.373840647757283095e-02 9.871799685101797020e-03 1.937471760035882479e-02 4.806361145112476863e-02 -7.915856122757632812e-03 -1.549706982030375421e-02 -9.634078990354773275e-02 9.793698497567657202e-02 -1.675360525251597815e-02 9.677165163344511600e-02 3.893956750793514665e-02
5.217171521170413384e-02 -1.582663172806740223e-02 2.009638695834792266e-02 8.870962323158332330e-02 -4.050400793891581475e-02 -5.006829777288860500e-02 -1.178887661806060083e-01 1.410802866452704959e-02 -2.525887898928752540e-02 -1.020153499810369513e-01 -1.018136520486524199e-01 -9.281814762720409784e-02
-5.448688327150026656e-02 6.034375680692345700e-02 1.446660862963169980e-01 -5.288180187285927009e-02 7.759443873088425758e-02 -6.966508423906649095e-02 1.118209340092599091e-02 -3.547292020389166550e-03 -2.493317516753121993e-02 -1.187347895405978793e-01 4.939510083805232626e-02 -1.185151125479741996e-01
9.492430424579084702e-02 -4.921290105533843162e-02 -9.518936382830670354e-03 7.395046937043708857e-02 6.975924407211669953e-02 -1.649137303522049333e-02 -7.403358108873136709e-03 6.455505201484200428e-02 -2.486601942077611149e-02 6.383744426531862137e-02 -3.089400774046952708e-02 8.731472306015748003e-03
1.929228829784579435e-02 -1.010630140402433638e-02 -9.003740536663651373e-02 -1.361856997221339849e-01 -6.227274092678236617e-02 -2.466745595238326733e-02 1.582666507556909352e-01 7.881698212638411916e-02 1.453717348315351418e-02 -2.777558145696997285e-02 -2.263828732297974711e-02 1.651227874339168955e-01
1.003039374608101914e-01 8.370788457154317019e-02 -3.239323715432095019e-02 5.074690577429964017e-02 5.267942950356493959e-02 1.365829923959057945e-01 -1.128700197343252692e-01 1.269649631895096165e-01 -8.672202599498490816e-02 7.621589990967322925e-02 1.915106169530329805e-02 -7.201896765330814687e-02
1.225447539103367844e-01 -8.967496667809218835e-02 1.360144406972392805e-01 9.248633261713198883e-02 1.363500403333841038e-01 -2.178077807103078606e-02 -1.950043940385702557e-02 -4.020469214253243051e-02 -5.328686115778694110e-02 9.497415399232858602e-02 1.153475448199670350e-01 -2.812843110194822999e-02
6.427741351434121397e-02 -5.479233508088436622e-02 -1.777800325466426523e-01 -1.598212125666756689e-01 9.711998134496257346e-03 -1.652153264390587850e-02 -6.555985254242785443e-02 2.010286424734466712e-02 -1.570837333010896841e-01 6.377709972274828165e-02 1.142151196726791246e-01 -2.368760583878650426e-03
-1.076307889388899985e-01 -8.751597428689819602e-02 6.662501464663238282e-02 -5.795637028633219417e-02 -6.841899462989192715e-02 -1.022977357059960124e-01 1.510799000026090844e-03 1.384773237293859538e-01 9.559247410355389829e-02 3.043327860585625950e-03 -4.937129094968949194e-02 -3.441016800019586902e-02
9.462885935495317369e-03 -6.529038505613340981e-02 -1.957901182278774521e-01 4.191923801963157864e-02 -6.281351755755082422e-02 -1.965419760636616942e-01 -1.454057694583765770e-01 -2.831583081688282544e-02 -1.420631376516564605e-02 1.013548362723501184e-01 -2.402835860759126169e-02 1.614474473043298886e-01
1.374619376217625644e-02 2.369292940012329013e-02 1.252639298460911550e-02 8.465215381615372181e-02 3.429332087827825781e-02 2.146336291942037289e-01 -8.103041730799342979e-02 5.163663316384990015e-02 -1.364512052758577385e-02 1.161876129071305330e-01 2.690446905580711617e-02 -1.074067025276415621e-01
-4.968869782302549887e-03 -3.437029200190080264e-02 -1.227035473055743120e-01 -2.274906145119459135e-03 6.164799586038487156e-03 5.580918775744547755e-02 -1.040473627382304880e-02 -3.368805590686719913e-03 -2.115763517541601191e-01 -1.777101067084405628e-01 2.158262474741683840e-02 1.002927428634380475e-01
-4.833204159041343262e-02 4.573855839892002756e-02 1.928414848173062510e-02 5.665921469682984324e-02 7.948625269286924144e-02 1.021642093003152368e-01 -6.795093374627067528e-02 -9.319437765434776533e-02 1.447008579717157239e-01 -4.999282802573396661e-02 -6.746301944316027144e-02 8.530684893173445804e-02
-7.502410546947274606e-02 9.424982794405319109e-02 -3.588360430955622737e-02 -1.220860342993904252e-01 1.842719136744884814e-02 7.596180633986159003e-02 6.580622473942741857e-02 -2.402550608639531307e-02 7.184852666133367816e-02 9.166727922118128591e-02 -1.732820103976021875e-01 -1.205882174490197252e-02
-9.671969479292971683e-02 7.105459112153905687e-02 8.588608343121548194e-02 -2.357543621794989247e-02 -1.276348173207779435e-01 -3.529438708529130525e-02 2.821919084286183405e-02 -6.673841254187741490e-02 1.907022509812516531e-01 -1.068949836914503543e-01 -6.636817958892637925e-02 1.008614695128060706e-01
1.523304320172580786e-02 -2.216945983602124776e-02 5.593591617676369615e-02 -1.163766638330532843e-01 -6.412146450975659455e-04 -1.128677962263179707e-02 1.010311610807984595e-01 -9.229775813605185786e-03 -9.745658146299557290e-02 -6.955466679980928935e-02 1.039077861927089896e-01 -1.472971944722457349e-01
6.936910362049636403e-02 -8.500018727089754533e-02 7.228403561139726263e-02 -3.718415118373149392e-02 4.215993182290919683e-02 -1.336518904742214631e-01 1.549017052797074523e-01 -1.780526247668569040e-01 -3.870304832719174970e-02 5.096495874060223003e-02 6.132179266437243204e-02 -2.582724142848970977e-02
3.636922600639310582e-02 -4.041111065131819391e-02 9.474305575484623376e-02 3.815290406238484866e-02 3.225023083247792466e-02 -1.688930537915514507e-02 1.082453747536936406e-01 6.656043775888165204e-02 9.121882794475984213e-02 1.375711214919254632e-01 -2.713984609629623013e-02 -5.141238076145081271e-02
-8.923342545011109239e-02 6.872342162819033984e-02 4.329039048429623310e-02 -9.730324321812588995e-02 5.677015692007578163e-02 3.264906773675710361e-02 1.248527923108332383e-01 -1.331403594747147118e-02 -1.725761719290217627e-02 4.560721722326468996e-02 -9.170983775810195859e-02 1.538791208727563128e-02
1.168912272351144699e-01 9.035324158781800341e-02 6.223276068153903162e-02 8.276478245135876488e-02 1.374049570529092268e-01 -3.724683963797107561e-02 2.507219809134075134e-02 1.717738042007788818e-02 8.132501529597624401e-02 -1.467142333844328669e-02 -5.234121938055806555e-02 -5.957981387872652440e-02
3.244341710388798372e-02 -6.573681670649503261e-02 -9.294570378316563408e-02 4.801467684719269713e-02 1.868831821644548197e-02 -1.293346227474343468e-01 -6.251137171170703666e-02 -6.464571203485752759e-02 -9.113005659102368927e-02 -1.620129722113669568e-01 -1.098579918570208314e-02 5.674858729028688098e-02
8.625221787110207150e-02 1.649516411244698411e-03 -5.571592072474909618e-02 5.301406065707403581e-02 5.059694656345620212e-02 1.106273172773523800e-01 8.515317084951007712e-03 -6.156656622243753853e-03 3.682941755750490653e-02 -7.207197150167959920e-03 4.017397924165962142e-02 -1.503104923044282504e-01
3.411286056172692371e-02 8.628206510135277840e-02 -1.215724144258300832e-01 5.392759301709741659e-02 -3.665977039551461536e-02 -7.686796600064595142e-02 6.585763105476361273e-04 8.255961854911304104e-03 2.458239162159816388e-02 -5.904945722337446440e-02 6.954974503584335221e-02 -1.187223210336577767e-01
-3.553080208983035865e-02 4.406060625574351186e-02 3.212562879151248732e-03 -8.677489810580488183e-02 3.580953643672046827e-02 -3.165503547126180539e-02 -5.064760034774379999e-02 3.214741177493807278e-02 9.823050274040198704e-02 1.446836653216310338e-02 1.497877880391175753e-01 5.376972804278075391e-02
-2.396136467703885789e-02 -2.395172064374356119e-02 7.778778816486957293e-02 -1.073777019228916163e-01 4.133966728986995798e-02 3.236042244863665540e-02 -1.045928555840005131e-01 -2.236526655838123046e-01 -3.029952740733488428e-02 -1.052123461865377141e-01 5.005016459532599105e-02 -1.163867649322326142e-01
6.631501842720871100e-03 -8.578993824198395679e-02 8.018055630826421976e-02 1.346398705123642292e-01 6.013639383132528271e-02 5.472781795677537919e-02 1.441342640582672641e-01 7.383283708615846763e-02 2.051588991313613164e-02 1.120014139756254357e-01 -4.267019125481073816e-02 -1.534341908278522362e-02
-4.747837833364030452e-02 -2.147537471866275416e-01 -4.429909129455861239e-02 -1.301622232241565480e-01 -6.627501190694379610e-03 -1.389245318213807624e-02 -6.343795295919110733e-02 -7.121288721465951488e-02 -3.773035941245415220e-02 1.813863189966246348e-01 3.617137001874305702e-02 3.770751977997249815e-02
1.269877538499313563e-01 5.640710895508820912e-03 1.189195581148708436e-01 3.908472975009189693e-02 -6.090622582820882230e-02 -7.013766461884260450e-02 7.435074749896648100e-03 9.436761387072274687e-02 2.585316296791080951e-02 -1.583400791243153374e-02 -3.726810514411847686e-02 1.901801143033872432e-02
5.642723599250835248e-02 1.797933007085461207e-02 1.479307156182744533e-02 1.199770649685654444e-01 -1.678676221418472572e-02 -7.180500241106768655e-02 -1.043150698133826354e-01 -9.575101309381564563e-02 -1.032563151850322686e-01 7.304853469890770779e-02 1.069667060329503594e-01 9.631598888988686380e-02
7.556352826928613986e-02 1.325792777971330494e-01 1.088748195076437789e-02 1.432134460941379694e-01 -3.273862189641484587e-03 9.905717214995618525e-02 2.665073988994233478e-02 -6.718369657537658080e-02 5.060413613573298830e-02 7.652112854102479690e-03 1.088654244828379386e-01 4.436638266078622023e-02
7.604938440715600101e-02 -1.443897451115115117e-02 -6.893489435678645805e-02 1.227662931039423533e-02 -6.314296410962220909e-04 -9.070179758792998315e-02 5.974739366285451020e-02 4.954111800953263367e-02 -4.306354925440437909e-02 3.795806943074688661e-02 -7.980513964398934512e-02 4.268904581607677051e-02
1.066255094623856647e-01 -6.522141225558801547e-02 -3.088473638329885043e-02 6.165345098163838022e-02 -8.504170912132247295e-02 -1.208840836960124732e-01 -2.879308671794429675e-02 -6.977763440199336031e-02 -1.185641462503232157e-01 3.182539484931947577e-02 -1.792768341633494897e-02 -9.420397078233513910e-02
-5.423590376943105903e-03 2.520007285544772005e-02 -4.815317882936512306e-02 -1.426097338771805702e-02 1.363890416057579082e-02 1.651192470654984645e-01 -7.131244960273977473e-02 1.722068949729680942e-01 -1.109785594104477635e-01 1.485071731386936600e-01 -1.586487947252044617e-01 -1.139037884568112197e-01
4.624242175087026757e-02 -6.023432637001314288e-02 6.089179859099855957e-02 -9.052009489174472900e-02 1.316529271864432249e-01 -5.498852930637768838e-02 -1.080106460429317711e-01 -2.461286290375146180e-02 1.009550758910296719e-01 1.741580212141325412e-01 3.636922061463076367e-02 3.885040668719470791e-02
1.122481597106186058e-01 -2.793987901714220512e-02 1.412638540368877649e-01 -6.067700803319956565e-02 -8.806762994710351511e-02 -5.351853403249021840e-02 2.030175165147750718e-02 -5.710877181702665728e-02 2.010166801725802449e-02 -5.573888191068527426e-02 1.657950543528906306e-01 -5.417041894200475688e-02
7.324092519037433968e-02 -3.013654427000309836e-03 7.082632887950007783e-02 6.083326283391948808e-02 9.509823608772162429e-02 -9.372041490556172472e-02 -2.686019557459927171e-03 -6.703627635336875668e-02 4.571197174641641880e-02 -1.313055854403770428e-01 4.401148575782663774e-02 7.911796274887329672e-02
3.110536387676123005e-02 3.263879177918427299e-02 -1.177787297816821482e-01 -5.109204849729127862e-02 -1.725437265606240556e-01 1.231553426682850672e-01 -3.186729650198011875e-03 -4.512632354264484169e-02 3.802249364151638611e-02 -3.640557561718177348e-02 2.961816567667470423e-02 9.198514299627869040e-02
5.089835435707550093e-02 2.561911056814093843e-04 -1.441150624966955063e-01 -1.153911435426617782e-01 -2.137144652571650039e-02 -3.553946419011942692e-02 -1.256115945086667129e-01 -9.046300302227208712e-02 1.107007265019803108e-02 8.215283546829207223e-03 -1.291213595760572208e-02 -2.817398727064147207e-02
6.755793974958515524e-02 -1.746696270144867252e-03 9.879073497006371496e-02 -4.212169477379499455e-02 -1.077737601455650840e-01 -1.538514769688311135e-01 -5.449799661529683426e-02 -1.109368820236445938e-02 -1.269578666716556503e-01 -1.285010006721711284e-01 4.607515435081231854e-03 -5.323242947288606836e-02
-2.451889002159183487e-03 -1.033149430857175644e-01 5.735049009509177176e-02 1.866904264994466087e-02 1.114375425262040392e-01 2.137130659208121702e-02 5.986719140923358468e-02 -5.333684097464913738e-03 1.074084873598873391e-01 1.951901768954239502e-01 -1.111057473518600458e-01 9.960295228848722870e-02
-2.089141181098810168e-02 4.801716736558987730e-02 1.734237258409704885e-01 -2.755428336818586260e-02 -7.046224892508427817e-02 -3.412596482619941352e-03 1.030131923955217299e-01 1.752848971093702579e-01 -8.241322177284841899e-02 -6.198758443284227426e-02 -4.432581059070090507e-02 -7.792345940121380918e-03
7.595554365583037648e-02 8.832050044263670130e-02 -6.664337679738399634e-02 9.852899212354722380e-02 2.301862756927315970e-02 1.186920984878027108e-01 1.342530403327870173e-02 7.465585048477670072e-02 6.748115979746839577e-02 9.273858830148662413e-02 -1.640196870218820768e-01 -1.366280525186154039e-02
-7.677926410075351649e-02 -8.160785846703041968e-02 -5.588795727108375466e-02 7.132703621451419625e-03 -6.820211861501140893e-02 -3.745195788880684856e-02 1.141125719029971626e-02 -1.635424633005082284e-02 3.938595612925694517e-02 1.838413127744718822e-02 -9.516574258887590398e-02 5.737134507397832067e-02
8.776839031578960448e-02 -2.507018321368665870e-01 -1.613040748920335082e-02 4.707114431139926281e-02 -2.274404916297839141e-01 3.044061362264000384e-02 7.994273003759974627e-02 -1.507942096824859968e-01 1.584840578070291148e-02 -1.841466629071386585e-02 1.503532827411164716e-02 2.941603645561015681e-02
3.436139349321760267e-02 2.559542303242816341e-02 9.182128324628020116e-03 -1.880883304229165609e-01 9.796391191558680156e-02 -9.944400587510099365e-02 -1.004079174293131052e-02 1.295090706623520938e-02 5.405280275530281037e-02 1.661109911919388948e-01 9.318150633401714455e-02 1.166287865880161340e-01
5.528115129420317631e-02 -5.530910877979875601e-02 -9.953392228202809222e-02 -1.326508770942290694e-01 -6.045872242318970496e-02 -5.919021826784066215e-02 -6.465887341667313215e-02 3.908717473746933790e-02 1.308411259320564624e-02 1.594578467172221015e-01 2.975518909323796382e-02 1.275107699989298966e-02
-2.653105778334478165e-02 -9.415148156852720662e-02 -3.386535656157213525e-02 7.788088041300878818e-03 4.094946984070368945e-02 -1.463931454098424574e-02 -7.245708418628347969e-02 2.078226491837403128e-02 -4.155253200109525202e-02 -1.185003648213514699e-01 3.043567468627911971e-02 -1.235470985554552176e-01
2.156724544726451934e-02 4.223020770828482540e-02 3.329892841122143732e-02 -4.704518976384382267e-02 1.795547756944322962e-02 1.344119020008455734e-01 -1.156966379907212322e-01 -2.874448090815081951e-03 -1.739736767860300057e-02 -6.280359813401453772e-02 -8.898306163410078795e-03 -1.092648692052964332e-01
-6.272047201954680795e-02 -1.162397081483589611e-01 3.522773648068035918e-02 -6.933193688268703136e-02 1.267552545287639054e-01 6.356619170706911959e-02 1.850937999411362000e-01 1.805164779949785386e-02 6.426533620091742782e-02 -7.406214552966258746e-02 -1.146618835878220471e-01 -4.568357686836814480e-02
8.124518496438349474e-03 -6.425249164358150245e-02 5.190459069434674721e-02 7.075938527577790849e-02 6.806371375876382745e-02 1.365702263384596833e-02 -7.242654853000746185e-02 -2.081086438852883941e-02 -2.072321902672595237e-02 1.424065669103289668e-02 -1.422175885423743458e-01 -2.038862713925165132e-02
-6.680868045144847112e-02 1.298747835872388241e-02 -1.240542324857126788e-01 2.240625543481231108e-02 -2.420271701111438925e-02 -5.212465824626127953e-02 9.223953506127938184e-02 1.379836914951652373e-02 -1.895592017991460862e-02 -9.085254311610244105e-02 1.286434862040108928e-01 3.838543312833112703e-02
4.599968413426100411e-02 -3.790179112197492040e-02 -4.769224907767613542e-02 2.519616103657554285e-02 1.047090943641768718e-01 7.161632489820908554e-02 -4.777045326841063144e-02 -5.371659566972469824e-02 -4.333380995663649315e-02 6.255718467602688904e-02 -6.762444126270805711e-02 -1.607190628365125218e-02
-1.006140427897958545e-01 9.615428528896342864e-02 1.268723999937042268e-02 -5.950365779634900210e-02 -8.118425296464581997e-02 -1.910288100193027055e-02 1.069771720322482134e-01 -1.260945306506537078e-01 -1.352837352890559619e-01 -1.091348740938407336e-01 -4.153141279250217172e-02 -3.272491985336738185e-02
6.364645124052115306e-03 7.987049079208742575e-02 -4.061792768423188454e-02 1.043584818579278324e-02 1.011868304290075397e-02 -9.049148600765472006e-02 3.852885839844213955e-02 1.192960615885816089e-01 -5.047082593534736594e-02 3.175029098671838107e-02 2.181430574853124651e-02 6.197607210583074011e-02
8.464078210621328591e-02 5.510934983259890840e-02 -3.122947757269307900e-02 -1.906333157638646567e-02 -1.776063275076725581e-02 -7.793012611976296578e-02 1.123442405065994826e-01 2.400827835994075524e-02 8.686368576219721804e-02 1.543948584227132770e-01 6.191488376693904568e-03 -4.064252915090579843e-02
-3.356431007047694370e-02 -2.795989916832044425e-02 -4.807295568071110609e-03 1.698558683148339021e-01 -3.666420606791986891e-02 -6.360681672157142419e-02 1.496871883587818156e-02 1.006728516564510817e-01 9.534119340631569406e-02 5.285203039329572361e-02 -7.973356322914657013e-02 2.360058532580072976e-01
-2.571504546588582532e-02 -6.137454737101752378e-02 1.528619686648544085e-01 1.303645983280284359e-01 2.233589029353900274e-02 1.127448639982382150e-01 9.020381383118974972e-02 8.875563684764645189e-02 6.965052636374968742e-02 -3.416119563601900666e-02 9.426109320554411364e-02 2.423856237600158225e-02
7.014732728842100473e-02 -9.536183632320656411e-02 9.812895488184805379e-03 5.349754109227676524e-02 -9.463627199690646807e-02 5.946152401563878365e-02 -8.169665893452637828e-02 6.668103211342028824e-02 6.940594481133188776e-02 -1.194865994986470670e-01 -1.904210511126623040e-01 -9.390236707305374408e-02
4.384862441658108484e-02 -1.114072853924038264e-01 -5.397075806341804227e-02 1.272501068564978535e-02 -8.368074500486247236e-02 4.699374599632513694e-02 1.140771688341189194e-01 -1.185640808859970835e-01 -9.630864917789960788e-02 5.753442615829221923e-02 6.504567176450373744e-02 -6.149556059705722083e-02
4.551337042249215328e-03 -3.003634673391608959e-02 1.275370117025562688e-01 1.265660083366239655e-02 9.689043406804589975e-02 -6.786492806985539028e-02 -2.436583477250559363e-02 -4.858708683886696356e-02 -6.371749042295701826e-02 1.882182741911002377e-02 -8.109197266758205735e-02 9.999990466097852249e-02
-1.080615672456321508e-01 -6.161672525728171396e-02 7.322137331823097041e-03 -1.770852295332520088e-01 -1.075617064868859135e-01 8.604151663408662887e-02 -9.206864290315384947e-03 -2.952437654456645591e-02 -1.572457060488915287e-02 3.601504563419697345e-03 7.175688496361332103e-02 1.493947289706010900e-02
9.709247582945185889e-03 6.133216718790622524e-02 1.160846420731287132e-01 8.061628494308309412e-02 1.614265991194472477e-02 7.369488325771865640e-03 1.276032437189910385e-01 -8.710721355369224761e-02 -1.832937992891613410e-01 -1.896330618686251079e-02 -3.205662357033418203e-02 -8.023076464179713929e-02
-5.593001981746259510e-02 5.929403073733550272e-03 -4.510254971825532200e-02 3.640766008671556669e-03 -4.387927277286820908e-03 -1.416654894472454407e-01 1.803709179407317065e-01 4.432945979670555731e-02 2.921110441746844338e-02 -1.938578236513888442e-01 -6.419123323987183105e-03 -3.712222723558798732e-02
7.416083601602682651e-02 -1.434890819374797788e-01 -8.631685839217138542e-03 -5.227884849136826828e-02 8.229463154532174612e-03 1.762389490741805148e-02 1.096710641109834433e-01 1.330779164300132655e-01 4.066334387569871256e-02 -1.642528019301114917e-01 -1.403999943679926955e-02 -3.161942666680468694e-02
-5.868890538642152627e-02 -1.577250665432763585e-02 1.836900138659168513e-02 1.021558218522580358e-01 2.722700795852289746e-02 -4.763790835647394029e-02 -4.845671447945065768e-02 -1.026955210789987361e-01 6.988067605752734668e-02 -4.908019471248917937e-02 -3.906095925561622884e-02 1.084987340618966956e-01
1.130847868029785097e-01 2.120025807584237712e-02 5.022803378595712409e-02 5.687062099738798837e-02 -5.330006196065987384e-02 1.952904874809107197e-02 -1.112510018181273735e-01 -6.594018877677487733e-02 -2.558764512956716863e-02 -8.869377904387305833e-02 -9.801381323175763216e-02 -6.899826767317310261e-02
3.105303369962102988e-01 -4.003715522775727793e-03 -4.860251165983545812e-03 -1.149430023723945968e-02 6.988533053390108551e-02 4.944732666427417711e-02 -5.502920141278966337e-02 -8.731212209652905454e-02 -9.466447063174417142e-02 -7.878439595810378393e-02 -5.275850813047906762e-02 -3.666299510363746524e-03
-7.652840695222278347e-03 4.196154140259507337e-02 -7.163933138886850738e-02 -2.207734910717753032e-02 -9.751517197117390290e-02 7.813011969039065918e-03 3.524222393104514683e-02 -5.309168360163144668e-02 5.312007861892121402e-02 -1.140265522139030825e-02 -3.443316026860219342e-02 -4.993388915181835169e-02
-1.072970809903716072e-01 6.577257494042501595e-02 -7.977374673983235465e-02 -6.644322561575666253e-02 6.136314766771628487e-02 -1.024524901241379571e-01 3.546794360558546549e-02 -2.319517150406574801e-02 -1.761418638437007855e-01 7.424850995386818309e-02 1.208898179307928145e-01 7.224753176378957698e-02
-4.833367284990836704e-02 -9.965487013987078813e-02 3.580078986651258344e-02 -6.171428966526993493e-02 -8.967492543685841311e-02 -4.521338516132709928e-02 4.419694702555965887e-02 -9.724025812121497858e-02 9.413028800485424841e-03 4.128746962361199563e-02 1.681280457844461229e-02 7.618680344145697947e-02
-7.159334632095180895e-02 -3.991102648445220280e-02 -6.480128921330503833e-02 3.130029913306271727e-02 6.002070353769520944e-02 3.416996157877329188e-02 1.015003398036195062e-02 -5.073328289874050323e-02 -9.431413749809747227e-02 8.232672883200903291e-02 9.717720042578266437e-02 8.361802509691076968e-02
-6.081537667314802081e-02 7.377721088209568401e-02 -3.392338643683375649e-02 -2.851301556299334905e-02 -1.140910995290054797e-01 -3.906704470004360857e-02 1.702342582586064204e-02 1.722731213886981583e-01 7.184838907676285857e-02 4.508373480719805870e-02 2.066439186219245772e-01 -4.169504498827639877e-02
2.590738438934229873e-04 -2.050155162147802509e-02 5.013139095723208316e-02 1.909303335191104845e-01 1.002309089350901516e-01 -1.119666945998328868e-02 -5.673104012176213851e-02 1.607021051699344949e-01 6.362823370081470420e-02 -9.687153389506034107e-02 -9.998538818631416691e-02 -8.858306253988985912e-02
-9.431855783800940918e-02 7.191688812791083296e-02 -7.364661484822418447e-02 1.832918228508732816e-02 -8.653918472172411613e-02 7.962555935314810651e-02 1.006763997956904577e-01 6.377075977096058335e-02 3.760314443116951483e-02 -7.078036929006514821e-02 1.850094384463242536e-02 -2.657423957134463083e-02
7.516698951800857009e-02 1.016038249384529357e-01 3.034610466167914772e-02 -1.649369034371928056e-01 -7.767569955764500045e-02 8.043468796510407082e-02 -1.822344707385710749e-01 4.144234389691063558e-02 -1.376902809034030728e-01 -1.408500512711018393e-01 9.208502265239923434e-02 8.196937909259072175e-02
-1.466478426195658158e-01 8.201159380596485804e-02 1.140316131887755408e-01 -2.543053212932267285e-02 5.757230606828111531e-03 -6.536163844853443150e-02 3.994416357295328679e-02 -6.318508126810379322e-02 -1.189578278523912291e-01 -1.126662296802554281e-01 -1.298100718158976541e-01 -8.903903756831174632e-02
-5.189535119373254665e-03 4.813276053528482007e-02 1.352453726839252315e-02 9.167625145452537594e-02 -3.572750289273309704e-03 -1.717445978531027817e-02 1.103709848740415111e-01 7.023368289844579559e-02 6.614343285065682476e-02 -7.293874022652809853e-03 1.822453566055632843e-02 1.108348988528210649e-02
1.122407062570428445e-02 -7.841014074746457951e-02 1.148907678888649170e-02 -2.330699733192461570e-02 1.034369922644539364e-01 -3.514525895841439512e-02 1.277190153870646216e-01 6.829947977114804447e-02 -7.610763169231092584e-02 -1.832631812444647859e-02 5.556518823522796358e-02 8.200030213272070656e-03
-6.162994749530456562e-02 -1.225371412327757176e-01 4.587513026631735019e-02 4.127426685786968891e-02 5.026887558200769657e-02 -9.801744728849143273e-02 -4.198751634599222349e-02 -1.176657707243883993e-01 3.419661139866977430e-03 -4.471613381361258521e-02 2.768844567024958403e-02 3.985059808583776841e-02
2.114790439205097711e-02 8.168116082373522158e-02 -8.891887826327617150e-02 -4.422376031027958759e-02 9.336598662773444579e-02 4.498453085125961315e-02 -8.990440530896003091e-03 6.150668772124734396e-02 -2.811028051702434971e-01 -2.196041870820635011e-02 -1.241519805693305778e-01 -1.423105656115432605e-01
5.917427571638959188e-02 1.334189039323443321e-03 -8.522298360050875599e-02 1.102152085695349837e-01 -5.065167613847763872e-02 5.469317910354008078e-02 -1.300163746706163859e-01 -3.651747617828053367e-03 6.306877575497094046e-02 -2.872021594278695994e-02 2.608360427431959463e-02 3.467272298821806598e-02
-7.164318854825590943e-02 -1.603021121607020594e-01 4.915188860407798677e-02 -7.403707388038237303e-02 -3.921808305927299010e-02 -3.244259510991549800e-02 -4.622342941555877827e-02 -1.416203919722839322e-01 3.604342789207459763e-02 2.319986313443037421e-02 -1.489536159382695221e-02 -3.249427659989606587e-02
9.468071001836299988e-03 1.238959248095312798e-01 -5.255699074501007755e-04 1.365949113580749719e-01 3.841159452024454912e-02 -4.829216191032543321e-02 -2.750782015149565857e-02 -5.710391250486004933e-02 -5.215405102460905773e-02 -5.871610909599046108e-02 -2.912115437096508570e-03 -5.019812586425854983e-02
4.239202509180500789e-02 1.817152005388261021e-02 -7.953123326369286594e-02 2.746966991485554760e-02 -1.600314534161575986e-01 -1.306253955440015435e-01 2.096860577098284828e-02 6.362564865543110515e-02 1.361557940467642176e-02 1.756036594964698050e-02 9.133874759528948228e-02 -2.549083013168474549e-02
2.086701927905264958e-02 -6.814966595408275540e-02 7.662310998525443187e-03 -7.212152039013745852e-02 7.813451018635411693e-02 2.399125991219503568e-02 -1.302355785601253535e-01 -2.533034244682107541e-02 -1.298702744521415819e-01 -2.614223919366678167e-02 -1.813169059065828925e-01 -4.018305695919779930e-02
-2.415909410740438301e-02 -1.207844513594746316e-01 -3.631781183425671078e-03 -1.100754696574681307e-01 6.453294218366706358e-02 7.519515887027419798e-02 -1.036618702460397057e-01 4.862459511909271448e-03 -4.495958844766559381e-02 9.840991461390802275e-02 1.332552549477973927e-02 -4.004808225370574265e-02
-9.842767386870442461e-03 -8.532834736988667568e-03 2.219198034894671878e-02 -9.188952315334776577e-02 1.225901661795495041e-02 -7.140033261893291572e-02 -1.109412866283911517e-02 1.213678292515808221e-01 1.454616676235376826e-01 -1.322950107050450130e-01 -1.378683156389355277e-02 -1.555449558158984724e-01
8.757180350221868692e-02 -3.441912855853579423e-02 5.954644111132362944e-02 7.577103305679960821e-02 -3.131585135999208347e-02 -2.931512273148853889e-02 -1.427857150779949791e-01 -1.355218846141441613e-01 3.881969309308284585e-03 -8.328407997891498944e-04 -1.443847186931716819e-01 -1.424658292405274473e-01
-2.465957261579489190e-02 1.016397979744292357e-01 1.599140423755822946e-03 3.316782017393396509e-02 6.330674833594293616e-02 -8.295011811029752435e-02 6.497881244213509280e-03 2.308512346914409208e-01 -6.325467080627293626e-02 -3.677013298016729159e-02 1.654585696813969664e-01 5.727283529037719562e-02
2.276799388977756577e-01 1.249882113593034361e-01 1.876437808107581443e-02 7.416142987768045702e-02 8.509491273944772005e-02 2.035293285608512186e-03 1.375029569380364081e-01 2.381988914108935235e-02 -9.778655648919004628e-02 3.387181680573787823e-02 -1.087537650198483613e-01 8.413963060894973089e-03
1.625115300505651783e-01 6.074635517824705788e-02 3.444001969332570467e-02 2.958639057658884325e-02 -1.860611682110389076e-01 -1.350444484919200994e-01 3.737112040620214209e-02 -1.143523396106960188e-02 7.504127210861072372e-02 -3.005200313123797262e-02 -1.483685837261481955e-01 4.446621865799735979e-02
5.819709067692921400e-02 -1.841152297362297352e-02 1.545229946009615274e-01 4.486118229013732334e-03 2.994505076600840424e-03 1.650359082738961924e-01 3.045129370470359836e-02 8.930394129621507804e-02 -1.281049688894567440e-01 6.564690157661720593e-02 -6.084030799754409219e-02 4.749601283755486292e-02
2.030887157235571061e-02 -1.094892767948410089e-01 8.770772876876704871e-02 -9.849585580721353928e-03 1.052725651525455303e-01 -6.900039485497414145e-03 1.622558192857212478e-02 4.146228847304424953e-02 -4.278015935033394057e-02 1.163554399349130686e-01 -4.108346533917515975e-02 -1.933518622974650658e-01
3.466916245473304625e-02 -9.391604395003294581e-02 3.869597599215270772e-02 -5.391686782887449882e-03 -3.221803022487620960e-02 -5.373463248652914082e-02 -7.127020998222756420e-02 -6.362079092309180783e-02 -5.628741925541320273e-02 -2.687439949795395258e-02 7.960758679788845511e-04 -1.248131718545558849e-01
