1.491494195110758536e-01 -1.036967131578210854e-01 -4.565261599675954005e-03 3.770110688084801071e-02 7.809148032564941500e-02 9.862602501223895202e-02 -3.753389789773145524e-02 -4.258720290611709564e-02 1.171281427521526641e-01 8.804632887950300524e-02 1.017208388492280881e-02 -1.794724034965343700e-03
3.827439683917043846e-03 6.235483320399252266e-02 -5.917649697492950202e-03 6.265421567070644793e-02 5.138366663621094649e-02 6.344089660570406686e-02 -1.468820588016875664e-02 2.619673176791435104e-02 2.486838199407859218e-02 6.108649578395557861e-03 -2.019729665287864351e-01 4.682776868653715230e-02
4.964662227034730840e-02 -2.810179286196884396e-02 9.178037749347806029e-03 7.907615165013205660e-02 3.015820602962557273e-02 9.811992232762151156e-02 1.257263234575874411e-01 1.934438347470563979e-01 -5.643906443684790913e-02 -3.396924355880018287e-02 -1.497645842624143950e-02 -3.238133469383781826e-02
5.814590225897071571e-03 1.153144999172597482e-02 -1.878210714384120072e-01 1.968564943583616875e-02 -9.698895125686335383e-02 1.577217380604632041e-02 -3.561197892919137908e-02 1.280630419068318378e-02 1.436056796213863382e-02 -1.188938380208230394e-01 2.677248775412315041e-02 -5.088161613038814923e-02
1.115718923324506562e-01 3.384389937018060165e-03 -2.513098624846998863e-02 -2.510890718808884980e-02 4.499618071396019325e-02 -1.497193347763061712e-02 1.102643174271751847e-01 -1.082681395769377608e-01 6.329027833445016737e-02 -1.406651038804233589e-01 -4.069355134530768664e-02 4.253287266879393624e-02
-5.727575077272432230e-02 -8.958414886715396208e-02 7.666757099345752891e-02 4.958553756221016455e-03 -1.898401675320972315e-01 1.103769808215742387e-01 4.580761090418179055e-02 1.630311594718879264e-02 4.961007870257980873e-02 5.113463948906982887e-02 -6.669402684642436463e-02 3.749620858522761946e-02
-7.905083371038415518e-03 -6.785518734111588290e-02 -5.247633142443310084e-02 -5.447783341050212169e-02 -6.578018584600224712e-03 2.949835409984340184e-02 -6.382940841014470880e-03 -4.684243758595071569e-03 5.942577374707566640e-02 -7.528232538872992041e-02 -3.449288701547065239e-02 -6.400550466944242463e-03
-4.928681981729474137e-02 2.065061885275729439e-02 -2.569213086803806903e-02 4.137400736502898357e-02 6.782650124302884442e-02 -6.491054624987704913e-02 1.779015977077401302e-03 -1.118950681618819942e-01 1.615165030152583836e-01 -1.298168609969900800e-01 9.788640117138498048e-04 1.259944086596570881e-02
1.403368730636539441e-01 -3.950390668317546594e-02 -1.212037765958902669e-01 4.524799669892985016e-02 -8.842271326896564143e-02 -2.177409813549540177e-02 -2.374857971555520246e-03 -1.362199487744757409e-01 -1.401673952064055040e-01 -1.200971669467081060e-01 -7.104935073699618353e-02 7.467782275789194846e-02
6.121404571753592122e-02 7.118537553292011988e-02 1.139654252106646337e-01 4.660045512206729967e-02 -1.072421432555925175e-01 -2.390477826552792062e-02 1.380702485969479143e-01 2.456156438386889428e-03 5.884275557908209831e-02 -1.332947888013970295e-01 1.594679366972548418e-01 -2.852962935434476266e-02
1.450232712265896520e-02 4.098369860840085643e-02 -5.794714342472832846e-02 -6.215392117493473423e-02 -8.379712998283674052e-02 -8.709458303631591181e-02 3.284785554756963072e-02 -3.552256474613681159e-02 -2.924607067967856938e-02 9.046873334288818569e-02 -7.917365031175949142e-02 2.953116483108705372e-03
-1.770769205014434688e-01 -6.511085465378713133e-02 -7.259945927951441669e-02 1.354235396182898454e-01 -7.434103945304761096e-02 -4.941524416551033860e-02 -7.392707541050007325e-02 1.114252169889886068e-01 7.824979549528354728e-02 3.381854987032987397e-02 1.514301583153674496e-02 8.367314718387959538e-02
-5.884796358196987126e-02 -1.165753303955843895e-01 3.944992752080713622e-02 1.555669691612902583e-01 -7.458624065092490929e-02 -1.004662100679790671e-01 -6.651413737515598189e-04 5.147837268801051108e-02 1.079727625929056273e-01 7.119647897979211604e-02 -6.407794077817316469e-02 -4.981060739374890828e-02
1.032991966977730713e-01 -9.673603730881985552e-02 2.850333349222807303e-02 -7.302475597355578829e-02 -6.392154343617917345e-02 -1.699202506158833947e-01 1.215716913082114277e-02 4.645374071349909345e-03 -1.851315048606342120e-02 4.992417436892694627e-02 -6.847979402904341706e-02 -4.040804444874873669e-02
2.455602560832902820e-02 1.716520280310881996e-02 -8.501542828646162925e-03 -1.613922454385227287e-02 6.912888831474606199e-02 -2.191002753485941368e-01 6.125124148253857648e-02 1.131737982585995575e-02 -1.365407034480405901e-01 1.048450290417627662e-01 -1.845766738304870785e-02 -2.646152287374335665e-02
-1.308374317884014593e-01 2.606394294536859557e-02 -3.620293023222556639e-02 -4.693584458050688302e-02 -5.699206737358256808e-02 4.448317110672243835e-02 -9.904400806752183817e-02 -7.603236665883794654e-02 6.354926074093819599e-02 -4.342065859147351686e-02 -8.619276736893544122e-02 6.437396259052771165e-03
-2.229148371995947481e-02 4.438358911087945252e-02 -1.597621494070216447e-02 -3.911404052278148052e-02 -4.565192433857627463e-02 -1.232828318831596243e-02 1.395965939906699815e-01 -3.341379430273742901e-02 -4.261202207738679082e-02 1.004780245613517142e-01 3.779048089969874041e-02 6.313107002364726217e-02
-9.440247242385375881e-02 1.276762288903068865e-01 1.374239515962723257e-01 7.013468568620484511e-02 -4.286913522623517908e-02 1.824288559663875958e-02 2.919164106493710360e-04 -4.130585062605907423e-03 -1.022617680739854734e-02 7.595812380031827238e-02 6.855773281126376073e-02 -1.553688026686021184e-01
-1.024631171822856790e-01 1.011334229269404417e-01 2.399454063272712240e-02 9.632942229993257666e-02 3.366071349891260056e-02 -6.901608456423594107e-02 1.341210834470854540e-01 -1.863739313921730645e-01 -7.497868670275173453e-02 -4.834909568848656108e-02 -2.220195174664774673e-01 4.390987592784426768e-02
-5.714291331266227458e-02 1.311915256202909053e-01 6.066772522649989396e-02 3.820811251777486706e-02 3.605652242311147004e-02 8.313982507740073219e-03 1.715789973094039925e-02 -3.186576965954708573e-02 2.372309641897937804e-02 -2.835005043311638467e-02 5.901209736264705075e-02 -5.963372465662112459e-02
2.503057993803546599e-02 -7.889378930707102722e-02 -1.300173119394713306e-01 9.791801962265429815e-02 4.936675143705382407e-02 -1.468879311346751038e-01 4.232466852973931770e-02 -1.367680974997473320e-01 -4.070999677292925362e-02 -5.036295533011042602e-02 -5.608153453840131891e-02 -3.986492278590039046e-02
-6.854501161534493070e-02 -2.099639817268628486e-02 6.465183993595435830e-02 -1.075830249183832854e-01 -1.291708924395545965e-01 -8.337986653673908066e-02 8.033673983017131093e-03 -3.035584546246685583e-02 7.976623250750507210e-02 8.952724392635330597e-02 -6.469669345357267898e-02 -1.536081233646037145e-02
2.236104154660352797e-02 -8.356382001774244339e-02 1.623758269036384427e-01 -2.015743376505484963e-01 -1.654721031353117294e-02 1.396685148850769775e-01 1.623078674066305016e-01 -1.524013794120139820e-01 2.532656762535602860e-02 6.518728656965207258e-02 4.485726402167991567e-02 2.395006067405176103e-02
1.195665811260406691e-02 1.344486149135952213e-01 -9.054082775804751793e-02 7.956327311895690715e-03 6.495102688183197921e-03 3.402099486750170126e-02 -9.875394528822151186e-02 -5.118035678389865929e-03 1.721281350884515046e-02 -2.621847044791938974e-02 3.359166694445783752e-02 -7.513484149406451928e-02
-4.266717641894316598e-02 5.611120635223732639e-02 2.491944402736506747e-02 3.530513088767248814e-02 -1.782315401906384711e-01 2.053980850804019639e-02 6.443553619226977114e-02 -1.843115139559860227e-01 -2.182095363012721834e-02 8.309016396691246142e-02 -3.675403356920875497e-02 7.724563166681205906e-02
-8.497485478979023565e-02 9.979643373182331412e-02 -1.127869779672737993e-01 5.213510479183001978e-02 -1.084877234020444059e-01 2.111334822601384359e-02 3.251306688507753662e-03 1.472447293879436576e-02 -2.041292151352989415e-01 -1.623117447271534008e-01 -1.188637390424123336e-01 -8.185736283415592784e-02
7.144052072029191680e-02 -1.975368464948182023e-01 2.930421644871993719e-02 1.014735028779539250e-01 -1.152239678747533219e-02 4.398731254537473212e-02 -3.113224586862563259e-02 -1.469411923265686454e-03 -2.139390268744046156e-02 -7.350666465661923055e-02 6.816869705315756200e-02 7.812479597639418460e-02
2.741170630602821068e-02 3.743194684949273376e-02 1.676713544563892822e-01 -4.149772837925448654e-02 2.347053691275430981e-02 -9.709607621042867787e-02 -1.260694896917592123e-01 9.552880054228618523e-02 4.972203843020858716e-02 3.647311839310196646e-02 -8.286356384949045140e-02 1.162075799166446682e-01
3.909879984512642376e-02 -5.160593079783163534e-02 2.013518725474394352e-02 2.702284305958905369e-02 2.268690571600484596e-02 1.931325967058349913e-01 1.488697526522033687e-01 4.781036265181916323e-02 3.720841596548506852e-02 -1.740146412681487509e-01 -1.620026519735831561e-01 -5.463598414709555651e-02
-4.176650427847040242e-02 7.369308513903233271e-02 5.308335802288352556e-02 2.388001777174672893e-02 -5.823383591321515743e-03 -9.289476434672901128e-02 -7.656718543516807807e-02 -1.046536193365166928e-01 -9.634430042012604584e-03 -5.029155392371715411e-02 1.004361192848540890e-01 -6.913471339495244660e-04
-8.675375896862730363e-02 -7.240802285946359995e-02 2.189214095526732101e-02 8.396206501156962265e-02 1.868383968814599227e-02 2.431592512716626922e-02 5.294214467926870032e-02 -1.134554510793968213e-01 1.200512637982095211e-02 -3.976901806500287261e-03 -1.539770874899948905e-01 9.956300933820722010e-02
-3.814441424654945595e-02 -4.778584037109218259e-03 2.666779044966017045e-02 -8.719625338688066774e-02 2.769688683515804384e-02 -4.965313418048819365e-03 1.017095449428570553e-01 -5.211014301693463191e-02 3.525180507022845217e-02 -1.613358373642842514e-01 -5.269332801387967280e-02 5.349926396757400011e-03
-8.739024884129947823e-03 -6.006695254835015679e-02 -1.331192162101898779e-01 8.306966670071355696e-02 -1.764301293465904419e-01 -9.339837885545133889e-02 -1.439750446657121485e-01 1.815503125822730546e-01 -9.170231607311549182e-02 2.119055344050059519e-01 -1.123649404776307648e-01 1.202013840546508200e-01
4.760205083122974468e-02 4.822344965625341429e-02 -1.591860952959890663e-01 -3.533948019846969851e-02 3.086475912589555642e-02 -5.756445134802174596e-02 2.258243082672142799e-02 -1.985573052728661358e-01 -2.058862666221236148e-01 4.654653268580637030e-04 -5.837828240975518473e-02 2.048563867771623775e-02
7.691152674922235866e-02 -1.024163213381279053e-01 1.903066348708208622e-02 7.884879588115900617e-02 6.235012238817856656e-02 -2.088938979002502930e-02 -7.242357654134019829e-02 9.648915898006999586e-03 -1.703422047337753154e-01 3.105264439593714149e-02 5.844922560703608161e-02 -6.346578765615956685e-02
3.241475473035421162e-02 -3.688602181047374862e-02 8.566792162871102179e-02 -4.778131781801459727e-02 1.852803364948703013e-01 5.242711388768482583e-02 9.061075451536033942e-02 -1.206001838554067451e-02 -5.057360682982775524e-02 1.532147480576858192e-02 -1.062249608229726833e-01 -1.254980759376580490e-01
-7.581927643341276890e-02 8.171067096984993561e-02 2.150967535902752539e-02 4.323268440137526675e-02 -1.027356603039843511e-02 1.519494879770332818e-01 4.469605443845028891e-02 -1.324827336450762061e-01 1.018719791479691383e-01 -5.001776600488708202e-02 -7.709922109720408236e-03 -3.763540452538230441e-02
-3.114834112499060073e-02 8.230369504204529396e-02 1.131559827392526058e-01 -4.079415344820458422e-02 4.878200139120994483e-02 7.404223616932339991e-02 -1.225389602682349643e-01 -1.500239981316980054e-01 -3.405515900808675500e-02 6.466178015820334135e-02 -6.627382437193723996e-02 -1.218347805165990866e-01
-1.409914837903445406e-01 1.802556892517844303e-02 1.438879003001341250e-01 -1.058156087230654498e-02 -2.636808666724456407e-02 9.857930687636726197e-02 -4.751166004039694690e-02 1.441933257773079236e-01 4.114601756501979485e-02 -1.153542123975794947e-01 -4.659451426782858230e-02 -8.302006682613491395e-02
3.561636241390512408e-02 -8.452853611158155089e-03 -2.387359867356578583e-02 4.845505797288098340e-03 -1.001780130834148685e-01 2.305262106588250315e-02 -9.896495682682613509e-03 1.386217389991268867e-01 -7.782106559311063876e-02 7.556112061070699437e-02 1.272831645370470222e-01 3.643851979010105657e-02
5.650395492241172546e-02 -1.198389366284487341e-02 4.532487473519693222e-02 1.645501184097358793e-01 2.518709027186702420e-02 7.804797331243888692e-02 3.817652534162503664e-02 -2.207933834965839642e-02 -9.091857581190232462e-02 9.556544278096543166e-02 2.080015699981007868e-02 3.774587671218175913e-03
-1.941533622586152225e-02 7.618598559697273287e-02 -8.760742406106299118e-02 -2.187530691127765117e-02 7.841494305560092748e-02 -8.725081911188388439e-02 -1.036231796664810051e-01 8.848486420931668539e-02 -1.769016341993136059e-03 -1.339554226584802055e-02 8.669172822549076063e-02 -3.182659313511973509e-02
4.395017330464859318e-02 -2.269092579924945636e-03 6.874307608648359824e-02 8.992565075660158280e-02 -8.230095102167744869e-02 -2.484808855151450849e-02 -2.321213281637544423e-01 5.803495935747514378e-02 -8.738868574081101737e-02 -7.456164812509677442e-02 -7.539807402042626727e-02 -4.388715135357271896e-02
1.003731453348043201e-02 7.071549792211265228e-02 -2.852438824941690154e-02 9.261301578296546322e-02 -1.041158117334694821e-01 -7.834651849693588521e-02 -2.732245739025053466e-02 -2.822600168133258813e-02 -1.302386836859317221e-01 -1.247577337081704207e-01 -2.630602106396468312e-02 -5.450599971611062855e-02
-6.108103084939018462e-02 -1.295392815065319128e-02 -9.313273045460136040e-03 -3.206141634172123694e-02 -1.135903188095457872e-01 -6.862168955919675795e-02 1.050586155580600228e-01 -1.310297128673614149e-02 4.511206628305673705e-02 -4.344920332364796134e-02 1.200540287080939239e-01 3.676609912345960018e-02
-1.199183384940220309e-01 -3.455669457107377746e-02 -4.810601941377604107e-02 3.442384242079856577e-02 -1.325363771891649792e-02 2.973622081499191841e-02 8.221591807264408414e-02 7.993898685893500999e-02 -4.342056580060717208e-02 -9.495695853230184946e-02 3.318899663147617529e-02 -4.124159781257780849e-02
-1.755805236333017605e-02 -7.975687721828655929e-02 1.791645368612674108e-02 3.562493999940298528e-02 -3.790612176721443963e-03 7.501339839514482855e-02 -1.597186394780962526e-01 -4.203867099876296143e-02 -2.615506167484037137e-02 5.247086676920008352e-02 1.879017589878481664e-02 -1.021591469103933988e-02
-1.206512692415295102e-02 -5.941219324632580207e-02 1.864168871056240129e-01 -1.665841001297426599e-02 2.062544070656371908e-02 -4.644293055203965737e-02 -1.122909892024117527e-04 -1.544170205627411196e-01 7.398007708696606455e-02 -4.919806250412786519e-02 2.700924740999831319e-02 -5.415552560487249534e-02
3.306617106868183636e-02 3.766058248342671333e-02 4.406618787876988297e-02 -1.682896092957292603e-02 1.094697064323178759e-02 1.091535977413761183e-01 8.638719107370432249e-02 -8.678019842464809730e-02 1.260448124146507365e-01 2.454580405220561229e-02 -2.527213860001036733e-02 3.015740040585996457e-02
-1.192343217318570653e-02 -2.681145251707760593e-02 9.880672259718781270e-02 -2.383521175796831162e-02 -1.401178891102723006e-02 6.508303144389465666e-03 -7.065334658602209772e-02 -7.322573657298662997e-02 -7.096551010512962276e-02 7.755465586925927579e-02 -1.892347246528766624e-02 -3.322257655072950733e-02
-1.005064150883265839e-01 1.862245303791686124e-02 1.502845285377762130e-01 1.561569601101743532e-03 -1.208051378807946108e-01 -6.780568480223655992e-02 -7.576136563219509901e-02 1.019277896154228147e-01 -5.371286147820777956e-02 -6.986000241333985283e-02 9.789144709324352350e-03 4.613936489868370600e-02
4.350833226656623115e-02 6.917711876538824856e-02 -1.607418663423584165e-02 7.564654230643880206e-02 5.861472940449290181e-02 -1.273926178715855707e-02 -1.113247891567675438e-02 -5.317037304214589089e-02 3.780100996388027074e-02 -6.637898071571401992e-02 1.372903240015450055e-01 -6.436449133183655413e-02
-5.755967180439462011e-02 -8.712658745506579594e-02 -9.807955022601412554e-02 6.630906939836432590e-02 -3.065596564067064878e-02 -2.994902337704482415e-02 -2.885712042861060533e-02 7.173550101347442309e-02 5.835393527702860059e-03 -1.533952006209265695e-01 -1.615733812455568200e-02 1.200107298766626140e-01
-4.677140824253366025e-02 6.755535595118788983e-02 1.465990426407021152e-01 -3.698352131158910011e-02 -3.590100679373987858e-02 -1.186945596291878180e-01 -3.908298339925519310e-02 -1.357343999934276513e-01 8.014534448101953701e-02 -8.054626969975847706e-02 6.483390676728439939e-02 1.249996285098461113e-01
-2.198167555332651915e-02 -2.036972219883394219e-01 5.159447215812277415e-02 -4.271997380051741847e-04 2.056673477137408584e-02 -1.580537321652929483e-01 7.195830712551755382e-02 8.083622207585594577e-02 -5.182675629471311662e-02 -7.046706347538717052e-02 1.090958488527285150e-02 -6.370249815330666920e-02
1.131551490607719535e-01 6.193845487287120283e-02 -5.154627706559894440e-02 -1.154687334455134079e-01 -1.012202351923344873e-01 -3.398978462085523733e-02 -1.416473181859579100e-01 -9.286032746038348773e-03 -8.108416701167811547e-03 1.858021743667631013e-04 7.108117154129976745e-02 -1.278957284458326904e-01
-5.465432236437983704e-02 7.269883570919052906e-02 6.515512159241423906e-02 -2.240868980377987499e-02 6.504679324269726712e-03 1.315523745687480206e-01 1.694756435534850933e-02 -9.731638422080918227e-02 -1.234758612937430777e-01 -8.717129590126306005e-02 -1.720782266181655473e-01 -1.317072623258058184e-01
1.631755717577728915e-01 2.074284316886143911e-02 -4.868278100861661573e-02 1.433209358150371870e-01 7.008315809137949381e-02 7.360017514572443631e-02 1.433920731723566933e-01 -1.873754490919478100e-01 -5.570010540334217192e-02 2.143878360368983715e-02 2.294009734998638805e-01 -1.319194084714355765e-02
1.397275652607972429e-01 -3.622007155596126265e-02 1.131425283247142755e-01 8.928613089635448197e-02 4.826170780196712556e-02 1.130543699343594111e-01 3.628403480058988578e-02 1.029821475939573239e-01 -4.258514259751515138e-03 -5.034579857276512416e-02 -1.331368640029637410e-02 7.606521549597325405e-02
-1.010121023476448499e-01 -1.833632247625351930e-01 -1.669338808806425933e-01 -8.599007942038275343e-02 -4.889877669975165042e-02 -8.259930260329175281e-03 -1.531461261950503305e-01 4.481010882417191948e-02 8.457522736504775873e-02 2.229664186821602584e-02 -9.869609484723096404e-03 2.306458609450287925e-02
9.164917383632592562e-03 -6.305413094917068639e-02 -8.084592645601937355e-02 4.192485118562819940e-02 -1.039156886717232386e-02 -5.022062141654683176e-02 6.398043667241361254e-02 -6.277920512902852856e-02 9.479671203515704914e-02 5.628185114531912558e-02 -1.976660629212384779e-01 2.794737334555725053e-02
1.503182402327452039e-01 3.373546954634108579e-03 1.100858828439078146e-01 -5.225639020831038262e-02 -1.008814231369193487e-02 -7.249180774723597287e-02 -1.520085853398274803e-02 -3.501435675634707867e-02 -6.741921147829782815e-03 -2.475919861193361105e-01 -4.555176561027880072e-02 3.335577311377874166e-02
7.112923148833875941e-02 4.939585153746901824e-02 2.784629993460330591e-02 1.178048786563066774e-01 2.157604308077454638e-02 9.666202247812095971e-02 1.081377622347979017e-01 -4.719937895766691122e-02 6.734201866285130511e-02 -4.666688162200734180e-02 1.588836388058051940e-01 7.498664498272744616e-02
-1.080721545546381723e-01 -1.309681588844401334e-01 9.455917357952504931e-02 -7.340183572956307523e-02 3.626259899760601868e-02 1.034855074004471104e-01 -1.796869868820272775e-01 3.281634699948896006e-02 1.144090401005372071e-01 6.723947483013484328e-02 1.573580762452490844e-02 7.752028238435253529e-03
-2.789342834629953555e-02 -3.965863202400287529e-02 8.741975018657806989e-03 9.563541783274259744e-02 -2.551917124673436579e-02 7.722273878131948217e-03 5.637569685009494874e-02 -4.332986049387561184e-02 -1.317941794981674075e-01 -5.153933627473290813e-02 -2.641422681774699410e-02 5.360184480779989213e-02
2.340380970440200659e-02 -1.012260244928200464e-01 -3.260350191024992406e-02 -1.619795908441886540e-04 -7.306469512951999090e-02 1.328698090619645500e-01 -3.337591897098984850e-02 -1.018280507335453389e-02 -1.035556073891839290e-01 3.355381238184504400e-02 -2.462079915105037237e-02 1.659005686131167709e-02
-1.030723079709916779e-01 2.912705612720087323e-02 1.479107055420006978e-01 7.599484723547024478e-02 3.921847967770525356e-02 -2.529170719441942855e-02 -1.940930738265029751e-02 -2.796748297520278495e-02 9.547693769189154189e-02 -1.402507307288826388e-01 3.404327549999400238e-02 1.296263333156099096e-01
8.073899402869680331e-02 1.644031529951535744e-02 -1.088666052919725659e-02 -9.672302113599780260e-02 -1.319540397050690261e-01 6.294295580075085286e-03 -1.072808334604300473e-01 2.838076846636563427e-02 -6.160546887597519172e-02 1.567017500602141400e-02 -2.980168988832320245e-02 5.002846515243090236e-02
8.258664548055730248e-02 2.940795435241886496e-02 2.951713798215857901e-02 7.598326824793638634e-02 -5.786710318433739564e-02 1.920012059457851805e-01 9.116269696293978833e-03 8.793035298349080597e-02 -9.237400195929995617e-02 7.979813984453307252e-02 -1.629462885410148665e-01 -9.167197954896966205e-02
-2.292463892094889766e-01 1.426798419949209737e-02 8.273350857279648807e-03 3.280855120261957220e-02 6.937509810995021176e-02 1.006055602740555874e-02 -1.511982755980118831e-01 5.143328970942218081e-03 -6.000045736930699480e-02 -1.158243510609971438e-01 2.140066889413412207e-03 -3.447186390800355271e-02
-3.632885443289998045e-02 7.372245689116532774e-02 -2.455472160623850889e-02 1.455154238475279416e-01 1.022678735792608290e-01 -3.320296281756168061e-02 -1.779054699380715754e-01 -1.274306214253873720e-02 3.438262297209179058e-02 5.989728139205644127e-03 8.140566022532366719e-02 -3.141417988760331764e-02
-2.342711070916579652e-02 1.349867192615328282e-02 -2.777147039217225249e-02 -6.703242677461793142e-02 1.866422610776112545e-02 -6.824072395667357682e-02 -3.442651247003425397e-02 -1.810872371353390922e-02 7.282161854824975578e-02 6.228379283539623584e-02 5.181408966887924433e-02 -9.357062921542720624e-02
-1.035357493676074270e-01 -1.533852895414686834e-01 -5.537437088754686154e-02 9.661938540805926900e-02 -1.261485350511943881e-01 1.758885231302641933e-02 -1.186091855946241058e-01 -3.821783005459726545e-02 -1.463292953604606317e-01 5.524470851104869296e-02 -5.726257000830310695e-02 2.794925116289384906e-02
-1.574688880101224667e-02 -1.682228767483185117e-01 9.480272002619079263e-02 -1.323866776799546285e-01 -1.361097276503992204e-01 -1.323956623745230210e-01 1.678138862165090006e-01 2.707510917108219006e-02 -5.971949851727023813e-03 -9.114868706063884718e-02 4.032623845047467702e-03 -3.322103386944632447e-02
7.909559075990690857e-02 1.237441394667500583e-01 2.616281708612629153e-02 -7.456826084357162654e-02 -1.452115950224793645e-02 1.070579059998393312e-01 6.477861627344023987e-02 2.067803574474307363e-02 9.127542453960658941e-02 3.674132445203293594e-03 -2.123490194057458397e-02 2.103180004841849748e-01
3.400326913219323122e-02 9.960907953230575818e-02 -1.470216477888425244e-02 -9.883347396991344624e-02 -1.452886407965149340e-01 -6.537352482545882859e-02 -2.739172878170784142e-02 1.468430024261281608e-02 -1.412939068530634674e-02 1.622047061823007341e-01 -8.886201781394373334e-02 -4.358445411272297149e-02
-8.773046957908051113e-02 -3.441716285364839617e-02 -9.784457651546264734e-02 -5.812323063082164287e-02 1.152278341066996920e-01 3.115830088262174641e-02 5.064375283436091391e-02 1.165256312462869571e-02 1.739484810447054219e-01 -1.316584527192956600e-01 -3.403212687605536996e-02 -4.782147583282345821e-02
1.417106040477469258e-03 1.032240913259917237e-01 4.544258621525261443e-02 -1.262438246788537971e-02 -4.954843909167398058e-02 8.403754093884438503e-02 6.323998991231904662e-03 -1.116028065163299360e-01 -1.487709055482702436e-01 -4.594427168573459591e-02 3.257807411612223623e-03 7.344483818708390233e-02
1.337694526340918733e-01 6.915745781541408899e-02 8.403423571731902242e-02 -4.366750479926276990e-02 3.704598067966265174e-02 1.068060607911759385e-01 -3.667120700710848474e-02 -6.132605593924493094e-03 2.469470097407345036e-02 1.753398064192691619e-01 8.839516856296966707e-02 2.414834558910457923e-02
-4.688685715349408256e-02 -8.517514985215070278e-02 8.789394210826746712e-02 9.126003037782222382e-02 -2.426305898607217584e-02 6.440834970022439598e-02 -8.811826052605575832e-02 -9.041817744576326199e-02 -1.278769149060965671e-01 1.550966948514370114e-01 -9.563039752436600094e-02 -1.036508740406158480e-01
-1.580220570302458272e-01 -2.522104592479919305e-02 -1.776046293084176941e-02 1.060260355226188833e-01 1.337428184490777883e-01 7.295219779701192508e-02 -2.334999864233611513e-02 5.584421191793877137e-02 1.158479992206268849e-01 2.726937402907782249e-02 8.969821282335915802e-02 7.118214955618995532e-02
-8.419844104255344575e-02 1.300576853800023205e-02 2.853648340385572801e-02 1.578012377159842550e-01 -8.451053637884689551e-03 1.340095720437355781e-02 2.710000935680991624e-02 1.572284378236302183e-01 3.278554465658637534e-02 8.608418964040982779e-02 -1.546699507535043844e-02 -3.510979327889145185e-02
-5.189505962971742437e-02 4.384485463786534816e-03 4.952454866064170957e-02 1.768089728495988444e-01 1.477041393476915265e-01 -5.700218215076394146e-02 1.105509889870485707e-01 3.429031191923376937e-02 -7.881197030472095189e-02 -3.669618832958834731e-02 -1.770960740432350466e-01 -2.891524253279813272e-02
-3.146086234295279727e-02 -9.272553273032690946e-02 -9.996638993649854810e-02 7.618781733938329026e-02 5.185670168994621632e-02 1.987965480671815555e-01 6.848475728454096745e-02 -5.289869131489475379e-02 -2.964353395981942502e-02 8.879451889362750816e-02 9.659388785847346226e-02 -5.760028420557880557e-03
-2.048357608609574498e-02 3.206017993307792163e-02 -3.203979022633697896e-03 -5.161876592750572895e-02 1.742861504898280955e-01 -1.368647298502492435e-02 -1.518570847939803431e-02 -5.755953390570824058e-02 -3.521758784174980339e-02 7.474231149314312928e-02 2.667959487030957880e-02 -5.746825547698235226e-02
-8.569992248042331007e-02 -9.935817023290741123e-02 1.097515376712628471e-01 -3.721429653578518099e-02 1.791230452524266228e-02 -1.829178017507589182e-02 3.082707342550529764e-02 -5.135475258041170832e-02 -1.062140000728458988e-01 4.746594257244127896e-02 -1.147815285149094977e-01 2.834820326775691623e-02
-2.127830926029854186e-02 1.502892981285229579e-01 -1.047032914559525851e-02 -1.454798654566164251e-01 5.483477611286616954e-02 -3.434906801628818951e-02 1.467463091312888879e-01 1.066284869820806197e-01 6.792937928879116960e-02 8.963823514996706321e-02 -7.345613397496926489e-02 1.517525515297462324e-01
-1.935817455527296532e-02 5.956227563536717340e-02 6.023060325306853896e-02 1.344530076903246441e-01 -5.219912216030989094e-02 -5.266108065433787455e-02 -7.261595789104569043e-02 -9.240384271460046206e-02 -1.070822029710774143e-01 -1.690387314558819973e-03 -2.320124631849926691e-02 1.264528494708882047e-04
1.037481141608026861e-02 -1.403844486152517335e-01 1.840544982034579002e-01 -3.940150048646167552e-02 3.897564469742005600e-02 -2.352035218413514595e-02 -5.273913254055102168e-02 6.924924468268783828e-02 1.617720063351751891e-01 3.810928694900268809e-02 -1.538331927277156452e-01 4.274157152513737012e-02
-1.133080499096143258e-02 1.450536261856917031e-01 -3.925738020491754271e-02 -8.619680639428704870e-04 3.297485113807915869e-02 8.181603876922319274e-02 -7.145089473267673963e-02 -1.202126886503317865e-02 -5.383472376725953468e-02 1.671003998991108658e-02 7.005280913211842098e-02 2.152018391629966290e-02
-2.112845918901752607e-01 2.669829132515031192e-02 -9.365205518528540996e-02 7.684923440279622930e-02 2.883611889025478742e-02 -7.216472051749886485e-02 -7.620788899752496681e-02 -7.719695752139209277e-02 -4.968759001234563516e-02 -8.952232534318158019e-02 1.010306814038716833e-01 -8.991649711361000830e-02
-1.588583010669770146e-01 -9.038922717618148861e-02 1.467323603153712352e-01 -9.965772387824844980e-02 -5.503770213822296170e-02 -1.144758921769988350e-02 -3.487659947580488279e-02 -4.068405468939838981e-02 2.124928573226060602e-02 2.431266591248268383e-02 1.528519964419814414e-01 -9.746400090565852242e-03
4.504947915375304666e-03 -1.200499256806321705e-02 -1.064641737536934502e-01 -2.070907056101272681e-01 3.405793899901388144e-02 1.093807225884409380e-02 -3.070786707511610758e-02 -1.452338014695702395e-01 1.001047201751958660e-01 -1.109403533928538799e-01 -6.805476585150098401e-02 2.321784045482468833e-02
-7.555000241558801344e-02 7.593164392630984139e-02 -4.566225427804962433e-02 7.222943221214858656e-02 -3.116842434274139789e-02 -7.841305929845832079e-03 -6.281530693201257953e-02 8.423890126898611608e-02 -5.611141482966251759e-02 3.123164340040708933e-02 -4.396677222343113589e-02 -1.277239292524771919e-02
