1.058744867674887180e+00 -2.566097234664715399e-01 -9.956762931362422853e-01 -9.856598668773006722e-01 -2.282992264928857817e-01 -9.614164661341729756e-01 -7.056888859517671531e-01 -2.503935283011815005e-01 -3.508490856848739958e-01 2.476945892598441945e-01 -7.158821062555575931e-01 9.159447899157521222e-01
8.258819561505250650e-01 -2.665793617135983062e-01 -1.621589958090359773e-01 3.801766434862176025e-01 -7.990340859453847200e-01 3.703038430425196759e-01 -5.318814222125999303e-01 8.937878522860360775e-01 -5.354319184552600586e-01 -1.720259412474855198e-01 -4.205555315659476046e-01 2.172870678417714863e-01
1.116040723662437895e+00 1.095641402437730338e+00 2.987182865816259136e-01 3.314921182645156339e-01 -1.305786527056326030e+00 -2.689316641010268405e-02 -1.003453881579724705e+00 -1.622319396256399759e-01 -5.542941982640757770e-01 -1.275392415736496532e-01 -3.210619226007304650e-01 1.959375742440973844e-01
1.543904438748807707e-02 -9.194736700554058395e-02 5.816496540112935376e-01 3.296205109334502392e-01 4.619511776082395049e-01 9.907565877278595723e-01 -2.326222547115205652e-01 -5.429996344496295091e-01 9.949042518211451136e-02 3.263456558511436678e-01 1.646980132200597691e+00 1.231293557106924175e-01
1.063962007272125365e-01 3.787813093058629149e-02 1.298474826285697548e+00 4.490825446113899666e-01 -3.169985234325762291e-01 1.548075503291183930e+00 -4.421822960368725353e-01 5.645473459150209816e-01 -2.155638771969717038e-01 2.123733643853859682e-02 5.160790338251072251e-01 -6.379789760581831004e-01
1.541479816262811831e-01 -2.237181001059588281e-01 -5.287706522619893823e-01 2.721015364376134782e-01 -4.188783990521948719e-01 -3.741529228467430634e-01 -2.751405517462786610e-01 4.794704915843702592e-02 -1.518651998713236584e-01 1.435115538798621970e-01 5.604679479780962925e-01 5.592130950194185157e-01
1.026089074861003203e+00 1.263951970856799667e+00 1.975113939823472664e-01 2.150127401517920589e-01 -5.356549488284161747e-02 2.901851114230665774e-01 -5.358898902498768768e-01 -1.073763155741118691e-01 6.681388322973444982e-01 1.567097417452605057e-01 -1.034652809751186897e+00 -1.180688929212450194e-01
1.367864491569445118e+00 -8.534206983677440350e-01 -4.661502418432056372e-02 5.309174921840449646e-02 -7.249190224870923072e-02 -3.063635808365562929e-01 -6.588878293908793093e-01 3.736657451345677949e-01 -4.434073073234433976e-02 1.369701986929185711e-01 -3.084243970359110687e-01 1.217222501057875661e+00
-1.103873381858825470e-01 -9.386470832595400493e-01 -3.822999786131164174e-02 -1.105860734708404625e+00 3.617898641916835745e-01 -5.643375860134156735e-02 -5.863269905843591090e-01 6.521390108833265142e-02 -1.446167844745735120e+00 5.185581677170202353e-01 6.114626531191445780e-02 -6.024495754396582692e-01
-6.791792612006325447e-01 -4.289726374618075266e-01 -3.430485229528314473e-01 -5.007030438669614059e-01 5.463340458605795424e-01 -2.354473206956082809e-01 5.794625583357597698e-01 -3.132587455237191842e-01 3.358945437178461474e-02 4.114392910828312822e-01 6.017904543882559576e-01 5.596521827852271244e-03
-1.143299861022848696e-01 1.131374678032463083e-01 -7.914974397049834298e-01 -7.885100188586041670e-02 3.070873613686445625e-01 -5.623455760573613516e-01 -8.367063180880969231e-01 -8.093425531213779278e-01 -3.797915197789351605e-01 -1.373182704023747092e-01 3.406318142241007596e+00 -9.408168413040031153e-01
9.900220280738182277e-01 3.194035476715039734e-01 -1.676593479652637442e-01 -3.587987571911262497e-01 3.664105783714601688e-02 -2.488262805157898383e-01 -6.569818780209844000e-01 -2.627616579253255757e-01 1.300334133458909691e-01 -5.098626890610868934e-02 -1.526912406244599063e-01 8.807811701078921418e-01
-1.477403857784272745e+00 -9.245194137618483188e-01 5.684553621856146266e-02 -8.747933067421413966e-01 1.048165640603935023e+00 8.098630805640194552e-01 1.084335171076890703e+00 -1.065756488747368058e+00 6.311051244497979384e-01 7.605695738728826538e-02 3.555832245285273641e-01 -9.889208015989583989e-02
-3.111580447055110610e-01 9.099817312368085886e-01 -1.035683131302449628e-01 -3.527347984391959734e-01 3.206590492449485907e-01 -6.809938383418635832e-02 1.996327142301573127e-02 -9.302021409779829275e-01 2.840903908383745069e-01 2.470965920488484291e-01 -7.513109852163981639e-01 -1.157951772290906733e+00
-5.557489970691719128e-01 3.213528881585769881e-01 -1.056832222810243777e-01 1.025928759849414479e-01 -9.955386081039525603e-01 -3.122121471702378193e-01 -3.524043858067517077e-01 5.544831710714607891e-03 -1.130308637566100005e+00 1.585330304410650926e-01 -4.459933589873157911e-01 -7.883401182187221856e-01
-8.374908184490764684e-01 -1.900072656811038763e-01 -1.067176981631874355e+00 -4.606750062460869821e-01 5.922928820806886430e-01 -7.409125393765366718e-01 4.974581635838650762e-01 -3.318449831972262176e-01 -2.817535229272035216e-02 4.071285165756859115e-02 2.311941564020504047e-01 1.894038066335377857e-01
-1.762937247718695810e-01 -2.548331073411747583e-01 1.258704780103494236e-01 -5.051413487978824446e-02 1.217726633725285251e-01 -4.446834293132456706e-02 1.594042923384047239e-01 2.096882699720918897e-01 4.363904407625078252e-01 -2.742583110064860871e-02 -7.968787004066022472e-01 -2.381749590000406536e-01
5.405944700065036246e-01 4.576345018955255695e-01 9.982364792588389879e-02 -2.686321396370702219e-01 -2.706888755626675191e-01 -1.889861886780022926e-01 -7.969699552822707700e-01 1.196471470205131837e-01 -8.405078157673192552e-01 -1.763960111090090987e-01 -2.118586636032245563e-01 -2.412239353121907459e-01
1.204302835549565520e+00 -5.449469412686486214e-01 -4.828160148114567507e-01 2.201730415691796061e-01 4.033737788670790358e-01 -1.378721402774190641e-01 -1.548966212636490869e-01 1.765801046661502269e-02 1.196150753714197101e+00 4.822377387823777173e-02 -2.181184186354808222e-02 6.348901463789076161e-01
-1.608154639820273957e-01 -1.926146152303321590e-01 2.554401905410376150e-01 -5.928667915937699817e-01 2.333925321378013118e-01 2.272760869695061858e-01 -8.188996298132159013e-02 7.590240679745724472e-02 -1.407416579483684371e+00 1.332761572683640150e+00 -7.926516330575624769e-01 -4.872946924719421258e-01
3.216389473486314654e-01 2.317706818753585141e-01 2.890702539726406894e-01 -6.077043405486625138e-01 2.378418660240532445e-01 -5.641194101024351627e-03 -2.766046631140301471e-01 -4.668400013685965466e-01 -6.482148494151681595e-01 2.840429610657920767e-01 -1.551119297375604944e-01 -2.375677544795459751e-04
6.114051133659416382e-02 -1.102409319400274645e+00 -9.665499887233325316e-02 -1.020766407144673704e-01 -6.162324073790631518e-01 -1.784729671585980892e-01 -3.343986508822215931e-01 -1.739859884292898340e-01 -8.592298380912207767e-01 2.472248309114484857e-02 7.147469155731254187e-01 1.473800871807569024e-01
-4.027293783501516289e-02 -5.651620899793043939e-01 2.811244902742791596e-01 3.394969785496005366e-01 -2.566568390030400312e-02 3.345365436035773743e-01 3.551273962223322478e-01 2.874719359132742458e-01 4.638519384116805699e-02 7.070625103389377442e-02 -7.539776208634723087e-01 -8.329997796250235287e-02
-6.721508437663121782e-01 -4.413625267460741242e-01 -3.555335619147406145e-01 -6.471407870536308726e-01 1.351819789233112135e-01 -1.585563077846079139e-01 -5.441545871018239611e-01 2.044445955622485878e-01 -8.909411399826057398e-02 -1.341800403247964679e+00 2.198792611709532885e+00 -1.236450415065697639e+00
7.579911993470352938e-01 1.689056918464368340e-01 4.770332898971503255e-01 9.165175252190916888e-01 -4.854940050332654522e-01 3.711712024401157550e-01 2.702281676396909305e-01 -1.861857817243790514e-01 -4.062929633363120407e-01 1.758356847534046308e+00 -9.448315955668054045e-01 1.522282524478057120e+00
-5.120884533277448858e-01 -2.098561598822281382e-01 1.602731198237229149e-01 -6.337816501051592999e-01 1.887523181881292089e-01 2.895204484576252568e-01 3.567260343079632912e-01 -4.092318280924059359e-01 -3.428659394435685237e-01 8.729863747908957888e-03 1.315848767151087395e-01 -3.742133241380268815e-02
-3.949997736141946381e-01 1.399902400354937348e-01 1.280404816122402561e-02 -1.362112795695614054e+00 -7.886505069416323288e-02 -2.695391097973383610e-01 -6.969084605732090987e-01 -6.928859826195318816e-02 -1.219746739030168614e+00 -1.199796441183197115e-01 5.723909654808334579e-02 -1.427209220040347892e+00
6.494233984833112927e-02 7.044187440250639920e-01 -5.334200006561452649e-03 -1.892281470313337544e-01 -4.912264516511660184e-01 -1.057515773241392010e-01 1.382609948902550345e-01 -7.582667010899749593e-01 -5.483520094330212036e-01 6.788513343024376034e-01 -3.686883230646286758e-01 2.027384721372064297e-02
-9.143341002893083935e-01 -2.988726353320577678e-01 -4.572783279761737374e-01 -6.558271828735688924e-01 6.295888014176139746e-01 -4.115995916040145475e-01 8.724701080081149751e-01 -3.747548633392194239e-01 1.016299857055706773e-01 -3.872298562753511697e-01 6.819155165468232527e-01 1.129751363828978894e+00
1.219072255597406063e+00 1.559191377835317471e+00 2.173260358078542287e-01 7.187785096983865252e-01 -2.729724879068948784e-01 5.429410294991728891e-01 -7.807756795203876221e-01 2.741618039978743065e-02 2.219522620178032146e-01 4.819413363882912860e-01 -5.445921883634771143e-01 -3.792938591553708938e-01
-4.226588437846239832e-01 1.688468816952643226e-01 5.178816899282449038e-01 1.297409285568360687e-02 5.422547378353199943e-02 1.485602391684776591e-01 1.703415287362845809e-01 7.773984080873947988e-01 2.606955566000687119e-01 -7.074203091506426899e-01 2.805348397323580989e-01 1.192236916995820017e+00
