-1.349999877861402242e-01 -5.336540181208965922e-02 -1.796297219051216365e-01 -4.703131792787030446e-02 -5.174533187715211341e-02 -6.033427563381058706e-02 8.358552213063091818e-02 4.803612571456801483e-02 -6.556157134164644629e-02 2.579599234985812187e-02 -1.089184015846160827e-02 3.349957956194582476e-02
7.097485088699032052e-02 -1.918588718414273031e-01 -1.140370765085940430e-01 1.756465489759331117e-02 -2.770299051577656407e-02 6.826478158075449838e-04 -1.487473034157474061e-01 6.520664061794009814e-02 2.516034939773483317e-02 -1.365289866223674820e-01 -7.441983197716947607e-02 -5.168614934625621882e-02
1.639792209990663940e-01 3.287327326004783890e-02 -4.496956713258343924e-02 4.444862049639540513e-02 -1.253188089801995642e-01 -3.186339284307335151e-02 -6.134904845763453768e-02 -1.031092996207134960e-01 4.229421469809223344e-03 -1.196078217621979328e-01 -8.534827879024195485e-02 2.043865509016364879e-01
1.920170390906530966e-02 -5.578883533061451683e-02 1.645236236220580864e-03 1.607527309782904035e-01 -4.895323678320141064e-02 1.543148741227302612e-01 1.983125618896129996e-02 7.664874444448574464e-02 3.535257077640591161e-02 1.495679497603582819e-01 4.230253303406249221e-02 -6.302252838379672484e-02
-1.289738943116677528e-01 -3.481758082194642140e-02 2.214481666038365382e-01 -2.434077342009327571e-02 -1.538062454222455938e-02 8.988270074483561967e-02 -1.227593742619669387e-01 1.356955441591372047e-01 8.924282077005053770e-02 9.146987466565587033e-02 5.322012286657890751e-02 -5.664595921159849140e-02
-6.506465572076561288e-02 -9.176085503909692243e-02 -1.065508242718267995e-01 1.031745236928771105e-02 -3.367622366063871553e-02 -1.909272742346504181e-01 2.364562344589893686e-02 1.127376924198121994e-01 3.117315517061040962e-03 8.415989499046153122e-02 -1.837998039907753553e-02 1.077893022452682398e-01
1.142417627043507689e-01 2.051680969845598099e-02 2.891683956317184223e-02 -1.363006813258795524e-01 -7.168884047960608075e-02 3.645128193186010501e-02 -8.006441789131464593e-02 -1.373314524145149151e-01 2.037653195923653723e-02 -1.350193292481629594e-02 -2.544034283423777243e-01 1.529815805981397103e-01
3.842045329246851233e-03 -9.895764312119056938e-02 -5.220446937554743677e-02 7.953567049666787625e-02 -3.866225257646555696e-02 3.201357417602344185e-02 -5.203474666016512373e-02 2.619442992779315998e-02 1.885606559066490828e-01 -1.956549622877598593e-02 -9.217090572126224179e-02 7.276003447374077004e-02
-1.707726780429136629e-02 -3.828756195292907366e-02 -2.083908970563107602e-02 -2.342864111302197030e-02 3.185838299429818998e-02 1.685080174439730627e-01 -7.086218757298523574e-02 3.360440523182151723e-02 -8.460027702451196341e-02 -8.505562053384919941e-02 -2.421595410545590923e-02 -1.096384231427380840e-01
-2.416777371672428412e-02 2.533580900428939256e-02 4.718790559543790258e-03 -1.330699922203349983e-01 6.265536093219045699e-02 3.350595247262961457e-03 2.748610593252857892e-02 1.626542621453540630e-02 -8.537340054492083274e-02 1.381448065210583720e-01 1.421647551340989857e-01 7.654646095670576689e-02
1.333726093565570144e-03 -8.897442581285100460e-02 -1.635093219600181613e-01 -1.377843875705189736e-01 3.167775659594976312e-02 -4.220840627568434728e-02 -6.968699550461471270e-02 -2.308473858722454031e-01 -1.004302517584028803e-01 -1.457081873705342312e-01 2.025260161944624285e-02 -7.227357048839935794e-02
-1.307588983185211107e-01 1.237501296273161994e-01 -6.032926231487908963e-02 -2.642592060438143237e-02 -2.887221529860450886e-02 -2.719223605968321827e-02 -4.640275455134363486e-02 -1.014682214004602318e-02 1.178557159226173018e-01 -5.617879864992660933e-03 -6.386996947305904546e-03 -7.044102359914200008e-03
-8.068125154189421944e-02 -3.549268305001664070e-03 -2.106654146586592682e-02 -1.065291834856774145e-01 -3.869831513237455972e-02 2.428568094012207301e-01 2.979127064440294584e-02 -1.885793862002605181e-01 1.205166593387871909e-01 1.357858400661631215e-01 1.173138385224036240e-01 6.305059592458841546e-03
2.281985414150005179e-02 6.348220144166481782e-02 -1.332528510870042461e-02 -5.638504985912173861e-02 1.959355362277657997e-02 -5.343827458936433773e-03 1.444464916632657303e-01 -7.842551054194868421e-02 -2.709000036043836962e-02 2.031725166763751755e-01 -1.153439747009935706e-01 -4.118144058512258204e-03
-9.619546441004328541e-02 5.489670636553398847e-02 5.695854471813885378e-02 3.710764905904731514e-02 -1.489323168467511227e-01 2.511584627342060977e-02 -3.781963286921689177e-02 -1.768245958370433246e-03 -1.066053618610193904e-01 -2.992577830955242893e-02 2.547974507465480126e-02 -6.802224384677962865e-02
-2.321720336630674897e-01 4.165296434601140074e-02 -1.596536232224586849e-01 -7.730881662805035026e-03 5.974187861487789686e-03 1.067975206869721250e-01 9.430105858820739262e-02 1.180111527405020705e-02 -6.422396862449039623e-02 7.676606180133360713e-02 -3.027751963530109572e-02 -7.550087373658345181e-03
-1.012835448379254683e-01 -4.501692204185890611e-02 1.357842963483633647e-01 -6.285855677914427286e-02 -1.055279372228196955e-01 -5.598789050585276095e-02 -4.337198243254950653e-02 5.869534191142798674e-03 1.700131217281920515e-01 3.504005308407460995e-02 -1.920376965820609627e-01 1.004542035738583278e-01
-4.745088441293456374e-03 6.966218079986143119e-02 -3.181351823351610819e-02 4.269652866868551416e-02 -2.660436245618344811e-02 3.619205050059833700e-02 -1.574187896672451792e-01 -5.358264160202889925e-02 -2.345790813294860722e-01 -1.421388523485785926e-01 9.085438557412910468e-03 3.495419508985984913e-02
6.589725129687534766e-02 5.725369811297786882e-02 -2.157733107169625131e-02 -7.384709180892706781e-02 1.563046103165182180e-02 4.771455321273859740e-02 -1.073615886048143175e-01 2.851843612127339528e-02 -7.661494120156653320e-02 1.611956726286681296e-02 3.511429961269422508e-03 1.819925283121304888e-02
-6.836482809716808856e-03 -2.157667606171006017e-02 -1.127632024864206467e-02 5.041179045054495350e-02 -5.503425036891215760e-02 6.234844021252823609e-02 6.235447782329679028e-02 1.803515217226831224e-01 -3.888467447470990435e-02 1.735549005936110056e-01 -1.052415572687922241e-01 -3.153118849752264974e-02
-5.781224262803416614e-02 1.263490672204332366e-01 -5.060351354117935407e-02 7.425367228289220245e-02 -4.009024559125432680e-02 -1.250535597074319549e-01 -9.715981525523756379e-02 -9.141519815817534048e-03 -1.067295877254812730e-01 1.226494901442250623e-01 -4.141184734380948945e-02 -8.889905577969354697e-03
1.426298687172710983e-03 -2.320841619842401171e-01 -2.476947121401440813e-02 -2.356247722665308787e-03 -2.000833387009469666e-01 -4.027356266720681297e-03 -5.187828324345256092e-02 4.423610252753037812e-03 8.890844427004837569e-02 1.537278883686330755e-01 3.581952878465310963e-02 1.085253743014247818e-01
4.828432339266056084e-02 -1.281066400180964904e-01 1.600837505847115677e-02 1.338061059795329077e-01 2.874426504961178144e-02 -1.244165882392204298e-02 7.265654951296826591e-02 8.715920683363414731e-03 1.235301095352107914e-02 1.184369758887727914e-01 -8.540185902603980583e-02 3.922403330987535991e-02
2.655663087440881392e-02 -1.610027050429528872e-01 -4.995845543313179012e-04 -1.617654928138899662e-01 -5.090250462958102740e-02 -2.219680624335972421e-02 -1.644381329056677360e-02 2.010626202442912791e-01 -9.511643669069973217e-03 -5.429334433634878943e-02 2.291937543313822823e-01 -5.649773315903111603e-02
-8.004024326264956579e-02 1.789615479695307043e-01 1.023790578148283115e-01 -4.990430129987495633e-02 -3.963059560873584408e-02 1.439179099024456288e-01 -2.858035794957205361e-02 6.350763592410166433e-04 -1.386490946199412932e-01 2.314482350485397855e-01 -6.545380973539925706e-02 2.727629770844027662e-02
-7.694611225305772462e-02 2.263306640259908631e-02 -3.730355822442840696e-02 1.166950285199138126e-01 2.129031306985435315e-02 -4.528420956231064831e-03 8.294006118770508307e-02 -7.533632272535152608e-02 6.130192212671892182e-02 1.157437667391591624e-01 2.796157193128763485e-02 2.824999926699149622e-03
-1.465580788392106988e-02 -4.006636012410368097e-02 -6.250701302359804729e-03 -4.283036578428126018e-02 -2.513755738532240380e-02 -2.390767344332841993e-02 2.185806840001872087e-02 1.146390258809872470e-01 -4.471766701507860764e-02 9.790118788682147799e-03 -7.330024783244801223e-02 1.935663172612309135e-02
5.412002270845192586e-03 2.175925118125180691e-01 -1.219702635633358734e-01 1.353686269357729788e-01 -1.534285759755307232e-01 -5.288193082624861874e-02 2.191711101632428521e-02 2.476482114396319836e-02 3.473532550266371366e-02 1.179671264206005876e-01 6.136230930735082911e-02 -4.872247665632323255e-02
-1.580328571959970507e-01 6.108460844831620912e-02 5.073353771095558129e-02 -9.420688085887699015e-02 3.933716477571422981e-02 6.217665984172342231e-02 1.535569627589943899e-02 1.228778178124755385e-02 -1.348945512220219300e-01 -5.622675417378014684e-02 1.036113303894990040e-01 8.158398110901488032e-02
1.705091967383484397e-01 2.696760512035949187e-02 -7.398527693918052761e-02 8.260034893884525553e-02 4.169550168560470435e-03 1.324664067096852638e-01 1.538104351192675148e-02 -4.105463305082096906e-03 -4.880797178620362164e-02 7.594637074918049457e-02 -2.456234812195114831e-02 -1.993900447132899434e-01
5.069347087868772417e-02 6.840910457887920898e-04 3.833284537606676534e-02 2.127571745542965187e-02 -1.062507575533905291e-02 1.895411929318720559e-02 -1.894399462414301377e-02 1.037380117930006285e-01 1.001080114219057016e-01 -5.129095854002616028e-02 2.296992257061618303e-02 1.930898274887984378e-01
