-8.221733064102284549e-01 4.834607822249122402e-03 1.062687697596639141e-01 3.347764609264377023e-01 2.785589633152967259e-01 -7.385222243557001409e-01 -1.387021665445437035e-01 1.910619406011493382e-01 1.323652541041815400e-01 -2.369777494895684289e-01 3.439640285669844366e-01 -8.560189922701610943e-02
-2.337521153483730907e-01 -7.180041474836482696e-01 -6.895207288245496224e-01 4.417881721512385562e-01 -5.091724381958872003e-01 3.225410077825221489e-01 1.058738301741620758e+00 -1.051672070974752682e+00 -1.666539575650524685e-01 -3.062609656533176739e-01 -6.743382840890353724e-02 -1.604066287806032443e-01
1.009937606241888552e-01 8.835590346919870372e-03 -1.369271794921275709e-01 3.033079514009969779e-01 1.186447388686065141e+00 1.092307646132457455e+00 1.411253652403545722e-01 -1.108438898566240505e-01 -1.554832796786035809e+00 4.191459399266094787e-01 -1.882832794255469011e+00 7.100967872205484754e-01
2.624848104457834855e-02 -1.101181562705086554e-02 5.250803397677259454e-01 -4.511095044720470765e-02 5.420506440178902707e-01 7.321122243113118433e-01 2.181336811041299228e-01 -1.228342810664137252e-01 2.499528989653445887e-01 1.296901575650104277e-01 1.634111342450427773e-01 -3.187160101980927585e-01
-4.460251671626347947e-01 -1.140303162836001416e+00 -2.123610757018918049e-01 3.728630001957273232e-01 -7.539689048866566878e-01 -1.604898639018970952e-01 2.896966408777940649e-01 -2.082263150045892963e-01 2.193402006099037446e-02 -5.802119952965099220e-02 1.791973325771469838e-01 -2.366065480516341135e-01
-3.492678843813725176e-01 -3.476336841684975199e-02 -1.063587510089743504e-01 -6.317847342742984873e-01 -2.412529401510880855e-02 2.119856332611313177e-01 -4.123155866917375956e-02 1.242808384976039626e-01 4.227881460472440733e-01 6.035698181789894701e-01 5.773702341934776605e-01 -5.292937194014644131e-01
-1.571202389629051399e-01 7.719877024482596495e-03 7.714112368831002042e-01 -9.385403551260915744e-01 -9.712938773417709171e-02 -4.602010474004154805e-02 -3.307291665498896527e-01 2.429531376361491191e-01 -8.681206153610939724e-01 2.022877846844741423e-01 -4.793624796386752873e-02 -9.098033721961908959e-01
6.925533657609649341e-01 7.636144825264753466e-01 -1.475240776488227941e-02 -1.783465369287458024e-01 -4.720426661160419951e-02 -7.590375794405544996e-01 -4.387294153715152190e-01 5.585894561975125461e-01 -2.127082169510453591e-01 -6.450733486948698192e-02 -6.826740311614502843e-02 4.467270354590059944e-01
-8.494635680723380267e-01 -6.529661620135007727e-01 -3.728573777729779493e-02 -3.342745078480185983e-02 -1.120873370354758813e-01 -7.081780388393941195e-01 7.756157657615901646e-02 -1.100506965389724534e-01 2.072418229092564124e-01 2.993046650696697952e-01 3.305833245262631004e-01 -8.554796998945334019e-02
-7.012468274034139304e-01 -4.782063858025472625e-01 6.576998533906857070e-01 1.570697719601045206e-01 6.244033436899356637e-01 -1.445714796528250856e+00 -5.206006708169873265e-02 -8.557299787787076006e-02 6.008503657477591853e-01 -1.407340057795370136e-01 2.153142393087634221e-01 6.787040472677622338e-01
-7.448388979189846104e-01 -4.350499721097946804e-01 -3.190563244766124740e-01 -5.777263656679767490e-01 -2.154270985957226769e-01 1.062369946780681085e+00 1.014296156116546582e-01 -2.726308594399096674e-01 -6.827514872472589813e-01 5.883242754139284686e-02 9.145858237821188896e-02 -1.401033529934445632e+00
-4.202663042481210032e-01 -5.400097782942375746e-01 -1.197303484296165649e-01 -5.641383407022731999e-01 -4.597068587855498989e-02 7.012152807278968503e-01 -6.874377618146845781e-02 2.339184368607824804e-01 3.765812880375083993e-01 5.568065858763030507e-01 2.369748167009816386e-01 -6.055153000674584618e-01
2.454584515652566690e-01 -9.388064651343792921e-02 3.164891976639521709e-01 1.786818340390905480e-01 -2.615331158816449064e-01 1.603826328868211526e+00 2.149523051557054587e-01 -3.109721370457897982e-01 2.203944696843553042e-01 4.124819674535093461e-01 3.894301825631051039e-02 -8.624399827271795882e-01
-2.751194602276477164e-01 9.926252374306078485e-02 -8.508216801814828534e-01 -3.200168108007039880e-01 -1.599215466099612515e+00 -4.820935556618284878e-01 8.652639013159796333e-02 -1.748584804911724744e-01 5.288468744370395935e-01 -4.410849331464601897e-01 1.151520318231937345e+00 -1.479287668785827847e+00
-9.632659869305479905e-01 -1.200096972127540962e+00 6.858780605754922766e-01 -9.100321265683486427e-02 -3.816065677067703166e-01 -1.391276692788732949e-01 1.289340037080324020e-01 -2.514543744550001847e-01 3.284465766710789603e-01 1.631093992827900296e-01 5.143006006903454441e-01 -1.308677600998821910e+00
-8.528009849543910503e-01 -1.885846498511146163e-01 -2.327659862307213945e-01 -9.136388266335890851e-01 3.888671124203141316e-02 8.369758298090091975e-01 -4.401431164422360820e-01 4.500355856827978895e-01 4.858145217963538709e-01 6.867691110339979588e-01 3.385832917067825298e-01 -8.926166087858776743e-01
-1.083303312485082825e+00 -5.736395867497424694e-01 -1.214506283931036101e-01 1.316092056087427853e-01 -1.257187666564014261e+00 -3.609579861459621397e-01 3.580129439963535831e-01 -2.492707768793803180e-01 8.483766758636400729e-01 3.567971220425159573e-01 5.929626706085234789e-01 -1.213865661266639862e+00
-6.652537627315384672e-01 -3.069343214253428820e-01 -1.701791647294104148e-01 -2.690717611793237429e-01 -1.325512870503449403e-01 1.016652257733928311e+00 1.372950559497139456e-01 -1.725753637652315819e-01 -6.205747817319545723e-01 1.455520888309440597e-01 4.947430514583053829e-02 -9.712681103339024791e-01
2.907294191169104702e-01 1.041762132509019001e-01 2.605093153438595710e-01 -6.518910148471964705e-01 1.056879992896529119e+00 1.155765315608212607e+00 -5.472798820437858591e-01 3.333430510933111934e-01 2.117493025787281213e-01 9.038907092041151281e-02 -7.150372422694176167e-02 5.583921064672027201e-01
-7.544443438714313332e-01 6.821574244296221834e-02 -7.416375961895289581e-01 -2.475105274595170435e-01 6.450715654303938729e-02 1.359627259200970814e-02 5.629964324518362817e-01 -5.002382810080803210e-01 -4.394625288728091217e-01 9.613193001237996249e-02 -1.713614484556361950e-01 -1.006150056550378924e-01
-1.170025600808293278e-02 -4.189274575164736447e-01 3.774544149734982562e-02 6.131711723324320129e-01 -3.399276083240466151e-01 -2.896272405010738571e-01 4.135137023471865958e-01 -3.268632368770885699e-01 -5.158550188189761077e-01 -5.583262059630210716e-01 -2.768872638660970220e-01 6.592529708410800326e-01
-5.691052264764450141e-01 4.497046939159952128e-01 -4.400330258650693716e-01 7.367863302167465545e-02 2.733995243600688147e-03 9.852342898852483044e-01 -2.927779983270878961e-01 2.034868249416503516e-01 5.823816583488222731e-01 -2.992757979979079191e-02 2.989420825713483554e-01 -9.702623669585279664e-01
2.821455648392547366e-01 3.888614627488821140e-01 -1.199258141706241787e+00 -4.735374530878894705e-01 1.392213635175027775e-01 7.405821753462373813e-01 -4.082167115941467972e-01 3.473862252442884158e-01 3.286087737395363417e-01 1.131787466726339453e+00 1.318778351601715138e-01 3.448367007823621710e-01
5.680506126021290791e-01 -1.717034644976849211e-01 1.993315922284743247e-01 4.416109492358015198e-01 -6.823152175343498715e-01 -7.032658155499934560e-01 -2.570882856349999135e-01 1.915318726069272504e-01 3.505048361658862910e-01 -5.260762002113720248e-01 1.104885261891216663e-01 1.081269660534902310e-01
-4.684708870961288851e-01 -1.873688359018343963e-01 3.330787277318739137e-01 3.533490381520453250e-01 -7.038090570259522560e-02 -9.681536261141788779e-01 4.020135939499357991e-01 -4.762434736918744749e-01 -4.113228963394227056e-01 -4.220639575480320538e-01 -4.849517388134699236e-01 4.791630975591826269e-01
-1.895969684483668049e-03 3.291035201576869573e-01 1.354675722275615612e+00 7.540345451068657390e-01 -2.008137641669506257e-01 4.123332051122786668e-01 -1.136434996097438199e-01 -8.940554504149175741e-02 5.912120451564952806e-01 -4.310425371991348231e-01 -1.426358711283229330e-02 -4.121291699102874045e-02
2.750643389908136172e-01 4.196599963401402844e-01 -1.161696799803299873e+00 1.098913420581062450e-01 -3.593992605637541526e-01 1.126195987826532630e-01 -5.244029848523466819e-02 1.282479832848281431e-01 -4.315487475286838848e-01 -1.869607686724086282e-01 -1.545970263686350377e-01 2.520931980106693726e-01
-7.621158212271806898e-01 -8.894497959866139170e-02 -2.446842474424646210e-02 -1.417161311721931716e-01 -1.723072174695471637e-01 5.746398530441143571e-01 2.768346746443519080e-01 -3.544856636774289527e-01 -1.381197074030317924e-03 1.930529414368324925e-01 1.883553946644804244e-01 -5.156171998585756810e-01
1.700937474792597881e-01 3.704063594973981965e-01 8.482891374179623023e-01 -5.953491265646625452e-01 9.334298414799240273e-01 1.457496339979535538e+00 -4.230530123169427559e-01 7.015245378362197082e-01 3.949731368864675685e-01 1.448496556806261326e-01 -1.234724132082245900e-02 8.990032170952579893e-01
-4.655844702866501206e-01 -3.684554724488371402e-01 -7.421378784270772355e-01 4.585009845527989736e-01 -5.807791518309235457e-01 -1.615450384309728982e-01 8.344568240580073626e-01 -7.388268978666733267e-01 6.082916271310041118e-02 -4.793666698212205035e-01 -1.252282616893842515e-01 -1.082944662958612581e+00
8.608857944539473062e-01 -6.943637452739684912e-01 4.781762168973354710e-01 -2.860854669354887317e-02 2.457973679090091623e-01 -8.383598323967643706e-01 3.806611218197462204e-02 2.861737259979353284e-02 -9.121505372147373780e-01 2.009344269306095609e-01 -5.886595756617100106e-01 7.204715207427762058e-01
