5.271751857970835786e+00 8.461779116427686986e+00 3.017061265392503522e+00 9.131524980180634188e+00
-4.779047584116810299e+00 2.924773780845212057e-02 -4.059140712766438952e+00 -1.491692324921466861e+00
-4.856515917615256583e+00 -4.914733327058174339e+00 -4.449879211520582523e+00 -4.899870473297857743e+00
6.083414713655931116e+00 1.188426475834808205e+00 3.932356486205076163e+00 2.431263943733771971e+00
2.429849242047458890e+00 3.237511407609882763e+00 6.152399521253959058e+00 5.964621892936845526e-01
3.640599710790380250e+00 4.918633765395518331e+00 4.489553989954341517e+00 -1.928451387039816556e+00
2.610736119232989871e+00 3.611695861818044584e+00 3.923280675049660271e+00 4.554908239606505482e-01
6.023189916353705264e+00 3.332041975071593498e+00 3.240270282999412110e+00 1.746374229334624051e+00
1.601758037244023214e+00 1.668811524369840260e+00 -3.519340023813536944e-01 2.537484295801468726e+00
-4.872319875678877032e+00 -3.448360424128622537e+00 -6.305310741672767172e+00 -6.722409457580274861e+00
-2.758081545902076215e+00 -8.441454337043788669e+00 -3.100056611585558120e+00 -3.837576490373991955e+00
5.372458061961396858e+00 5.585808212781030235e+00 4.206727186024087572e+00 3.675005468796162411e+00
3.662680367832212180e+00 -1.288485962919624583e+00 2.023748638461072336e+00 6.165090375062709960e+00
7.132129875322336110e-01 1.985848382894776609e+00 -1.003499115167261202e+00 1.192217253641019381e+00
-5.138171448076037429e+00 -5.271991815359072575e+00 -6.579457945095361637e+00 -6.349413053911884930e+00
-3.382974495896186262e+00 -9.592840764714068991e-01 -1.531669352062923428e+00 -3.434716140754712654e+00
-2.980775132926044790e+00 -2.862707883592637170e+00 1.039144295561134301e+00 -2.309968270243216271e+00
-5.909489602028921595e+00 -9.000225840037931135e+00 -6.119349527182208703e+00 -1.057580407508650921e+01
4.102655567805371994e+00 3.778984034326282160e+00 2.867720994916603150e+00 3.850145604723603121e+00
5.424206537977562803e+00 5.353263508489032318e+00 4.725769245136400620e+00 4.362656502654294499e+00
4.649511318011656513e+00 2.506806391649233579e+00 4.402435485237473856e+00 5.464533224472797990e+00
4.439329391126072721e+00 6.142394779694618556e+00 4.716875233480066321e+00 6.678873103782551723e+00
-3.915793970148047975e+00 -4.568637827751526714e+00 -6.581125993291524701e+00 -4.374495080650192769e+00
2.748304743036102060e+00 1.840944461214720995e+00 2.670175931167072747e+00 4.933517933286577062e+00
-4.061188034738193231e+00 -3.200813251945003213e+00 -4.162314938420038857e+00 -2.589372106041146759e-01
4.138796524474526173e+00 6.906943574590692414e+00 3.158735729908340062e+00 3.398306368961336865e+00
1.819190533914141428e+00 2.804213144396688229e+00 4.737944985684584331e+00 1.855736601718055434e+00
-3.236583806801995311e-01 -1.300041842372953171e+00 -2.450871006564599330e+00 6.646206407653630910e-01
-4.601039320264107779e+00 -5.833866205648088332e+00 -4.316645370055882225e+00 -6.050364873405684740e+00
-9.451429010176966017e-01 -2.315548641812346986e+00 -3.742634177630549619e+00 -3.072794927328430070e+00
