9.776990356887691469e-01 -3.837685835889086960e-01 -6.733429197749123407e-01 -7.895830393533184166e-01
-4.747124663060547922e-01 -9.226709206362980753e-01 -1.180190872165247429e+00 -1.259646007807303958e+00
3.072294265480111086e-01 -2.084512546503724195e+00 -1.211298865303424233e+00 -6.604939628794739281e-01
-1.225928835253320415e-02 -3.559165097487780316e-01 4.304056596030557402e-02 1.554634513803266449e+00
-1.859761178964748574e+00 -6.700301435506901271e-01 -1.505574647707161207e+00 1.063929478679057850e+00
-1.246785983281449850e+00 3.721068705623303829e-02 -1.433046847134022139e-01 -9.113163494994473979e-01
-2.465957284800597282e+00 -3.499407884707239624e-01 -1.395607951413960990e+00 -7.050728351169534003e-01
-1.871258376312849192e+00 -7.369732789520705429e-01 -1.283458964419755599e+00 -1.237223523694612526e+00
9.338677406491242561e-01 1.187715448447134392e+00 5.493813032693152243e-01 1.930717911891375316e+00
-2.084514983276474442e+00 -1.328475496772592690e+00 6.394541608853546721e-01 1.244667057385550057e+00
1.194391827377106141e+00 3.417080910631141055e+00 2.248779793624097856e+00 2.250165958089651586e+00
3.839253346954552559e-01 1.565281451932682699e-01 1.410563198615710556e+00 2.530968865793383760e+00
-3.954780850862544411e-02 -1.049043199223412826e+00 -8.933339734614966776e-01 9.174061748158836016e-01
1.531558854072694320e+00 1.424615229588316767e+00 1.655176997434966157e+00 2.858948239135703950e+00
3.951094481275299053e-01 -3.098606400598332034e+00 -1.256933981301483927e+00 -1.169162708271726414e+00
8.410360742602952799e-02 1.373519645307991199e+00 3.707314074503152423e-01 2.580389651407409835e-01
-1.343373736265013108e+00 -1.288400542368403956e+00 -1.555567011667490673e+00 -2.222474936477481400e+00
1.694961583282090123e+00 3.191328111232607068e+00 2.252118671989571386e+00 2.423207509992526099e+00
-1.236257749712931675e+00 -3.122685268376637069e-01 -6.343116410336162581e-01 -1.443823939113814681e-01
8.443146446599868460e-01 -2.670292870746571734e-01 -1.831443605805022523e+00 -2.300647295648471369e-01
-6.252013526147270905e-02 2.317149303074556688e+00 2.201532116338051015e+00 2.467493561389458578e-01
8.589929722440488025e-01 1.828534685025355433e+00 9.169368428284432326e-01 -2.504044720089066089e+00
2.374712173868707143e+00 2.027802198109534437e+00 1.387900292234131028e+00 7.667389010111183012e-01
5.519599760525437659e-01 1.569888160413959177e+00 -3.185389781232352280e-01 -3.573727427874842655e-01
9.885995623706711477e-01 2.765648113637413363e+00 1.323044105645620805e+00 6.692246033428920216e-01
-1.534736780006904722e+00 -2.427526691051083318e+00 -5.866615533726626808e-01 -2.295762957100320190e+00
1.502207352327820100e-01 3.162578157349438812e-01 1.166501076110017410e+00 -2.520363156729563681e-01
1.799761260942704055e+00 -7.238290078713808251e-01 -1.191559310127792148e+00 -1.293964714491550705e+00
-9.576614819623865404e-01 -3.542565655039367378e+00 -1.726125565121963801e+00 -6.310687152930133381e-01
8.023066763340228613e-01 1.102287677710275471e+00 1.400844790002681695e+00 9.321563710268049308e-01
