1.076707251357363476e-01 -2.243637442255911121e-02 -1.148448697247732575e-01 1.040510386416835381e-01 -5.197497428039044021e-02 4.566212991052199383e-02 -1.514525070261906192e-01 2.072613152764323299e-02 -1.031174831542305825e-01 7.389025400563456469e-02 -1.653983489491137743e-02 -9.986051563762200767e-02
-8.419624793069924173e-02 -1.186928849825346632e-01 -1.150392728387416089e-02 1.047208667505036550e-01 -2.245806450918496483e-02 -1.039855437132703037e-01 1.631467384822865019e-01 -8.391364433834054559e-02 4.330125827887694456e-02 5.186909397837792535e-02 -9.502566031749284936e-02 -1.078144551862904588e-01
-6.205611098555899319e-02 1.059665008554419030e-01 -5.121275918919505898e-02 -1.099794552447592479e-02 6.682140370014158504e-02 1.319438250966258608e-01 1.142510416698249848e-01 1.780251557896269932e-01 -9.712418191648558574e-02 2.615694440862587761e-02 5.802589039198467746e-02 -5.771162119531213219e-02
-1.787864806367588655e-01 2.130820940284172682e-01 -7.143449196126222533e-03 9.692585494698210957e-02 6.228495299734965185e-02 6.373092942825275831e-02 -1.498441893540654601e-01 1.231817884560074822e-02 -4.168064403059616035e-02 9.142948063103648049e-02 1.408854300755430500e-01 -7.253750122632081354e-02
-7.223211272812460337e-02 1.059174237481032843e-01 1.450143590940091709e-01 5.279261299268873942e-02 7.932780286043298809e-03 -2.955761061119723671e-02 -3.203091817246990491e-03 3.692931111035911707e-02 -5.334880377319268369e-02 6.723667677349882965e-02 7.876002398903864110e-02 6.618325948458497754e-02
-1.078924909094117340e-01 -6.935026235899001412e-02 1.229709519643501781e-01 3.747539549436637585e-02 -9.734217325999290626e-02 6.598841789396051039e-02 4.567086817561856471e-02 -9.645756676418894282e-02 -1.109515161786475343e-02 -1.116019598431072790e-01 5.002544895269710190e-02 2.526534107684665423e-02
1.038656593884894619e-01 1.483546883038088134e-02 -1.150973994478263207e-02 9.855093319896181259e-02 -2.020235274895969962e-02 5.169513759499415329e-03 -1.415993349101256071e-01 5.682220081347153645e-02 1.848747170726208755e-01 -1.045115827906619305e-01 -6.796189845179520517e-02 -1.250912385973344289e-02
4.253149112170632323e-02 2.418074567003389644e-03 -9.725127735658055383e-03 -8.857591392952185450e-02 -4.281454125124452281e-02 -4.818744147487609431e-02 -1.259687081539618836e-01 7.275113844375960537e-02 -2.049413124098359990e-02 4.547433550107069650e-02 -9.099697903057221704e-02 -5.852000685498934263e-02
-1.197114206498571531e-01 3.025383715005129648e-02 1.162610344343062013e-01 -5.764825222135567390e-02 -4.801698780555591073e-02 -1.501257184352122465e-01 5.846536772572670515e-02 5.347460801246973344e-02 -1.243281385952473561e-01 7.538619224531234626e-03 -3.567319820238836620e-02 -9.564568332485362534e-02
1.626367999788741747e-01 1.677080672206686662e-01 3.562545668817773681e-02 -1.000101881985389525e-02 -1.607621120131821554e-02 -9.541251515294191590e-03 -1.418197173803388000e-01 9.846632109761027651e-02 1.441817959005097238e-01 1.619300238850810911e-02 -1.004226157708046074e-01 8.141623410315310116e-02
-9.120305553714984012e-03 4.357819577151515744e-02 -6.757306599596685226e-02 7.110886027089689809e-02 8.089972666356934350e-02 -1.476659789493620645e-01 5.371553177482994712e-03 -4.700897375527178512e-02 -8.795772627267708574e-03 -1.916077996956645491e-01 -2.029863399026021059e-02 3.261495729307718749e-02
-2.096262620745920624e-01 -4.983115794527455400e-02 -1.506509891904446452e-01 8.580137801114440244e-02 8.590492678585426312e-02 4.167090409857519134e-02 -1.006852427656747123e-01 -2.473016213167147925e-02 5.517627402027141387e-03 -6.299444876093623913e-02 -1.004260454905539085e-01 -8.065434078345291857e-03
4.557009086344980531e-02 -1.966807328919843723e-02 1.116455872095625940e-01 1.370416384821700369e-02 -4.335272504428910878e-02 -8.889115232809233214e-02 1.491388987854581072e-01 -3.599582477879108289e-02 1.170751899813022578e-01 4.705987850641361186e-02 1.628008887160164453e-01 -2.402116244848592069e-02
-1.205805281912230853e-01 -1.828693664576487299e-01 8.192227111781883939e-03 -1.385375071917039347e-01 -2.568340581905194722e-02 -1.810488004215551339e-01 8.549714928989871066e-02 1.206943615981164314e-01 -3.612359286108248954e-03 -2.394511496457923938e-01 6.169968365580588004e-03 -3.758272893700601719e-02
-9.169372275765481917e-02 -1.249316551432138322e-01 8.483279485235983158e-03 7.689405395889202521e-02 -6.497938343601492028e-02 1.409431735913831488e-02 -1.503282139089832659e-01 1.548746445107595515e-01 7.244185499862958177e-02 -1.914156765904344998e-02 -2.208191122309485777e-02 -1.426797272044995624e-01
1.207834227718192072e-01 6.086924043850495264e-02 -1.186024417429850375e-01 -2.113110769376160686e-02 -9.616343554182478492e-02 -2.547328971050998037e-02 2.795011144883333479e-02 6.737047623014368047e-02 -2.693836488907749155e-02 1.834806905677251188e-01 -1.441865531857167426e-01 -1.199556619604763563e-01
5.244738118957482237e-02 -4.324534687377774855e-02 1.242145688220603894e-01 5.271190264500565104e-02 -4.502034475194591212e-02 -5.856555835908339863e-02 -2.807361380603337966e-02 2.173441178896037829e-02 -6.085637091192014521e-03 -1.811975830450936187e-02 2.596758239412006591e-02 8.102863873048926635e-02
-1.311506265806475224e-01 -3.809601550366914502e-03 -3.168283934852275663e-02 1.304483902351878388e-01 1.371240533257568339e-01 -4.609771904906970891e-02 2.018043138309542212e-02 4.734164344503136168e-02 -3.562248547117035334e-03 -5.076181530437996747e-02 1.413089220151868552e-01 1.037434933886414723e-01
1.209467124775991109e-01 -2.907729307428577343e-03 -2.911721886335826362e-02 4.056113846218194208e-02 -4.041139869327853296e-02 -1.671696806642777172e-02 1.986668725095130233e-02 -5.492507255586910608e-02 8.262071245031948896e-02 2.527654973005802677e-02 -1.063284644833057541e-01 -2.078315541178773693e-02
1.216479257596444520e-02 -1.537864197891661844e-01 -4.023565301662018062e-02 1.570037202949421951e-01 4.246086307280035055e-02 5.381623470300564427e-02 8.144737010136592070e-02 -1.012179466840733115e-02 5.761548376744100863e-02 -9.852935094983590603e-03 -2.960704540810552704e-02 5.381684090653336694e-02
9.373880843027888876e-02 -1.010311443933311765e-01 6.030749947169129072e-02 1.729010325774661683e-01 6.669973176309500207e-02 -1.611068165844322941e-01 -1.021912558009060307e-02 -6.891161870273658507e-02 -9.451938884953987874e-02 1.396552504400315649e-02 3.584243758438569738e-02 1.320055343229592781e-01
-1.649901904207589087e-01 -1.453326775569105042e-03 -4.728971131943655870e-02 -1.668927248264789193e-02 -1.052799716703214095e-01 -1.956114480115431903e-02 4.706226483985332526e-02 4.738163434061469503e-02 6.065428834443699346e-02 9.842973217970507616e-02 1.393577203904096118e-01 -1.087096253522405465e-01
-3.697500065718903328e-02 9.820350082903352151e-02 -3.572157983103029649e-02 1.130731786635479491e-01 5.445939462289092758e-02 1.626644554691436539e-01 6.138054435393184433e-02 -7.900758610855579400e-02 2.824685349578590424e-02 1.919574691717996703e-02 -1.501257181646448446e-01 -1.452031454059068416e-01
-7.214508972739300252e-02 -6.737248129495934656e-02 -3.712650665239294878e-02 5.368775967568398949e-02 -5.267782808295767838e-02 1.259469035007257931e-01 3.289133417822401317e-02 2.111921901898557441e-01 1.822023445662738356e-02 -2.516418776073925390e-02 8.172840637696210386e-02 8.393276651022466006e-02
7.283150905700182254e-02 2.266649100982951262e-02 1.109353184402289832e-01 3.289130641026733783e-03 2.551418542532238667e-02 3.383342071968432896e-02 3.285518242682082535e-02 -6.912931111582837351e-02 1.313454572539385530e-02 2.934506295380499841e-02 1.328679009838784619e-01 1.115827000832214991e-02
1.268413383731373523e-01 -2.431106764205133788e-03 2.017689828702108612e-01 7.208517234152535258e-02 -1.073628412976928848e-01 -1.222774024967420159e-01 -9.281461346901048737e-02 -2.406460173312866824e-01 -2.347325371339569269e-03 1.198697998447415675e-01 1.071415896128630890e-01 3.313494706105272330e-02
3.141494119951436688e-03 9.760994756091809221e-02 -1.933705738691811060e-01 3.093223494012016517e-02 2.201271771445028613e-01 -8.336932133672408929e-02 -1.342165367913290275e-01 -8.048214656216778548e-03 -8.483103595398056029e-02 -1.724587621764059053e-01 -1.410421275530229779e-01 -2.057018207558688749e-01
3.805668786110429080e-02 -9.739206418843317226e-02 -2.551292542783832953e-02 1.476878389256562896e-01 2.867250415526614166e-02 -5.373456429894693520e-02 1.534377935478638821e-01 -1.057327676371696834e-01 5.909673141690513498e-02 1.190255625486090901e-01 -7.859743511026995311e-02 3.067630739229247616e-02
-1.985539047906367469e-02 1.036290485957107599e-01 1.236510967490482837e-01 -1.192979666644825160e-01 -9.182976175970325450e-02 7.837643345846960485e-02 -1.014742175207181268e-01 4.655221861684619676e-03 8.103724323708369481e-02 -2.528038870611582639e-03 1.843122268266990382e-02 1.728378271734135052e-02
-5.209236595473966391e-02 -4.690753594069620516e-03 -1.385229522163682891e-01 -9.187471764502193328e-02 3.412165819993465132e-02 -1.109787723471819011e-03 -4.087068864089551945e-02 1.341282411018629439e-01 -2.547205397521212777e-01 2.945567200268724845e-02 -1.058003914948573154e-01 6.564561119031631087e-02
-7.572264219753303827e-02 4.340024098072803316e-02 1.908539892099723329e-02 4.821535721158008714e-02 6.910581194075970934e-02 1.275681932833230003e-01 -5.110782118037834844e-04 2.344175870042164607e-03 1.148112050203785178e-01 2.742966184685083526e-03 1.964096703175918501e-01 1.122667262164404600e-01
