4.964647448322693779e-01 1.993443029816391210e+00 -1.284337630815214071e-01 1.100643695711521763e+00
1.402859066238207442e+00 3.838588612832866120e-01 -7.989644667735180672e-01 -4.673763890840460511e-01
8.500475393895204346e-02 -3.827985048155386760e+00 -3.009140723162021747e+00 -1.692815374229099001e+00
4.656249604270331077e-01 8.540028716776754125e-01 -1.590390674606188270e-01 -9.071192611686808016e-01
-3.674114271741101834e-01 -6.968027386783740562e-01 -1.360327142150669355e-01 -1.304445758002645561e-01
1.998747308046780136e+00 -2.790194737910832723e-01 1.055655777550388308e+00 1.685462543713806882e+00
2.090955022660022020e-02 9.031427573164837463e-01 1.510730951804894806e+00 1.904554388003773857e+00
1.290772360271036145e+00 2.560842177722995494e+00 1.200384895760714166e+00 4.781314811498729722e-01
1.308048955637739486e+00 1.842483652377799319e-01 -5.373455294686182437e-01 -3.371076995280504196e-01
9.025483124349965580e-01 1.916684605697673849e+00 -8.200116648365443628e-02 -2.335388502812749234e+00
-1.061856282437012577e-01 1.168286777109891039e+00 -2.643374578260700436e-01 -9.223965583522339973e-01
-5.255817423030324509e-01 1.417466036836413146e+00 5.894032860041705790e-01 1.560603868120830351e-01
1.412479051790766826e+00 -3.502576031971791348e-01 -2.275174157252499163e-01 1.152412400192076136e+00
6.043236422173339090e-02 -2.717157779401021767e+00 -2.014321977301942734e-01 -7.366049877078514330e-01
7.570157698456535522e-01 -9.609360421607032743e-01 -1.428077656783668159e+00 1.401977315217471709e+00
8.948912723477084885e-01 7.340386575889341625e-01 1.056059305605010046e+00 3.704858648272063015e-01
6.393840890856916648e-01 -1.213055526654358118e+00 9.430523289053591718e-01 1.952506984816900992e+00
9.769470047158255177e-01 5.811871885694147588e-01 2.117319051979440037e+00 1.750617363615389666e+00
3.458892534805556584e-01 7.492609208622433847e-01 1.256935616038431514e+00 8.160089462490912604e-01
-1.043340022627421426e+00 -1.620055413416216394e+00 -5.119591993031038513e-01 -7.132912997456968274e-01
-8.679713777519155737e-01 1.539211278175882658e+00 -6.536891382507135084e-01 -1.944927883106338795e+00
-1.302888377176706580e+00 7.999707106206723761e-01 8.570406193829027686e-01 -4.000136263720022733e-01
-1.361842006988248199e+00 1.256993002896621137e-01 -6.606183545794571677e-01 8.615297825464292014e-01
-1.447229268498835264e+00 1.554117018756320245e+00 7.896156878309741334e-01 1.472463866475704153e+00
-2.022575804484396667e+00 -1.246638223565188497e+00 9.627010880354283651e-02 -8.972785849710752659e-01
9.660505441743495458e-01 1.666672325868800986e+00 -4.140423936349380551e-01 9.856577861760162929e-01
2.158792725893770789e-02 1.855082941963483556e+00 8.631644932415092342e-01 3.665998767389840873e-01
7.533044536160259375e-01 4.268134050820591718e-01 1.005779212444154025e+00 2.001172920554775470e+00
-1.347729145778703730e+00 -9.425078216339353165e-01 -9.410131889670139693e-02 1.314235556136925442e+00
-2.717920552393900957e-01 3.372081300987178065e-01 8.365746211459836879e-01 9.742738473180097003e-01
