-7.061421734034114550e-01 -2.206631449684886004e+00 5.175318250510646534e-01 -3.448908199914490491e-01
-7.521490064487744709e-01 -1.004191949019847652e+00 4.227467686556242166e-01 -8.208486082298972752e-02
5.784354137360095960e-01 6.165755057540648482e-02 1.117098717551856080e+00 -2.036923346149532577e-01
-9.136160684132432763e-01 1.911274015945559346e-01 -4.150566536285286712e-01 -9.153607047678041786e-02
6.684128417671966194e-01 4.399839536775765891e-01 6.226274638957588481e-01 -6.275375717527380548e-01
-3.534016395221874496e-01 1.564309171591701908e+00 -7.114076569783364667e-02 -1.969915048208420449e-01
4.750311511248663243e-01 7.618469329013137781e-01 4.848494938748637018e-01 7.786842034261595158e-01
-1.272721224747823954e-01 -3.570410296442910053e-02 -3.179267195958266345e-01 -6.734255598718525970e-01
9.371130929877571902e-02 -1.908121103468491120e-01 1.756122028825954084e-01 1.387366786191712165e-01
-3.902452623387846486e-01 4.180237393928902256e-01 -8.578443875727281842e-02 4.008407813036869438e-01
1.579704393777660254e+00 -1.831946164792933818e+00 -3.044424868827018127e-01 -4.330013046268834098e-01
7.373943357111204522e-01 2.820145226254263671e-01 6.535487856074583268e-01 -5.079134536090140761e-01
-2.813143363313929113e-01 1.165854487480376261e-01 -3.814570166846546068e-02 4.104787644772213695e-01
-8.514451891893066726e-01 -1.342293226148628449e+00 -2.854157903639258365e-01 -1.560363106294325508e+00
-1.078108807718279882e-01 -4.135854106182506595e-01 -5.765965376406602116e-01 -1.076887420469141654e+00
-1.108936849897990795e+00 -3.072643427894259927e-01 -5.605765670068505457e-01 4.307027486841520925e-01
5.542056766326880490e-01 2.093067604988315122e-01 5.417381865740286129e-01 1.960672054080017990e+00
8.260221364389239707e-01 -1.156556232142541996e+00 -3.181017775974439576e-01 4.226512026356425977e-01
-3.791845724057218425e-01 -1.747588031693644961e+00 1.316044990749215826e-01 -1.687518141539170458e+00
6.718520093018546246e-01 5.009563444477855843e-01 5.771845979739507193e-01 1.765906985674532637e+00
1.065993628136382876e+00 1.770948637423820360e-01 -1.827356269471751005e-01 -6.670954611149957358e-01
8.086243570157881644e-01 5.208149565811346152e-03 -2.181116934026576804e-01 -7.852276922081419253e-01
-8.074208165667077219e-01 -9.500090325093964172e-02 -5.661821113098941538e-01 -8.744384135625374865e-01
-4.188560432216997254e-01 1.282666196492807387e-01 3.865215607881911652e-01 -3.828306946385687803e-01
5.854626076176552285e-01 -5.810114867049094300e-01 1.272461106282056498e-01 -2.028873681310374710e+00
-4.916368862635115203e-03 -7.036696260766831523e-01 -8.197648084923984113e-01 -1.102619691220119380e+00
7.208013319144088715e-01 -1.139915568256825829e+00 -4.016134153563408193e-01 -1.490812811044476272e+00
1.313696884453342095e+00 3.154577178820791583e-02 1.176251523523806686e+00 1.247979804330477505e+00
9.739165244158024537e-01 2.993372416653499180e-01 2.756676357629728180e-01 -3.306100221671427492e-03
-1.155406741178237384e+00 -1.090801629457084365e+00 -3.982781839009286173e-01 3.333228996304392622e-01
