4.026181967279239826e-01 -1.078623226497411464e-01 1.712924418364961121e-01 4.477024604482873760e-01 6.891331816323585657e-02 -4.717724207993303498e-01 2.101969799036977338e-01 1.623267159511022628e-01 -1.073299903941693084e-01 -5.228407818764341068e-03 -3.213972535501489758e-01 -2.190623289430414927e-02
5.917223260679473906e-01 -2.754998790418659027e-01 1.166467732207970287e-01 6.933312317781920031e-01 1.677954769598955787e-01 -6.352443377546812542e-01 -1.168684987331414654e-01 1.514721475346846868e-01 2.293520260277374101e-01 -1.928405690785358340e-01 -3.348360751511609279e-01 -2.946290119288668685e-01
3.501148483837512870e-01 -2.410223601839383556e-01 1.675822239014646553e-01 5.592289316923769737e-01 2.374170731182330407e-02 -4.004895867076705418e-01 2.118633412564268625e-01 8.145851430598582965e-02 1.787264126859895719e-02 -1.513076620206807166e-01 -1.844667955757091637e-01 -9.641915421188405888e-02
3.907517397167115103e-01 -3.218199216237009608e-02 1.409272387672522719e-01 6.019810369338595146e-01 1.580440714069384495e-02 -4.763097909749598458e-01 2.036269421396840196e-01 2.094278014478485606e-01 -2.477694071455114333e-01 -1.706773882291003075e-01 -3.214471398861254436e-01 -2.004578166446956133e-01
5.698489315597603522e-01 -1.206869841071846611e-01 7.884189614281891800e-02 5.439682024073503319e-01 9.287759827452500214e-03 -5.881957981524723600e-01 1.830252788554718180e-01 1.058699582068826917e-01 -8.583282166964213700e-02 -1.412057297338543405e-01 -2.043289288972049422e-01 -8.708843255040679687e-02
5.683202744089725922e-01 -1.477649475506309651e-01 1.615750821768500156e-01 5.604453701674049215e-01 -1.014889330833821345e-02 -5.816528133904514952e-01 2.178624797419093095e-01 1.640449231003098252e-01 -3.677669224821644017e-02 -1.929026361345490825e-01 -1.639952065553887950e-01 -1.836772081940077073e-01
5.876825346689655838e-01 9.284885151373327428e-02 2.216291376324785456e-01 6.252840599096211038e-01 1.732895487099560816e-01 -3.036747567703510509e-01 6.867703215673399975e-02 9.226458830783598741e-02 -2.068596742498963470e-01 -2.168610460803687967e-01 -3.651030838993804539e-01 -1.428541979749682611e-02
4.877809844283909069e-01 -1.290179499770195970e-01 4.155810379150910033e-02 4.782456437302397556e-01 1.317050200794031289e-01 -4.687420837482825231e-01 1.663200822748575058e-01 9.059501269908629140e-02 -2.728138244818454350e-01 -1.431540005763347889e-01 -2.510259797705053364e-01 -1.523835216974034901e-01
5.873614767414478965e-01 -1.018696457349580337e-01 9.264518996961496056e-02 5.948421741558221898e-01 7.338185599024175942e-02 -6.069782313930036644e-01 1.930770139120257731e-02 2.796779584986128220e-02 -3.872888882274149597e-02 -7.340013238865759904e-02 -2.482482563168339484e-01 -1.487633176339421270e-01
5.449309943227930164e-01 -1.612710444939879362e-01 1.033867065587091572e-01 4.731656201325006861e-01 1.245138883482291986e-01 -5.058851546244063080e-01 5.807604455889432693e-02 1.096579722720544686e-01 -2.798742180728963080e-01 -2.166787914247216562e-01 -9.553757251074647405e-02 -2.283826325088596787e-01
4.900441435086965170e-01 -4.908017924757570455e-02 2.413940044507588145e-01 5.813223353782793756e-01 3.942699116543835897e-02 -4.417403491942192284e-01 4.669651585021172141e-02 1.356389267252864905e-01 -1.863151522401427507e-01 -2.231749545694070858e-01 2.700277428048781375e-02 -1.550654182594431163e-01
3.929882220817656480e-01 -1.314265720483878408e-01 2.489567372654757360e-01 5.014351044090068488e-01 2.113656674871777497e-01 -5.074834783423964879e-01 8.953456387422430163e-02 1.761534536996617328e-01 -1.689133373339086752e-01 -1.414946332975101917e-01 -1.910746015680676591e-01 -1.785700582839641892e-01
6.116691397469242730e-01 -6.628441482795002782e-02 1.693561642420373659e-01 4.815973011021215666e-01 7.586031344618031358e-02 -4.350061550943065125e-01 7.239442042665124311e-02 1.081755934760654236e-01 -1.477074491010971491e-01 2.318850609399412954e-02 -2.924975021293087507e-01 -2.598698722224856289e-02
5.067058244114888144e-01 -1.918990146597875368e-01 1.309771334789703867e-01 5.094072926955844904e-01 2.243708693119216557e-01 -5.996359979260987849e-01 2.091638084296927325e-01 2.201593778335304008e-01 -2.844690254427107989e-01 -1.803808912823536559e-01 -2.589883983654583388e-01 -2.173870201924940904e-01
5.233484183736155648e-01 -4.695321527070456941e-02 5.763952449593180705e-02 7.455114025106591713e-01 1.292857870621916538e-01 -6.348409942982378151e-01 5.920319274422831957e-02 1.723651029393841183e-01 -1.124713064425583858e-01 -3.021860940144817098e-01 -3.309691208996520806e-02 -1.062514745741158090e-01
5.732962147028848321e-01 3.049734086444696665e-02 -1.677915991315582778e-01 7.522467465486263327e-01 6.088446489277826723e-02 -6.463360749192010868e-01 -8.960531557502375566e-02 1.282912593988979055e-01 -7.740808900111927071e-02 -1.954572521525324846e-01 1.052064587001931978e-01 -2.121432242720313333e-01
3.321436853602987016e-01 -2.335946039210578737e-02 1.304259994693853786e-01 6.051963465786601715e-01 8.319231333002290174e-02 -4.424849764415232922e-01 -9.403004126332157805e-03 -3.224076953504659282e-02 -2.140017469667968852e-01 -2.089109884439762366e-01 -2.941814642479448350e-01 -2.855427656888771815e-02
6.261685922582820307e-01 -1.061102197682862597e-01 1.405043925180394226e-01 5.377629294420734896e-01 7.537962823808901092e-02 -5.314892670445401368e-01 5.210477503137302818e-02 1.226508237874454205e-01 -1.084520128095803199e-01 -1.600560651297197878e-01 -2.348953580588603596e-01 -1.726880644999366499e-02
4.605579442540757018e-01 -7.318094421248283465e-02 -7.853464441762518164e-03 5.396179072769496932e-01 5.999070997546743222e-02 -5.479897465497229891e-01 3.528646922193169888e-01 2.357243884383702359e-01 -1.561740290334838466e-01 -2.222062005792669603e-01 -1.603075662726918260e-01 -1.893375548941595710e-01
4.451652352729034146e-01 -2.169402474343999354e-01 1.624918439252724389e-01 4.340565577029071309e-01 2.174434788721247014e-01 -6.062088172780957240e-01 1.021307952489904219e-01 1.668741462884247295e-01 -7.388101692645918095e-02 -1.634420953308600988e-01 -2.518154759432838508e-01 -2.170891934482364893e-01
5.002847332328343999e-01 -1.540220775504266837e-01 1.658615570526583149e-01 4.593958704492769329e-01 1.664564977758423436e-01 -3.928525362699315515e-01 1.759029787511114939e-01 1.601289118665807365e-01 -1.223811846323179520e-01 -2.759706603407454661e-01 -1.899288085079699484e-01 -9.973987913512870340e-02
5.119839041728824203e-01 -2.632528089428248230e-01 -1.012785996470246495e-02 6.015491546837602455e-01 1.145775305191417265e-01 -4.915004428011474635e-01 6.268952616569498093e-02 2.389255161333446176e-01 -1.332198183364095290e-01 -1.114741614926800378e-01 -1.895459777222388564e-01 -1.981772697756521151e-01
5.167575295464919005e-01 -4.870932361799727348e-04 1.121380052291924834e-01 5.059898588100846251e-01 -5.413056639784261798e-02 -5.713641765207035927e-01 1.981100210883952606e-01 1.683646196297081468e-02 -1.199404677700391109e-01 -2.550456137576810889e-01 -3.364173811572640505e-02 -2.209576101235591616e-01
5.321833313048760505e-01 -7.033803175800727725e-02 3.538144632199458073e-01 6.267690944864400260e-01 5.278176492713267803e-02 -4.267353636936442873e-01 2.430523192518458109e-01 -8.293970317282026161e-02 -9.385011421349397087e-02 -2.037644111702610339e-01 -2.080842502735263944e-01 -2.400943673016556479e-01
4.371965030586874024e-01 -1.705406988931459922e-01 2.943378890837026335e-02 5.187230965042927133e-01 -8.776529493447828012e-02 -5.120818011473813325e-01 1.684771784507064774e-01 6.955818240491670745e-02 1.040316414973593145e-01 -1.632097799418314732e-01 -6.104428981748627470e-02 -2.675719964057622913e-01
5.928399366042444996e-01 -1.401707095407619952e-01 1.716637759344516456e-01 6.931505084672183736e-01 1.157486386618113289e-01 -5.252797228223355930e-01 1.174610480105487131e-01 3.241139407099339481e-02 -2.891204335312491103e-01 -1.157723958823347471e-01 -1.252462779073594268e-01 -2.198995094814186479e-01
4.476407755514356657e-01 -8.279878913992465284e-02 9.669601213276496354e-02 5.974982193337979863e-01 -8.179374827711078169e-03 -3.721490845271614445e-01 8.812391661094264028e-02 4.402359094463521166e-02 -1.579533094267546456e-01 1.031853471518521040e-02 -3.135764308048947790e-01 1.175877015764901709e-02
4.804580202475835504e-01 -1.815478530479170405e-01 6.887119751225306841e-02 3.665540312973179504e-01 1.028726932306289060e-01 -3.959132130740380395e-01 7.207547843336754856e-02 -5.464191226802177920e-02 -1.405056308523696673e-01 -1.290890118561559829e-01 -1.262293055819569965e-01 7.928280088821006155e-02
5.726258879496965992e-01 -4.975723551644749970e-02 2.497912564921991319e-01 5.700771089611774700e-01 -3.338233930212507194e-02 -5.481039204675626220e-01 -3.372957235781408325e-02 -4.589260821003947333e-02 -4.417093398966021739e-02 -2.023134228701110315e-01 -2.605415385479695756e-01 -2.749301566215974629e-02
6.035192738882699803e-01 2.740272290799764324e-02 3.066816879388016559e-02 5.867980260700741413e-01 9.984437201324504463e-02 -3.835541800862264372e-01 1.002899321246043668e-01 1.127864675465536232e-01 -6.088547682406596218e-02 -2.009442724802064373e-01 -2.972801352344907611e-01 -1.505088929860589619e-01
3.778183424746801577e-01 -7.137067088341250698e-02 2.696321795713040315e-01 5.963648568760208102e-01 2.232714985033438515e-01 -3.776049456741309429e-01 2.172330066552664030e-01 -4.241103441763711956e-03 -9.560088374452745119e-02 -2.179681023682102092e-01 -2.376035801010181747e-01 -3.127517453314797025e-01
5.926696447835315684e-01 -1.581293992707276733e-02 2.917511194718011014e-01 4.150709502900387649e-01 -2.746537573630927070e-02 -5.600311944712268453e-01 5.385486834795211175e-02 2.839108640826149554e-01 -2.949561016883113229e-01 -3.146451941574380795e-01 -1.835846780391423017e-01 2.981857504786885465e-02
5.573989286085834216e-01 -4.445260080422156618e-02 2.264617506668734070e-01 5.204839452445154668e-01 5.700710170770593999e-02 -6.688804264671470712e-01 1.386714538318212786e-01 1.617430075372359652e-02 -3.259243658394740673e-02 -9.950635806701275954e-02 -1.703295301101807602e-01 -9.482596689491769315e-02
5.247123875693986417e-01 1.220868826913097324e-02 2.375349665578194436e-01 4.899166159539709575e-01 -7.163719875192296749e-02 -5.084760581885976460e-01 2.646281257983904012e-01 1.418904845539345483e-01 -1.893709424673837571e-01 -3.148608677684553436e-01 -2.055094953544492342e-01 -1.612993589426777730e-01
7.228942042001376134e-01 -1.762914286968894628e-01 -3.824100922729632979e-01 8.243011247642263450e-01 -1.955054124869862534e-02 -6.771688002659235206e-01 -9.919044214523516090e-02 -5.928142145764380144e-01 -6.949437233365214628e-02 3.880793424981131556e-01 -3.891640635228700573e-02 -1.371270041097199799e-01
9.127701463829087647e-01 5.087996750135220098e-02 -2.181442138983231138e-01 8.089326445149435107e-01 4.518458492071229099e-02 -4.775672293541737279e-01 -4.653623434666758762e-01 3.813724005118512284e-01 3.673516694866120202e-01 -5.211490640930593887e-01 -1.986882009217473266e-01 1.082393905486427332e-01
4.035153723589565145e-01 -2.819979790221414928e-02 1.068377384181580236e-01 5.310313055001699700e-01 1.541854036736059197e-01 -2.781243064660738895e-01 1.824334214822723177e-01 1.275298420996497373e-01 -1.644981878213220283e-01 -2.578258751229812185e-01 -2.596401422539969528e-01 -2.011626174646661547e-01
5.085095509525021651e-01 9.842332767437937668e-02 3.559529428116586097e-02 5.159567914329803440e-01 1.535199217313915343e-01 -6.840160032857913741e-01 3.411958748555313226e-02 -3.063967133533825396e-02 -1.725387801985377723e-01 -1.819832044361577583e-01 -2.448420289333859134e-01 -1.543982367723039928e-01
8.887129066484573681e-01 -1.039690481789331961e-01 -1.072765417586293291e-01 7.612954098916319134e-01 -4.493861655640698366e-02 -4.960802792375974546e-01 -3.682879997703569219e-01 2.113489199498416182e-01 4.084815330647131315e-01 -1.284820954074910870e-01 -1.391593947408073795e-01 -1.785977328377637285e-02
5.172276817666893178e-01 -1.444068578726515062e-01 2.278244589824058863e-01 6.997691808128981839e-01 6.468067664059735933e-02 -5.471933424572259508e-01 1.219500713394856134e-01 7.082899871409711889e-02 -2.695811864498264820e-01 -1.271750231782816931e-01 -1.493440720974013591e-01 -1.516460924316267445e-01
4.628217454267894437e-01 -1.427695709311248007e-01 3.922863972763409590e-01 5.625482247907976907e-01 1.316012160791388552e-01 -5.074568703340269771e-01 7.286530616536991689e-02 1.292438606492489206e-01 -1.855230493080142484e-01 -1.777216311430020734e-01 -2.342677580519120228e-01 -1.169441823190110336e-01
5.291000550364224342e-01 1.236795586070833786e-02 -5.831760376578250943e-02 4.879508091607500653e-01 2.142207628232799949e-02 -3.366014702167333672e-01 -2.014435808043203366e-02 2.231371466261485859e-01 5.222563392676208421e-02 -5.381124149730118766e-01 -5.366047826733040538e-02 -6.756407837033162611e-02
4.899805506458112525e-01 1.434640339466025649e-02 3.072366823735990515e-02 4.746622390007168568e-01 -8.515644940934165297e-02 -7.494609176561759512e-01 1.665792312779349957e-02 1.618073453447555488e-01 -2.664219667697187433e-02 -2.787635725492983441e-01 -1.895765906552368540e-01 -1.890119706556459278e-01
6.416370009916172457e-01 -2.145028660323921449e-02 7.592683686877182980e-02 4.801064346769673974e-01 1.924737672938955924e-02 -5.299258219691498351e-01 -1.416146785151047895e-02 2.691753781278129476e-01 -3.464058978539869688e-02 -2.206367379196871592e-01 -1.208510509022039797e-01 7.882937939799643245e-02
4.176384538551761727e-01 3.855402774951404571e-02 2.157415139849001573e-01 5.678228330481575048e-01 1.411853773590098504e-01 -3.951365793251374603e-01 9.694014140139668723e-02 8.673740954641870338e-02 -2.319029136470850128e-01 -2.116595105345036865e-01 -1.280722242343963757e-01 -1.538248213154173316e-01
6.152900035108022081e-01 -1.395612869182102922e-01 2.127522881388627662e-01 5.754079029620394747e-01 1.696737953562290346e-01 -5.803846860460932788e-01 2.168353799913388946e-01 1.853100504002425097e-01 -8.358107232410078025e-02 -1.487707495060587026e-01 -2.320010658248591873e-01 3.172289168183810987e-02
5.966980499397518400e-01 -1.788022547076241198e-01 1.047801849340473657e-01 5.387052105049617845e-01 6.195768660459412269e-02 -5.511634684924913152e-01 1.017247813022164743e-01 6.428302117469250621e-02 -2.015137192285265944e-01 -1.223852863937593544e-01 -3.126200236128590659e-01 -1.986707329989196025e-01
3.658507547489929790e-01 -9.872974578332922857e-02 2.521232870062060094e-01 5.854012829603870705e-01 3.566287434626986413e-02 -4.331938783948380278e-01 1.724063201888588748e-01 1.234032659518290581e-01 -4.680962472671224700e-02 -2.518900096469367522e-01 -2.882974613870157854e-01 -1.625197604949122632e-01
4.714153036005953590e-01 2.942304300380030671e-02 1.869021102794070632e-01 5.821753886916934961e-01 -1.180714312187439684e-02 -4.597300596724673838e-01 1.641974149477385403e-01 5.655813056548154860e-02 5.884712898478389881e-02 -5.151459481504135907e-01 -1.947086298335929944e-01 -2.325380002153584480e-01
4.823232665563658150e-01 7.021217198235395196e-02 -8.572431804106006581e-02 4.653014269301367078e-01 1.172113275339266431e-01 -6.053253705795009765e-01 1.368361929085793773e-02 3.416676094415285747e-01 1.213599039593762641e-01 -2.805358398718040269e-01 -2.617152641256677015e-01 -2.835997254966939884e-01
4.215995448932541301e-01 -1.174193763793390938e-01 1.431487731239675654e-01 6.765269931018044192e-01 1.870402272095625373e-02 -6.320251329094626058e-01 2.224275188801153047e-01 2.914191569401810566e-01 -3.077982477000619221e-01 -8.905409136603104070e-02 -1.298481414259149702e-01 -1.947019570426630486e-01
6.024708101895772661e-01 -1.378998754584638831e-01 2.359763495077988604e-01 5.414765261519366435e-01 2.034149696113241867e-01 -3.742102741591771808e-01 1.117360074689709298e-01 8.623101091989682221e-02 -8.495023071087864919e-02 -2.653991301446465001e-01 -3.313460664297695479e-01 3.675838264257524999e-03
5.797800955223448849e-01 8.069343779864589228e-02 1.007164421142883737e-01 6.403041574210913689e-01 -3.627025048428157011e-02 -6.958636582175283802e-01 1.495580506273696542e-01 3.250554967956189589e-01 -2.227984269959079333e-01 -1.454680216266740767e-01 -1.250383327777767895e-01 -1.915301002922823737e-01
4.840592018077051195e-01 -4.624386173129686056e-02 1.756896240545706145e-01 6.573056989298685648e-01 1.118032101000743100e-01 -5.283796484877221200e-01 9.761234861488297943e-02 3.560973044176449220e-01 -2.076291659686846647e-01 -1.886487349682657022e-01 -3.106407039757198146e-02 -1.966190283501143277e-01
6.424922778784101229e-01 -2.087549579367719566e-01 1.753876901972138969e-01 6.726837626781846380e-01 9.115001511645871857e-02 -4.771844104358397010e-01 6.304931593721459226e-02 6.760789466526710180e-03 -1.859358222492497881e-01 -7.036949747301436686e-02 -2.260164220536235447e-01 -7.697750197794428484e-02
4.071606835862970897e-01 -1.581331200593933395e-01 1.359010138969704296e-01 5.808478916476599307e-01 1.992414545313612312e-02 -5.805660249287563079e-01 1.684011150143252533e-01 1.876746132622523211e-01 -2.318861172051533692e-01 -8.690463789257545091e-02 -2.982459522006657981e-01 -1.772589236946361668e-01
4.096163549567716222e-01 -7.764271360528489374e-02 6.699136886626418097e-02 6.215951235168158950e-01 1.002401434060852664e-01 -6.104025699636432822e-01 2.562704933545861818e-01 2.073712057019437838e-01 1.287394640742425475e-02 -3.251756422980727201e-01 -1.257168196288732664e-01 -9.954050430802956206e-02
4.391794102729699167e-01 -9.470693626378585972e-02 2.626022640717160517e-01 4.894792961357491423e-01 1.361169691755873268e-01 -5.804681259043829034e-01 1.858407560441608375e-01 -4.566082361693596381e-02 -1.680465060633198893e-02 -1.973895241053383598e-01 -3.314236087919239515e-01 -8.942283956003163614e-02
5.096071986436028212e-01 4.180232023029332306e-02 1.223044656670526920e-01 6.432963207185623533e-01 4.551392230840273917e-02 -4.811413338965607744e-01 -5.685035060601935364e-02 2.286500248353789955e-01 3.822461525902411117e-02 -4.253521394824592156e-02 -2.367757095619864027e-01 -2.581176730823016019e-01
4.929581106518329259e-01 -7.888014800399446858e-02 2.518045326705860010e-01 6.236066270924703892e-01 -4.474823728171439113e-02 -4.933713142522205830e-01 1.872331595137424753e-01 4.738022908925382248e-02 -5.659611469670728506e-02 -1.601463459686857937e-01 -2.056907975258210897e-01 -1.905808431953272264e-01
5.243520215278482111e-01 -9.971940507572528423e-02 1.311508315519593348e-01 5.391967301108194777e-01 7.618159719668772534e-02 -4.722868647746277793e-01 1.115240974594096518e-01 -9.596910508887420213e-03 -1.936864124820625588e-01 -1.463696289787298765e-01 -1.932516939658441846e-01 -9.459306563007098545e-02
5.219783104102725391e-01 -5.289234755652556103e-02 -3.738316116065715233e-02 7.755794186859797934e-01 1.559350572785933309e-01 -4.173213785247528174e-01 7.898092861419485355e-02 2.613544243779646337e-01 -9.276436959704330298e-02 -2.132669815292786708e-01 -2.251117622083892433e-01 -3.774190916914425126e-02
8.564171416462107445e-01 -7.509279739415312960e-02 -1.503673894126205668e-01 6.779082278454894306e-01 -1.355597798266453269e-01 -6.891004047994591097e-01 -7.183954246272641897e-02 5.064555245384566584e-02 1.279847268662485105e-01 -3.993052299708402808e-01 -4.798633693975849074e-03 -5.550531723122719141e-01
3.697605061012310124e-01 -2.048017052964319351e-01 9.544507027246892927e-02 5.902775997107917449e-01 5.507919782126752956e-02 -4.548110878790024847e-01 2.018986575246863868e-01 2.366377448547150597e-01 -9.072929377907554271e-02 -1.491991534808231046e-01 -3.714535663680781918e-01 -1.239353207691060027e-01
6.529940893024483994e-01 -3.222174506971462165e-03 1.517785525898603938e-01 6.246826141192701742e-01 -5.808534629860726689e-03 -5.398528616856006490e-01 1.962392872230621088e-01 1.350060713777237117e-02 -1.244452323283104789e-01 -1.085894447407595304e-01 -1.943795196712903572e-01 -2.412563650926182468e-01
5.046380694904140096e-01 2.461107425858591879e-01 2.772816766216453649e-02 6.225744809401886348e-01 7.476038595855342972e-02 -5.722048305514897404e-01 3.704147432934681849e-02 9.100122411985223092e-02 -1.381568852286987614e-01 -3.606365881598077028e-01 -2.308876875890107927e-01 -2.033907273546021327e-02
4.221187740837731850e-01 -1.994707609635010259e-01 1.026708992634325079e-01 6.516968624374382957e-01 6.510888640886036693e-02 -6.481270281058058025e-01 1.171340839969519099e-01 2.929441186093577690e-02 -8.969982818240153366e-02 -2.064391430046846054e-01 -3.622906904266322559e-01 -1.231651402481255958e-01
3.509803089696307832e-01 -5.974941427191341609e-02 8.277800851910463442e-02 4.728985519512927671e-01 1.706256501521337954e-01 -3.962679200375586186e-01 2.011514195706509134e-01 2.291344319630305229e-02 -1.997685215278856841e-01 -2.865843091869195169e-01 -2.192980226663510668e-01 -4.413961798852646112e-02
4.838574997555484813e-01 -3.879339633186514730e-02 1.479149652223500921e-01 5.482952936256492160e-01 -3.177516455127071815e-02 -6.200107227678748334e-01 3.164834068351898410e-03 4.963889353309360042e-02 -5.965282946846731105e-02 -1.794997982571098494e-01 -2.285534447218626752e-01 -1.074617737239189769e-01
5.735506098035254574e-01 8.648577670838890341e-02 1.004178776667274398e-01 5.287042890716445731e-01 2.961674625367767266e-01 -5.508307340519451589e-01 1.618466556838775092e-02 2.632162827653419801e-02 -9.265807166994245725e-02 -8.403183045994415401e-02 -8.592803298239119758e-02 -3.440266591652857420e-02
3.446822897436441768e-01 -1.990725716262516931e-01 1.515727088552363266e-01 4.996954566988677238e-01 9.778818481528069040e-02 -3.592043709969356957e-01 2.636489711009198378e-01 -4.680140072309722787e-02 -9.841342777848285928e-02 -1.367703891891617063e-01 -1.244259262050343012e-01 -1.028685937209132678e-01
6.159509743531013104e-01 -1.350991342030621045e-01 5.562900941151247003e-02 5.804094705674570642e-01 8.949087787228236779e-02 -5.183240261599240117e-01 1.572399645894438369e-01 1.241567870172983340e-01 -2.114617357307971013e-01 -1.103183911275739809e-01 -2.988492791564212880e-01 -1.555312302723483586e-01
5.567440102432017479e-01 -3.208417914681118144e-01 5.875665609105944209e-02 4.085799147031750622e-01 1.191291230540349605e-01 -2.913370993541091192e-01 2.398765013388393652e-01 1.993602483764098654e-01 -8.788476686006682637e-02 -1.578189573081088259e-01 -1.059874601373114872e-01 -2.268556851486840109e-01
5.446856193466944607e-01 -1.615033040647692042e-01 1.294267831708359462e-01 6.335000713188018162e-01 1.840803280145714982e-01 -4.417014181349812052e-01 3.119307564806286792e-01 -5.893560339496477923e-02 -1.579476218904144955e-02 -1.525772931811949784e-01 -1.447129067803011315e-01 -1.414202587572996606e-01
5.779527576624039487e-01 -1.049928729618085227e-01 -5.328672495982195861e-02 4.928583831586135777e-01 8.467105642452067704e-02 -3.865869532990968693e-01 2.058390051618924077e-01 1.019497456413624992e-01 -1.871701659382095928e-01 -1.133852310410666114e-01 -3.087834649519451413e-01 -1.853704284937894575e-01
6.072285732479745235e-01 -2.277032424744358102e-02 8.555867918577289566e-02 6.392757762807327326e-01 1.886852531861273052e-01 -4.729990434240433084e-01 2.019086573959030240e-01 1.484752510676630791e-02 -4.609923943141957386e-02 -2.467611545139145324e-01 -1.335814931999664001e-01 -1.978539741506609440e-01
6.465127826117982313e-01 -6.034075163470428022e-02 4.971513479185795531e-02 6.050390746703014910e-01 7.501418902910421405e-02 -4.370793914982419315e-01 2.734006006848162529e-01 9.598738654997657216e-02 -2.196134895281356275e-02 -2.679564081636202633e-01 -2.807426200393589588e-01 -2.338675706369373886e-01
6.863563095934153147e-01 -1.730391622717449840e-01 2.490882036989238713e-01 4.461476610035904344e-01 1.952251636182643357e-01 -5.252714037037118366e-01 8.135714553033308871e-02 5.042504214327653278e-02 -1.368616261764022402e-01 -3.667930894041770973e-01 -3.684151003046319262e-01 -2.560445805617808657e-01
4.122712841557039098e-01 -8.075090743802144921e-02 -1.044494609615595578e-05 4.698484600530775102e-01 8.495159459919769673e-02 -5.735453539590475991e-01 8.803089310197555195e-02 3.281172082334092299e-01 5.867220333870358691e-03 -3.539744262256666607e-01 -2.535199914190311987e-01 -3.895487061782425264e-02
6.470776239290585430e-01 4.717349236257917938e-02 5.609173162267951096e-02 6.211149160117300783e-01 1.093051216908909745e-01 -6.687013709708879983e-01 1.178447162482897381e-01 1.103212225886714554e-01 -1.056123713867044150e-01 -2.556828427117704416e-01 -1.392764582933268269e-01 4.817266681709750364e-02
6.197798977041564239e-01 -6.437985203974960768e-02 2.769561427722001534e-01 7.270530132017548608e-01 1.073511354732959028e-01 -7.718257192661694965e-01 2.301123583209245260e-01 2.928163315573066305e-01 -3.837201680075558868e-02 -2.061735567695058557e-01 -4.100946768372322748e-01 -1.374599737776281139e-01
4.295713557809239802e-01 6.563019068518442800e-02 1.721365904123851043e-01 4.155172304453458865e-01 2.334085321323303708e-02 -3.750577710474112259e-01 2.099000048248256811e-01 2.673818084120055949e-01 -6.232273483123211555e-02 -4.568335112351305100e-02 -2.237916035949658045e-01 -1.433770718437996361e-01
4.912294244134163268e-01 -2.700025005927718380e-02 1.251065254858174103e-01 5.976752746439638608e-01 4.156407793157974179e-02 -5.669735732658700567e-01 1.228739534530462613e-01 3.067893792301927824e-01 2.969877699075997718e-02 -9.462096649418491601e-02 -3.484810508730414313e-01 4.557475891568878168e-02
6.777634489110686555e-01 -1.749389909273476595e-01 -1.489095713418115974e+00 9.534107279048081862e-01 1.996084292361832990e-01 -2.005269550981064519e+00 -1.420369708631024075e-01 -3.104194518077173726e+00 7.234974032087877760e-02 3.774268223948451073e+00 5.106361744942654324e-02 4.145717452809736803e-01
6.975465763062775881e-01 -1.596785503780339122e-01 7.590513787050612304e-02 6.166829776531174145e-01 9.460785602174014153e-02 -3.690343715010399039e-01 -1.976070094591303103e-02 6.395699808790950014e-01 2.680881165240714958e-01 -6.823292089927243120e-01 -5.845324195245623633e-01 -2.685010760467133051e-01
7.684583175174632963e-01 -2.123141574905095252e-01 -3.079519405562785098e-02 6.203079167307544717e-01 2.171524324140376716e-01 -3.353423184674532154e-01 -2.179594116627889266e-01 4.220254693024481640e-01 2.426778230661617297e-01 -5.610437551625130359e-01 -1.283318571572792111e-01 -3.936102214947020256e-02
6.516353066016968842e-01 9.900017507240228831e-02 6.741913648557555302e-03 5.226483623686174473e-01 1.295044588667127183e-01 -4.005566806942945091e-01 -1.731050550508895780e-01 9.119397793952702669e-01 1.581658534588527287e-01 -1.042550329928822350e+00 -6.808822451172135137e-01 -1.360944254523115127e-01
7.919335474649309425e-01 -3.150490443386813610e-01 1.518592974646780155e-02 5.200546183231699038e-01 1.100884034724484845e-01 -1.785145446741545350e-01 -2.372157818762941350e-01 5.449449021765288004e-01 1.953260133343517613e-01 -8.360139074463920350e-01 -6.643753078716684302e-01 -7.376322984642397391e-03
5.545466195997535985e-01 -6.183583780095634752e-02 2.069417244109846288e-01 5.330484522139821157e-01 1.238815099353565014e-01 -3.127614538136010980e-01 3.158968472330811461e-01 1.252037461986492128e-01 -1.924585239973740924e-01 -1.449627240099688186e-01 -2.469878042675572316e-01 -2.261079306755806873e-01
6.313458651676477906e-01 1.049406050247790462e-01 -4.883814369525057292e-02 5.770904259498320643e-01 1.526453992150866579e-01 -5.257539197336338344e-01 9.203628984960772474e-02 1.873449249562771368e-01 1.990005436830465657e-01 -2.470424925077628620e-01 -1.794324469259765409e-01 -2.954931717587377382e-01
7.135114862515472556e-01 -4.940148447953520566e-02 1.909424112542212892e-01 5.746711919529184920e-01 7.980050294494807350e-02 -5.552621172815843664e-01 6.033900354207079320e-02 4.490042911353235300e-01 -1.466585975150610788e-01 -1.155319866969152093e-01 -7.841633357197412557e-02 5.923223820899054491e-04
5.516841103505371047e-01 -2.106197090954349815e-01 3.961745981431222946e-02 7.631667787879691245e-01 2.710947014331131083e-02 -5.022975251997718882e-01 3.491583631202755528e-02 4.215866126776989659e-02 -1.777072558299798988e-01 -3.428274915106310772e-01 -2.742972896008809003e-01 -3.038609602945967908e-02
7.267952582862466926e-01 -3.392956072669229273e-01 -3.543258864804961217e-01 7.706394811812707912e-01 -2.998956821566103881e-02 -6.173533924490184344e-01 1.772294805596967837e-01 8.900013284157841376e-03 1.291266181531679907e-02 1.286143037447761428e-01 -8.109448367415837688e-02 -9.065028049358433981e-02
-4.867794533967678139e-01 1.497715045168069858e-01 -1.080763705813869574e-01 -6.360082531995571165e-01 8.330511397117174033e-02 6.411524819146637855e-01 2.861539377297310505e-02 -8.020373283054120506e-02 9.551835409592862591e-02 1.598078412506372115e-01 2.872997330225074419e-01 2.699148249166140046e-01
