-4.044405746509099231e+00 -2.355007975683795607e+01 -2.197148329342826045e+01 -2.242374820486570997e+01
7.768504017482811719e+00 2.396099926775249500e+01 2.125309201194417597e+01 2.360898319503716536e+01
6.754585268000467657e+00 2.464951695791107866e+01 1.953761242864072045e+01 2.276726800592741995e+01
-4.084998088135923133e+00 1.246196625740803299e+01 -9.967279103537698859e+00 1.194392458898429332e+01
5.914416179221837488e+00 1.232231858841518779e+01 2.045460496009393481e+01 1.135990367071956975e+01
5.589931439125714441e+00 1.969788221945701778e+01 1.003693446194928640e+01 1.871096402057487040e+01
3.508000666798865019e+00 1.342947351732384398e+01 1.313290965847973091e+01 1.528479851659504085e+01
-4.560238259288221130e+00 -1.594040881605457649e+01 -1.458969530516879409e+01 -1.535954521293049702e+01
6.910357207895373222e+00 1.132539683549742016e+01 2.170868188547645872e+01 1.156380150514723582e+01
7.200449433624123152e+00 1.312809515515165337e+01 1.853194490186806576e+01 1.330765974187926659e+01
7.836679410144232527e+00 1.986123334815030717e+01 1.167450088474574699e+01 2.037621693404924272e+01
2.221413996491283793e+00 2.960460969061486836e+01 1.837940873450417811e+01 2.858818945820169333e+01
5.391277140282160651e+00 2.179580312983751256e+01 2.171344421117299106e+01 2.612550891068139336e+01
-7.768504873532034338e+00 -2.076962370728847063e+01 -1.846774931574677581e+01 -2.141407816582872314e+01
-4.547022444600795410e+00 -2.032792673192632193e+01 -1.453169643024220647e+01 -1.623397218204913628e+01
-5.815480091009796126e+00 -1.037960183423503224e+01 -2.174660787719658472e+01 -1.245147594577886707e+01
-8.252932442909150623e+00 -1.825252630850666336e+01 -1.624083028493433645e+01 -1.828769443441310116e+01
-9.814088412005737894e+00 2.522115569230705390e+01 1.225659954100307303e+01 2.566024190369098790e+01
-6.287579204797710375e+00 -1.010942099981984654e+01 -1.404955292873547812e+01 -1.016427617368467828e+01
6.649356196023451737e+00 1.783510402263273420e+01 2.105884391008065393e+01 1.705650090997346169e+01
-6.220642099528258306e+00 -2.202780033177531038e+01 -1.395433021432166498e+01 -2.079819795480245048e+01
7.745287639037655936e+00 2.207727083852542549e+01 1.802662270582813164e+01 2.427175189269499356e+01
-8.088467406079766775e+00 1.453385615063823444e+01 -1.492832202077698689e+01 1.308575008722473143e+01
8.451988782700551539e+00 1.861397355228175243e+01 2.179172871662821720e+01 1.779674995427538420e+01
-6.152351548103617951e+00 1.841177029525405828e+01 1.367529989193912776e+01 1.888165937269467776e+01
-9.948873743108400447e+00 -2.397746879103140571e+01 -1.916561381249775309e+01 -2.227389511327397642e+01
3.693323021986454346e+00 5.505282600999674258e+00 6.218481758260394621e+00 4.730054405106997706e+00
-7.715774070270255969e+00 -2.195957046326851625e+01 -1.957590127048047535e+01 -2.187303126404396991e+01
-5.951879060288957746e+00 -2.000387763543244546e+01 -2.037724492412720423e+01 -2.125716927471150086e+01
7.913037643761320794e+00 -1.620846236520526418e+01 -9.704692092754847010e+00 -1.916780442677007201e+01
