-1.261217971805390636e-01 -6.602540396783091250e-03 4.672424855438292446e-02 -1.208757694884995959e-01 -2.212938439211369415e-02 4.530237966313047787e-02 9.287462126917050975e-02 6.126645196046968250e-02 5.504390323969435977e-03 1.659004903497412475e-01 -9.420783157135434460e-02 1.130154133883002343e-01
7.721479335677186584e-02 -6.680468686869581174e-02 1.004135229446243005e-01 -1.118055668498260311e-02 3.454297756765761090e-02 -8.383317468477585743e-02 4.713404634378907249e-02 -4.610697232606410234e-02 -3.124156830041968430e-04 1.518099502614017778e-02 -2.402297397060546014e-02 5.678895331049554906e-02
-1.786251455247079845e-01 -1.397625779309783489e-01 4.301403061934960803e-02 -9.349298244404492114e-03 -6.730099524352756157e-02 1.165852137547830902e-01 9.454098262189916668e-02 -1.960174968465464018e-02 1.307070219867146887e-01 1.982123614781769114e-02 4.272262640308331638e-02 3.850249207071058249e-02
-1.251537404077475157e-01 5.205782894025705321e-02 6.209178682515265058e-02 3.397684272045018578e-02 -7.376205219002912594e-02 2.555998683087212092e-02 4.749356664295407982e-02 7.797648474127721885e-02 -8.491033135648201613e-02 -2.179930146599000709e-02 -1.515859305780233590e-01 -6.759022331139878659e-02
-4.234492159266861275e-03 -3.143226787241119174e-02 -4.134153805306599316e-02 -5.132577015212511735e-04 -8.325743299807415732e-02 -6.399076920005281055e-02 6.406884321905846613e-02 1.857802913622595350e-02 -2.310117864929562073e-02 -1.036196220341172314e-01 -1.515212196235278704e-02 2.023509597787047712e-02
3.470298247448475731e-02 -5.755243768267010590e-02 1.554967722527698243e-02 -8.790441749611068931e-03 -9.724824592853895111e-02 -9.367146752100231899e-02 1.017558321911806313e-01 6.837387805712023814e-02 7.509397843511109172e-02 -6.277945232598426684e-02 6.129520888192985240e-02 -5.041092865217651486e-02
4.962143655308583201e-02 1.567849572141632453e-01 2.011720458715442195e-03 5.722292811584542976e-02 8.632185539784932582e-02 1.895582834512078430e-01 -1.158256214156910824e-01 -1.285887759735852148e-02 -2.549453053162691052e-02 -4.721689987493271623e-02 -1.943674305648738498e-01 8.410567624642709128e-02
-3.574088242204793986e-02 -3.752630417417655850e-02 -8.198155338949814075e-02 -8.953183640871510696e-02 5.670299129759408252e-02 3.093957950884222707e-02 3.905581773508779581e-03 -3.218222219158878988e-02 -1.568084894129722628e-01 2.485846194308758209e-02 -2.470213333856602356e-02 -1.654648871146655043e-02
4.689281382662777165e-02 -1.839656325344763994e-03 -3.345251450121822234e-02 2.954259684057200519e-02 -1.662672403702110391e-02 -9.521103529997949899e-02 -9.899455209762844654e-02 -8.249441269673518651e-02 7.127165993951053991e-02 1.022156850179127829e-01 -2.405072461652935437e-02 -1.398206852142907727e-02
2.668491350298169557e-02 -6.003607219335498069e-02 -2.120707597624934063e-02 -7.230209070797249948e-02 2.671123502124535254e-02 -1.484976240724476468e-02 -7.011195526765284791e-02 8.660076058755600270e-03 -1.537543808239726362e-01 -3.961950540453974823e-02 1.316625220758785020e-01 -9.245666001930014088e-02
-3.736359598415997518e-02 4.136628419332719075e-02 1.168022425590573288e-01 1.506903792943486455e-02 -3.860973072053393296e-02 6.866230641069537288e-02 -7.629836925236423151e-02 3.042630249734792208e-02 -7.465310049897888600e-02 -4.740940837621746701e-02 2.542346439246986334e-01 -7.543771377380653100e-03
-1.391764248346783195e-01 -9.403119370126240134e-03 9.575671457282904087e-02 -2.722864208357848870e-02 8.353927550906137256e-02 -3.194078874387199733e-03 -3.371246854210380173e-02 5.346640189570826818e-02 -6.221819630898807463e-02 5.791343676529436824e-02 2.296040234892440801e-02 -5.296461896272433578e-02
8.304518828836202071e-02 3.553115830281099174e-02 4.138303783173671868e-02 -8.662251910746343597e-02 -1.553691972122076340e-02 8.132967063099318106e-02 -6.086613604843871955e-02 -1.734274269699011273e-02 -3.473203616421417089e-02 2.065103604388906222e-01 -4.468658566464740745e-02 1.309616529109131622e-01
-1.869158028968713470e-02 -1.231681953568552063e-01 -2.733633188630274491e-02 -5.859435495990554521e-02 1.629167314853640636e-01 -8.665036668800410458e-02 8.694435931202282308e-02 9.083454201544791107e-02 -1.734751881616658775e-01 7.936705325167141972e-03 -4.925876586868091489e-02 -9.346439410924418933e-02
-4.772573612866874010e-03 5.283494357427034882e-02 -6.846517378376040797e-02 1.773120717209460961e-01 3.847309242089562431e-02 -1.178950056933122381e-01 -5.980598245783703276e-02 6.858872820140693438e-02 4.558816880552030040e-05 -1.332264603823841154e-01 1.900179902522542430e-01 2.849312583096525256e-02
-1.210461437189196687e-01 1.330757426856034494e-02 9.566066226964462654e-03 1.026372419258321685e-02 1.333425626550646670e-01 -3.200966137924235455e-02 3.907633185125518327e-02 -5.813353492088210728e-02 -1.698753783901610082e-01 -1.869983971635794454e-02 1.561685708818035812e-01 1.677415644018819332e-02
-1.965963085481611805e-01 7.790032186085940613e-02 5.857806187269967019e-03 3.661811664187845927e-02 -7.850389225326357551e-03 7.458982402093156105e-02 -1.267253627608464495e-01 -1.333010335256881729e-01 -1.011673662486672481e-01 -3.778209027547144855e-02 -6.699204226915218829e-02 1.063673697137157426e-01
9.742859834982271761e-02 -4.850437515325145381e-03 1.593619923592175594e-02 -3.081530049470512789e-02 -1.566307431726023103e-02 -1.441446658208106815e-02 -6.521758360314851288e-02 2.159055979681189300e-02 4.382367908559180875e-03 1.107283303877877254e-02 -7.705936080070749546e-03 1.176528398326111835e-01
-1.015362138975590689e-01 1.240219444703271751e-01 -7.698063300828349165e-02 -5.870846458411917157e-02 -3.830294809034421460e-02 -3.421170238918684603e-02 1.992082900118912203e-01 8.625486357415451666e-02 -1.192623970171867616e-02 -3.223217800144180523e-02 -1.082911864451347739e-01 7.694431962267576919e-02
-2.355694038340763741e-02 -2.603095646921776279e-02 8.613169929592956811e-03 -1.096503889808015386e-01 1.335817685811694633e-01 -7.762017615601811416e-02 -3.758498987640196409e-02 4.942362540830438911e-02 1.216711927633688101e-01 -3.499569876091043752e-02 -1.705571208851079310e-02 -6.806734522442840774e-02
2.661045468860265967e-02 -4.597039390698028083e-02 4.946049836786844955e-02 -7.111209539708221450e-02 1.328500932960458292e-01 7.778867423088420274e-02 7.670720519352203226e-02 5.758907946911282633e-02 -3.023778231945645559e-02 -3.339443899724825471e-02 3.558479300912215093e-02 8.521696189762485718e-02
-3.094652820200004262e-02 -1.328834142415218356e-01 -1.139261088457417387e-01 2.698026892098322194e-02 2.178420894192418036e-02 2.167310127528748048e-02 -1.081422821168243065e-01 1.626739960174403699e-01 -4.942491169946248986e-02 3.533371585129783943e-02 2.991165292663986244e-02 -5.927860753888206102e-02
3.251957969521628109e-03 8.165111380416879838e-02 -1.465302016516206729e-02 -8.393932499694757576e-02 -1.230046797899246452e-01 -5.780126346431447432e-02 4.499333813365254120e-02 -1.063703713681920238e-01 3.935449848495535530e-02 -1.065736147483563045e-01 9.687942479287123265e-02 -2.549156031357833335e-02
1.153290514647033367e-02 2.219792931036334085e-02 1.752497266656793118e-01 6.075724845495145826e-02 -1.593875953824713809e-02 -5.483084581279087412e-03 1.264116267600989829e-01 -2.028409161064602118e-01 -4.354292780626976139e-02 2.227461012778115049e-02 -5.863164610182151903e-03 -4.332319321198853379e-02
-1.130716397286516683e-01 -4.612737298083972176e-02 -1.091523106828023032e-01 -4.919436687732836599e-02 -1.557969444097864198e-01 5.198175264504326792e-02 1.119743382500099776e-01 -6.976771247604708626e-02 2.192671333206830941e-01 5.686447822241576244e-02 1.114363817191086660e-02 -6.055151093831296488e-02
6.465395613246849305e-02 -3.502837932193682974e-02 5.566139052396060216e-02 5.913694011670393713e-02 7.419970725678326148e-03 -3.814328677217546093e-02 -3.989250754025233658e-02 -5.112976948006330014e-02 -6.859053651979811483e-02 7.062931618408788137e-02 9.756226241172386016e-02 -8.038993620837719956e-02
-4.975225087289903564e-02 6.989009356775110777e-04 5.165298565361406587e-03 3.121286676539725483e-02 -3.424232968067866464e-03 1.523087052360008187e-01 -8.849072224069017001e-02 -4.091488076849386646e-02 1.317879866082058427e-02 1.095510974844384477e-01 -1.083242590452130061e-01 1.510276912843829256e-01
-3.657469795459564882e-02 -7.536994626956433629e-02 -6.088227099295560885e-02 -1.729481512011392663e-01 1.037663848905750336e-02 1.206811801846691679e-01 -1.205345040858672168e-01 -1.232193605413575421e-01 2.149654693205502523e-02 -1.077158499808082009e-01 2.853741537632904085e-02 1.805897158164767036e-01
2.016998521619530436e-03 8.698714358951781245e-03 8.525468372429229058e-02 1.635556359607939422e-02 -8.809049344361093159e-02 -3.830304560913572187e-02 -2.561784807108785089e-01 -1.343885146415107201e-01 8.334295694209511995e-02 2.047562122845620475e-02 -6.446713861310537919e-02 1.406479830631680028e-01
3.744611815587133713e-02 1.656446189367735689e-01 -5.137139812743186928e-02 4.077490024314929865e-03 8.925144208584741279e-02 -1.915114275118892997e-02 -2.069208022730426727e-02 -3.573739923167323917e-02 5.049625978125057979e-02 -1.161268212322350349e-02 -1.293085159646072957e-01 -6.373241349208391346e-03
-2.037574050759365929e-01 1.394587152710132991e-02 6.386774745041463863e-03 5.214289807688875233e-02 7.069831133264588285e-02 5.519940675463109320e-02 1.326171356120580680e-01 -1.368072167310326742e-02 -4.846161784152317603e-02 1.320266360981418863e-02 1.111854833972081985e-02 -1.881573493228157479e-01
8.492719621180630507e-02 2.318436011466122604e-02 1.364533151457283378e-01 -1.692599918042956841e-01 -1.129920435234052500e-01 -1.109379277420050047e-01 -9.883425649113959655e-02 -8.788603072282585860e-02 -1.829746993550909195e-01 -8.185938746103885166e-02 -4.489897480007682545e-02 8.785369493251030115e-02
-2.617444083185101536e-02 -4.964384382939390772e-02 -6.122779318382388231e-03 -5.630411742777077788e-03 -2.143696385415196429e-02 -1.144776127888825351e-01 3.011662316157890512e-02 -1.656617847714870473e-01 9.332607252850450409e-05 2.438762865701387117e-01 -3.119887399659449292e-02 3.172181354755913840e-02
-2.242676863751858624e-02 2.264917788621283873e-02 2.551300818752737232e-02 -6.052498334077025671e-02 -1.379289885317397935e-01 -4.853321717552504244e-02 5.025698417057904155e-03 -8.781241394821689972e-02 -8.635787852611703785e-02 1.073191613841855963e-01 -2.695281316526869364e-02 -3.432619779896516066e-02
1.207027444306332242e-01 -9.132533487614427625e-02 -9.041203955984179752e-02 1.225228727055290290e-01 -1.185061721450355876e-01 -2.248692678246328510e-03 -4.069261546728543399e-02 -6.726427346946214914e-02 -2.430738173160516130e-02 6.637144488374457918e-02 1.086335325988210254e-01 -6.020364834475552818e-02
-2.385659479967989008e-02 -4.288342552326008389e-02 -1.534593704126812064e-01 -1.973351851757878129e-03 2.215957640601640133e-02 2.124613951619227781e-01 -6.106026985240996241e-02 -1.566323887481293753e-01 -2.464069435015153187e-01 3.366987859045382503e-02 1.166575658225530582e-01 -3.775101866970141662e-02
-1.252246215495045334e-01 7.305998435074950725e-02 -1.773045486395790488e-02 -3.754692443660884865e-02 6.314270111826014720e-02 2.389504939963934538e-01 6.511106284775040887e-02 2.646957810901497815e-02 -5.166380710319749131e-02 -8.669697695448538854e-02 -3.245072027520509717e-02 -6.624097118206559442e-02
-2.023044295596189424e-02 1.996831099273618515e-01 -8.897289900095686765e-02 -5.262143850379502608e-02 6.247721917604530384e-02 -1.669412028233276390e-01 -8.320277114896723614e-02 -1.316999353259803440e-01 -5.970439948041467854e-02 -1.085430626765714057e-02 -1.765260695459570234e-02 -1.947659048971013204e-02
1.528116046702706621e-01 -3.464783149949504128e-03 -4.607616612865429034e-02 -4.265795068468705709e-02 -1.829024296634907537e-02 1.253136951478791561e-01 5.427159532364161931e-02 1.819908519380689094e-02 1.812060339711563800e-02 -5.148320983682520835e-02 4.106179746882693965e-02 -5.100953861764714881e-02
-1.151231214176725616e-02 -4.314707561969353261e-02 1.032562657002877998e-01 1.311909508761122112e-01 -2.636202591475166057e-02 -3.011854199476227123e-02 4.627712704968444703e-03 -3.023126527654260154e-02 -1.567468057316946384e-01 4.395387499022379574e-02 7.784534988139205081e-02 -1.672444614903307453e-02
-6.591824848168639783e-02 -4.150978867816634832e-02 2.677182039942152536e-01 -6.030005145984842010e-03 4.055851352379176433e-02 9.617930128432568629e-03 -4.445705246915250541e-02 2.818359665861365840e-02 -7.268866858988903834e-02 -6.592732974499641158e-03 -7.078336073122610574e-03 1.797746396358658807e-02
-8.191338296340502922e-02 1.247651501487615638e-01 2.685541144715990203e-02 -3.823542257230655439e-02 3.170760031466600404e-02 -2.823292263653303519e-02 5.476008382748333292e-02 4.097084011624302358e-02 -1.616086130259451747e-02 -6.603958202933681021e-02 3.948385019891480913e-02 5.089519437764755683e-03
-1.254893362407748514e-01 7.303420928076773122e-02 -2.195419066865364477e-02 -5.703513960835118746e-02 -1.033205867106991166e-01 -1.935421193721472144e-01 5.354831362020349463e-03 4.052984155484370965e-02 4.435086086517299811e-03 -6.867730931793417093e-02 -1.896418826678251263e-02 -5.986934495378742893e-02
9.960983168480702643e-02 6.239486448914780686e-02 1.007343159463836846e-01 -1.175587452807214939e-01 -5.430821775817805397e-02 -2.901468424791756734e-02 -3.248115498600747525e-02 2.540535334785127067e-02 2.346849310165232197e-02 -1.964995621727497199e-02 5.661781935922716863e-02 1.728676088945479139e-01
-1.111015400532899267e-01 1.398138100024944874e-01 9.117332070278429124e-02 -7.553968886269842552e-04 5.014267480366257912e-02 1.219382211373168934e-01 -2.038221723312220318e-02 -1.432285444422158778e-02 -1.190685329289512123e-01 -4.053061236599954376e-02 9.911719774439772812e-02 -1.890317503282328698e-02
8.655000960234213170e-02 -3.830150466525211045e-02 8.818409485674916226e-02 6.829673025252160252e-03 7.863109280088154129e-02 -6.330988558363136176e-02 9.951302135681133754e-02 8.424978640960542609e-02 2.925330839403796415e-02 2.235814866243903548e-02 -4.811643846070950276e-03 1.666445379644284075e-01
6.795805603129242978e-02 -7.754247245465645255e-02 -1.978800834806808406e-02 -2.987301943181661090e-02 -2.908501595075434903e-02 -3.408866803002631035e-02 -1.559757733230292612e-02 -3.677724281594416111e-02 -8.867933851039774829e-02 4.874361177474333118e-02 -8.543060163406610008e-02 -6.374908671631884793e-02
-1.628892391594682909e-01 2.530036469631061734e-03 1.275550937240838012e-01 1.682305302360092777e-02 -5.537982820908463055e-02 8.388092206761779690e-02 5.508396155434086561e-02 2.234300196119550636e-02 6.602475599142811069e-02 -8.076111147844161620e-02 -6.110803940822402691e-02 -2.759811421231986306e-02
-9.086195451796504063e-02 3.605629788810398029e-02 9.256589227245487494e-02 -1.052347547366395400e-03 -4.073010822870243297e-02 8.554460772809857616e-02 6.096923728702739742e-02 -7.693621066711009426e-02 1.259427827959212487e-01 -2.033437087309087066e-01 -1.930403802245937717e-02 -6.581101756926197033e-02
3.110398138410587834e-02 1.051118686881884201e-01 3.190867293876382960e-02 -5.546032306348448043e-02 4.367768518394916921e-02 -2.545458495213310038e-02 -7.994345079059390902e-02 6.836875836285173647e-02 6.871845543804329381e-02 -1.815384715622652412e-01 1.908760329965373398e-02 9.519203568810676030e-02
-6.145007708339628172e-02 -1.502033780591503082e-02 1.169224714771117807e-01 1.041345385319926986e-01 -1.049237124639171986e-01 -1.114141824712909928e-01 9.982751759287364357e-02 7.735169505360586784e-02 -5.517900257832852873e-02 8.565461325488077371e-02 1.026282308294029499e-01 -4.820678651895964062e-02
2.960695429551643901e-02 -1.594370510508240010e-02 9.592217139492838218e-02 -1.411376271379652034e-02 6.731481346978761271e-02 1.535920924011782707e-01 -1.953029943890644340e-02 -4.116305269831875557e-02 1.400397312239884118e-01 -1.115033342587144066e-01 -8.938990042342181974e-02 1.517961540331237424e-01
6.428978972692497851e-02 1.409852279447997569e-01 6.398665786373989792e-03 8.447152413491632039e-02 -7.334875223399606181e-02 -1.423855585284678482e-01 2.103524461343752542e-03 9.762200866988521297e-02 -9.864044282095849048e-02 2.994545705032796226e-02 9.891065545227784028e-02 -5.093819452850434359e-02
-6.986164267421614282e-02 3.076318767210557692e-02 4.528490052323429216e-02 7.100330372700321135e-02 2.963974907508740847e-02 -1.112370933816240332e-02 -8.132401858071888756e-03 1.795293133333121793e-01 -4.868337385868254374e-02 1.217437135152839578e-01 1.812563034346623969e-01 -6.104790332539767467e-02
7.708716801481534098e-02 -1.064882533552502786e-01 5.801196935039257263e-02 1.071909650514748791e-01 4.142268094544420201e-03 8.726799402115151261e-02 -6.441313190938252609e-02 -7.438225816302575233e-02 -7.049881926263844301e-02 9.828153678894775702e-02 2.547563337693251051e-03 5.450233988688689413e-02
-1.120848151221278122e-01 -5.589101266144781005e-02 -5.178662367828865999e-03 1.424093737207332219e-02 -7.054992912095515989e-02 -5.353682749456210865e-02 4.634596124339172840e-02 2.896773389902997098e-02 -1.190267549537246394e-01 8.142936345741404180e-02 -7.199091357116541023e-02 -4.684581772199815364e-02
-1.195528712580427727e-01 2.185662803248851829e-02 -4.814062395631067692e-02 5.384431895536515716e-02 2.410097071103395328e-02 -8.700187252072530408e-02 1.363554776328564366e-01 7.323394676688978200e-02 1.249862490973715212e-01 -2.153186816941014547e-01 1.015685863464391436e-01 3.219558332666339756e-02
-9.243744157515981774e-02 8.026859979861449695e-03 1.273060488819154346e-01 -7.759055354971543250e-02 4.866183727097504047e-02 -6.311172020342983857e-02 7.294929974915019544e-02 -1.170571149964366869e-01 9.311687930399910329e-02 -4.032945211830880894e-02 -1.055727700509692391e-01 4.280415940012043119e-02
-3.940804052880483160e-02 1.487052818751901928e-01 1.723427549711781942e-02 8.594281126258887515e-02 -4.593004347005814197e-02 3.148514993863689437e-02 -1.610351507952012817e-01 1.178003903871817637e-01 1.419511287088447704e-01 1.261371413185125023e-01 -1.540270784665258991e-02 -1.304836950385045991e-01
-3.951463852367252672e-02 2.093833369342429709e-02 1.449403334054650827e-01 6.240350539445359279e-02 -9.117380982655523547e-02 1.379284495293845239e-02 7.098813470561333994e-02 -4.972139479221454605e-02 4.354182988715621372e-02 4.673210178613837820e-03 4.602609034376541237e-03 -6.890251965879690133e-02
-6.536369300486408185e-02 -1.092572261079777793e-03 6.552680081156023184e-02 -3.213891217198536210e-02 -4.974294632475780714e-03 1.600399907900780516e-02 -9.360976235958939906e-03 -1.667488868683839609e-01 -1.217872404665417407e-01 4.268195430010616326e-02 4.031351819402848383e-03 3.651689723577535018e-02
-1.857178773358136165e-02 5.118827767765810749e-02 -8.742191199427758186e-02 2.099189100667869234e-01 7.148294863437629210e-02 9.416401315412049888e-02 1.995388737339168217e-02 1.705887546260988208e-01 1.948887567672301369e-03 -4.856282268519957618e-02 -7.278122021896712458e-03 9.471185281799844591e-02
6.908400123568650408e-02 -4.473157400679370066e-02 -5.401615955536863412e-02 8.654826038464093207e-02 -1.093219443126542123e-01 -9.643406551015065720e-02 3.378452633911479402e-02 3.426505688828902080e-02 3.757696286496679805e-02 -4.344287129985911072e-02 -1.014859512955050211e-02 -1.289216969502809396e-01
-1.589794878072308126e-01 -1.035419230434639903e-01 -2.912312300964912254e-02 2.169936977400423184e-02 -3.596350473408446019e-02 6.226371258345995280e-02 8.457629889016068936e-02 1.355774808640685669e-01 2.210508693906510641e-02 2.192974468767425536e-02 -1.442641443892820896e-01 1.098632551349042544e-02
1.242540953939681586e-01 9.803760774599962202e-02 2.721035930774435077e-02 5.610438418248071824e-02 -9.685123718520352587e-02 -2.277806122313883602e-02 7.891692858853961712e-02 -8.755965685286373756e-02 -1.161085161017113426e-02 6.253945342774241967e-02 3.280990230750154002e-02 -1.063347188100284280e-01
5.398086127432161901e-03 2.234288773659770799e-01 -9.447312488179254730e-02 2.325001039955940096e-02 1.950012877034482117e-02 -3.406583720063631471e-03 -7.043357165282750250e-04 4.278992266027611957e-02 2.663122576113790066e-02 -9.313292546303537922e-02 2.648426719534390308e-02 6.342275758355933601e-02
-7.992147171069494127e-02 -8.708519033709444246e-02 1.843104464105443929e-02 4.375606166181013335e-02 -4.138755623569095876e-02 -7.236633673278401735e-02 -3.066961079453508435e-03 3.165410671671846365e-02 3.269993980140063067e-02 -9.581265045262100932e-02 -1.687667822787605743e-01 1.802637751990197532e-02
-1.822214858993618514e-01 -4.694364052039752544e-02 -8.865930801467127031e-02 -9.844425242396112608e-02 1.065559638035153134e-01 1.343164106302323080e-01 2.185493007284754902e-02 -3.016196608157061670e-02 -5.301228735297195543e-02 -5.968007593546187373e-02 4.350297446255719375e-02 7.344162348697207132e-02
-2.766967182161392605e-02 3.607172378623121900e-02 -1.929832303202059368e-02 -1.369430899539458846e-02 -1.276661516989154588e-01 -7.136725800169313461e-02 -1.208757154248702170e-01 -7.173811112969067684e-03 1.807686714119609989e-02 2.072982487246471592e-02 4.806351862713985693e-03 -7.322446212078327632e-02
5.100467503090738708e-02 1.714350228942393417e-01 -8.580849594014266363e-03 1.206775062584352623e-04 1.473242810808543801e-01 6.574452292629834327e-02 -1.198309972514339516e-01 5.283181795813927939e-02 -1.928822821626126338e-02 5.968643177366406843e-02 5.940440329729278213e-02 1.182574365848419462e-01
-7.421889726886617134e-02 -8.200192485939206133e-02 7.573678435230030148e-02 -7.322864103134266167e-02 3.186240845670160887e-02 3.440005987461414866e-02 1.581510642109587861e-01 -7.714039567926880836e-02 3.423518473196265205e-02 3.990224932875938157e-02 6.925045618795803992e-02 3.718642459787134535e-02
9.732864536972588021e-02 5.682791689075928493e-02 -3.225636750658103513e-02 -4.268712883761235227e-03 -4.675417864513782551e-02 -3.072659404603849190e-02 -1.393218752006853897e-02 2.198318054781344191e-02 -6.558036964284178275e-03 8.184088997069069449e-02 -3.496271971283065882e-02 5.364337078412099308e-02
-4.973202969998739148e-02 -1.108597364735505464e-01 -1.353081142492910255e-02 -1.009354127176646243e-01 1.464553578193440210e-02 1.080685429282308152e-01 7.550645972498526426e-02 1.017634033068820221e-01 5.987444747027427299e-04 2.515345396914696330e-02 1.066163462494373220e-04 -7.394736746716625009e-02
-3.664598636354647609e-02 -4.036661318567499879e-02 6.327468719423591167e-03 1.085015613375837074e-01 8.214127252465647233e-02 -5.485960428743965472e-03 6.146961046487794955e-02 -3.356703897884331239e-02 6.576061073381833655e-02 9.224926324967405722e-02 1.660962851082608410e-02 -7.598546032167605158e-02
-2.138614573073659500e-02 -2.718254506709794072e-02 -7.461570953255758365e-02 -6.772570092669800979e-02 -3.376478357544451803e-02 1.429357759209246292e-01 1.121901673104783170e-02 -3.568233965354553061e-02 -8.357621876783002945e-02 -7.919473173829628954e-02 -1.036432842782236963e-01 -5.594348385107707211e-02
-1.386686996012345165e-02 2.659003412571519370e-02 -9.945476770557444557e-02 3.749505169442530345e-02 7.177598433133990097e-02 -3.183700642987491447e-02 3.912978962809818967e-03 -7.799748189323660319e-02 -2.375736263366362566e-02 -2.048432851755341635e-02 4.238826943508251788e-02 -3.683391037014242114e-02
1.094544739926026633e-01 1.458050349370054385e-02 -3.789946467446334011e-02 7.286635475904962300e-02 2.896964030137234164e-02 4.576933999277793541e-02 1.108877861753107541e-01 -6.283523214298239457e-02 -6.292938605131026542e-02 1.474102138082787616e-02 -1.563127436417237059e-01 -2.985281433837344914e-02
1.893666262337754258e-01 -3.611933517634385860e-02 8.999086879526510541e-02 -1.001585165454615400e-01 6.573192225342776307e-02 1.105927156743693046e-01 -3.154380616745214305e-02 -9.404747025541512762e-02 -1.151973596849472925e-01 -6.162131684770941198e-02 -1.144246094195867577e-02 -7.660448316604530350e-02
-1.397226764690193967e-01 -6.905069413698158853e-02 -3.135963819800240571e-03 -1.073050485229669060e-01 -1.795166072607784144e-02 2.964831701709312942e-02 -5.109224406786004938e-03 1.794857902756148427e-01 1.416461268361701026e-02 -2.143921779329645283e-02 -1.796616952260882139e-02 1.424878079966529765e-01
6.085416544587297222e-02 1.066461852296669843e-01 -4.835828649992166689e-02 6.330915358845759511e-02 1.039786917245250075e-01 -9.394814177389967935e-02 2.405180559840965418e-02 -3.551496142814851431e-02 -8.976166613776379033e-02 4.569346814154379155e-02 -3.356682044880264504e-02 1.239374828734086387e-01
2.793491601719391010e-02 -1.826679560310463801e-02 1.139264554418691344e-01 1.093208036504965258e-01 9.005669154581699698e-02 -1.186006607836528337e-01 1.167375121545711214e-01 1.107730411013229249e-01 -5.811694000723575254e-02 -6.102381257679193038e-02 -1.316026081820056703e-01 3.324331329730012552e-02
-1.191937165292499406e-01 1.248340983946854693e-01 -2.519022158244412640e-02 -4.475303137599993819e-02 -4.750968164722714493e-02 1.131286899811680402e-01 1.550218770729430706e-01 1.981519907540493231e-01 -5.705908941959775965e-02 1.648214528659681100e-01 -6.770724776759805275e-02 -2.583279473702487089e-02
1.798228893186549701e-02 4.047022714429773793e-02 -1.437128168987511223e-01 8.394855806485060357e-02 -4.065922416978819121e-02 -5.756367971016181084e-02 4.777555982155588798e-02 1.158528870216157247e-01 1.529543587849913414e-02 5.346029190449214791e-02 -1.467166654305874229e-01 8.848877813797968728e-02
-2.980989849047814989e-03 1.930913370169115573e-02 1.170983754847052492e-03 1.653723810384923609e-01 9.389790587244478681e-02 2.664821793233197039e-02 -1.296852103606914615e-02 5.676426566777932614e-02 -1.389622942490411489e-02 9.012969882922418352e-02 4.963267207413153692e-02 6.789609100682125753e-02
-5.486260361517747430e-02 6.680989199115743883e-03 2.759364619630547688e-01 -2.821362127545655810e-02 6.570278067238978503e-02 1.605279521457429470e-01 9.371475747603064121e-02 1.134402879650499019e-01 1.131453988934510470e-02 -2.575956949314679723e-02 -1.190982194440788344e-01 -7.730870780423593214e-02
2.360934072202800025e-03 -2.574678144502355603e-02 3.545946133591877658e-02 3.525458899311875813e-03 5.962774097639503973e-02 2.182647321617562503e-02 -9.695575943175448446e-05 2.777146052330991838e-03 -7.519456590089176190e-03 6.769441447823794367e-02 1.044529859048227705e-01 2.579705197729645696e-02
-8.846597903897340798e-02 9.219642667511829259e-02 7.894811152490825712e-02 -6.737600931739259891e-02 1.277368408016715251e-01 -3.974727868814247056e-02 1.436212217478634486e-02 3.860133263197657039e-02 5.151826163898194644e-02 -1.099739521762377464e-01 -1.011324393232814894e-01 6.470906905097971451e-02
8.488999069057147698e-03 -1.701742378556159868e-02 9.307972722539287203e-02 -1.451526334850402611e-01 4.019890647245602522e-02 1.079018244920501718e-01 -2.282450230539948000e-02 4.698074692997192964e-02 -8.854625530499815600e-02 -6.765161347342563136e-02 -1.583349162181168501e-01 1.298028235846075129e-01
2.580662569129660994e-02 3.942394445201086173e-02 8.237353112887176032e-02 -3.552977772279600210e-02 3.283880738000821697e-02 2.043133466488605277e-01 1.985744885985593067e-01 2.414348220801502271e-02 -7.962414327924757784e-02 2.616617415852823605e-02 -1.979838228876931033e-02 -9.118628439298016863e-02
5.431248495748883243e-02 1.644018232166876703e-01 -1.097853493220336124e-01 2.193917961211069856e-02 2.478779352319019497e-02 1.406998106290354746e-02 2.018151904951192427e-02 2.313678046654402132e-02 1.892052382795961496e-01 7.702866386005502788e-03 -2.585615845466286917e-04 -1.214727148318659605e-01
1.494556380694673711e-02 4.907740627040337034e-02 8.782118122476147148e-02 2.471600073879055663e-03 4.009741715510739025e-03 -3.456209834936902620e-02 -7.376149520727793597e-03 2.215868155156377750e-01 -1.213236016328946981e-01 4.162567544751073767e-02 3.041154864940397856e-02 1.978899779300067885e-01
2.294411644207956097e-02 -1.093599268424702009e-01 -8.495073346781098489e-02 1.945885488511761852e-01 -6.393323241203949236e-02 1.477727526268725680e-02 -8.240652232249365272e-02 -5.890160272286708298e-02 -6.487287511185574340e-02 -1.716985933421218413e-01 -4.710786762209176470e-02 1.045355502531429975e-01
1.592807821512016683e-04 -1.177780585085659304e-01 -1.496498606450278046e-01 1.005960793906720691e-01 -3.921932832240632161e-02 6.555603116754817050e-02 1.123340531233946865e-01 8.682767308866873313e-02 -6.527956339780677242e-02 7.672486086229296509e-02 3.937174910588341070e-02 -3.037161555273280161e-02
1.007094287237423474e-01 3.726063534685112449e-02 3.033273306540765213e-02 -4.254664380910200966e-03 1.844636723659980326e-01 6.662492584526361061e-02 1.589735700335464796e-01 3.208544938127897567e-02 -2.985318003532383760e-02 -3.033537893658321341e-02 3.486704193495873683e-02 1.200018846026212893e-01
