2.554136591877049361e-02 2.265549285953428471e-01 -1.557589842072313324e-01 1.661500963786714524e-01
2.782590353111580317e-01 -8.397065372857324961e-02 -2.671182759720852617e-01 2.876017889537191285e-01
3.724422146453476579e-01 9.764115482584073691e-02 -9.161254867373185007e-02 -2.196447339973202698e-02
-8.723138991841339340e-02 2.501285682016329837e-01 3.295932836083428352e-01 -1.268652285131995905e-01
-5.519144276242000241e-02 1.267410582276155134e-02 1.118801701806379362e-01 2.405810676126411696e-02
6.086979499192455428e-02 4.936657365795214109e-02 -1.341726701117700038e-01 -1.403286803925930248e-01
1.461688251956316242e-01 -5.103947959352107128e-02 1.456625167354229922e-01 2.262643266403535636e-01
-8.375204243430181550e-02 3.815862105457019093e-01 -5.732439389867049345e-02 3.313448910909958522e-01
-5.387891769302738387e-02 1.375729683271982862e-01 3.003706423282165305e-02 -1.280421013286658135e-03
-1.098316578638146579e-01 2.174601954355256106e-01 1.701391585500723336e-01 -7.057647755949735258e-01
4.211168353447984625e-02 -1.109207879594514140e-01 -1.842267895972029834e-01 -7.280898154567476931e-03
1.647763715386155736e-01 5.228848873765468142e-02 -5.362576542823992432e-01 5.218026122194747984e-02
2.545735736954205519e-01 4.600814390805192944e-01 -1.668840241761802290e-01 2.490153556709796545e-01
2.714963357131139690e-03 2.907051536239793621e-01 -2.219687349460160719e-01 1.578544108310039329e-01
-3.077267653803608671e-01 -4.499041818252100255e-01 -4.117596902768028144e-01 -4.446608359578050895e-01
2.079859956090050199e-01 3.271122323987204483e-01 -3.020916764811515127e-03 1.749399105378166008e-01
-4.269093204968979482e-02 1.932397975917686528e-01 -1.995452217788898364e-01 2.233584874465646408e-01
1.065780372762566985e-01 5.258654248491509420e-02 -3.531337270658696514e-02 2.241210093272962833e-01
-1.143381347717505603e-01 -9.497447167510145172e-02 -1.200640707851178962e-01 -3.354320041838748656e-01
-2.967280361612090744e-01 2.953456253604041515e-01 3.643691464476740971e-01 -4.088983482683253845e-01
3.369869351640066707e-02 1.593658805060590156e-01 8.310832541697121822e-02 -1.640414206851633916e-01
1.211645044145700512e-01 7.438956469579695308e-02 -2.457426284633782987e-01 1.996069882777385118e-01
3.872091441017336821e-01 -2.719691726689677513e-01 4.414188709394929397e-03 9.602795982963386809e-03
1.817447238413294752e-01 4.212387225817064706e-01 -1.256949907477389883e-01 1.194925478405272912e-01
-4.743547504278297633e-02 3.197354925578024809e-01 -3.609627223502833160e-01 -6.817568734529462493e-02
-1.908631399895747704e-01 -1.080949710486202170e-01 1.070661216732992672e-02 1.785901594277046478e-01
1.508297537068466476e-01 -1.834107793236663675e-01 1.296456372756897846e-01 1.912593062448118275e-01
2.083365467798273252e-01 -7.018868689656432291e-02 -9.499721799724462901e-02 2.491568228959457065e-01
1.712856463001808938e-01 -1.141000735475607153e-01 2.686373439803027563e-01 5.916410312271136451e-01
1.344632858552973487e-01 4.016708784754530193e-02 -5.165854072831720101e-02 -3.241404771333634277e-02
-2.915963826214831300e-01 2.397998800654262217e-03 3.312377563297721345e-02 1.432575271028157793e-01
1.191277125545168181e-01 -2.056652921308284865e-01 1.886569505280444314e-01 -1.448899977217192082e-02
-8.503999911929048527e-02 -1.957174243568315652e-01 1.352235984470498420e-01 -4.643850056307402552e-01
5.408347492970567716e-01 -3.563943879962567229e-01 -4.005709393196719981e-02 3.863286819470005372e-03
1.553055530176155052e-01 8.526140017140791949e-01 -1.420805960953221703e-01 2.357854332842573009e-01
3.892091435817200962e-01 -1.485964548998966461e-01 1.269172578850256972e-01 5.628602128038577845e-01
-3.392394247677571473e-01 1.731131019552420436e-01 -4.624654586732622474e-02 -2.602767044528761509e-01
1.715271353665024923e-01 2.474771506565511502e-03 -2.326813396949670154e-01 4.660290992458912540e-02
4.630892876290087501e-01 -2.971385465126853975e-01 1.061064217455133102e-01 -8.840236363543844955e-02
