1.074880094947052445e-01 -3.794589718463873829e-01 1.173064614457390853e-01 -2.134139114752562350e-01 1.034329174373606886e-01 -3.142586632524884196e-03 -1.049475406321026018e-02 5.958666443958685055e-02 -1.198092446219775759e-01 -1.762051713291796773e-01 -8.218941774372549858e-02 1.116391177881880109e-01
-1.004526288078609469e-01 -2.088620693923221583e-01 -1.981999931172779006e-01 -2.398768334461537366e-02 -3.664806349323020129e-02 1.276891768655845187e-02 2.222757851843910337e-01 4.465012871048235077e-02 -1.718880376887329739e-02 3.681534352769854496e-02 -2.683306671205019575e-02 1.260132903298797347e-01
2.232922492898368472e-01 -2.627931029365041526e-01 2.879237334102402110e-02 -6.656725427389058314e-02 -6.407095546220621662e-02 -8.985387796142073336e-02 -6.099072046312355166e-02 3.538408158200966047e-02 -7.974639644367143010e-02 -1.169389079373565066e-01 -3.950404510276257775e-02 2.349006888829582307e-01
1.261310483663817192e-02 -1.820876366759738851e-01 -5.050065731370417116e-02 -4.359138228403110216e-02 3.115289273041431037e-02 -1.990220160752598499e-01 -1.037363109210882317e-01 9.581469765028383101e-02 4.747747578117697542e-02 1.440490925369284358e-01 2.799313403940007980e-02 2.083837359656452171e-01
-3.756006714432199266e-03 -2.946245883776741903e-01 7.204450603648912543e-02 -5.210238512137621569e-02 -2.966273225279133022e-02 -1.486177810868218041e-01 1.022222074830498283e-02 4.679635001592763466e-02 -5.139113157075059918e-02 -6.475589201468834322e-02 9.779794740370455555e-03 2.422592364290421241e-01
8.443786360872772290e-02 -2.744427731380685298e-01 -3.600411974674410515e-02 2.181414232795877983e-02 -5.825179473912996120e-02 -6.980382321110414900e-02 2.075548935363007511e-02 -1.043800012794840470e-01 -4.621550071377163171e-02 1.322855021565084166e-01 -7.982789034830843622e-02 1.394771462168992726e-01
6.541446641724274480e-02 -1.806382221385449682e-01 1.439606361936088541e-01 -6.618064129580150667e-02 8.356599625597581349e-02 -8.103328623091357596e-02 -7.075012297055136012e-02 2.023537217168951390e-03 -3.699384032436298011e-03 5.497188666960644426e-02 1.256546723883434913e-01 1.524896771459085254e-01
4.236493123954749272e-03 -1.595805951376845153e-02 8.050300116696285091e-02 -1.499478598314600841e-01 1.505309762155618292e-01 1.158557726607057324e-02 -1.268996230077503416e-02 8.159783815935378604e-02 1.274705815984191783e-02 -1.690724016074130961e-02 -6.520804717159074150e-03 1.003495098469577990e-01
8.252739937724754005e-02 -1.812988774201400033e-01 -3.807236047230184300e-02 -1.403088593976752896e-01 9.907855517482720697e-02 -2.305663560394271075e-02 2.032523788925795147e-02 1.372520533264875997e-01 -6.750300207693013532e-02 -7.198651772545885952e-02 2.710010277065327475e-02 1.080043937180511920e-01
7.484968203253346275e-02 -2.114446941786546005e-02 1.472814774575678387e-01 -1.118531156878126986e-01 1.711105861595269007e-01 -9.633919128974645363e-02 1.282009298852939960e-01 -1.417444541188283003e-01 -1.642357990282494185e-01 8.775495068424732370e-03 -1.163809999617248896e-02 1.576808542276175729e-01
-1.731771023517989644e-02 -2.527332043316935506e-01 -7.976758831372346426e-02 -1.387650402420308460e-01 -1.883286124204376286e-02 -1.174905410645764314e-01 3.114158907269009083e-02 -1.034893553650934883e-01 3.811782627072729350e-03 -1.292245440153630964e-01 5.598252482581819733e-02 1.229296795910178181e-01
1.352011157639372296e-01 -3.234957688209898485e-01 1.025231154742928807e-01 3.065316773519172547e-02 4.988843240922324895e-02 -7.132605018572882316e-02 9.471549845091696551e-05 -3.726732438056223895e-02 -1.475747915196995996e-01 -1.038479351624275182e-01 7.772904235088450020e-02 1.649733650221878178e-01
9.958659518109133635e-03 -1.707852844413474402e-01 5.702514396746213160e-02 6.288032358812892242e-02 7.594303880824722353e-02 -8.358261133773234319e-02 2.276387402597951637e-01 -9.857778922545079592e-02 -6.633245497723484242e-03 -1.060768361717010777e-01 -8.418038294476838657e-02 1.338169034745568531e-01
9.632264859082911856e-02 -1.003758184001870141e-01 -3.680095048195424629e-02 -9.101103559831234813e-02 1.837179827377594457e-02 -1.305042042113269962e-01 -6.131096258135537713e-02 4.387623472686377757e-02 3.695495254215773462e-03 -4.933236780239732416e-02 3.324552087152572721e-02 1.279015097109260923e-01
8.568524210986519507e-02 -2.228145897281831322e-01 -6.128099701562027962e-02 -6.875633889983547020e-02 4.458929976309884691e-02 -6.505118537755463781e-02 -2.477723724802046237e-02 9.589121663533142770e-02 1.179034482280681868e-02 -5.757865068340527887e-02 7.214041004965852412e-03 2.909586080410800357e-01
-1.171115838390808517e-02 -2.171160043293114961e-01 1.369049582497681994e-01 -2.039462012813806485e-02 -2.895170880724646720e-02 6.119886618248161769e-02 3.738577691125674618e-02 -9.925750112923698021e-02 -2.105744393650316529e-02 -1.098138574868205153e-01 -1.496427677992007675e-02 2.419195810420103065e-01
1.091708125990448475e-01 -2.608573336094005546e-01 -3.409486572691528689e-02 4.762430831342484572e-02 6.860181694650570317e-02 -4.878811572552189946e-02 1.179937890598023974e-03 1.680892249925025062e-01 -1.001875291390134370e-01 1.677421243566977124e-02 3.663038331687004656e-02 1.758952452659041377e-01
-4.887506201293610741e-02 -5.437528071539991098e-02 3.034126683582355141e-02 1.033845838818200497e-01 1.087453876579768525e-01 -4.089533982969204007e-02 1.704708319757638202e-01 -1.031328212441093468e-02 -1.318464563706369663e-01 1.240151698893807164e-02 7.669584247881446049e-02 8.674633998832705084e-02
1.495708037742843888e-01 -3.311739323265532331e-01 1.052635463610269440e-01 -8.307266117168399244e-02 -1.134479076538272013e-01 -3.923590585637820594e-02 -3.581224997181513270e-02 -6.556963497638493288e-02 -9.189498546002891274e-03 -1.800965433323742926e-01 5.589522989412052702e-03 9.156369718225258747e-02
3.635229078624204607e-02 2.477604824585291285e-02 7.903809583527515725e-02 -3.097713210611930529e-02 -9.543678774334084236e-02 -1.623091478211308447e-01 -1.184694500539886786e-01 1.076027070568762456e-01 7.417092911478022528e-03 1.893849424236773368e-02 8.201650618915247437e-02 1.914791470037620347e-02
2.431319640300370899e-02 -1.528965256664546191e-01 1.640325083941640838e-01 -4.106668774239335962e-02 -1.688505562912260768e-02 1.780136114277935250e-02 2.233598747429490217e-01 -6.134833575629983216e-02 -1.403178696671121828e-01 -1.091747168021287573e-01 -7.024268240812485409e-02 1.381967506648170974e-01
4.894759454092866002e-02 -2.056150967916995920e-01 3.263320325402673666e-02 9.183474670458360856e-02 3.862630077060899558e-02 -1.303414839899914857e-01 -4.295226407584928907e-02 -5.238257980613793274e-02 5.399419435005651212e-03 -5.597730996201501913e-02 7.656679568939527003e-02 9.865357802947617716e-02
2.888892620441753313e-04 -3.090034740281489833e-01 4.124295540029259636e-04 6.961538378928025517e-02 -4.165246844386773228e-02 4.438274613942660984e-02 7.080662013469107841e-02 1.457742099797877146e-02 -3.474513406948850913e-02 9.418809847740364227e-02 -1.186259195241768684e-02 3.012846144204273102e-01
-6.408821842072479069e-02 -3.560984018267212559e-01 3.789868976088679037e-02 -1.464448148101129936e-02 1.298550328969706180e-01 -1.469470372871472252e-01 -5.744436091027887992e-02 1.904382646298167017e-02 1.660310805122329134e-02 -8.984881045019890711e-02 2.572353445288145211e-03 1.052984200533691322e-01
1.160540362516107038e-01 -3.423726641868483217e-02 -7.319905753214447919e-02 7.200084359195202399e-02 2.022646949454437459e-01 -1.581749583347174803e-01 9.442806752934213010e-02 5.694764703203244495e-03 3.934748846234066566e-02 1.969380197902294571e-01 1.351673163071846484e-01 2.494172552689259414e-01
4.672508579989435862e-02 -1.003499349248804379e-01 -3.540238933460427249e-03 3.368044724960216063e-02 2.198671695366825607e-01 -1.569072685135555478e-01 1.492773292323687773e-01 1.062078395252064877e-01 -1.065470090835042849e-01 8.035422537992404496e-03 -6.618835029604923370e-02 4.980902175465482667e-02
1.228968578608797546e-01 -1.519482058541710146e-01 -1.591836968876156333e-02 -1.898884991524808497e-01 -2.403774115464040254e-02 6.856927588355256342e-02 -9.765715091971870557e-03 2.514897281712323920e-02 -7.931568166619054616e-02 4.009002609452264748e-02 -1.385211459343300144e-01 2.388353903026019520e-01
1.239334871304164365e-01 -8.844385843728598540e-02 1.069473232578590019e-02 -1.704296425040637830e-01 2.793309253576280529e-02 -7.903964321551623651e-02 -4.705328557471046003e-02 2.416945896413267778e-02 -1.036520986091709617e-01 -1.077449948977104999e-01 -2.118143634738515677e-02 1.817911327748422956e-01
1.139038418440722900e-01 -3.385863553407121307e-01 -1.205188138165363965e-02 -1.974165020645431978e-01 4.418665913785942145e-02 -3.788672883574056849e-02 5.983743525203252117e-02 1.421197607837969001e-01 -1.687165136186087322e-01 9.470333784670809107e-02 -3.456700941650013570e-02 2.145469601356545519e-01
1.235135005042896639e-01 -1.913296074339929653e-01 4.524752740326134365e-02 -1.935274633744434314e-01 1.298738717203647142e-01 -4.763306840185633877e-03 9.860872785659724471e-02 6.588039755352298465e-02 -1.026197724982669535e-01 -2.103803201041295687e-02 1.641544443323674218e-01 4.587176919456178309e-02
8.901438390506156983e-02 -3.311596830017796700e-01 1.036492943010409451e-01 -1.152239946181115304e-01 7.024515584971348370e-02 -1.342871381352403193e-01 5.610026190632771970e-02 6.137053736892811306e-02 -2.489968895672852248e-02 -4.373775290041579528e-02 -3.515346536136773614e-02 2.430897383988982752e-01
1.190137507693416474e-01 -1.927714952459395614e-01 -1.159031845936115135e-01 -7.474688805829163285e-02 1.170601811268990461e-01 -8.347853035911459441e-02 1.959653169597058361e-02 -5.144448024081006710e-02 -9.454657810614996993e-02 -1.351634531105854603e-02 1.214981825933168641e-01 1.300763531729511591e-01
-6.052052126242195296e-02 -5.397961281081768703e-02 5.853338105715571310e-02 -1.439831835694200257e-01 1.216718681903660587e-01 -2.142201809727236894e-01 1.090818462751103890e-01 -4.266920975285225237e-02 -3.026895917257376237e-02 -8.734421776980227925e-02 7.817816568986070067e-03 2.721375472828500008e-01
6.286704957199550081e-02 -1.398977686007717158e-01 1.101182073444163800e-01 -1.745124065051575912e-01 1.379193202987403499e-01 -2.039836621939592753e-01 -1.145234980683967618e-01 -1.690681643435119549e-02 -8.777455149873975015e-02 -1.472100449297054636e-01 1.163823025808420758e-01 2.185420108586505206e-01
-6.223305843861233477e-02 -3.696415555203340086e-01 1.768593543188781425e-01 -4.980316994038250233e-02 1.711494994847873041e-01 -1.131077372150183086e-01 9.968704275893952582e-02 -1.333706339524685092e-01 4.349186942038599235e-02 -9.797531493836048044e-02 1.879707239416509787e-02 2.763066286730884169e-01
-1.163438496452113696e-01 -1.983131966906171439e-01 2.674157010514749411e-01 1.007496299624834057e-01 -4.523741310911515157e-02 -5.614799104020738729e-02 -1.017675234765874626e-01 2.096328670984944353e-01 -1.094182737276981621e-01 -2.086193571166150909e-03 3.395252935503155489e-02 -5.949725995855400379e-02
7.567760258931162387e-02 -1.913194978397844137e-01 3.938120827384802153e-02 -1.370910703112286910e-01 9.123036119863880966e-02 3.218979267961188245e-02 -6.326706886174586486e-02 -6.048878409641680887e-02 -4.375041208550395355e-02 -8.086096584850729907e-02 1.221302673019814683e-01 1.616872069378089416e-01
9.710961405642257183e-02 -2.844997120068959440e-01 9.702341747015386791e-03 -5.991944850565228409e-02 1.103888269198863709e-01 2.386254713270649121e-03 2.217157523476634071e-02 1.299950636226133429e-03 -2.317228796395108259e-01 -2.311907164636329282e-01 -4.224699476720296322e-04 2.505525084129261448e-01
-8.579705830910630548e-02 -6.820103754012858677e-02 -2.768784516873509238e-01 -2.588534370472692775e-02 2.806337620153426596e-02 -2.136037141023630348e-01 1.238826729465399880e-02 3.325224030480405935e-02 -1.845259768484461826e-01 -3.951970863454332822e-02 1.850803514091829477e-03 2.922562871997232414e-01
4.242200267233489641e-02 -1.641081036798485715e-01 8.831458894191052122e-02 -9.130378940204794680e-02 4.352536176286719849e-02 -1.483420112323965701e-01 1.423558070757024729e-01 -4.630047596371827945e-02 -1.494420482793319405e-01 -2.091828639726462172e-02 2.660172673593399692e-02 2.855795342544797943e-01
1.907824120667321044e-01 -4.217712439758307397e-02 -1.383154176654086964e-01 -1.028127887017217523e-01 -5.450938672885256853e-02 -1.061319891586599146e-01 2.812133426923818166e-02 -1.103871033262848744e-01 -2.598928873646495497e-01 1.109524231572493191e-01 -5.896174430275019640e-02 1.603117572805386748e-01
1.652615446719152559e-01 4.968690773143428357e-02 2.240414523402158020e-01 5.875444673927469018e-03 5.323052314693761666e-02 -1.484265656561725433e-01 2.135713460052354462e-01 1.988912836222232472e-01 -6.484492265433475233e-02 -2.909369784973494036e-02 1.035683381476963233e-01 4.540447685163560149e-02
1.035493485362493776e-01 -3.264254157800558498e-01 1.671647670225069604e-01 -1.060493022626785853e-01 1.614919323534774742e-01 -1.483949517857782452e-01 -3.858612816397598289e-02 4.600325949596152653e-02 -1.249370496656570240e-01 -2.738415582332084583e-02 6.594014824777884309e-02 2.803246103656248378e-02
1.985816917114755220e-01 -6.319107973100986098e-02 1.086454858769005383e-01 -1.074457854402097456e-01 3.103981389105872277e-02 -6.177618524125286920e-02 1.005432589701805435e-01 4.561627412438959417e-02 -8.671108752624578919e-02 -4.056318738625663139e-02 -9.416021098601816061e-03 2.403189313652691061e-01
4.003243614371443555e-03 -3.143135711699626134e-01 2.349848241809431582e-01 6.737831278146722003e-02 1.030365052520340954e-02 -2.314086322531531403e-01 2.069555360644998940e-02 6.503979527861347698e-02 6.087223499738514398e-02 2.187825560454497234e-02 -1.300489154101724387e-01 1.920201449458098231e-01
-2.471626232597403522e-02 -3.922461135323210280e-02 6.456899295384699311e-02 -1.333499835935867961e-01 1.475649922415629423e-01 -3.305072506761605466e-02 5.631873690931440968e-02 -1.721972714848553077e-01 -1.552348332856937629e-01 6.331941215865660721e-02 1.106088604612178866e-01 1.291936713393309899e-01
1.471045264900831540e-01 -1.950707015410766965e-01 -3.625437997819463271e-02 2.733921180968629933e-02 7.143734688335372229e-02 -1.211570745633096663e-01 1.249732350153274774e-01 -5.594722820658637463e-02 -6.312226940084361693e-02 8.157644909235595154e-03 -1.337362394646494090e-01 1.541590328845172386e-01
-1.131897748890495492e-01 -9.187295277225358825e-02 -3.199163580466009987e-02 5.120306276401992429e-02 7.300405233396682625e-02 -1.334246086341298876e-01 -4.389198576797501139e-02 -2.382368841747880758e-03 -2.077953900451561253e-01 1.453510949827469534e-01 -5.564284203069219670e-02 1.279999737730542209e-01
8.207709050970130038e-02 -3.794343049262181022e-01 5.099443436509432798e-02 -1.214609628025019317e-01 2.474108077964682906e-01 -9.339006132744155642e-02 7.384202204687559390e-02 -8.295987370025614815e-02 -1.275421469446211542e-01 -4.947989307290328459e-02 2.086144313104514383e-02 2.814943384665637427e-01
3.661308552050935861e-01 -2.076207437345427564e-01 1.017600294109964054e-01 -7.800411293663904455e-02 -1.997479493328330538e-02 2.117849142855686428e-02 2.447238292375431834e-01 -1.209775422839483305e-01 -3.171562895211749167e-02 -2.830681194773551623e-01 9.709163229873195300e-02 1.649860942334088754e-01
3.845442410396464339e-02 -1.251592247296079707e-01 -3.203272085509031170e-02 2.699955037034619185e-02 2.661979977029073630e-01 -1.576274587679557249e-01 -3.258219837158318061e-02 6.090437267438909841e-02 -4.621466417364475388e-02 6.409666617941636724e-02 -1.305452129528437144e-01 4.513383537921313304e-01
1.504000540064625302e-01 -9.032312113388736574e-02 9.372696108763772793e-02 -6.690855156323280428e-02 1.686345755749334985e-01 -3.797615033584490936e-03 -7.448602781536259321e-02 1.596358024170016487e-01 1.619503680673815837e-02 -3.582632075172228342e-02 -1.434312803707968875e-01 1.740481032688237506e-01
1.040110287565992886e-01 -3.437523275619218388e-02 -3.223063906716488319e-02 1.121841072786494004e-01 8.479887997844989811e-02 9.945543154770244976e-02 9.366588273487347696e-03 -2.734151498556009266e-02 -2.773071804890574546e-02 7.895268184252079990e-02 -1.421706937701203675e-02 2.146811631079569294e-01
1.852587982816102791e-02 -2.423420542917471554e-01 -2.746218519882863765e-02 -2.337958381346612324e-02 8.309381267779555880e-02 2.280701021972527526e-02 1.169955407396525426e-01 -1.415253131285403310e-01 -6.081665247407049002e-02 1.115181082577884897e-01 9.567921253483889499e-02 3.509034669773140602e-01
1.196116536151780110e-02 -1.437160591448786995e-01 3.046656671758900606e-02 6.008956291717797160e-02 -3.073034772218117411e-02 -2.032891842082575062e-01 -1.684969819503879043e-02 3.455875533254326726e-02 7.117484394714793106e-02 -5.913617492384688062e-02 5.929303639156338623e-02 1.915019522644052230e-01
8.587997962612782532e-02 -1.842061662477430528e-01 8.002893696492421882e-02 -3.979707071065572560e-03 9.104063856511451780e-02 -6.480349870309265459e-02 2.627233292829252512e-02 -1.031724200696257088e-01 -7.707942865404535104e-02 -7.331491914125937148e-02 3.657687709524048980e-02 1.397812697835380813e-01
7.755807653550064740e-02 -1.512940442265556240e-01 -8.198669012401885170e-02 -6.984437215056286952e-02 -9.033607869673571100e-02 -9.047327609446532970e-02 1.969664606274356203e-02 -3.027308418898714062e-02 -1.793243580806933579e-01 -9.546151714497203011e-02 -2.437303869414142107e-02 9.508474016965094699e-02
9.505686152227402208e-02 -1.642475566916926089e-01 -2.250443363257499316e-02 -7.646752490915037503e-02 2.533180908298467496e-02 -1.306819594162730025e-01 -3.022305791615398016e-02 9.237359657987159745e-02 3.867693524445049193e-03 -3.494181862147791723e-02 -4.006773257374492136e-02 1.197356234693584959e-01
1.042995216951471404e-02 -1.907217937952631615e-01 1.710127146705992252e-01 -5.746600278634775294e-02 -2.688592854383365163e-02 -1.411275935045969987e-01 -1.187023496440026658e-02 4.201203844694647270e-03 1.247721586948937617e-03 -4.307185270439396058e-02 2.471181777977564994e-03 2.305503312455897680e-01
-7.978051859561752224e-02 -2.081446985273472383e-01 1.873599696003465931e-01 3.545103517147268901e-02 -7.440057459740949397e-02 7.292269723870686837e-02 -2.604679607151044393e-02 1.372903957693450971e-01 -7.951377917990857733e-03 1.595042843788627498e-02 2.827417901972470102e-02 1.716129878750616011e-01
-1.060377361510782129e-01 -2.754189388734116783e-01 -5.670291656724015666e-02 -2.031144525382754251e-01 1.064253047401329116e-01 -1.370587220110132953e-01 -4.047843015722242532e-02 1.026649583649399677e-01 -7.494051736261857742e-03 5.903764921317546793e-02 -1.993606257613981803e-01 2.587351766071601666e-01
8.513190380413185321e-02 -7.502069063148163186e-02 1.138782192340908883e-01 -2.720505894758131205e-01 3.893611230949642343e-02 -8.694012336786369199e-02 6.833738331274386013e-02 -2.423775192364900286e-02 2.130342894562777499e-03 7.822210880564384183e-02 -1.700987235250439947e-02 1.085750965637261728e-01
2.131798191516855179e-01 -5.773137751146582008e-01 5.278998564147354688e-01 -1.118938299553262072e-01 3.249094519274221549e-01 -3.480409691017963825e-01 3.082110745773008476e-01 -3.064613273697055496e-01 -1.586065654502979982e-01 -2.595051991512883904e-01 -3.887017183985164159e-01 3.640863653082790363e-01
-1.166650332257623476e-02 -3.325098259712003790e-01 -9.792181054742655349e-03 -9.944364138319486401e-02 4.704742178726523116e-02 -1.449026742376186838e-01 3.776123103751675980e-02 -1.985011371547099057e-01 2.942672453146092867e-02 5.631813917261804109e-02 5.711580488833647995e-02 1.840578789249747993e-01
9.066420337256068940e-02 -2.425184759033606197e-01 -4.375785471103754015e-02 -7.708686617485750736e-02 1.969790739812320515e-02 -1.965614098822710820e-01 -7.054893563268804790e-02 1.131751805416709999e-01 -5.147389123749551709e-02 -1.017655776829089545e-02 -8.015244888696289316e-02 8.901773720737980733e-02
2.592984198991940548e-01 -1.308311414355374513e-01 -5.449099691330337031e-02 -2.081587409533233041e-02 1.205223640083212672e-01 -4.200828071830489674e-02 1.419148253277207894e-01 1.340222118561018583e-01 1.280223603474303917e-01 -3.929769269736480691e-02 -4.956255323810657143e-02 3.248188449854883530e-01
9.550759639765267484e-02 -2.205692568687928623e-01 -4.142546371367359509e-02 7.750356291244611673e-02 1.338031355047206439e-01 -3.179275528734713807e-02 2.624471160570026051e-01 -7.199254102298915936e-02 -6.163733053078883362e-02 -3.625293495732569843e-02 5.776951791868786823e-02 2.403916164443918868e-01
-8.743734584482872052e-02 -2.268015877181045470e-01 -5.205339516193017296e-02 -2.645016113170770705e-02 2.106874151848050492e-01 -7.991651261401093442e-02 1.230421766948490148e-01 -1.403480688667014253e-01 1.409268332359385756e-01 2.096545467725815029e-02 1.620616632110848457e-02 1.650847986287674041e-01
-2.468566606439858129e-03 -2.727217614272381407e-01 -5.509328900720333183e-02 -1.202487923370387513e-01 1.706141073614730885e-01 -1.652963050537531176e-01 2.473681799883040711e-01 3.220239393421750213e-03 9.116937268398324704e-03 -4.987149592982103447e-02 -8.261190804534009058e-02 9.105671120042670152e-02
4.820803507839563351e-02 -1.561195579652540077e-01 2.594525097122029819e-02 8.196366575519348219e-02 -9.550134318799308186e-02 -3.429002736284753050e-02 8.030419193832741276e-02 8.461173319502074408e-02 -7.505227850618517715e-02 -5.315083904046092461e-02 -5.770814750863739739e-02 1.543554308012235476e-01
-2.749804014090471288e-02 -1.320027016292446009e-01 -5.892803596300152241e-02 1.840680423970138258e-02 2.320062212395906931e-01 -1.138130248166091367e-02 1.370847482795616024e-01 -1.338252663885767801e-01 -8.400093538385863812e-02 -5.219821607824690762e-02 5.150037944258593903e-02 1.168399216288816961e-01
5.702002378225319579e-02 -1.693349180411847787e-01 -3.643220561261819451e-02 -1.226884793378307630e-02 1.749382766659371979e-01 -9.841470156339290898e-02 5.392318296435319458e-02 -4.813831633487163954e-03 -5.155642812306702148e-03 7.256600419761528864e-02 1.041227077395910118e-02 2.322145774597430268e-01
6.578168310281801157e-02 -2.752624280047767935e-01 -1.648178439918776203e-02 -2.473060922806951112e-01 -2.226795294527372793e-01 -1.087411673603884237e-02 -2.516337625905005204e-01 -1.055368099869940512e-01 -1.897404089776341118e-01 -7.201615180812609429e-02 1.820026967227687531e-01 1.798223004993770163e-02
1.785151353260672480e-01 -3.052176744885564119e-01 -2.666892344400178042e-02 -6.352197072293989943e-02 -2.159579199618960610e-01 -1.545894646311134768e-01 -7.993123374041902207e-02 -9.247093225417246654e-02 -2.161792527190939950e-01 -1.106824659211810002e-01 -3.060455635411255329e-02 1.212674776054091103e-01
-2.114487697740065342e-02 -1.103316584106684844e-01 7.858375420499986302e-03 -1.886747241508803241e-01 -1.306726875556508682e-01 -1.517914723009811950e-01 -7.533265514719122979e-02 5.961963979278999716e-03 -9.314712099400801470e-02 -1.343311531981362106e-01 -8.554164474294352616e-02 7.405130148464351969e-02
2.872753959249031708e-02 -1.213404258660250173e-01 2.130666580699617507e-01 -1.421940061430406188e-01 -2.767100351131010494e-01 -1.502356223887059417e-01 -1.682075803855264950e-01 -1.425268904076739118e-01 -1.048609747383857094e-01 1.846711532522369095e-02 1.354293566194901266e-01 -7.202381609814120095e-03
2.463536635006439296e-02 -2.022771281742393734e-01 1.913769629925289595e-01 -1.222985276662855170e-01 6.377709770506158338e-02 -1.193873843792159217e-01 -7.816522466929951007e-02 -9.402051041649717167e-02 -1.028818433360985662e-01 -3.762117756006997521e-02 4.602702681280317065e-02 1.558639974492599112e-01
7.936197889020726870e-02 -4.424871574623602533e-02 -7.621189326131712349e-03 -1.206212546287439326e-02 3.706719755500382553e-03 -2.696689937436110365e-02 6.034955371826594001e-02 7.334750123366856611e-02 -1.345797327915933539e-01 -2.359971958123628991e-02 -3.709294052407441367e-02 1.970702503544294881e-01
-2.470316504167069382e-02 -2.966594257922007261e-01 1.327421467186574444e-01 -5.750685372541672336e-02 1.517890958816336400e-01 -1.349805567268345385e-01 -2.718131282939641527e-02 -1.183026839912873218e-01 -2.982513425777885696e-02 1.445928803490252879e-01 3.775162174803786685e-02 1.592238346592098619e-01
7.580665201364870931e-02 -2.425207027749534672e-01 7.945688966177549828e-02 1.680228624128118908e-01 1.484491260634186460e-01 -4.006458206869517591e-02 -4.105574077539563167e-03 1.190020691135907638e-01 -6.862985088269163425e-02 -1.302046877871878561e-01 9.246877350342604454e-03 2.626906790297638961e-01
-3.371316955143571770e-02 -1.311487024604021112e-01 -1.401281396028410120e-01 -1.647051048717239063e-01 1.352101932910893811e-01 -1.552925033733549010e-01 1.696012435084018610e-01 2.029968083061806094e-01 -1.973830231632582935e-02 -6.354442501249318864e-02 7.788744447516630920e-02 1.651492277442951073e-01
3.155440572440718766e-02 -3.092901703088421494e-01 -1.200502463554827814e-01 1.005291392529044033e-05 5.885010069266144450e-02 -1.572394848921256430e-02 5.042662124806421287e-02 9.987549243119614450e-02 -1.009981033800469441e-01 -5.194878990250934719e-02 1.378716860984137383e-03 1.461347563296774010e-01
2.734631334575058359e-01 -3.909348835896596652e-01 -5.790254820746968539e-02 -1.596048275413013418e-01 -3.310103287255668474e-03 -1.908150445556875199e-02 -3.685088985822555785e-02 -1.782088805249235422e-02 1.065427031707363859e-01 -1.694567496115042537e-01 -1.066206873125766091e-01 3.175355032536045785e-01
-1.401394545222030275e-01 -6.716955722676140605e-02 9.614065532742260833e-02 1.219742450197913025e-01 -7.384580817616397119e-02 -3.426873500135269035e-01 -1.446482375867818304e-01 3.148605858632937127e-02 -1.635168411190140447e-01 -3.497786195341619497e-01 7.846757421017996892e-01 3.539559844110954923e-01
-2.346293354217760530e-01 -1.458349491507462958e-01 -7.489332479948651589e-02 -3.089214723899340043e-01 1.457499980471160805e-01 1.287723676354284308e-01 1.334098765192309466e-01 3.696940382924665536e-02 -7.447808726538995838e-03 -1.750015797399959378e-03 -7.240357973191742513e-02 2.651986355677038443e-02
1.512295430255769253e-03 -1.971711490764716523e-01 7.424856490537073972e-02 -1.052841041511268783e-01 -1.243613619595911220e-02 -1.024585918402258211e-01 -1.263840255591787420e-01 1.667848474608018550e-01 2.464867204609195173e-01 -5.122745688796986191e-02 -1.207744111506681567e-01 7.751271656744961047e-02
-1.511945723687093956e-01 -2.389787289988245522e-01 -2.246786879923279023e-01 2.131423458569765145e-02 3.957786426231456323e-02 1.249369676155353583e-02 1.867947139807791743e-02 3.048969148002055318e-01 1.142450306079190459e-01 -3.455138237169472909e-02 -9.836783903348404745e-02 1.421741007740171259e-01
1.053270818032881612e-01 1.114677322867610280e-02 1.063787038586272438e-01 -1.446390427859055826e-02 7.909408094983694237e-02 -7.647136523113035045e-02 1.086397001626534520e-01 1.109670055476704997e-01 -2.112841002658790920e-02 -3.402865380144740742e-02 -2.377335310721261918e-01 2.496091638360818377e-01
8.389392195357181503e-02 -3.316582762371177995e-01 -9.868796494682274822e-02 4.388493911371799117e-02 8.795147861650394472e-02 -1.278073422265690040e-01 -7.217021826039671240e-02 1.307531900508733247e-01 -8.286180532785273126e-03 -1.043525702671276589e-01 -2.974772193679140961e-02 2.427079474833801209e-01
5.541150957891996520e-02 -1.935592514885136617e-01 1.362525936289134820e-01 -7.905857574886770989e-02 -1.842967705569005174e-02 -1.405990018406119979e-01 1.518873895656219948e-02 -8.414928897885617931e-02 -1.631502980063933017e-01 -9.998067089217746450e-02 -2.946714562261572648e-02 2.114328417735516219e-01
-3.224171028453629018e-02 -3.542424200552976021e-01 -5.122513441761439995e-02 -1.893933691582019296e-01 1.317753611869550319e-02 -4.231172659804217397e-03 1.343004052676701476e-01 -5.364982353849456764e-02 -1.069154810497360830e-01 -1.414143737226931652e-01 -4.132117369773968818e-02 3.170673328128316149e-01
6.602840553468289873e-03 -2.149684617744288539e-01 -1.049540631632567833e-01 -1.647943312797864324e-01 8.886177434781461493e-02 -1.430613138261239460e-02 1.819637402508676727e-01 -1.365231727066538872e-03 3.657562426940139111e-02 -1.190899454772125360e-01 -1.298756147947561779e-01 1.052403564198005487e-01
-3.565709144460471602e-01 -9.193126032791533453e-02 5.719237962859550356e-02 2.768499780350464068e-01 -1.814516483655214119e-01 -1.522392722689383249e-01 1.260423385994565437e-01 1.511502957356122279e-01 -9.843245938508637938e-02 -7.039799191299073167e-02 4.664908266170795237e-01 1.523031471450847496e-01
-1.463664691648804972e-01 4.421073823074449238e-02 1.585361377557631055e-02 4.248976326723976488e-02 -2.322144485504350486e-01 9.887647619240323704e-02 6.550149485678537220e-02 -7.164080790308834101e-02 4.696095701753184165e-02 1.755584392119130255e-01 2.209838037606778535e-02 -1.929027493362838463e-01
