7.413213777714244834e-02 -8.994468100922194120e-02 9.491538576445998632e-02 -1.988660207318303924e-02 6.641655343706426295e-02 4.556573040941623576e-02 1.174426115446469861e-02 3.592302594216769882e-03 -2.121891252137379086e-02 -1.990358800178338439e-01 -6.563322638247701124e-02 1.214306505467012756e-02
-5.915374575402349011e-02 4.836444057379060690e-02 3.298174628361166816e-02 1.590855354773563768e-01 -3.020955224726173949e-02 3.283014307964184780e-02 7.918931673601826982e-02 6.400708630413852462e-02 -3.273107299422221145e-02 9.286780718577583582e-02 -9.557364022113115642e-02 -1.039042596266435275e-01
-3.987313666817851598e-02 1.071394999113535473e-01 1.092955191903998841e-01 4.956151612852174870e-02 5.427391386813541774e-02 -9.464952557041481085e-02 9.039818386561072894e-03 -5.960867631578947723e-02 3.572858535599959806e-02 1.170513039572470271e-01 1.840790706991750347e-02 -4.720222971148388402e-02
3.190127086757574282e-02 -8.442645290391816160e-02 -2.391967817025544927e-03 -1.750168135895720234e-02 -6.924728930172696639e-02 -4.332656667620519986e-02 8.555698353487123375e-02 -6.186539861915875405e-02 -9.512494108121634069e-04 1.329508349522794397e-01 -3.385032019445914642e-02 5.690802687251894729e-04
-1.287870504969217400e-01 -7.093583262282052160e-02 1.636456303470166379e-02 3.919022925281112624e-02 1.148947790628121746e-01 -1.662067863327061912e-01 -9.046163011220433037e-02 3.013056965796561716e-03 2.055804574550144231e-02 -1.040369825992152608e-01 -7.904101803807514481e-02 -1.615387525327816043e-02
7.549164667503074910e-02 -6.812682007263395900e-02 2.183118871881276624e-01 -5.036169509351680340e-02 5.770843021460923816e-02 1.350681144991032201e-01 1.187386141886203131e-02 6.552389634609404045e-02 -4.812311440228034948e-02 -1.792283728324014364e-02 9.173271586372100383e-02 6.312409578588213527e-03
1.602020063235060077e-02 4.164597695063554372e-02 2.214353285187602716e-01 6.591402875024143793e-02 7.119027234528145509e-02 6.142765135024760847e-02 8.415682906554755593e-02 2.628903318069023692e-02 1.361427412069859400e-01 -1.680133527067768917e-02 4.236347009918299544e-02 -1.199721867106892659e-02
1.379852016808724019e-02 -1.953980720786821501e-01 9.278391864567593628e-02 1.283065718147951839e-01 -1.171814893884655095e-01 -1.160100832175497976e-01 -8.554379062035634418e-02 6.185720095257657425e-02 -5.852317613572546873e-02 -1.283050350565531350e-01 5.851442259490817477e-02 1.324928636819733448e-02
-9.426923217870998573e-02 -1.283924355122659927e-02 3.824398050316304976e-02 -1.001123418733779330e-01 -5.544211102563165877e-02 1.515603780544460578e-03 -7.136105011135078502e-02 2.931678535810795100e-02 2.985225333630426442e-02 6.533139467270895895e-02 3.147322698593067042e-02 -3.696566490167313423e-02
-1.324976848530425022e-02 -8.526971165224422194e-03 1.840895475742671678e-02 -1.254255210732240812e-02 -3.968932655922528113e-02 2.395948536178467772e-02 -5.468223945208931097e-02 -6.923428641813231255e-02 -9.288349729138942190e-02 2.033821557176039921e-02 9.268011656247077124e-02 -1.445370834620709512e-02
2.567162958520410182e-02 -1.051372482589995050e-01 -1.294616317723945587e-02 -1.053611535124248932e-01 5.118501595174810431e-02 -6.180877020901814553e-03 -9.757765788039088339e-02 1.017509993976911109e-01 -1.755063231260010070e-01 5.634977306520713713e-02 -2.310880489976244526e-02 1.180609428669318964e-02
-5.377960048872471380e-03 1.301663583994630558e-01 -1.398853819242348862e-01 2.097206734751361906e-02 2.912480821743518647e-02 -6.050926815913074824e-02 3.261303707613789904e-02 1.875834793933388589e-01 1.013118307437130793e-02 1.651556560603010260e-01 4.277688773864407601e-02 9.534689510951909960e-03
-6.992458516991259532e-02 1.703635006784865250e-02 3.710199649310949588e-03 2.569145930969402025e-02 7.027945461455052667e-02 3.332670282271359141e-02 5.123793519735157093e-02 -4.602235748302783980e-02 -1.331830906400101600e-01 1.230835570122235968e-02 -7.140821682289164030e-02 -1.068112487569017610e-01
-6.928118335384567117e-02 5.868257819277021559e-02 1.457463662540497140e-01 1.355858143372667413e-01 9.803567194350149006e-02 1.413056204028638740e-01 -1.291018516190566567e-01 -1.018666921326146779e-01 1.360738541189479844e-01 2.023997996985528458e-02 3.683583619224060912e-02 -2.266960776206875319e-02
-2.529423913444485243e-03 -5.430127330571567212e-02 4.995005298218439110e-02 -1.465855844095994565e-01 6.157954045125038633e-02 4.978709985084318196e-02 -3.238153457534415081e-02 7.659456905532761872e-02 4.120850789397220021e-02 -7.925645220911131661e-02 -6.632099996520518514e-02 -1.101936398144980241e-02
1.480705678305588302e-02 5.276355574400137805e-02 -3.473500746646842469e-02 -2.772298762518362659e-04 4.151783606523389014e-02 -6.635015567381849499e-02 -1.271303408279060923e-02 9.569849710913203022e-02 -1.634110456612990758e-01 -1.913139664541366929e-03 -9.579461068313380179e-03 3.947733944597019151e-02
6.432970905068578771e-02 -7.014578469490187485e-02 -1.585394652647053801e-02 -6.457012865753548880e-02 2.843789169146179741e-02 1.522358367991282976e-02 -1.259930788460711937e-01 -8.907668983233463927e-03 -5.365478892903619880e-03 -1.689310337547705321e-01 6.572403280615807253e-02 -7.849589300805026593e-02
-8.781182372716264672e-02 1.312474298853964771e-01 -8.435717864685955691e-02 -1.665210782225782782e-01 6.844345807759390221e-02 8.403394073770312570e-03 1.647040960853888014e-01 -4.657005447497358785e-02 -1.266310783466583212e-01 -1.317357757893137526e-01 7.909573604044687137e-03 -9.119509085573340723e-02
-6.791716573331338727e-03 1.085393877444249117e-01 1.873947830639079506e-02 7.156560535788492050e-02 -7.168658153629625662e-02 5.079635280401322006e-02 -3.877938214351617230e-02 -2.037513025168772446e-02 -9.278565117181702959e-02 2.173058810174072208e-02 -3.010370143968706461e-02 4.318491700079171713e-02
4.819605367198094570e-02 4.565409483829258735e-02 7.525024316830322690e-02 1.105556100983106360e-01 1.556766419607020016e-02 1.014429212385943302e-01 -6.688663800290131634e-02 7.265479081499470748e-02 -1.502230617351877906e-01 8.390661012498393245e-02 -5.154231062381697814e-02 5.851686911966619969e-02
-1.610661207199006462e-01 -9.651115526181354431e-02 1.711523840454635959e-03 4.536912974782349173e-03 4.690326697702196929e-02 2.166634602149688019e-02 -1.363094422992829902e-01 -9.889501051575179391e-02 1.139410970594637029e-01 -2.277048651631133069e-01 6.188846386946828676e-02 -7.267341032992458150e-02
4.147706207491618641e-02 1.348338122267489850e-02 1.120066969692840309e-01 -4.810605771633877370e-02 -4.194698263369230073e-02 -8.451097280550279311e-02 -1.712099017288916669e-01 1.940693745120799785e-01 1.727794317917597661e-02 6.432595076342464968e-02 3.732508252599667231e-02 9.578684443379201913e-03
-6.973641520185888676e-02 -1.262746401910806171e-01 3.653826627583803277e-02 -8.726599127559894753e-02 1.293644288231125261e-01 -2.223730645181197854e-02 1.554426057350678514e-01 -1.491545609310268930e-02 4.250448777022231700e-02 1.681889138638571479e-01 -1.764516765564970169e-01 7.718253664746799192e-02
-1.719575918417200200e-01 -1.921478443678781289e-02 -3.727655238771136748e-02 -9.436934464443730297e-02 -6.154898823379796602e-02 4.347733952920180417e-02 -1.680670019820625430e-02 -1.007663174823427987e-01 1.399129275944306361e-01 -3.129987137970637046e-02 2.538684215258358093e-02 2.405158696460155121e-02
-4.315512995224444343e-02 1.684230239365747117e-02 5.958788429487932303e-02 -8.122006615123170126e-02 4.521522399089114574e-02 1.319634802443908350e-01 2.148973594218781674e-02 -1.761974862213955273e-02 -1.679579739270150029e-01 2.365183101327110460e-02 -7.422058328689931650e-02 7.445659894798128953e-02
-9.655298820686809835e-02 4.735336204945326394e-02 7.559753471657063018e-02 -1.055704151705992438e-01 6.782599419249828177e-02 -7.890947687409909095e-02 3.667278695133435740e-02 -1.790073297937651861e-03 1.983289846728960026e-01 -1.657461113284829646e-01 5.067803113341606824e-02 -5.323687945472353744e-02
-1.219416001136870015e-01 -9.536542817603702038e-02 5.345543112171705774e-02 8.282587448289494003e-02 9.813328693357159516e-02 9.244029183190410892e-02 -1.472357630684496474e-03 -4.078045644485507604e-02 4.753227221408155845e-02 -1.659938421136395725e-01 -2.162898657371173095e-01 -3.918748473667130194e-02
6.799042240298572293e-02 -8.861660658091682907e-02 -8.744479862314122331e-02 3.887551328581310278e-02 -7.456002277408217693e-02 5.605615086387251422e-02 -1.094763279822672519e-01 1.366946303664224316e-01 8.617494488073691727e-02 -3.757982112993163426e-02 2.296730372679438997e-02 1.009856114231790225e-01
-2.590493868985058179e-01 -8.847975301488755773e-02 -9.314990326527269882e-02 -1.759810499041874685e-02 8.277882670946275223e-02 6.898765246571597620e-02 -7.997463263769678810e-02 -5.624667551542942429e-02 5.663746195671486017e-02 3.291385574255073585e-03 6.247604309161406896e-03 1.656687857834748534e-01
-7.182825951511453977e-02 5.796392538171366016e-03 1.907463099506015100e-02 -1.795102689380872682e-02 6.409636413470209959e-02 1.106151116232587106e-02 9.372427977252184572e-02 6.470040899019763314e-02 8.334316548067710606e-02 -6.776327642352646119e-02 1.070141643223942313e-02 4.341724722630994210e-02
-1.334777428659476503e-02 -8.115466668465118327e-02 -1.532267915391164470e-01 -3.598786315870104724e-02 4.144802958778283364e-02 1.105722534299546506e-01 -7.633756111455411442e-02 -1.002763665940816784e-01 6.720759584926211394e-02 1.405175993064664564e-01 -4.060946174602733660e-02 4.467551512306926426e-04
