-9.602949707341473795e-02 2.712589896956086460e-02 1.595208880844457555e-01 1.805872052318985843e-01 6.635213621286115138e-02 -3.356761437208392179e-02 1.924437647362336676e-02 -1.165889157997057196e-01 -9.958277174543302135e-02 -5.633122449444434576e-02 -1.374265821645464514e-01 4.025205548731895094e-02
-1.558306066180192850e-01 -7.860461559345352164e-03 3.935840249219851178e-02 6.255328014183184071e-02 9.927515073649256783e-02 -1.725327253766268526e-02 -5.043377488446726398e-02 1.218775498651425981e-01 1.386178156527466745e-02 7.022225860385521157e-02 9.957782709933715726e-02 1.465252989823805432e-02
-1.213590110779261440e-02 -7.161190699444554275e-02 6.691774473071936125e-02 -9.060995667688201416e-02 4.785940867133967741e-02 -1.164189755502258172e-01 5.869408374395853299e-04 -7.161025232055045001e-03 8.849793441310416231e-02 1.261936859491302743e-01 1.106367129370050273e-01 -1.056302817170715613e-01
-7.497458409380435181e-03 -9.517144945923895760e-02 7.292997155008296151e-02 -5.400745819792262051e-03 -1.576047040625724316e-01 2.770183105735463114e-01 -3.356429349389262063e-03 1.143831475048218832e-01 -1.397128872105131599e-02 -2.690746309232611502e-02 -1.071956315421754846e-01 -1.023766366871718680e-01
-9.089643262275644287e-02 2.704892428032858263e-03 1.661794949586963555e-01 1.649836938325243037e-03 7.278695204344892700e-02 -1.219953240797568284e-01 -6.576825421056716088e-03 8.151283795480950001e-02 3.639721310735247184e-02 1.010675685944730229e-01 -8.371250188172020545e-02 -3.628228526207559479e-02
-8.825246854601066782e-02 1.192269743604523341e-01 6.657005063004055659e-03 7.168822039186018014e-02 -3.269186360256906565e-02 1.611208948638853111e-01 3.451634948899949540e-02 -1.297466137962404176e-01 -4.735650651272890754e-02 1.782094145377964567e-02 1.757309881619855546e-02 9.446729290106138655e-02
4.512163233491068952e-03 -3.851437846804323800e-02 2.007403896311362179e-01 2.536127608996907590e-02 1.095115697298920387e-01 -1.529296191800845750e-01 -8.565387389919948413e-02 2.284241271654441907e-01 -7.901183152505550367e-02 5.883345160853565604e-03 -2.876633632075521058e-02 -7.723890627570084710e-02
-3.261901874388204586e-02 1.941988609299992452e-02 1.243137968493236156e-01 -4.836074382043201864e-02 6.221488131897291024e-02 7.934008980078377515e-02 -1.510476301707023294e-01 -5.840642994023889645e-02 -3.018812162701293988e-02 -8.030439080967008425e-02 2.279822004636814295e-02 1.005572176024621955e-01
-8.918303620062863202e-02 -3.460312449232898907e-02 1.961005430672070615e-02 -8.578035839877562463e-02 -8.610556804092719951e-02 5.735840633493368736e-03 -1.319234128328075628e-01 -9.689225974513672457e-02 -7.453433007121113354e-03 -4.723552716266560952e-02 7.255410254829725014e-02 1.311299769001357807e-01
2.745971768389198018e-03 1.580931069673464362e-01 -8.629133006439038134e-02 -7.215140585584858823e-02 1.176265329406665089e-02 1.052282516197565743e-01 4.469248181915411872e-02 1.025111322840823735e-01 2.780160064834243799e-02 -9.642698356266191095e-02 8.054590489484832194e-02 6.716519481799052005e-02
-8.839024819236075692e-02 -5.423460107508902561e-03 2.639758412183110248e-02 -1.448053836728643157e-02 4.167620674841764072e-02 5.064715520918283698e-02 -6.932315463852358958e-03 1.022677324801244125e-01 -5.179298183536796413e-02 4.470482535211406372e-02 -5.482737421951181661e-02 9.727187963855613018e-02
2.410832313601728866e-02 3.019683775216179880e-02 5.305328315625314206e-02 -3.850530718252251350e-02 1.649702983856397021e-01 1.050915944988401740e-01 -2.670573573124263196e-03 1.285154385003894895e-02 8.622436002866001870e-02 -6.164403431582314574e-02 4.711926690278773339e-02 1.026917793506655491e-01
6.706532691798905432e-02 8.718780804950143626e-02 1.757669727978178331e-02 9.076043200255995425e-02 8.913792982243708141e-02 9.519174537585847751e-02 5.280710485669544429e-02 4.448650166144035856e-02 -9.617074604756239986e-02 1.165256056486498604e-01 -1.733194268253418491e-01 -4.594906384962785337e-04
-8.928641791486280344e-03 7.492007890663687775e-02 1.735395913211689248e-02 4.201712647895872871e-02 -4.371250832890388738e-02 1.269903721007908937e-01 -4.908064170155932576e-02 8.247889124588916876e-02 1.179090681837157047e-02 -5.815601957277623246e-02 -1.003861863809239058e-01 -6.924577950274139748e-02
8.211370733981260273e-02 6.212561558262653244e-02 -6.404537534344768857e-02 7.758093752748247175e-03 2.440526845789215294e-03 9.296681865385097998e-02 8.533031246288704658e-03 -8.117692176493790379e-02 -6.380197638306722707e-02 -7.815647154997360652e-03 1.203509814004115608e-01 4.606074812714938682e-02
2.192328862545369905e-01 -1.432972900797850058e-01 1.406752388229412509e-01 6.028035021790723730e-02 -7.272815526986461943e-02 -1.497900983220366300e-01 1.238280038627515567e-01 -1.360032799196889131e-01 2.537781893173040454e-02 1.097138697406801061e-01 -2.676712570753493614e-02 -4.620271191893418616e-02
2.117632165714529446e-02 1.102457175654850130e-02 2.573380298627507903e-02 1.815854316604356353e-02 5.495582124796831447e-03 8.466906482783488619e-02 2.218530755522799547e-01 -2.555073270939890728e-02 -6.760250702356604413e-02 -5.040641224400391196e-02 -3.703250547581120322e-02 5.872097867147965666e-02
-1.458782388291075816e-02 9.765069332162334970e-02 -9.874434408920397532e-02 -9.077286586628725840e-02 -6.212857612316150663e-02 1.794120304209830680e-02 7.742753659595921767e-02 -6.682914418970606341e-02 -2.000551585029195813e-03 3.405765306558438538e-02 1.243842385128356154e-01 1.650318571273434454e-01
-4.739307798217819168e-02 7.208799486575130644e-02 -1.403425990182341487e-01 -8.849180459600221316e-02 -1.143446568140717330e-02 -1.121867410670301102e-01 1.841713011527301991e-01 4.728804219050225521e-02 3.351544239252884916e-02 1.886296166597580546e-03 -3.490151229077192302e-02 1.407945775149524459e-02
6.552806336177718904e-02 1.247343792808945917e-01 -8.729240221779940856e-03 -8.013113312663340190e-03 -6.415568614963695904e-02 3.594852897798844760e-02 -9.758183173851975312e-02 -1.864501778790543171e-02 -1.242808779738400482e-01 -3.657986498673639064e-02 -6.411460581606459076e-03 6.542907618896960306e-03
1.077795212861884094e-01 1.425568698109123678e-01 -9.491095239307170695e-02 6.092904319999804114e-03 2.818793633302295668e-02 3.857745464539555792e-03 -8.246924256157089905e-02 -2.256648517347677532e-02 2.478192240002822025e-02 2.972228332112579474e-02 2.302156756098116923e-03 -9.532837575091758497e-02
-8.843926429505162556e-02 -5.178033163644471526e-02 1.438936929081352789e-01 1.650847803858074281e-02 -1.465087794860325532e-01 6.532828555757100308e-02 3.119123004829510437e-02 -1.219218366726335379e-01 -1.314029780452309962e-02 -9.695856464244836243e-03 -3.976843957288544312e-02 -8.396561236938505923e-02
7.789330443188489939e-02 9.409522968150804689e-02 1.082597296679842641e-01 -3.843084299497541434e-02 2.512329792272673112e-02 5.166652014580487735e-03 1.662318953868745577e-02 -4.933639404025456227e-02 -5.865957590634233998e-02 -2.631476428220847277e-02 -7.617003167467906177e-02 -8.044919956074437703e-04
-9.125071189445889408e-02 -1.740565257120920972e-01 6.988924378757262190e-03 -1.002771143218547795e-01 -3.836651237070523579e-02 7.902753749925828242e-02 7.226769731725579682e-02 -5.449833336632248226e-02 9.248151949473944200e-02 -3.633853940919754000e-02 2.074956673256791659e-02 -5.961717039537726276e-02
-5.768288552929158597e-02 2.418092921157819625e-02 -6.378369260707887622e-02 1.989652850368237719e-02 7.258443780742582230e-02 2.846574677813663856e-02 -6.143241384668935573e-02 -3.705031317748477826e-02 3.099918327690552762e-03 -8.246165715989954570e-02 3.030975143121572915e-02 -1.005887940527637886e-01
-8.513247427332100090e-03 1.127990801283347416e-01 2.730473011176520401e-03 5.005159172909144638e-02 1.352967822532659681e-01 1.430113616338992040e-02 1.482222157639636051e-01 1.358945594788295019e-01 -6.750313433827721983e-03 8.133719182880283505e-02 -3.610104130898779407e-02 -2.683303639943489249e-02
5.160713543420428900e-02 -1.873159579438283271e-03 4.532404277427894146e-02 1.209910605533839334e-01 2.936557757413045880e-02 8.929489811338331418e-02 -1.172517752678162439e-01 -9.450601927033672189e-02 3.564050243233279208e-02 2.443120343697798708e-02 6.839620338739177408e-02 -1.039704114406192308e-02
-1.836606729029944055e-02 2.689642321465223612e-02 4.254929118160725304e-02 -2.003668763571606407e-02 -5.927053327042878378e-02 2.667107698280862110e-02 1.786039295656747239e-01 -2.383376524350252351e-02 -7.644771448605124260e-03 -1.424660871825924602e-01 -1.150968660337964439e-01 -7.509960183338836026e-02
-1.063394565413642856e-01 4.705419134844321394e-02 -1.096475749131001209e-01 1.496968628066211449e-02 -9.034688614047260702e-02 6.949027936735902022e-02 -1.238166263302493617e-02 3.780643258697313769e-03 -1.057087577422663044e-01 -2.035795964813892911e-01 4.267061393144469528e-02 -3.634837223267365670e-03
9.884327572969411543e-03 -9.344921434807704208e-02 -2.559910448593320786e-02 -2.987401533399739254e-02 1.927084734944957412e-01 -6.536279749455806143e-02 3.412688338841726038e-02 3.645851101033623087e-02 1.157695702711219674e-02 -2.351090538373759760e-03 1.960980872464204161e-01 -6.824462616276788518e-02
-7.858062731325217432e-02 6.026480043515534263e-02 1.022601279535705621e-01 -1.226645501266030759e-02 3.485497208188793883e-02 1.158838784704552816e-01 -3.847142768629933235e-02 1.431010501040483329e-01 -1.090809771858513022e-01 8.382356759500925181e-02 2.897730483005040228e-02 1.419372071421440284e-01
8.299250263577276354e-02 -6.647359634980733178e-03 -3.630812026419606708e-02 -5.988646268937040246e-02 2.065000354506484059e-03 1.034073356012348982e-01 4.651799088787143127e-02 1.048202951449614118e-01 -5.181757293833711558e-02 -5.803430383382064683e-02 -8.680505559356876955e-02 -1.225404506462214084e-02
-2.899497992932290741e-02 9.408297829149042668e-02 -1.042879053251322408e-01 -7.121878905832196294e-02 1.581935220904170589e-02 -1.974357753710745400e-01 1.776207090258151711e-01 -7.653382703753092153e-02 -1.510183176684942730e-01 -1.666230480663672686e-01 -1.058578740240645119e-02 7.763707214406447010e-02
-9.622672513456523302e-02 -5.903484009083696110e-02 6.846327937791449325e-02 -1.897842304151700077e-01 1.117659011074949305e-01 3.113240703897447031e-03 9.192322019983156789e-02 9.512158426999584721e-03 -9.099044369098216456e-02 -3.555572031393251092e-02 -6.143739693265565238e-02 -7.398718759547717738e-02
-2.117891554500463472e-02 -2.454302558497552939e-02 -8.023639770256879578e-02 -8.908414878488914168e-02 -2.801968912759976796e-02 9.731703332755206604e-02 -1.407445887822298958e-01 -8.134804713779039687e-02 5.755359935304728281e-02 -8.518188444569474438e-03 -2.279840630957068529e-02 1.015352066952757287e-01
-6.731964625609293540e-02 -6.151870903555543141e-02 2.594666051670458176e-02 -9.993898116332081139e-02 5.909755892316137516e-02 1.550721472351550556e-01 -1.687175072510171403e-01 -1.896084657676457286e-01 1.199879522293716971e-01 -1.374376947794638815e-01 2.767292699652976889e-02 -4.188364995510643340e-02
5.181337360502061284e-02 -1.288245654020778730e-01 2.542411853742634897e-02 1.958777027909930635e-01 -4.553220546707772987e-02 1.449238831366592983e-01 -8.012114630864305975e-02 -1.756822402568694250e-02 1.270093895212729036e-02 1.057477922623622779e-01 4.431528412500183867e-02 -5.194261057262554437e-02
1.144170420847695629e-01 -1.686207120165385265e-02 1.588227509118465136e-02 -1.228603626662892745e-01 2.672016405055965133e-02 8.424982853343040978e-02 -1.178371685870338581e-01 1.409119849314592263e-02 3.249844866406163130e-02 2.229050188264692506e-02 -1.021679965151565395e-01 -3.416758040035882543e-02
-3.483687903562402485e-04 4.241245451689535859e-03 1.735391492501892619e-01 1.598604700987718286e-01 8.828773623411054206e-02 5.670626182169828666e-02 -9.652304265208208264e-03 8.091358587348025655e-02 -5.988360904672877794e-02 -3.759503686785133081e-02 3.154416203004411189e-03 7.554578330772483696e-02
-1.173555749718206871e-02 -4.750841534697544666e-02 6.347639153600180550e-02 -5.398666560511581475e-02 -5.662978789444939043e-02 3.813344282180657074e-02 8.606510714296672360e-02 1.534184940089178273e-02 4.143817094789854771e-02 -4.991747578937628244e-02 1.993832202118525354e-01 -2.358114104768337105e-02
-8.779789139038886303e-02 1.270349702199872199e-01 8.284313001632975793e-02 -1.695034715201524378e-01 8.798307645818340128e-02 -1.533176618470217523e-01 -6.281950351232887253e-02 1.123605221748134354e-02 -6.276625085991227593e-02 1.529005595451680688e-01 2.762327731890812377e-02 7.777926448186819885e-02
3.882100171947046319e-02 -9.576236478931360319e-02 1.109531606630996398e-01 1.424228729395039805e-01 1.093964091143804218e-01 -1.119220184129217782e-01 -3.620558285809644811e-02 -1.406452609205771365e-01 1.256940610019010029e-01 4.516248688066933081e-02 -1.132966493707683077e-02 2.231436993802895369e-02
1.879305820761065617e-03 -1.670679984331480405e-01 9.020844988056673022e-03 4.453085838806457308e-02 -9.088559932978887423e-02 -4.445555352920991382e-02 -2.740952414894922209e-02 -1.159313189264794472e-02 -4.547679807001062807e-02 6.218241017796664188e-02 3.695152522138327178e-02 -4.181420669092410225e-02
-9.743268736915211559e-02 6.191298256133716260e-02 5.713607174715990000e-02 -8.503918351161107725e-02 1.915979248572033944e-01 -6.603779661824087099e-02 9.147280980256730643e-02 2.399798095016601046e-02 4.598562345119086570e-02 -2.762976767120348121e-02 7.597292940037254916e-02 -3.366673804815123461e-02
1.040884695604400029e-01 2.246609324212998915e-02 2.590116808286244826e-02 -2.958729510097461712e-02 -1.349059347567922174e-01 -1.680454518312134507e-02 -7.068380345765983008e-02 -5.430701499930414011e-02 6.084646357760793017e-02 7.534702874471657652e-02 -6.128016025702268110e-02 -7.425721008650573718e-02
-1.236489815658363967e-01 -5.613251698763138675e-02 1.289666151171316444e-01 5.232126341660656155e-02 -1.469090396867757109e-01 -1.020043229560640141e-01 1.396686979191772982e-01 1.114317542710179139e-02 9.546848561681503531e-03 1.029936570899724346e-01 3.859248693788110141e-02 -2.019051811278915753e-02
-6.933790758841035240e-02 9.022350689127406342e-03 -1.372668344807423946e-01 1.043364545876223765e-01 2.204862121342668693e-02 -4.311638657973608513e-02 9.237993391089677209e-02 -1.161221150127429436e-01 -1.001704503834846376e-02 -5.608973370260852964e-02 -3.177767024602574236e-02 -1.282504725577747473e-01
1.034959767776214186e-02 7.907360147338479694e-02 -1.927303030263268213e-01 1.036269873172292605e-01 2.700074950115798761e-02 -7.140346406701793269e-02 -2.825407606072010552e-02 -9.705119830182698526e-02 -8.600076312536179129e-03 -3.738803951046015817e-02 -2.521798939809385964e-02 -6.748425192947388185e-02
1.415782134191123087e-01 7.931057943193149662e-02 -6.461144918732058574e-03 1.407020149892094785e-01 -3.809711556913118746e-02 -1.156225299576568721e-01 5.435609196926003556e-02 -8.166296439113830685e-02 9.645693025175880453e-02 -1.340042228765420118e-02 -1.137941918165285698e-01 9.607131147181503187e-04
-5.122461392004255126e-02 -2.820282581282366335e-02 1.094061992344219636e-01 -1.320312949090267640e-01 -2.782292924946945870e-02 5.870396662125140254e-03 1.461378030371008052e-01 5.173753573792280736e-03 -9.723184848559504601e-02 1.331267113900019318e-02 1.598415603917626715e-01 -1.483277734604824261e-01
-7.391341834423025003e-02 -4.434851866787249686e-02 8.152978637694133224e-02 8.958450879100941094e-03 1.446706958151764699e-01 1.706612375007434956e-01 -6.973907783327923382e-02 -7.481641369441340006e-02 2.501364788953052559e-02 -1.194841412775310141e-01 -7.628574198070077472e-02 1.532498568649854898e-01
4.585298822470136593e-02 -1.206216707643346653e-01 -1.394171678192214232e-03 -2.777866332997213500e-02 -2.396668938871599208e-01 -1.927870318999558574e-01 -6.602410718119040324e-03 9.394016767714941096e-02 1.282614860374133858e-01 1.577316192620274032e-02 8.526344777339801839e-02 -9.836854815440761179e-02
4.496651964404029672e-03 -2.795772484807450622e-02 1.214909868827581951e-01 3.441300557333910881e-02 5.104751294476576190e-02 -6.044284868224800156e-02 -4.140876033586129989e-02 -1.273594043313000801e-01 6.977346589482183448e-02 8.422344932556660724e-02 3.183688135679190595e-02 7.122501662834949954e-02
-5.307269386153204427e-02 -3.306706626580632399e-03 -8.485552901585302621e-02 1.035776717561731758e-01 -4.280025441197391617e-02 -3.680126712441969539e-02 -1.896361528321463541e-02 -4.434766006143944783e-02 4.884853196550010407e-02 7.949513674660660389e-02 2.906117678517794803e-02 2.378181895043866290e-01
5.107608436300348220e-02 6.332064099391784828e-02 8.998719560001977591e-02 -7.652859666048102139e-02 1.089914445661349651e-01 -2.136804525813158079e-02 6.810843484364034750e-02 8.338404246888832250e-02 -2.112633923590414436e-02 -7.806899052916657644e-02 1.371698183202437783e-02 5.192382562629332954e-02
4.133951223710258943e-03 -4.761176317480056430e-02 3.914638344578783707e-02 1.548379369883493353e-02 -8.747672529010909470e-02 9.218056154025874860e-02 -3.297447158463659433e-02 -6.086276551429849191e-02 4.955234124930614492e-02 1.751797037145128369e-02 -6.010219706556664543e-02 3.615044582531945494e-02
1.022335826066563154e-02 7.786480950850124816e-02 -1.576493661959363912e-01 -1.274632792867691766e-01 4.028715883675409309e-02 -1.021363436926637225e-01 -8.358592939609561789e-02 -1.020158706399743737e-01 1.256708448478366658e-01 -1.440297861275960933e-01 2.466698116293757417e-03 -3.379071032091206933e-02
4.546599314510300742e-03 -1.653332268877891198e-02 -3.221393818619612548e-02 1.214613414089915217e-01 -2.927525103033018581e-03 -8.158767501509640169e-03 5.619323541302763403e-02 1.098472588822131529e-01 -5.352529231001550321e-03 -4.147959404977295123e-02 7.595012520132621379e-04 -4.696605406876242644e-02
-7.620506788655036223e-03 -1.438898114467677403e-01 3.463276043785203269e-03 4.036351934623057941e-02 4.639709097678535940e-03 8.351078070687301125e-02 -1.659998685604319180e-01 1.254680704535538760e-01 -1.014394788063112222e-02 -9.186841890290078916e-02 -3.436992632469148927e-03 2.171861927923892654e-01
1.507973526543660882e-02 1.391587033643496840e-01 -5.951117717434818016e-02 -2.096230940686411026e-01 2.764683341366261371e-02 8.095916687005477730e-02 7.977585239190226885e-02 -6.412351928755796737e-02 -8.841076253152270470e-02 8.147345261165739316e-02 -7.821270841585328815e-02 2.537224401081754344e-02
-1.159204389816421710e-01 -6.149101528651471082e-02 6.977046104449138864e-02 1.307041739328440588e-01 -6.339588169851760602e-02 -1.469578504270128427e-01 9.516838890955009456e-02 9.628882362643034765e-02 1.710094457191636830e-02 -3.242684766277938169e-02 -9.482894811955740189e-02 -4.122523557887296936e-02
6.006149292384692362e-02 7.845363106019215271e-03 1.520521233903772695e-01 1.944120426127331769e-01 -1.466636746723551932e-01 9.372082046505950115e-02 -2.243855661221127312e-02 1.042336996928997228e-01 -9.293394757478307122e-02 4.270403168815953276e-02 8.022630319833184975e-02 -1.749621764364743259e-01
7.436187262657394104e-02 -1.786498136005552602e-03 9.083578614175763510e-02 2.907145806646330155e-02 -1.625507973570565826e-02 -9.012317371885315842e-02 -7.430486684257980867e-02 -6.924006804871149501e-02 -2.775000208262231108e-02 -2.144952241570531951e-02 -1.676902999038675235e-01 -1.324412885478138402e-01
7.729804072751800259e-02 3.775197423246007787e-03 3.066257839405344549e-02 6.251118261502638940e-02 4.603772233571672146e-02 2.935675647748078182e-02 -4.243955937936767092e-02 4.770801990710338975e-02 8.976642811049750925e-02 -1.412441009863556890e-02 -7.532357590913096868e-02 -1.506399882572454774e-01
-1.871131466603864063e-02 5.274183270450130689e-02 -1.120370232954478185e-01 -6.183599522629237843e-02 -4.821050033766397999e-03 5.460962743334847602e-02 -6.040553131425358165e-03 1.573403032931889323e-01 -3.522404629002755250e-02 1.055436221693549365e-01 -8.278947033901733199e-02 -7.247001652479599654e-02
-5.230695185864814301e-02 3.745340279534044997e-02 1.811703153931312205e-01 7.693136214533843886e-02 4.208379822338199211e-02 -1.451899468256143966e-01 3.889434039472449561e-02 7.154213963387848207e-02 -1.449553518281768150e-01 9.293370897857518298e-02 6.729720783465253930e-02 5.602962667612659126e-03
4.824656514292335885e-02 -6.312010137717465053e-02 -7.978303503656913875e-02 2.886752792874975465e-02 4.105794193048058205e-02 -1.419833062195846249e-02 5.113057283781764772e-02 -5.097668025656418994e-02 -4.352726163630100953e-02 -3.699721431163587732e-02 9.886250719342105919e-02 -8.065260975688567924e-02
-2.774001276160329224e-02 7.002288739232195858e-02 -2.505568322992200812e-03 -8.688980383897765281e-02 -1.673628895991950694e-02 -1.171081497819814188e-01 7.013352894152238837e-02 -1.068161948531194394e-01 -1.574078743086237270e-02 1.968234649799309108e-02 -4.895165839836646687e-02 9.330266076682855458e-02
-2.777932051904324212e-02 1.516953519275031081e-01 -1.686521524756299378e-02 -5.689466218090800248e-02 7.519010401065470348e-03 2.661583878582055376e-02 -7.380590206100237638e-02 -1.194130477584160188e-01 -3.904187032574925765e-03 6.507985454364112465e-02 5.742589787638089499e-02 -1.355912216970150616e-02
-7.793753960988528129e-02 1.191742160241229254e-01 -1.381536807829108759e-01 2.273300012981330567e-02 9.844839264936844359e-02 1.910345440542073753e-02 8.281561034534516696e-02 2.456980732225486075e-02 1.723889896268825453e-02 -7.617741241601615199e-02 9.887590026447115599e-02 -1.073354146470071324e-01
-7.287851842838469207e-02 -2.063459528028977613e-02 -2.578000289603372269e-02 -1.066707677439014956e-01 -5.094777356970709575e-02 7.223022633665288073e-02 -1.442201941492566308e-01 8.526803675301121432e-02 6.274893372264440938e-02 1.281476687238136125e-01 1.293350207832508203e-01 -1.092104398006975285e-02
2.192060301743644149e-02 1.568041447741576333e-01 -1.883847053147426065e-01 3.647947373563685536e-02 8.800933439785188495e-02 5.564976769382463245e-02 -1.163367194895415652e-01 -1.013744460211595151e-02 8.542142514835600331e-02 -4.176708928842521457e-02 -9.548567608931288198e-02 9.277971384968794477e-02
-5.748995493256654071e-02 3.954467549217552391e-02 -2.960654637217610685e-02 -1.290779546611109663e-01 6.552634669437873427e-02 5.136908788998766073e-02 -3.602599296353948405e-02 -2.014301498758910569e-01 1.489083208952183268e-01 3.874443901475463359e-02 -3.376792906795499788e-02 -2.158053952972294881e-02
-2.631536323521231624e-02 -1.038166589084004235e-02 -1.254727184771748383e-01 5.388467445474879464e-02 1.039907389838408414e-01 1.305904752822999518e-02 -6.094540133124632525e-02 3.779670160087268693e-02 -2.368943027837965704e-02 -7.574618734516818871e-03 1.563061746944752473e-01 -2.078719024780144309e-02
-6.557692546383617205e-02 -2.171756783118985318e-02 -5.729774075173772047e-02 -1.216407351926685754e-01 -6.550202782921576983e-02 6.266290531839893707e-02 1.813135273949250392e-01 1.579305963801722057e-02 1.310679359465031779e-01 -4.456991727953016347e-02 6.296559750198456318e-02 4.459565594986575343e-02
2.755146347423044831e-02 -1.139222534070545301e-01 2.826167660041283697e-02 1.223451853138419754e-01 5.575091700016396312e-03 1.477317562889642923e-02 5.919579525275010801e-02 -2.009197478854351238e-01 -4.095287801920940302e-02 -1.699475224455553601e-01 2.569623926201603653e-02 1.038566951922618858e-01
4.170431691986370426e-02 2.565676794817187568e-03 4.459641640858313764e-03 1.058483669081300010e-01 4.698908305268392760e-02 5.382610864936483025e-02 1.647143070864149905e-01 -1.272856583775998363e-01 -1.666601879266916414e-02 6.642459341697661349e-03 9.763203551387807100e-02 -1.064704947759751580e-01
-5.774399027447171817e-02 9.524554585835490542e-03 1.121714971121164778e-02 2.773627662280228612e-02 -8.421821133527187045e-03 -1.788067748755827607e-02 -1.614847148935504573e-01 -8.832116245233825880e-02 -1.290473579816312898e-04 -3.843177924133829582e-02 -2.474114944646215244e-02 -3.182303377479593631e-02
1.069292990980784813e-01 4.225619854429305683e-02 9.568019526359111682e-02 1.033157094243466051e-01 2.610047944447831114e-02 1.452650958765295264e-01 -3.652464037685888842e-02 -2.190756367734874102e-02 -4.699086492407185400e-02 -1.089949447025315848e-01 4.796529277057398621e-03 -3.670130977668406569e-02
-5.531686280491139585e-02 -1.214721631090539683e-01 1.196512392425563842e-01 3.618203029680073374e-02 1.079698847874483586e-01 -9.705834408395672130e-02 1.240074292716355012e-02 8.222203665120489391e-02 5.221472047706502556e-02 1.736897242170156591e-02 -1.448487501062927230e-01 -9.170159848720910167e-03
1.042972272059181950e-02 5.463698269723682444e-02 3.059255754634893423e-02 -8.031183518352842665e-02 4.829407406986468976e-02 -1.060515521885219831e-01 -3.970407913902367081e-02 1.638670119249686571e-03 2.036916648060243390e-02 -7.988378002598861549e-02 -6.767839741631924422e-02 9.999360154195417391e-03
3.582439526335251534e-02 -1.515612603036589623e-01 -6.815046081922490617e-02 1.380497995539150570e-02 5.806925659128018766e-03 -7.714803726880029369e-03 -8.931687696017055755e-02 1.213285666952134412e-01 -4.707863396215743179e-02 -9.508430311983619154e-02 -1.476415575427062477e-01 -1.060783405340282176e-01
-1.412289039462208962e-01 -1.426794600801966142e-02 3.972802392411137196e-02 -5.532685758660214892e-02 1.221469803570373186e-01 2.604991067581928499e-02 1.322163236028371658e-01 -2.922222091951794803e-02 3.335290417015658419e-03 -1.951439560499108883e-02 -4.263693302696074106e-02 8.850016155751994074e-02
-4.694977599106341104e-02 -6.467432892572625575e-03 9.091440535235968678e-02 6.269196541638130671e-02 3.399818716421917908e-02 1.054744712284261393e-01 1.202573540866147817e-01 -8.937266439163202292e-02 -1.772611592093625288e-01 1.188343845502722318e-01 3.882480333116865301e-02 -5.918247217335784530e-03
-5.180557006742288195e-02 6.688037285284356009e-03 8.173692475106748845e-02 -9.293927975073848491e-02 1.286376373445392574e-01 -3.216083838582482063e-02 -5.241961831245490686e-03 3.441477112821736406e-02 -2.224659386825462483e-04 4.514353083526587151e-02 -1.382534812224254228e-01 -1.084532397925274949e-01
3.224195299919365570e-02 -5.423126096685948645e-03 -4.433407669486231356e-02 -2.117033189946682884e-03 -8.204374796633895350e-02 2.753074176914971360e-02 -2.853478818291243363e-02 -3.593444385676432089e-03 -3.154604338736162472e-02 -1.355987150454504575e-01 -8.161876266415579728e-02 1.068758351226278963e-01
1.147858477690301277e-01 8.819979360851948336e-02 1.238524460181342352e-01 1.583855572292343361e-02 4.044663851639057617e-02 1.528169250163288195e-01 1.455274114380710471e-01 1.025816186294675192e-01 -3.942382587659163523e-02 -5.582494628685147342e-02 -4.531695438713504581e-02 9.624388797155299102e-02
-5.656903164055819555e-02 2.497346836030451059e-02 -9.482581782888369060e-02 7.583033365268676551e-02 8.701709380395918070e-02 -1.418173651014374981e-01 -1.572970979349719300e-01 -1.885044606451725599e-02 8.361205344456862365e-02 5.843824967682288707e-02 -3.487990407254019237e-02 1.086808081536480702e-01
-8.437703461422403628e-02 7.795103538151113010e-02 8.369002623480270575e-02 -5.283311418679285248e-02 2.314018764260048489e-01 -2.507914888374838296e-04 5.892986323200800902e-02 4.373971955680980989e-02 2.425075945538810451e-01 -3.165653037463083547e-02 -3.761306636692944572e-02 -1.341126636693903973e-02
-1.628830604707163232e-01 5.050291965255637727e-02 2.109579816083863024e-01 1.509158175856392670e-01 -1.957399882095776922e-02 1.132422177558336657e-01 6.855152392270502659e-02 -2.429769745672404752e-02 -6.019280496613400866e-02 8.073177180699402100e-02 -2.585036125342236868e-02 -1.231137224186725776e-01
1.889042467708814191e-02 1.354896240487296066e-01 6.254655856291230220e-02 4.002966951990356154e-02 -1.357817865328183049e-01 4.496850850156872137e-02 -7.171610718048067323e-03 -6.812615071469818595e-02 5.802820313646035039e-02 5.987222688979528321e-03 -6.540423174424221664e-02 1.400681630347672124e-01
1.264858152582754372e-02 6.072662748614181434e-03 -6.066110973851474714e-02 -5.203179532313600975e-02 -1.022196716618032492e-01 1.468882940638284729e-01 -4.462447666831876464e-02 7.591751532369805933e-02 9.041929418835281673e-02 -4.752130170289604189e-02 -1.771900665609967701e-02 3.732252523531327110e-02
-8.856583955323138468e-02 -1.386290324030931866e-02 -1.609172204764705919e-02 7.074144806484251868e-02 -4.083049542240104607e-02 -1.688561973702495250e-03 6.471283757855392227e-02 9.079918709819637113e-02 -2.165466928588240247e-02 7.152373262549671651e-02 -3.371263538918057440e-02 -7.094325525972870750e-02
-1.217158626183141579e-01 1.193238621952052714e-01 -1.706822374750390225e-01 1.175203850376803638e-01 -3.539457010584290408e-02 -1.024245224963153331e-02 7.529808937232515542e-02 6.766465985470522526e-02 7.144282823045006170e-02 -2.958940849958172775e-02 4.125516021093492830e-02 -1.307375394530172485e-01
