-9.490382465742618345e-01 -1.269114431270783383e+00 -7.302384393504134374e-01 2.437493333995124911e-01
1.523625110231521473e+00 1.027063734972817610e-01 7.948175426867161164e-01 1.204864452309568845e+00
2.172198894006570902e-01 2.345509329340448867e-01 2.477768027652086091e-01 6.179994099381757033e-01
-7.005446670428513434e-01 -2.416621419155826622e+00 -8.451426994250481606e-01 -1.632564253811685795e+00
-4.904733228816811064e-01 -9.929967910065384817e-01 -1.045988268793115683e+00 -3.737822891751793608e-01
-6.414371230683433289e-01 -2.116818344377023875e-01 1.039656252818065424e-01 -7.799167432838229885e-01
-8.340952652072094464e-01 -8.476214079502334409e-01 9.435771397948734540e-01 -1.065472301065936572e-01
-8.366893782470719021e-01 -1.602778737654718011e+00 2.228871005314441989e-01 -9.838629731501166709e-02
8.866748499267889105e-01 -7.538034307556685798e-01 1.596591907128001475e+00 2.491695537840564967e+00
1.341830965415767296e-01 -7.692614719725984207e-01 5.852334571656769846e-01 1.088683005017831329e+00
8.266180593013143785e-01 1.113609686303967727e+00 1.678041841493130182e+00 1.854747997086217515e+00
1.410432382026769238e+00 7.013698271958661579e-01 -1.690875513362319338e-01 -5.859333645296167514e-01
1.633052810255161691e-01 4.589874508799209885e-01 4.146973399617513434e-01 5.345142763144008491e-01
3.073451439926569440e-01 5.801114360939884085e-01 -4.991843347261938901e-01 -1.489653991034953107e+00
-1.912459665112482332e+00 -1.145933450780553198e+00 -1.485526165644565078e+00 -1.152927835505747955e+00
-6.553239400464935249e-01 -1.527246293107742403e+00 3.307806626185315624e-01 -8.789817811285938198e-01
-1.307661383305377678e-01 -4.519866856359230911e-01 -2.215286719940993965e-01 1.229527870315265003e+00
-2.248194321988585265e-01 5.417168246908380391e-01 -5.558645851416912365e-01 -1.676519759850120028e+00
-9.058421746087739201e-01 -6.450967396519889929e-01 -1.526847576221112224e+00 -1.014952845676857507e+00
1.944600470680123205e+00 1.151353582074626569e+00 1.814537285885768014e+00 8.876979950437928757e-01
2.612807065515639682e+00 -6.311874493400353447e-01 -3.677167498175538118e-01 4.755283349791263325e-01
-1.732702787808163836e-01 -4.317958804898294201e-01 -5.590610661577734009e-01 -1.909146225039997313e+00
-2.584430809791927741e-01 -9.657219517397590547e-01 -4.841424379768869413e-01 -4.644584412512302585e-01
-3.343809450955028129e-01 1.069160332744388153e+00 9.415842810567532917e-01 1.641615815527667221e+00
-1.423565355655490361e+00 -2.659707160403620207e+00 -4.929947180733382783e-01 -1.355064078979282716e+00
1.030282210510485852e+00 4.489135408666948823e-01 -1.474099287792172974e-01 3.610578796449932515e-01
-1.049679054310806325e+00 5.184533030903619721e-01 -1.267213382398144850e+00 -1.391382649190202603e+00
6.906834844601992263e-01 1.211886963345260027e+00 1.040914936454254480e+00 7.589737225681306709e-01
-1.604878157566134611e+00 -7.854811366304904618e-01 -1.636676362118754391e-01 -6.660163669549907794e-01
-6.382853554068415036e-01 -2.697856730902487676e+00 -1.187279171985386794e+00 -2.899021914520253929e-01
