-2.730068082679227293e-01 -4.254333842297642332e-01 6.185568540322304854e-01 -1.345299600437415699e-01 -2.329350971947518611e-01 8.430892681250957699e-01 6.120573435919954841e-01 -2.067527428215411300e-02 -4.611786734940731547e-01 -1.695718594942882129e-01 -4.278101282744838363e-01 9.372897895721511441e-01
-7.010452866412207606e-02 1.758376119181121189e-01 4.625619691658168775e-01 7.416061245522920231e-01 4.547402854815335571e-01 -3.161638865669431919e-02 2.065861483028188228e-01 -6.303387881018457373e-01 -6.947570767525357294e-02 7.396571708928223465e-02 1.947235864147544016e-01 6.970634251570781426e-02
8.701566249540892972e-01 8.128020255897395741e-01 5.877860526249836237e-01 9.255421863589197162e-01 1.611239876497886581e+00 -2.319494741125452952e-01 4.161671814461176400e-01 -7.422382090351046235e-01 -3.217536717651964251e-01 1.075231958140149047e+00 4.717751978336897634e-01 -1.034965911899106417e-01
8.669961464318712285e-02 -8.341835771785469089e-02 -6.023658892413975147e-02 -2.575863099045084259e-01 -2.296626108220863327e-01 2.676513337966341388e-01 1.278207311749454678e-01 7.644159087557939047e-01 5.448198547930517277e-01 8.594626723443234140e-02 -3.115663828030533211e-01 1.375959077319920398e-01
-5.066020817533669618e-01 3.415243543167273965e-01 9.776671168274768398e-02 -7.841009444852799215e-02 -7.678179448448586575e-01 5.914042150276552223e-02 -6.884310129188549177e-02 -1.805086876738187796e-01 2.889063621737491538e-01 -1.010236857208138134e-01 -5.700106326059242168e-01 4.237056345931408674e-02
3.220177660792699487e-02 2.457858114829813700e-01 1.083803243813443951e+00 8.093973056717308490e-01 3.627740831004925282e-01 4.402215484742013074e-01 9.068929690006956035e-01 4.942327243809075399e-01 4.502176343673381931e-01 2.551439796250188907e-01 -3.219253334288604274e-01 4.606463257089324359e-01
-2.638411512720094734e-02 -1.244321463451105725e+00 -7.589845734404614408e-01 -2.456304219536488680e-03 -2.866443021819880532e-01 8.311375703483067645e-02 -2.517704207460722543e-01 1.054265799864637504e-01 -4.457501698787575406e-01 -3.034597657866502929e-01 1.909698966004162723e-01 2.073525342048523623e-01
-9.140264783107558966e-01 -6.108290006038300524e-01 3.624620621785029639e-01 6.236417266242536561e-01 -9.441427544933557459e-02 -5.370174452293871581e-02 1.330433045061322206e-01 -7.743927055798518477e-01 -9.686264726911530953e-01 -7.054521579606078951e-01 -3.936090194640680107e-01 9.230492433608546154e-02
-1.882476559043379238e-01 -5.179325869049340447e-01 -3.075670621036907804e-01 3.447465486874004004e-01 2.288582664982236614e-01 2.744001239093149871e-02 4.267468728985453208e-02 -3.199577678860753699e-02 -3.222351238716030797e-01 -1.649961433619228646e-01 3.170814755949205033e-01 -4.548081632611731401e-02
6.332999379337976575e-02 3.292685857845770170e-01 4.587741909104279259e-01 2.987382292930317040e-02 -1.940486095287110857e-01 2.115288577459089325e-01 5.851832175905735678e-01 3.012348512996149696e-01 2.773070087514391546e-01 1.137351463144160996e-01 -3.233377838494210788e-01 3.403140326142101157e-01
-5.025379652402524322e-02 1.728101847036064564e-01 3.257443908576088676e-01 -7.513891233821876625e-01 -5.014893790377960014e-01 2.022277239763642653e-01 2.555098631545080767e-01 6.343134028330448260e-01 -1.570148390165362340e-01 8.297903151441357594e-02 -9.135646835356977524e-01 2.626094208093736684e-02
-9.232380052131644588e-01 -1.803069059871218183e-01 -5.245802091812789003e-01 -7.569687380504450669e-01 -1.368139097727226750e+00 2.243449118238367290e-01 -3.133978222460484520e-01 3.470418358003409809e-01 5.326410110680588339e-01 -1.198825020531614438e+00 -2.261868326961806175e-01 1.069491623755211424e-01
-1.878970653888915876e-01 -7.323853747998232411e-01 -7.593850640453919665e-01 -3.907135070832811197e-01 -4.641625603863135385e-01 -1.058313923545485258e-01 -6.609588232834325838e-01 -2.481871888390375647e-01 -5.009543970958765247e-01 -4.717311620290581264e-01 1.829731096473788121e-01 -1.044005656548459282e-02
-4.812466202772682777e-01 -1.935577913389542326e-01 -5.577291220275417682e-01 -1.591856168059099519e-01 -4.942612793112936831e-02 -1.727716744596534959e-01 -6.016579895349325469e-01 -3.553678797936132283e-01 -1.414231035057396946e-01 -1.855404309723442668e-01 2.727371077131762744e-01 -3.931937073232132929e-01
3.202845094072055004e-02 -1.019931586465384399e+00 6.008786628924576156e-01 1.735122434002170921e-01 3.847019682248152272e-01 2.295374070644719822e-01 3.974899096014973821e-01 -4.055474636986727832e-01 -7.888887122539884889e-01 3.877595674380350244e-01 1.265010163826580103e-01 3.657573371134212881e-01
3.272847429458498603e-01 2.956963655693169990e-01 -2.303403785527863984e-02 -3.199601785185798297e-01 -8.103825428681940557e-02 1.599866380744299488e-01 1.704619071728331603e-01 3.929201299389394886e-01 2.327161349168718196e-01 3.768995827820372235e-01 -1.348423285491445189e-01 8.665132423283945784e-02
-6.230635826628612151e-01 -8.249786412877095909e-01 -3.403582364883240285e-01 1.001699892104402495e-01 -8.840985681651181149e-01 -2.732519807332352973e-02 -3.026399852304315075e-01 -5.098055411476064558e-01 -2.228975951219220319e-01 -8.657389245524588217e-01 3.911986766909390512e-01 8.811712797831773494e-04
-3.238469115653025421e-01 -2.127575857512051527e-01 3.829355382241724781e-01 6.278693940189709055e-01 7.548724844079772733e-01 -1.133844332894252127e-01 -2.994265426630339164e-02 -7.989467818958417844e-01 -1.267938614267569486e+00 3.061831630429441287e-01 1.727368723701171171e-01 -1.969139688208234804e-02
7.212397812931320429e-01 3.388513277125910217e-01 -1.191169824929869253e-01 -9.933907332963844983e-01 4.229517845987229574e-02 3.763725303651003773e-01 3.013600655041620904e-02 5.319450747908460730e-01 5.085026405598168653e-01 4.842836978779082591e-01 5.921423363781709581e-02 2.989198666793486114e-01
1.316689441662295401e-01 2.299898639258116662e-01 3.544563758695904454e-01 1.217158227630527279e+00 5.255860210742611116e-01 -1.044945127995407785e-01 1.355225433035011362e-01 -6.950970055529017699e-01 2.086546461631020311e-01 4.665650558677340576e-01 1.532565299031200257e-01 -2.827852663702781211e-01
-3.138639770044360233e-01 -4.490092912799277802e-01 -3.736550548728814064e-02 1.734783822172670242e-01 2.324576843714578830e-02 3.880437777672300914e-01 -1.112986624516787287e-01 -6.768678784043522523e-01 -9.803296322054135814e-01 -3.841293833922487244e-01 7.500343128712565477e-01 3.130764431276697457e-01
3.413790234962396641e-01 2.482209445993977803e-01 -1.183624957489546985e-02 -3.116285783074089211e-01 -3.484259739996500294e-01 -2.496301102452622711e-01 1.846874714048314103e-01 6.502667390089267307e-01 2.243746580850183858e-01 -4.838025416805626783e-02 -3.944519648198717698e-01 -3.454275468624961043e-01
4.096404257988062736e-01 3.120645286030445664e-01 -2.533775323394886758e-01 8.966133246376685184e-01 3.872102572295640366e-01 -4.641157288446178253e-01 -7.590315931945110228e-02 -1.979815769788495754e-03 9.270478269719693021e-01 4.508088996091769718e-01 -2.728384302524977101e-01 -3.747038362468274597e-01
-9.884536827375142165e-01 -2.994995922819916334e-01 1.338925400435728441e-01 3.881468375249393366e-01 -5.039168640711610969e-01 1.609957213488369399e-01 3.475738758546962348e-01 -2.412299919957149319e-01 4.353107457870096231e-01 -9.693542418192789833e-01 1.082465102942750806e-01 1.442740902936962000e-01
2.343617048562097183e-01 -1.097080754552504922e-01 3.925131714876671507e-02 2.776912525896039208e-01 -2.521265692287432553e-02 2.511157792105105924e-01 3.561136244279353158e-01 1.164945678733155521e-01 -3.055665555088709628e-01 -1.473413963379181443e-02 -2.923093682146683525e-01 1.849024328684259477e-01
1.549142574906886560e-01 1.267464316276826430e+00 6.013260316812347739e-01 -1.332226239049648549e-02 4.202089881766428170e-01 -1.471561967558754902e-01 1.549923596262152425e-01 -2.026222245787749621e-01 2.721249180075328566e-01 6.880344609177497794e-01 8.326384638294000162e-02 -2.804592480436036150e-01
3.849791817216192680e-01 6.119903365327752226e-02 -5.028931891037493607e-01 3.380944791174214092e-01 1.672197865640981662e-01 -8.074571240109378323e-01 -5.086736625727074079e-01 -2.994017062366591819e-01 -2.674105821381295711e-01 1.823141114095207793e-01 2.070929232623844596e-01 -7.119597981815735110e-01
2.003170757151843950e-01 -3.218282027535153411e-02 1.468400741678584365e-01 5.354381736691509186e-01 7.415426289022438722e-01 1.327284083371425838e-03 1.732001254812100266e-01 -9.194854264534476629e-01 -5.771250062380097745e-01 6.544167267159165524e-01 1.440306778571255886e-01 -1.325677186394087492e-01
2.283383969494201526e-01 3.406011148840836222e-01 -7.164275195940329743e-02 -7.804324971274190226e-02 1.848480337541160701e-01 -8.252171214452711651e-03 1.705640481071736894e-02 3.731415146651621551e-01 7.577320160051901343e-01 3.105253274332223090e-01 -2.804453404293638652e-01 8.998370862745089238e-02
4.013935315728133224e-01 -6.630763643465780177e-01 1.063239367745388186e+00 -1.776339579384650924e-01 6.446527077483477086e-01 2.150568208910246248e-01 4.663826397051774042e-01 3.492396292320410628e-02 -2.142410739467076830e+00 1.225200010500277825e+00 1.198192030008504438e-01 2.473384307777739544e-01
-4.391559391765156861e-01 -6.307977285601120698e-01 3.203010118441053655e-01 9.281197786222910029e-01 2.367223798960269576e-01 1.979644706768846629e-01 3.658639497906955862e-01 -1.342911055007433574e-01 -1.558835950604847975e-01 -1.097077966997659804e+00 2.004296083243692350e-01 2.617933416627389875e-01
