6.070070343013173747e-02 4.200188338936387544e-01 -7.890132633021358644e-02 2.400543448620064135e-01
-2.484206897766690902e-01 8.431344750861806403e-02 -1.854514745257596908e-01 -5.434733557263386750e-02
2.565217491048838935e-02 -2.113601809007431831e-01 2.541185252247838422e-01 -1.515508702716886202e-01
-1.042624895662945805e-01 3.268150608254441480e-01 3.495952281993090494e-01 -5.614012223644267857e-02
1.215951419020337571e-01 -3.490646027361306580e-01 2.945345314412551874e-01 6.860528452611322492e-02
-1.676815306587592924e-01 -5.662478229870686608e-01 -3.260988438673966261e-01 5.330984404850141328e-02
-2.057973880151756085e-02 2.618215987491345209e-01 9.622042404580839758e-02 1.571542856098211982e-01
2.511624210555261638e-01 -2.467245690945404080e-01 2.940613028394966633e-01 2.702707411286505157e-01
-1.899485783632808705e-02 3.755075368719683615e-01 -5.815617331916816957e-01 1.769627592493352719e-01
1.231821662882716523e-01 -8.597084819877628958e-02 -4.444244245489771816e-01 3.906968843677463554e-02
1.757875998662505879e-01 2.462925489771990717e-01 5.652526728377410548e-01 1.149584407701138289e-01
-1.756333096122119838e-02 1.009302119042013307e-01 1.144707337662860119e-01 -1.948292056970654662e-01
8.815901960522844194e-02 1.176949331534840743e-01 2.332506150312182655e-02 -6.655330309698915051e-03
-1.092573311189187629e-01 -4.052735366704616760e-01 -1.493947574662601169e-02 7.269445468839990515e-03
-3.541402575105364603e-01 2.430358567991992291e-01 1.869113664549875153e-01 1.101438093676318231e-01
2.453392094996776351e-01 4.479328911391041168e-01 1.996821884715964945e-01 -4.708407802764354999e-01
-2.291576404104957512e-02 1.993184541215687888e-01 2.294533575722240148e-01 2.729199552663586492e-01
-2.835896935974879796e-01 -6.481270158111568369e-01 -3.048641147963017106e-01 1.745736687137943999e-01
2.325289382345039069e-01 -2.202354502033506689e-01 -1.165707610858966042e-01 -4.095777057028637813e-01
-2.154872011020495248e-01 4.492775990332009695e-02 2.590679982316851926e-01 -9.637856367757367815e-02
1.312469220877532650e-01 1.238588382657123954e-01 -1.955717419636358312e-01 2.489841218538510759e-01
3.914420148489632795e-02 -7.691201153314886074e-02 -2.158976490027529893e-01 5.844730238250632481e-02
-1.961437318568445276e-01 2.058021813066199246e-01 4.209053485881582013e-01 2.725913099297220255e-01
-1.487617985302369106e-01 -7.816251011638690460e-02 -5.521448307917992127e-01 1.103788976554111456e-01
-1.274423213571526659e-01 2.647200096867693420e-01 3.927182131289451705e-01 -1.331880765404816758e-01
-1.853752774692391525e-01 -1.112206943836034911e-01 -4.067754973391804474e-01 4.130273920346368421e-01
-1.342197985553671424e-01 1.854853171313214644e-01 -1.843717078472712212e-01 -3.142967155074831154e-01
1.702810226426662576e-02 4.447130988852437405e-01 3.088155381619419465e-02 5.219564941840018069e-01
-1.628597921509399582e-01 -4.415328678004172835e-01 -5.482930877952019860e-02 -1.309749542593850180e-01
-1.282962395779636833e-01 -6.702292382823138439e-02 2.853577354224524631e-01 6.447970088760021819e-03
-2.358808030754847018e-01 3.012970548120400549e-01 3.794468611121609714e-02 -2.083170422852824166e-01
1.559069439941803970e-01 1.167286357499332794e-01 3.340598697789882165e-01 3.803952355274149988e-01
2.201109977312706578e-01 3.217126251758611888e-02 -2.973833256507468770e-01 -2.123011010571279611e-01
-2.938522897246867438e-01 1.981112690338507343e-01 -1.029432194733157502e-01 4.394484771299737025e-01
2.412737275590680006e-02 5.164857059782912256e-03 2.428663727818605456e-01 5.480591853000974650e-02
-9.451193683369325804e-02 7.144206723325310926e-02 -2.308687473217961583e-01 1.300963739548045284e-01
6.802366467294159724e-01 -3.205127478328858581e-01 1.548488684109251001e-01 -1.913160434129938803e-01
2.168934116813965238e-02 3.561731971352778969e-01 2.808692411182912574e-01 -4.185104998291994116e-01
-4.199276694463902060e-02 -6.516733715178828490e-01 1.440733253473306941e-01 -8.050696475572327593e-02
