-1.699066196117306748e-01 4.016221537330838531e-01 1.872646474675052075e-01 -3.910683855806504350e-01
-3.005992530473445834e-01 1.663219402754475065e-02 -1.020970147515115473e-01 -3.457102599621635908e-01
7.674804620252520700e-03 1.104701042343960993e-01 1.134290860104904958e-02 -7.707917178401692271e-02
1.863659091493787001e-02 5.229581288270986894e-01 2.547418212539540039e-01 2.661778423697871987e-01
1.455777814177570406e-01 2.513076681832769332e-01 1.716609218689076899e-01 -1.742358519773143932e-01
3.313542377088114083e-02 -2.866003171623359158e-01 -1.036919573609269146e-01 -1.659143355597874833e-02
5.382011699067497101e-01 -1.707548500400749014e-01 -1.030646312712740625e-01 -2.786690641941286795e-01
3.761784154165470073e-01 5.472422954512989879e-02 -3.603855087145948488e-01 -1.456705023595867010e-01
3.940983107874111990e-01 -3.005600273491502161e-01 -1.796158646799476122e-01 -2.384042837096363443e-01
-3.406193640799696776e-01 4.191907876113254994e-01 1.430774274150229397e-01 -2.370712455129560248e-01
8.715309778669139140e-02 6.837517001957135743e-02 1.189389139829242492e-01 1.259307821977967423e-01
5.908661962270789214e-02 -2.219464270816562945e-01 -5.280864153579423181e-01 3.094041858995533190e-01
2.989941465026282885e-01 1.116060415472575063e-01 -3.053970993612656337e-01 -6.828110092095877048e-01
-1.373750782443441953e-01 4.356425191496185456e-01 -6.522528779736397331e-01 1.487546748049717593e-01
5.123047125654969225e-01 -1.040865829421830924e-01 5.906599657035395134e-01 3.912378410568385922e-03
-1.138846252885285931e-01 1.885769294870729695e-01 3.157840332989977350e-01 -3.835102019060694645e-02
-1.332938156437949717e-01 -4.300872156025283277e-01 4.892716241935343019e-02 9.665146096149407340e-02
-1.731402462668608089e-01 3.559481506801399631e-01 1.384131498939958176e-02 -4.007260604805052417e-01
-4.089396579255520636e-02 -7.777728852749229982e-03 6.063209101241745502e-01 -4.083120015234352751e-01
1.768421443350036704e-01 1.816887774663246691e-01 3.009857420826484442e-01 4.573024960732497562e-02
-6.534539662274617411e-02 -8.241434274562234319e-02 2.675966268853061658e-01 7.538300339258762195e-01
2.110387749768223020e-01 -1.835352308798575693e-01 -3.896682471411064275e-01 1.841462270575131843e-01
1.516758508725596921e-01 1.108424002763775673e-01 1.403574788896853054e-01 3.927184029472005067e-01
-1.549236348620966486e-01 -1.464743825151490486e-01 -2.400108675812537562e-01 2.060188946911623575e-01
2.003306079491775638e-01 1.371799268626147095e-01 -5.591545810988514387e-02 -3.415735037098213689e-02
-3.431139809248034966e-01 -5.696397046461446623e-01 -2.352246345080322154e-01 -2.457228049687858185e-01
1.230886032646821143e-01 -2.161769610918932161e-01 -1.230591836196697070e-01 7.716478574219244602e-02
1.864499963826346529e-01 -3.338305006276175435e-01 6.942440091883686493e-02 7.268487599386942721e-02
5.463204897356699341e-02 1.492043858914270660e-01 -6.617315161792890199e-02 2.216104099748781031e-01
6.753977715249097347e-02 -2.769387298465814801e-02 4.558720899849423303e-01 -2.380487237097848319e-01
3.427184013553294939e-01 2.172670598471703185e-01 -7.263110422650032039e-02 1.642490897667526484e-01
1.221014292668147622e-01 -1.819691041347734350e-01 1.835145533035135723e-01 4.938728545196797715e-01
1.657506627225324436e-01 -9.860574443049240079e-02 1.723999751832130944e-01 -1.320926257694560180e-01
-3.721299359236004411e-01 8.717924872359813018e-03 -1.716032756934359194e-01 -2.133423127254281682e-01
-3.698835822035259624e-01 1.619823731168826830e-01 1.302970436321447545e-01 -2.154610712127341121e-01
1.431947429954686379e-01 2.076205912110919427e-01 -2.019001024626567442e-01 -6.458383035976872355e-02
3.241081965669268539e-01 -5.132914798675473067e-01 3.427710405650156722e-01 2.187636738573237039e-02
2.480894638676573727e-01 -2.842016544775152753e-01 2.301571569430908293e-01 3.027640265781912920e-01
1.895662258429609559e-01 2.057693264879460471e-01 2.048047640856921203e-01 1.279503917847371330e-01
