2.307536511173487181e-01 1.981947753990660921e+00 -1.335357615137998444e+00 -2.055974841334405334e-01 8.397913211563000635e-01 -1.092129312157144705e+00 -3.759153804122819520e-01 -5.460832659532892652e-01 -4.470744004253798809e-01 -8.599632505402059479e-01 -9.697252774790655616e-01 -9.170292841790546046e-01
-8.283027544077596893e-01 1.448431993215818059e+00 4.584202305976207148e-01 4.646763712369781918e-01 1.062344497635982123e-03 -2.750321083481335194e-01 -4.627792742329162046e-02 3.162861177120882689e-02 -1.129726613883550890e+00 -4.489799245499096481e-01 6.228852221858099253e-02 -1.110888891203974271e+00
-1.010900739614453592e+00 -2.209905558809341641e-01 -2.013279897682617725e-01 -1.901022218039937761e-01 1.499712592018112023e-01 2.638440545673486140e-02 4.747054520535726740e-01 -9.376602471816898599e-02 6.787148279770948145e-01 -6.204444031481355371e-01 -3.167398726280506310e-02 -6.406103636106852406e-01
-9.229645120840343497e-02 -3.236249128304959782e-02 5.349842962064960128e-01 1.168377164411967817e-01 3.475568002435768800e-01 2.562280614962095596e-02 -3.079659483119003838e-01 1.579471704929877665e-02 -5.874661134216749847e-01 9.591429639628198389e-01 -1.029358317248106336e-01 1.831390099510898650e-01
-6.201283770423730857e-02 4.110267269384216826e-01 2.488144842102830434e-01 4.216093942851802112e-02 7.566773058364612004e-01 -3.278924491091602667e-01 -8.823263063781258131e-01 2.425672348497283082e-01 5.300313388711366258e-01 3.136918450117464063e-01 -4.536271870354559033e-01 1.340710512052658010e-01
-4.221694660789801490e-01 1.128803370662026101e-01 -5.578819689935513582e-01 -5.638977484398767226e-01 -2.202685922345784184e-02 5.014135966202680761e-01 -1.429252342954096644e+00 2.234206498708580721e-02 -1.256108182084806568e+00 8.736557880564364831e-02 -4.576490687820693459e-01 9.188972253901072085e-01
-4.533738422424620773e-01 2.123670317984009959e-01 8.258885121087060355e-02 -9.871172282884629334e-01 1.459025152654562563e+00 -3.298298553275593181e-01 -3.564616598023562233e-01 -2.048990846003648225e-01 4.945667359039402355e-01 -6.112145448953469895e-01 -4.828929116198931171e-01 -2.558363009885431527e-01
4.019688095758770507e-01 -8.433752373136440550e-01 4.888705472301186350e-01 3.490735677925571045e-01 -4.710912522250619849e-01 -1.430749476238657725e-01 -4.140907318869117004e-01 6.371226163206880969e-03 -6.366743897046394096e-01 -5.491874950174635561e-01 6.349757393827566432e-01 3.030705729624999512e-01
-4.958150356273920423e-01 1.926571680597807701e+00 6.598738122080543000e-01 -1.778500692274749717e+00 3.167709247622724211e-01 2.254758316437242283e-01 1.475697336239171209e-01 6.900817674678056957e-01 -5.504567553189292362e-01 -1.807128754267287363e+00 7.358793397949145998e-01 1.748596445666257271e-01
6.708046410988190988e-01 -3.770769323096628267e-01 6.149451412105463310e-01 3.930633161801557751e-01 -7.128965000403220120e-01 1.452854343991777375e+00 6.164563678590370133e-01 3.773200479833190846e-01 -7.061121627447568549e-01 -1.149105916399011662e-01 4.129052571955998396e-01 7.466620281739930753e-01
-1.249442066255339601e+00 -1.863688370485578671e+00 -1.501468323779034497e+00 6.134614677069367694e-01 4.038996277370942023e-01 -1.146185199122158771e+00 1.823062617929632534e+00 2.414342548651159603e+00 3.569309840867669337e-01 4.089876984240226609e-01 -3.566079373909150085e-01 3.944126214439409028e-01
-1.476705564238343316e+00 8.595977214868990579e-01 9.695710047030731138e-01 6.403294298929276263e-01 1.488529670966149965e+00 -3.554311692762314401e+00 2.576515529705137308e-01 2.054254466454766170e+00 2.753751503703554815e-01 1.170492928087522477e+00 7.683969830141509361e-01 3.512410381098927670e-01
-1.211802237801010290e-01 5.180793081021020097e-01 5.804539627323125339e-01 8.326898614461715198e-01 -5.545746797139446960e-01 2.681489086345183459e-01 4.268630423118393025e-01 3.470619463739066934e-01 -8.927613215092105037e-01 -1.738854351803312548e-01 -8.170012382411322160e-03 1.150621738926122656e-01
1.679723642174633380e-01 2.701404152698490546e-01 -1.210661985238459110e-01 6.811777779155213652e-01 -2.043379577859573137e-01 1.486494733223238107e+00 -1.529262171637843171e+00 -1.028258912093822364e+00 7.796410082956383159e-01 -8.629008019451185618e-02 -7.088015916751396750e-01 -7.044300206661028296e-01
5.298760513902501801e-01 1.688520586338219998e+00 2.825016592504517310e-01 -7.284393710164099867e-02 1.917481204381897564e-01 2.173718822122787109e-01 -8.293931039801168970e-01 8.094996256271851376e-01 8.933267751228938236e-01 1.628795130931011137e-01 -1.096736192507601348e+00 7.387325408752053457e-01
1.131049394967149846e+00 1.320450302260455233e-01 3.243473957807687102e-01 -2.297283394694830339e+00 5.796843916458618295e-01 -2.297976623754556691e+00 9.100920761410108417e-01 2.676966891483567146e+00 -1.498446560628225566e+00 -1.121978129128374579e+00 -1.079814315578881745e+00 4.530824846854091814e-01
9.747026172367401209e-02 2.567635705142681801e-01 5.165755784520941196e-01 -7.230619213629716491e-01 -3.579866006341321238e-01 -3.664332523348983184e-01 -8.196305529511875854e-01 -2.174325234785978445e-01 -8.181308241558284955e-01 -4.545566086742324208e-01 7.718145257576133345e-01 3.116766637231142001e-01
-4.814465675650987930e-01 1.011496535403984653e+00 -1.760432634961741835e-02 -1.097861435475748770e+00 2.379391316748099783e+00 1.507278183083313960e+00 -2.305171353492945219e+00 -1.924771881198477308e+00 8.475269936948371940e-01 -3.929365982345448677e-02 -1.797221758001781744e+00 -1.164548202054991100e+00
-2.278507885004134315e-01 1.664275998260287048e+00 -2.210480491183098639e+00 3.344618278983773618e-01 2.368303399833866785e-01 2.002006301838600066e+00 9.596162503160851065e-01 -2.031301791270229140e-01 -2.782762972615017150e-01 -7.112444551604045762e-01 -1.114762801068831077e+00 6.727950407763072516e-01
3.816531356890995319e-02 7.130922855447339170e-01 1.007526265570096058e+00 1.578296999632703146e-01 3.594609678268780861e-01 -4.757080787492002361e-01 -1.091620018062228470e-01 4.279974819111458939e-01 -1.987831922174427002e-01 -1.292808562696149965e-01 -5.002796463659223702e-01 -3.188302553150031415e-01
-8.079611875702359391e-01 -1.207067813387625518e-02 9.461501310018767263e-01 -2.064520294348341611e+00 5.739391026175908461e-01 6.146767487356485926e-01 -5.276631883081388530e-01 -6.540146751319879659e-01 1.420365671778278438e+00 -2.381174396975863861e+00 2.191458751789003845e+00 4.494612345458748326e-02
-3.287379090835076956e-02 3.567177549875402143e-01 1.114573322708228176e+00 -3.634679287969433958e-01 1.015886945157251420e+00 -1.354160282927773906e+00 -1.663894976053614361e+00 6.919866918227904895e-01 1.662505853625577956e-01 5.762456238149763488e-01 5.538737945138844099e-01 -1.076793293382709571e+00
-1.043719720831387754e+00 1.632331183789917706e+00 -8.181410522074926694e-01 -4.510791336087764947e-01 9.543618027173957907e-01 -1.009073467642965127e+00 2.000246324636741679e+00 1.040938256700106423e+00 7.720056385961785450e-01 -2.138297420742667765e-01 -1.706187874937311832e+00 -6.635918641295898146e-01
-7.598063500617938670e-01 -5.687835096621055575e-01 7.390119166964962405e-01 -5.959161283349678762e-01 2.572931732909027880e-01 -4.211642012232341137e-01 -2.171171366843818729e-01 5.863362011128342433e-01 -1.710289599046812270e-01 2.570101584204008693e-01 2.443107482277964426e-01 -2.589607209513026809e-01
1.478833653052470609e+00 5.881781763628363136e-01 -7.648932773921784944e-01 -6.505837869442577803e-01 1.659273507367522882e+00 -4.328852491682347314e-01 -6.065323111097281616e-01 -1.421241898922546820e+00 -1.793494303038408066e+00 -7.607988142646781027e-01 -3.137829841376349460e-01 -1.963586089553753522e-01
-4.884524309277938903e-01 -9.526361143739421611e-02 2.586847912717591402e-01 -4.320204207875139035e-01 4.084128005552383200e-01 -1.607891991144451138e+00 -2.149501227624733168e+00 1.114695144530051911e-02 -3.240685631492682406e-01 -5.748180692121547253e-01 -4.983176940344991035e-01 7.841576047696070528e-01
-3.350313316929058316e-01 1.038027298189651448e+00 -1.014220830191242761e+00 -6.961401860433371613e-01 -2.561423490818844351e-01 -1.563226754794350359e+00 -1.164874909459435726e+00 -2.034467471449715514e+00 8.175850098270727173e-01 -5.857951905374756407e-01 -7.787320103482939793e-01 -1.007361799030559224e+00
6.341126647984114406e-01 -4.900586041147601546e-01 -8.539324793503950684e-01 -7.494888525409472424e-02 -9.958715400234209592e-02 2.939121163680024074e-01 -4.583617082946725430e-02 -1.330549571784092611e-01 1.042109408029600753e-01 -1.006055507000563898e+00 1.100249761020546807e-01 9.186812293716675182e-01
-2.066905474586068880e+00 -9.681190794693909085e-01 -1.155795909916918385e+00 -3.120924918770708323e-01 -6.374671914544839391e-01 -5.274306013486260714e-01 4.987530346961174636e-03 2.539043030556991987e+00 -2.376676493775761734e-02 3.886231050329608805e-01 -2.630186267194861705e-01 8.770445584718742360e-01
-3.558366647477386735e-01 -4.080569830705975676e-01 9.568195626760545025e-02 4.333216838788928049e-01 6.289882097326326971e-01 -6.310738362840887516e-01 4.312397347021849625e-01 1.665305712643275982e+00 5.399037920761984299e-01 -3.206388932888306065e-01 -4.214567898730398054e-01 -1.663108459962501229e-01
4.965560353145360706e-01 -1.119618690378118231e+00 -1.722950118861334534e+00 -9.850315199247359210e-01 4.474229036155997208e-01 2.339655897829260867e-01 -8.074855681676280927e-02 -1.046557466898055289e+00 -2.570393187851993666e-02 -1.062686342178144061e+00 -1.322946553615744480e-01 -6.930387960526541713e-01
