2.549005685783283237e+00 -2.843038034419452798e-01 -2.010944354269163625e+00 1.075574374681441014e+00
2.502216505821595494e+00 2.834299599519771728e+00 3.247628888163211602e+00 4.018188083677632250e+00
-2.515039228048917774e+00 -4.159107511195965223e+00 -3.676928136043253748e+00 -3.596744257578345039e+00
2.689611241247342299e+00 3.967238191010154402e+00 3.390400690902877656e+00 1.307693935316070810e+00
-1.794331487902403044e+00 -3.242532337568031053e+00 -2.765156676789132018e+00 -2.343115231202965720e+00
3.163772131540402377e+00 1.920448694547822299e+00 2.829184214509303352e+00 3.152690900042561584e+00
3.224406375037525141e+00 3.268518862068112707e+00 2.453705903797496202e+00 2.592855612134235432e+00
-2.069128174499949235e+00 -1.977632941098272923e+00 -3.022641785246334312e+00 -2.945750796808600303e+00
1.590459509606003241e+00 3.778254343396551640e+00 2.734228905545609489e+00 2.865264603804079435e+00
-4.136453921172043025e+00 -5.820514318672904253e+00 -2.060216387981221864e+00 -2.642215576554479917e+00
-3.504206560524176783e-01 -1.802074701580415050e-01 -5.204701236067537096e-01 -2.423235689183919350e-01
-2.091058089443108781e+00 -2.096399620060912294e+00 -1.617852226496981238e+00 -1.868428273696987940e+00
-1.530367143369033789e+00 -3.762903905281909100e+00 -3.377579765942881007e+00 -2.271787347191362549e+00
-7.469600195654052532e-01 -8.110983755911657656e-02 -2.787126753942493096e+00 -4.309596914862965811e+00
2.242611345981275761e+00 -1.294766181709208430e+00 -1.182931049634195597e+00 2.911487198140481958e+00
-2.251027666829463758e+00 -3.237266214653569119e+00 -2.268229779291017323e+00 5.879318098952495131e-01
-9.318371218876705386e-01 -9.665949673760426686e-01 -2.332351815716109389e+00 -1.588391758498675088e-01
-3.067108186417720539e+00 -4.557265791169303526e+00 -2.016239882042184739e+00 -2.307338463181488830e+00
5.333244706525451517e-02 -3.849129376886665455e+00 -3.150193995862024643e+00 1.111365986807939278e-02
1.370020908364201428e+00 2.343005688341936121e+00 2.515839549250532325e+00 3.572148011520981381e+00
-3.035500187383133763e+00 -3.619174499781947052e+00 -2.574213043958568203e+00 -4.508237861793741530e+00
-2.470048997343314845e+00 1.115767300052504796e-01 -2.869341612373037087e+00 -1.729153439742427079e+00
-1.898421125998714709e+00 7.387978857894131890e-01 -1.049318178526338352e+00 -2.689329811587546915e-01
2.911542833251486329e+00 1.912593627421351972e+00 2.681626501756065650e+00 2.785235121460651442e+00
1.918144878872711567e+00 1.203649391029147031e+00 1.561967843939603640e+00 4.726805094209231228e+00
-2.328520049089499278e+00 -3.348755904169233855e-01 -1.333484896039961454e+00 -9.073564618747798072e-01
4.859311473077818078e-01 -7.449515091226841523e-01 -1.553506892397354289e+00 -5.898740560382358111e-02
1.586431016512780401e+00 2.269309938843714125e+00 1.911554341898872522e+00 1.897141073912397058e+00
4.579081372464398392e+00 3.287809762042829487e+00 2.957671573625084260e+00 3.270010268977901813e+00
-1.726701441787254376e+00 -3.553954335475177029e+00 -3.280039150341628851e+00 -3.471818294478831390e+00
