-2.188418782320756401e-02 1.294213509876349644e-01 1.193825315333764056e-02 7.021443071190719420e-02 -5.898886357975659418e-03 -4.853362987290175956e-02 -4.647027110144541506e-02 -4.484549059928948783e-02 7.422475617047934182e-02 -1.261361640835038656e-01 -4.565705418264875276e-02 -4.757259155653131150e-02
-1.419232726725322691e-01 -9.835614641838698324e-02 -8.704774103806583313e-03 -3.949902585644047941e-03 -1.630425228315932895e-01 5.824013007784724534e-03 2.895474970140933177e-02 1.022815883869735570e-01 -2.154923349657461920e-02 1.793688120672598182e-02 -8.069703730844107747e-02 5.375938947246040184e-02
1.601832759093168093e-02 7.565293932885756856e-02 1.307316040814348046e-01 -9.756684742673854549e-02 6.362438607786784217e-02 -1.083033478954071593e-01 -1.278817989160129509e-01 5.783674901287070430e-02 -8.935291098284304026e-03 -8.778492188740825986e-02 -7.060518223839361979e-04 -2.982115326339576308e-02
-9.162560124978855192e-02 2.813391155271512817e-02 -6.920425530747204013e-02 -5.373859302726912562e-02 -7.995184694054195684e-02 2.005605877621636224e-01 6.178645171486067678e-02 9.977840122263846590e-02 -2.153944867705897062e-02 7.236963490790275511e-02 7.269981173572334643e-02 1.353376545775905777e-02
8.917296701911248125e-02 -9.065798940261947381e-02 5.784048301200776787e-02 -1.025329431639977196e-01 -9.561582446217463394e-02 -1.452536684005101830e-01 -4.095133582184634635e-02 -1.865586036561213759e-02 1.325280125038252044e-01 6.651130001646572698e-02 9.387421427247608086e-02 -1.255727059247336852e-01
-2.184557151002606556e-01 -5.047833769820346539e-02 6.098950100468119619e-03 1.048513193223186146e-01 -1.694438070313622133e-02 -1.830226686668712244e-01 -1.245563931195571572e-01 1.604359257318314635e-01 -4.810208982217615420e-02 9.174285875385969347e-03 9.199114767988511576e-02 2.189158176889438590e-01
-5.703013165065892037e-02 1.270598161864013864e-01 -2.876984965283590438e-03 -1.777812699103964098e-02 2.976903973547427237e-02 9.172487294640141453e-02 -1.397221683152044813e-01 4.837488701479251280e-02 6.079269626986198022e-02 -1.075778280981402532e-02 -4.990288047481878514e-03 5.703740818724962330e-02
5.346443388598112051e-02 1.015260809690732985e-01 -8.896017693568800122e-02 -7.999873455572365649e-03 7.972751041291560592e-02 8.312395682486187209e-02 -1.262494074160932789e-01 -5.067974485128601964e-02 -3.647025225221413054e-03 1.480030296332967288e-01 -1.914029291573544206e-02 -1.085256056879949638e-01
6.134606770108819856e-02 -6.801515961547989486e-02 2.870787235871611384e-03 5.266428300476400787e-02 -3.756551452575058320e-02 -2.184874705148691365e-02 -7.865939339388797191e-02 -1.056788127789322698e-02 -1.023154902131552663e-01 1.512500084627036723e-01 -3.407904621203352441e-02 -7.295314105770037139e-02
-4.751761550181077959e-02 -8.962776543594767886e-02 -5.020200700922193560e-02 2.647143840118699673e-02 3.842067859372644972e-02 1.085127925579305319e-01 -3.651845304638208240e-04 -8.492037355657962305e-02 6.391345762818488596e-02 2.297666952496875761e-02 1.407216630371550259e-01 -1.224528640170424176e-01
-1.438861975005532520e-02 -3.434009016706503215e-02 -3.948558000968563353e-02 1.657088960410819933e-01 2.857381966439488316e-02 -1.247047123814913477e-01 1.011435874683121461e-01 -3.995149452049086974e-02 -5.290847416279701593e-02 2.378456213089872283e-03 2.832629614965271464e-02 3.275540291375406837e-02
-2.227997940722312442e-01 2.099665666910930373e-01 -8.906372737880308144e-02 -1.497235479656072454e-01 1.082372275036703330e-01 5.065987106272171192e-02 -3.443312260826410232e-02 -5.048505864718427077e-02 -3.699715076205212921e-02 1.398079928348895107e-01 -8.836630440924645423e-05 -9.284188375576791098e-04
-2.850079083013536824e-02 9.843789852794930517e-02 -1.647338195442756524e-03 -4.394943325340478629e-02 -7.830669468616226203e-02 -5.438805486768830133e-02 1.267561215064692826e-01 -6.973179150510568081e-02 -2.369852617923536367e-02 4.635647638626651246e-02 -1.381883061427275072e-01 -7.722327111570975733e-02
1.465465854934934475e-01 -4.232796242419839018e-03 1.227296207058605967e-02 5.702466261963985011e-02 -7.148076555361641826e-02 2.278262939729641667e-02 2.439147159795604022e-02 2.556624067628862282e-02 -4.058422665706541005e-02 -1.106795910981498848e-01 2.171607287950153009e-02 -1.099624740087934427e-01
-8.719564838914817262e-02 1.129602840527752818e-02 -2.378624774113091006e-02 6.974138200705604085e-02 -4.477821496026401088e-02 -1.859894844720483276e-01 -2.544412095091276305e-01 5.879165092601267364e-03 1.047619091929266090e-02 6.025051522106015557e-03 1.802402793041420759e-01 4.280222663040034875e-02
1.206978985122644787e-01 1.468917736669705931e-01 -1.091016697922915502e-01 9.121451507200825648e-02 9.342967550110696517e-02 -1.082023777956058960e-02 8.335589984130276076e-02 3.129984448401466196e-02 2.534616453790066934e-02 3.216074807546460967e-02 6.601996862954043199e-02 -9.255944749681116468e-02
1.814882360672525480e-02 3.567046682379282352e-02 -1.573000450953309648e-01 -1.703669668129890276e-03 -5.826148996630377795e-03 8.436297758749247699e-02 -4.520761954064543564e-02 -2.062985586296941717e-02 2.145487711024192043e-02 8.483368598779045255e-03 9.692605485454497405e-02 6.742110759239192119e-02
-7.893892372372281890e-03 1.291961658668967783e-03 1.092768616627752196e-02 -5.086511837634253436e-02 -7.048534535463658879e-02 -1.534528829884571621e-01 4.769086866680695425e-02 -5.950831346961867746e-02 -7.092431021770186084e-02 -3.563129878843943055e-02 -3.299038734645772658e-02 5.052784833468459275e-02
5.966802946016084436e-02 4.684502173520992130e-02 4.148925372663202216e-02 -1.574962198468351782e-01 -6.992352974496678086e-02 -2.756369984922455579e-02 -6.574539542966117978e-02 1.328256490970782799e-01 7.957935923915086807e-02 -1.310620531475847617e-01 7.899735368192958851e-02 -9.056083691211477826e-02
-2.530812382883855516e-02 8.836689047007692879e-03 -8.350769554040818332e-02 1.497281426644482549e-02 1.095853096136765840e-02 -3.555842579400940451e-02 1.574648360615907641e-02 -1.686706353770458080e-03 5.232381723614636798e-02 -5.691057714049858884e-02 6.011765088747245828e-02 2.319428321917389457e-01
-3.972041512078739595e-02 -5.636897859491815654e-02 -3.146218370611175708e-02 -4.945805303405085424e-02 -3.136325118630197556e-02 1.379095608444813256e-02 -8.569321415221084481e-02 -5.464767633997203583e-02 2.077440724316653997e-01 -1.190856892043752474e-01 -5.599156673227769637e-02 2.628700969774820650e-02
-1.546910791629068360e-01 2.143830958886802640e-02 -3.215128273891715294e-02 3.017532082668494472e-02 9.681446732248284726e-02 -1.177918072024723706e-01 1.020142230931879619e-02 8.964308335948599493e-02 -6.085170175847966906e-02 -1.633347975529964857e-01 6.381531737319803832e-02 3.109333776143788711e-02
7.958477353509404995e-02 4.902593125522697326e-02 1.275178969223463854e-01 3.665306725266726136e-03 6.104426740796924794e-02 1.604575967928527358e-02 -1.656228799361930334e-02 4.076689297540369433e-02 3.523180256887766676e-02 -2.323981961605489990e-02 1.968968444348959401e-01 -6.007525821477784772e-02
-2.802413206351370839e-02 -3.105112902862927626e-02 1.128795441113172524e-02 1.237289330820400268e-01 -1.478795832287463641e-01 -2.999799690651234335e-02 5.170169576774359677e-02 -9.959068526528912224e-02 1.054284535077011815e-02 -2.276121571164274257e-02 1.783813363125571760e-01 8.052823403078271380e-02
-9.725350237374638662e-02 -1.723300842663681998e-01 -1.248555463925417885e-01 -5.663437051427228780e-02 -3.743629697273386653e-02 7.802068493748406941e-02 -8.615097265144644467e-02 2.430389505861715177e-03 -2.125517194002723639e-02 -6.830691925794384056e-02 1.832310218309017580e-02 -5.990931220436056942e-02
-4.593121881623617869e-02 -7.049073205306020939e-02 -9.713595594674342970e-02 -1.180150062007636891e-01 9.761451167012287489e-02 -4.632799790889101377e-02 -1.034700906741822246e-01 -1.630310071656858595e-01 2.057484505147945050e-02 -2.277802629141876742e-02 -1.652112569954831273e-02 1.365697605333597853e-01
5.581066999816767377e-02 -1.006897575904873582e-01 7.414245408908112789e-02 3.144579797566923046e-02 8.100135945418844574e-02 6.295495848826879182e-02 -5.514055994222738510e-02 4.160669977790682622e-02 1.580808141279256562e-01 9.553572027832001046e-02 2.085324865837883401e-01 9.282481410315790438e-02
-9.872812863031885100e-02 2.593981542344511726e-02 3.595670439574219501e-02 8.990872305073036030e-02 -5.332502545239032991e-03 -9.403129159147669003e-02 5.384163898423334829e-03 9.596998655316500704e-02 -8.034666923097970315e-02 -4.626118051979422052e-02 -4.290094828687165268e-02 4.884393902183486319e-02
4.579649019954305095e-02 6.316362084761280304e-02 3.215907107653355468e-02 8.952661328061795043e-02 -1.360245908669980575e-01 -3.706458012253215084e-04 -1.342072284756382905e-01 8.250286991346365839e-02 1.146351782806534630e-01 -1.314083778938930245e-03 1.437581975048549399e-01 2.042434725147235317e-04
-2.928134872908596392e-02 -1.073154003744953983e-01 -3.258042975911880357e-02 -1.361653444980554795e-01 -1.990160637243237537e-02 2.270514113106017473e-02 1.641448738982344627e-02 2.331038230942131251e-01 5.048598141900636702e-03 -1.093374904181224488e-01 9.226697330706737366e-02 1.349320902626877650e-01
-1.673012966399151369e-01 -2.398156413844101942e-02 -4.949237440872035487e-02 -2.302720406195505123e-02 1.575945949180140582e-01 8.736062301783439898e-02 7.517913022598357586e-02 1.066697893144564896e-01 1.600894387819490686e-02 1.040692917732960604e-01 1.718389223152541334e-01 -2.232673158548074965e-02
3.020865281784676504e-01 1.077811353533494748e-01 1.662912622683918040e-01 -1.335752189176988292e-01 -1.763694406077437049e-01 4.210153399473533231e-02 -1.515521605876528777e-03 -1.511680791669912927e-02 2.091640684470328151e-02 -8.311410569497564016e-02 1.599511443453696669e-02 2.217647327666539409e-02
-5.910816813063771852e-02 9.283660300981834076e-03 1.006212085089246422e-01 2.213664353720144057e-03 -8.199843573801750274e-02 -3.661206329225677458e-02 2.305561650839044532e-02 -1.584434858055477346e-01 -2.590320216127585742e-02 1.080710949110278568e-02 1.912237363239430166e-02 1.444393067448803136e-01
1.723811849285883102e-01 -8.550994472728057350e-03 1.611376234188655610e-01 -1.265661696425896265e-01 -1.117430102207596192e-02 -8.597581137914511729e-02 6.166358380772055114e-02 2.963129407265247331e-02 -8.183243501720562085e-02 1.290742109127246753e-02 1.590740547695458640e-02 4.804243941222020170e-02
-1.885828425958394061e-02 3.744678437646449531e-02 -6.770393179992278965e-02 -1.613330456674820501e-01 -1.030951126086492170e-01 1.834184596209940121e-01 -3.460393860638429075e-02 -7.107413449763370916e-02 8.868321079933043360e-02 8.271039546391410757e-02 6.536959409448709485e-03 6.232473020381611162e-02
-5.207279046239658010e-02 9.696654299710305916e-03 8.552054849248957868e-02 1.340833069172170655e-01 -1.747998313128867609e-01 1.945053750817678229e-02 1.393765778466671545e-01 -1.614314295603241356e-01 -5.918910880110454104e-02 7.442123213361230560e-02 9.455304364566188835e-02 -1.457228062401692004e-01
-1.119932876257945520e-01 -3.430721338382228258e-02 -1.312446247757943080e-02 6.164710459127135250e-02 -1.951747239026588587e-01 1.030495148903132208e-01 1.120568295378067229e-03 -4.083128666571702453e-02 -8.031880080496560381e-02 -5.789706788238242752e-02 3.548729998012496029e-02 -4.341150626886803449e-02
2.801854419086964587e-02 5.072797629357160554e-02 1.492452564290493999e-01 -6.088424340379407912e-02 -7.084444184965567326e-02 -9.927688936712608658e-02 -1.834319345814010294e-03 8.532045621914309541e-02 3.950154773682973582e-03 3.618740551708360398e-02 -1.086721788375682833e-02 1.159489474279055965e-01
-1.059159563292471073e-01 2.626576489466981440e-02 -4.127336585168386862e-02 -7.282332178836045666e-02 5.929874854291853487e-02 5.951813210918316388e-02 9.519425642248213748e-02 2.437052953869759883e-02 1.191595855678602607e-02 -9.827187850141720638e-02 -4.786885838709047797e-03 1.039365087979274016e-01
6.463666890222577455e-02 -1.659414818542974124e-01 1.085934696637072538e-01 -1.124393955022842673e-01 -7.109908898178192438e-02 4.942310465952720090e-03 -9.221529126780469987e-02 -1.722632659243107378e-01 7.301424240275432298e-02 5.690617218886448447e-02 -1.007166002512451149e-02 -4.646525858103304346e-02
6.034482251838948347e-02 -1.103812087969798655e-01 1.898293410812558757e-01 -5.590441665064693061e-02 2.641800949579671196e-02 4.489457652465071724e-02 -1.004408870380175955e-01 1.054092052974874988e-01 4.696274961414765442e-02 -7.702840978020374096e-02 1.610608171796269750e-01 -7.598608380517096750e-02
-6.532115975412363523e-03 -1.081531120676613861e-01 3.128070653166002968e-01 -1.044205493981596733e-02 4.537533892301159194e-02 -2.087099571461674408e-02 5.047278428978818621e-02 -2.222449324764509404e-01 3.024491615458011484e-01 2.180896389783827660e-01 2.916687578265308445e-01 -1.921818790967307899e-01
-8.900104460554186803e-02 3.687816154399090052e-02 1.655270961671129887e-02 4.021355369103626204e-02 9.371165846965519297e-02 6.408043009824976322e-02 2.296601804472651887e-01 -5.394484673325151275e-02 -1.180869821006877568e-01 -3.504704341766200389e-03 1.044539207777444301e-01 -4.844513665855467062e-03
-7.405934949485887264e-02 1.487461148651080811e-01 -4.983563457372778204e-04 -8.616133315860311642e-03 -1.120956418275634997e-01 -5.947265800687208392e-02 1.023747526897816063e-01 -2.537472954005504447e-02 -1.343639116130024118e-02 -1.724810602181065244e-01 -1.342095797953889169e-01 -8.403189210465172865e-02
2.267454031614549864e-02 -6.610861133091262831e-02 -6.477918903579371612e-02 1.815389018531745127e-02 -2.856441086330732335e-02 -5.098724702762362504e-02 -8.106795610641337468e-02 5.684717429127799510e-02 -5.649348338115230822e-02 -1.061776813874609898e-01 -4.577708190267239935e-02 -9.497680979847272775e-02
5.420767671024181306e-02 -9.621765651779546139e-03 -4.869334375435778461e-02 -3.568310589776899772e-02 4.534341747362571201e-02 8.804449114056611680e-02 1.257526124667176885e-03 -3.415339209449203689e-02 -1.155345123878520480e-01 -8.437191045384746790e-02 -4.335899305411621690e-02 7.848638230210716604e-02
-6.410818703026935350e-02 -7.083598914598705776e-02 7.517788335909680875e-02 8.420678410765017330e-02 1.111377529596902641e-01 -1.719318151998342620e-02 -2.195191828765382259e-03 6.197055699876851537e-02 6.860868782042985059e-02 2.354242773564865256e-03 1.201555781950869317e-01 7.787705463514707493e-02
-4.216568339989313491e-02 3.199650802977949127e-02 -7.005997529521476586e-02 5.597983443922765340e-02 5.091839228331750990e-03 -1.765948175751019256e-01 -5.579814219948255050e-02 -6.697482686845791788e-02 1.022502422128059550e-02 -2.112938006111283670e-02 1.164767699727886074e-01 8.885721153178136045e-02
-1.241347516240236676e-01 1.456061985064561679e-02 6.260408232170455896e-03 1.356866070525582224e-02 -4.296334966935926904e-03 1.606060303468239553e-02 1.252201056808434354e-01 -4.739520938338896705e-03 1.514461000678189173e-01 8.812798744577972354e-02 4.854993819349336798e-02 -1.063881797891257919e-01
1.175335482711561130e-01 5.564383221623411813e-02 3.242623610255197797e-02 1.183173867453326871e-03 -4.882456859109083475e-02 3.891207613785462038e-02 2.473759617351040455e-02 -4.477589756832325157e-02 1.135124095177400955e-01 9.082216794703186491e-02 -5.113242088082674969e-02 -3.615155538885345826e-02
-5.700845903789421992e-02 -9.343308537704315964e-02 -6.558100023444947239e-03 1.196977362476199791e-01 1.486652855289321840e-01 7.653586155718525297e-02 7.562318822939831375e-02 3.179841475382524929e-02 -1.620414974232914709e-02 1.847872290670797210e-02 -1.924240980784470978e-02 -6.197063077361190248e-02
-1.078990476397841125e-02 2.918096086967366526e-02 -2.412477039666228746e-03 -6.442174587330512514e-02 7.092215141740006688e-03 -3.221829887318734820e-02 5.912028484846339194e-02 5.005430444733031253e-02 1.651871498608324662e-01 1.003529834212904398e-01 6.893807220061355656e-02 8.135864701654774156e-02
-9.421952603302002904e-02 -1.326215468952724463e-01 3.835983885012540784e-02 3.221215632919809807e-02 2.654737804166416582e-01 -1.033303597339181590e-01 1.851464617375820632e-01 -1.277004790773476062e-01 -2.688527989629029280e-01 -2.777576662956950451e-02 3.302546991687924788e-02 1.864000960246078170e-02
3.564173003310216331e-02 1.556672758737854823e-01 6.717030479250313268e-02 -2.714535094576471172e-02 1.140468768611710842e-01 9.912163006450000480e-02 -4.510321083485936688e-02 -1.771659389819657190e-02 7.617156971617432271e-02 -2.054961700292158022e-01 1.629802930768831926e-01 4.189229025682756485e-02
-9.899883168729489702e-02 -5.435407447841868363e-03 9.856899491602019725e-02 -2.724408509533924119e-02 -1.161350804241624429e-01 3.558419720628837324e-02 -8.868536491648001951e-02 -9.297914208459066854e-02 -8.320956975042652359e-02 4.316314187393084645e-02 2.472137957739852063e-04 2.203565640990835794e-02
-1.071433717092126758e-01 -9.086554549519369750e-02 -3.925743503213588448e-02 8.831366256447387153e-02 -1.629607485116232046e-01 1.635511680579038868e-02 -9.134715022442196908e-02 -1.199778643400743793e-03 8.018841089658480803e-02 9.035926573182710697e-02 -4.328253107669387950e-02 -5.326221088600067294e-02
-2.181263445835596448e-01 5.305328047162950755e-02 -6.335510004677061269e-02 -2.267972836564901076e-02 -7.882990535113086616e-02 -1.064450747294904964e-01 -5.936243377843834768e-02 -1.535938762551297687e-01 1.524672324284524205e-01 -1.376291335593900558e-02 3.907963318030497485e-02 -7.245358813362626216e-02
-8.034635845816159860e-02 1.558502099777248628e-01 -5.665979655512713709e-02 6.857610514449061223e-02 -5.964401874613655535e-02 3.439135288410816171e-02 -2.180775699678473567e-01 8.001030595740581119e-03 -1.792708101851303928e-02 -3.144011994419941558e-02 -1.193973899528667226e-01 6.541119978782675148e-02
-5.303109138773161172e-05 -1.442104364925677062e-01 -4.246699164792451520e-02 -2.684644017463521867e-02 -1.921797937990007629e-02 7.487023309236431889e-02 -2.869151000981120733e-02 1.175949111280645137e-01 1.442426496920893718e-04 1.973747844821705302e-02 -1.865194303324812231e-01 2.915181857230284349e-03
-5.767461090870457802e-02 -1.355777567380649917e-01 6.206705575941943998e-02 3.106934317460702255e-02 1.855330237466292984e-02 -4.539996110100352755e-02 -1.274025786599544859e-02 -8.796360680834373891e-02 -5.571177444651790461e-02 1.883835195146660590e-01 1.038197777029615798e-01 -7.019781665358537648e-02
5.862697120320447403e-02 1.732735594998670303e-02 2.052701556821839302e-01 -4.971368222321664171e-02 4.480451577401147606e-02 1.141562864465412719e-01 1.421032882954851584e-01 -8.027600793351366559e-03 -5.478987065434445108e-02 -2.719113247492744787e-02 -7.876300273802000484e-02 7.998358964691795747e-02
4.616271742824139962e-02 3.646839337676369142e-02 -4.097382915118659430e-02 1.377174469435333767e-02 3.422319836015524225e-02 8.664035175503137509e-02 -1.644586091533147554e-01 -5.598625684638427330e-02 -1.076601334503231484e-02 3.604992060629363948e-02 -1.362632720126111530e-01 -2.220282805898908876e-03
2.093159118561707943e-01 3.157480269571799614e-02 9.041243769357698579e-02 -4.222159365568958073e-02 2.101141686034509182e-01 4.263090347438455718e-02 8.786651779266174689e-02 -1.471232227939414661e-01 1.158874422257549358e-01 2.092912562150167979e-02 6.675392527784433649e-02 7.247060581518632860e-02
-6.197245092103595421e-02 -5.688502725148264494e-02 -2.036446609980955280e-01 8.548365815033151516e-02 -4.661381670818209172e-02 5.465250222517407767e-03 -3.934324393577137702e-02 -2.586632946978258477e-02 4.734312160515940365e-02 -1.356563660618740064e-01 -4.720499334868714231e-02 -5.457088403117312664e-02
6.480677049409519497e-02 -2.551368098439615179e-02 -4.234287118889570878e-02 1.087244868152666133e-01 3.451224648755298746e-02 7.564718389565505685e-02 -3.175986888265197507e-03 1.965417851495520826e-02 -2.485278275650813426e-02 -5.613602557735825060e-02 1.707730694518059351e-03 1.053559233379156856e-01
1.044044987425434834e-01 2.676357942918033972e-02 -8.368994911418109472e-02 -5.979268404334955184e-02 1.675364846576922473e-01 -5.185904114748131864e-03 9.586864921006768570e-02 -9.856644390493941865e-02 -3.815834617363796782e-02 -1.787942738309668614e-02 1.828753237903029405e-01 -2.466824746279526748e-01
3.679342488657338234e-02 7.284627607442061004e-02 -1.117312068133707870e-01 8.411107024077396632e-02 5.472732530708216553e-02 -1.713846177866727438e-01 -5.644662754897698809e-02 -1.521524805560645066e-01 1.275734569238574923e-01 4.472572279737767331e-02 3.846787538530912348e-02 1.649053363700512045e-02
-1.884985877998929032e-03 -6.479862645010063538e-02 -7.670750509649371107e-02 -2.239865205677312246e-02 1.223337084667480840e-01 9.500232602945177240e-02 -4.080624541825211837e-02 2.204491781613662771e-01 3.691631546283009185e-02 -1.498126131349056533e-01 1.289468089800649142e-01 1.082423546137912911e-02
1.618905793531479620e-01 1.089426359351474277e-01 7.364035078338257434e-02 -5.652358593615419008e-02 -6.006346778428702654e-02 7.358641479295216503e-02 1.202074112946157312e-02 -2.054722416318007228e-01 -8.557920428910113786e-02 -4.107164977378411665e-03 3.179905105822811162e-02 -6.697234182365555122e-02
-1.720754694877756064e-01 5.320231605984131196e-02 4.154557642020044461e-02 -4.197800632307800012e-02 -7.806560225032636857e-02 7.018158677131466905e-02 -2.283707535957938892e-02 9.670542338532932269e-02 -6.197774797899410076e-02 -4.534453488642856134e-02 3.996955609444822338e-02 2.494167833187057454e-02
6.218461861194898160e-02 -6.559094058874841149e-02 1.125026901058727158e-01 1.201641874571442725e-01 -7.856355098994637076e-02 -1.925087409837369229e-02 9.518927808089319709e-02 1.029587900025456387e-01 -5.134049549870312729e-02 -4.582279583006998447e-02 -5.989984756844902308e-02 1.557050598875786736e-02
-3.550747022524582824e-02 -2.122584437316968331e-02 4.199071476682151617e-03 7.363079850307624463e-03 7.179088024588541062e-02 1.141698535424448199e-02 6.304826051600767589e-02 -5.435853852194968278e-02 3.161033409685141266e-02 4.653161086610488328e-02 7.317225363628795942e-02 -1.023926222134350084e-01
-6.778983114916151131e-02 -3.611279226953056920e-02 -5.411790304671881824e-02 -2.283614029346991633e-02 7.753746026692986959e-04 -4.894362918085622127e-02 8.303459338678201296e-02 -3.905489745279137198e-02 -7.387468760925280584e-03 -6.745340427796579774e-02 3.037080224538372258e-02 -9.136927136954958728e-02
3.645966438674897586e-02 -2.909257144364772452e-01 -8.409915582938090606e-02 -2.713770270332475053e-03 7.644104603868369374e-02 1.217226206674844879e-01 -1.814363975078628691e-02 -8.704333201499840633e-02 1.641937989605592174e-01 -8.046406151148362274e-02 4.666370576297601200e-03 1.585309295633515261e-02
4.369060400898979596e-02 -3.095699184550910945e-03 -2.985043664618013126e-02 4.778908318515121684e-02 -4.248243172598054757e-02 -8.104549670577343434e-02 -6.758454304409017288e-02 -8.346265781007163737e-03 -2.402950048756076137e-02 -3.672685111209188225e-02 9.874262085788140450e-03 2.067031313275168730e-02
7.353073360101439193e-02 4.287232330136570187e-03 1.179191936497953619e-01 1.449752445765473408e-01 1.581903277705622515e-02 4.335225300423484196e-02 -1.545243050657255923e-01 -1.184576250330394015e-01 -7.320041451054302983e-02 9.617543604017324277e-02 -3.199253692240614649e-03 -5.522882684002527326e-02
-4.651063325600553883e-03 9.205765602816244272e-03 -8.508203531183134956e-05 -4.034039256393538025e-02 8.584385557020658697e-02 3.881277965253729367e-02 -9.583053244867045795e-02 3.497078379959051714e-02 -3.299592617634821562e-02 -1.417503479147815340e-02 8.041100995473224322e-02 1.878025881101633458e-03
-6.899369742157360208e-02 -2.307214326070493038e-01 -3.330249369749394006e-02 -1.307935786204395823e-01 7.440512393230082344e-02 -2.551565175971869798e-02 -4.232509080570706628e-02 9.833005168122073425e-02 -1.562088811470316030e-01 7.213882585998511454e-02 -7.020843348909688864e-02 -2.340040081708902320e-02
2.588570498475363524e-02 -5.147810158590167273e-02 -2.694171345812943485e-01 -9.233055198722309870e-03 -3.307372258801870996e-02 -4.178108726413126695e-02 -7.188757091637545948e-02 -1.257586422362369505e-01 -1.022529529215476657e-01 1.781601967162846634e-01 1.575203532835451059e-01 9.851274804823451081e-02
-3.604812655339548894e-02 -1.046649616629441275e-02 -6.001498598147467223e-02 -2.392698590967978420e-02 3.753823252977203304e-03 -1.342127374239314164e-01 -1.510726798682005267e-01 1.020735486696786737e-01 -1.192624530201659566e-01 -8.017014537224530224e-02 5.497472043303398143e-02 2.588126616351192795e-03
1.105709949111991497e-01 6.580218609290434950e-02 4.994496043089860504e-02 -7.969308419196708196e-03 8.162834025076966260e-02 -4.976372308601723082e-02 -1.812284575189035754e-02 -2.208530526056990892e-02 1.411254646670813406e-01 2.373011335476682693e-01 3.412823238034375789e-02 -1.156798714017655549e-01
-1.811209360397459667e-01 1.007497570603418519e-01 -1.383721969069560687e-01 1.345713804712158346e-01 3.748842138013950415e-02 -1.768515176269963018e-01 2.594023937991126946e-02 2.246493468835214155e-02 -1.725386958323182549e-02 -2.448356735057081665e-02 -2.498962334538995522e-02 1.890328224219166298e-02
1.383907248353121594e-02 -5.219055277678344949e-03 -1.126360782191559301e-02 7.894518441554021493e-02 6.940342262775396620e-02 8.086675578370819406e-02 2.716707165734586274e-02 -4.520457473831646783e-02 -3.858322775303498625e-02 8.176096139829615306e-02 1.413029684819820109e-01 2.924333636899599520e-02
1.884589289401756018e-01 -1.734848056552572293e-02 6.320808257249903583e-01 -7.996779976313775351e-02 7.050089002566788110e-02 8.238335032083277110e-02 1.385306034904956463e-01 1.134779485446850006e-01 5.865532619012454596e-01 2.324029288850620531e-03 -1.149717645713761727e-01 3.176670363028738509e-02
5.904572181239161471e-02 2.520292666598170084e-01 -1.428941786017896565e-01 4.993509078500685261e-03 -2.937404325145349590e-02 1.603197554181175488e-01 1.166308110966229605e-01 -8.957778636817424756e-03 -2.715541291285716863e-01 1.098734820631084713e-01 1.228132175026493411e-01 -2.648893632948587373e-01
1.855050803151693517e-01 -7.789258513477755053e-02 -9.422938873882882871e-02 -1.526383343004746596e-01 -2.019609552574293809e-01 -1.692821458364685561e-01 1.117982393764853886e-02 2.011375059110289687e-01 -9.831128072184038003e-02 -7.116833231629153544e-02 1.326311729389629823e-01 2.296100320939476469e-01
3.738073372793178015e-03 1.939161105365067583e-01 1.678329581837498252e-02 -7.715432783346595769e-02 -6.622083076954283186e-03 -1.155079439515296208e-02 2.249693984113975212e-02 -1.413667089950038092e-01 1.721346927894120901e-02 2.470709134104756288e-01 5.218450400002975359e-02 -1.593203464673839664e-01
4.576232327720201193e-03 1.117569247970109786e-01 -2.341028980155055849e-03 5.368878069706322850e-03 -8.326630501815730778e-02 -4.836399902973886888e-02 -1.116256615261300156e-01 2.530922041691222035e-01 -1.154698476220712561e-01 -1.530071831620488931e-01 9.106984820735469777e-02 2.137082616018255998e-01
1.012332893983279303e-01 1.247621559219447805e-02 -1.810439306435944196e-01 9.653401959587767922e-02 -6.314100187997913338e-02 -4.882991675971075363e-02 -7.431034873703704080e-02 -1.188151934364399115e-01 2.944672318990377083e-02 -5.889077924353219862e-02 -1.534666431938292164e-01 9.567676573499573137e-03
1.384801163798212234e-02 1.587844533168812355e-01 -9.847293319115396626e-02 -7.851517493915841084e-02 -1.828184614221664908e-02 -1.406966952298421836e-01 -3.340714408944671365e-02 7.046044672032232559e-02 -3.203254754357407613e-02 -6.980560915014412393e-02 1.158283691279554488e-02 -9.660451755516760719e-02
4.949443075542068332e-02 -2.596964979769427612e-02 5.596117749038509448e-02 1.034875493436382453e-03 -3.018370458757589246e-04 -4.467884792473298013e-03 4.664952385930772050e-02 -3.788071383219144411e-02 9.217569850444392102e-03 -1.798306327724110421e-01 -3.778364213180717551e-02 -2.126590720529367845e-02
-1.591128951371791611e-01 8.279421080078629147e-02 1.232891580623877159e-01 -3.145451380703378347e-02 1.190137640951277912e-03 5.852443683291097022e-03 -1.318219917791300932e-01 1.118395433813345469e-01 -8.712275994478273222e-02 2.842600671889075267e-02 6.282647119366580046e-02 -5.257114063386262443e-02
-1.627431807489488624e-01 8.565634829857891874e-02 -3.064205361392056872e-03 3.129279332022550930e-01 -9.434993734314621461e-02 -2.326030234573913669e-01 1.320868938884080072e-03 2.511866001335854096e-02 1.756138140899267050e-02 5.727983677591782889e-03 -1.344608832773645235e-01 7.046778738793804675e-02
4.996522016542098710e-02 3.183966447553188833e-02 -9.502875018783284644e-04 -9.717017970377182789e-02 8.337762586742285265e-02 -6.165382566634956818e-02 -2.135524945157703594e-03 -1.398640151532460352e-01 3.408010266928793164e-02 -8.930263779663917545e-02 -1.354471041742388582e-01 -1.493569743006155914e-01
