9.387687717837360779e-01 -5.570802590304668733e-01 7.524096518515581700e-01 2.692421816318056882e-01 -2.245777316493681453e-01 2.300987662130255518e-01 1.350802661843536999e-02 -5.212352978239869206e-01 -1.105445420301143372e-01 -5.154024266124335174e-01 -4.213690338542714353e-01 -9.289323089800356481e-01
-2.014538541133385485e-01 8.823203705903028826e-01 -4.789041927935777654e-01 -2.221002445938051462e-01 3.997782612375909150e-01 5.873358756937008263e-01 4.374865626055342571e-01 -4.663522892184165936e-01 5.633147847284637744e-02 -7.202289150215918090e-01 8.274462586589222957e-01 3.998373927582987153e-01
3.314543715636804611e-01 4.173556348192135612e-01 -8.137897115490266842e-01 -3.229920253353222859e-01 1.607245775187282621e-01 1.393399631669091532e+00 1.356114665482133774e-01 -1.498825438689073974e-01 7.839417252785871315e-02 -1.477175564024258425e-01 1.435970329181500693e+00 1.184495821984058728e-01
-6.074752797147598971e-01 -4.487259229849879238e-01 6.424668739678504048e-01 1.168366489807261127e-01 -4.992073033560892603e-01 3.007664584133368235e-01 5.609968314841977041e-03 5.028493267899329933e-01 -6.636111952401573255e-01 5.862461916376425775e-01 -1.364911795071039116e-02 4.739200332319987163e-01
-3.098883918217452682e-01 2.103546709993326935e-01 -8.257852267308266603e-01 -1.520230244431117761e-01 2.778209974296287355e-01 -1.448202427826628114e-01 1.692444726445773984e-01 2.543460310928224444e-01 4.517736786265175164e-01 2.529577770887558863e-01 2.683917799088661460e-01 2.766290740786571667e-01
1.158340383065116358e-01 -6.182722839636262124e-01 9.135261179249026808e-01 -4.881288644248939212e-02 -5.066219256010203731e-01 -2.382926581576995037e-02 4.649787998498912389e-02 -4.141072444090195814e-01 -1.910764151767025132e-01 -2.906929953025930713e-01 -6.969197205477879464e-01 -3.580180945048463959e-01
1.998069608176382683e-01 -6.038915878772569412e-01 1.189591291743168577e+00 -6.646878224142714620e-02 -4.061511147861225357e-01 2.632982753116753279e-03 -6.598638521869847062e-02 -2.878219777517159184e-01 -3.676477339403604883e-01 -2.927170873887633418e-01 -8.416849479242741738e-01 -1.762488218855008393e-01
-1.124631764555992453e+00 -1.449130689835100017e-01 9.656798636135685565e-02 -1.263613048242246961e-01 -1.718808573061259004e-01 1.473856346250610183e-01 -2.536842553096987363e-01 8.330611822100049413e-02 -7.130834875675888529e-02 1.940632222258325823e-01 -5.626413380693831012e-01 1.668734678216335643e-01
-5.805497580888339948e-02 -6.650830364627428881e-03 -1.343380714482872093e-02 -1.295862243083325538e+00 6.003346720532384273e-01 -9.152010346593789647e-01 6.728749477700521897e-01 2.608453078739727052e-02 5.081186874036308643e-01 2.742905008628102048e-01 -3.600846451635702494e-01 1.397481329306174302e+00
-3.887285210386104417e-01 -7.665194391754784897e-01 3.413372741458801096e-01 2.240078832821378596e-01 -2.798381536730742969e-01 -8.907106275611524904e-01 -3.966493291429789569e-01 2.515567667929387019e-01 -3.205959849035823761e-01 2.334553390166759501e-01 2.343665228333866590e-01 -1.129566510540208762e-01
3.172067420114856318e-01 -5.332599698820530421e-01 -6.559497277092208867e-01 1.082608946338107503e-01 9.794316551176503183e-02 -7.894726331457736779e-02 2.440120537456273442e-01 -9.563702283040730057e-02 3.917108606788050618e-01 -2.841755583133957486e-01 -4.204572441307346531e-01 -1.345204346855085886e-01
-3.574356893655666334e-01 -2.845483456777495382e-02 -2.489904387503879268e-01 -4.990941615957361632e-01 1.021601071244104680e-01 1.591999297641373712e+00 2.960717149118109459e-01 4.168146610698484356e-01 -1.644623582280354546e-01 6.301043737337637118e-01 -1.911116194436002225e+00 2.499420478707221893e-01
-1.799137122492558305e+00 -5.127681406879457393e-01 1.487415864223573247e-01 -5.772787107089466518e-01 4.070790851503438557e-01 -1.014265576049349749e+00 7.645832230275455554e-01 -3.257403947049151705e-01 -1.475506437427478723e-01 -1.246913768291071228e-01 -5.449076527006758708e-01 9.243250177080807317e-01
-2.454620133725500530e-01 3.024429644850224475e-01 -3.868434927155110503e-01 9.743114036974684922e-01 -2.373579133484161330e-01 8.985532018786950292e-01 -4.346536195426907723e-01 4.279726876908195865e-01 -2.383235070760438834e-01 5.257348828101524596e-01 7.427669724810584961e-01 -5.423203591398970680e-01
-1.172013128392455916e-02 -9.843063920880575912e-01 6.601748616471977416e-01 -1.182785171096266408e-01 -3.242030757635829818e-01 -1.058736105701318264e+00 -1.222357089151390463e-01 3.313263764252399324e-01 4.464295195734902660e-02 4.886906658156871530e-01 -6.572110452078645526e-01 -3.192819544712995339e-01
-6.030014225118235371e-01 4.165969907398590910e-02 -3.256819663511330981e-02 -4.998158423425079488e-02 -2.214188532680327337e-01 -1.278055274881889358e-01 -2.184434752369645849e-01 1.100802376233299684e+00 -1.301391297169287309e-01 1.077188382874082473e+00 1.241388037710832393e+00 2.180809073726517888e-01
4.101495421755809168e-01 5.499057847255803821e-01 -4.504563614437227526e-01 -1.112884937456226214e-01 4.939130892276573648e-01 3.158904294444120353e-01 1.554748094184408014e-01 -5.111228195514195827e-01 6.606093120711385991e-01 -6.223020157505616545e-01 2.620423598655653441e-01 -5.672682333559614376e-01
2.386312688826433548e-01 -7.473209486969398241e-02 -7.265931791926445726e-02 1.005978442467448108e-01 -2.221777219849860596e-01 3.726401744818150230e-02 -2.764827546771839728e-01 1.019576517090476919e+00 -8.248781739218925824e-02 1.139673164036237640e+00 1.064576718860518328e-01 -3.400364928422577870e-01
1.509314973799601445e-01 2.116544875950454041e-01 -5.539008676282157762e-01 1.679483192056808738e-01 1.113256979544708647e-01 3.360278322467240009e-01 8.372132332859436032e-02 -2.267222317831199541e-01 4.051462337564555594e-02 -2.694953004659303430e-01 4.574185210457286099e-01 6.967719327553756337e-02
8.225399450563498638e-01 -2.904105133743763445e-01 6.090179695076530786e-01 2.835945011425291540e-01 1.116858187382790621e-02 -1.382767919946176205e+00 -3.086228892172724891e-01 -2.308166695635630594e-01 -1.089321026655431096e-01 -4.108044686801411993e-01 1.198871158533572734e+00 -8.549119426168761970e-01
6.807724480881728324e-01 1.658839624946256697e-01 3.646203911027237621e-01 1.659700128337061042e-01 -1.293783585658846158e-01 -6.273809123333181637e-01 -3.516382918016605075e-01 -1.132272840486238663e-01 2.627376475260744249e-01 -1.027040719745047903e-01 -1.066585356525972111e-01 -8.927266256929801136e-01
-2.220879409613219779e-01 3.612490523443006030e-01 -3.302677225966616503e-01 1.361199066407146330e-01 -1.420079457664354672e-01 4.330560453368723639e-01 -3.102696485398679371e-01 -6.160195137410827693e-01 -4.701143175501726335e-02 -6.174465469717863586e-01 6.547800159190841907e-01 -7.404709044391302730e-02
-5.172788648744975903e-01 1.460785315670805884e-01 1.508414708179489916e-01 -5.917096075072991734e-01 5.536680653329890678e-01 -5.279462435034923962e-01 4.059540059471097861e-01 -3.398476844285642784e-01 2.985494672872460731e-01 -2.610412806008351461e-01 -1.628944324288716272e+00 -8.220146907493459942e-02
-6.525965016707722943e-02 -5.659308640471757412e-01 2.559491575641092975e-01 -3.013509516539594202e-01 2.330646270918541874e-01 -5.765183215899198910e-01 7.058904412563192787e-01 9.986334226901838820e-03 8.039439669342279826e-02 6.409358457446395763e-02 -7.582767377554253674e-01 8.586631741704950360e-02
1.346740382846074002e+00 2.216946972927464343e-01 -2.799020482012240518e-01 -4.997528848578431382e-01 4.123792581017102776e-01 -1.706714447379513944e+00 1.717001783064404929e-01 3.612946661332997605e-02 7.287283810270686057e-01 1.816996481706776023e-01 -1.783381611623183205e-01 -1.701947468813319875e-01
-1.503330693474453361e-01 5.029200696486730848e-01 1.095612769653048074e-01 4.990123861081524614e-01 -1.206784040140510827e-01 2.768483871267617968e-01 2.690067633803135475e-02 3.277294520391462185e-01 -2.854569173488717415e-01 3.515757364202654750e-02 9.364601815458725165e-01 6.581018102334663944e-02
1.416444170433121263e-01 -4.690004132267094894e-01 7.870210560971596658e-01 5.374419477490723906e-01 -1.164339946441270479e+00 4.021836320670565956e-01 -8.240040853434381640e-01 -1.902936006808618741e-01 -6.976167966939590404e-01 -1.446057484883461475e-01 -6.621187890553016375e-01 -3.845104072876665002e-01
2.974116924588893207e-01 4.988510162772862716e-02 -3.191913312300660999e-01 -6.990071450407853160e-02 -1.955153151451577420e-01 7.340244415518500931e-01 3.727171558674310242e-02 -9.056628905894733572e-01 -2.295173114148779669e-01 -1.131169717875663894e+00 -8.151179284308691653e-01 -2.069159309540735403e-01
-4.966803079709185970e-02 9.614207065534419172e-01 -2.268675184853998772e-01 -1.475637296424005783e-02 4.718226799477825972e-01 8.592052256887654504e-01 3.154907326609395768e-01 -3.250552180375658184e-01 1.302860342407621830e-01 -2.957171687424218209e-01 5.452968556179249582e-01 2.014043023900204121e-01
-5.506627446006241433e-01 1.648349121551304086e-01 2.172751366441797727e-01 -2.930669760972296270e-02 1.067794863411288542e-01 -3.243255281038364135e-01 -5.890737692115593366e-02 -4.694460119259382669e-01 1.523865250303564449e-02 -4.027944077317669458e-01 -5.018056870021976312e-01 -3.770641496399927406e-01
4.724211591048361192e-01 -6.228243744794823566e-01 4.627493379172849253e-03 2.547013277200573800e-01 4.581274121855358206e-02 -2.943130344631867401e-01 -4.705685878838747893e-01 4.901634231238034822e-02 2.045803427991278733e-01 1.983069661145230034e-01 -1.076030965573413906e-01 -5.164915567460711676e-01
