4.488443446995099735e-03 -1.034317964793077110e-01 -5.431733400722271038e-02 -4.179213060802227098e-01
-1.232657412313637735e-01 3.743370415686663594e-02 -3.234976389670807806e-01 -7.784417506038170120e-02
-1.292738230731886873e-01 8.529249910652260402e-02 -1.443405125378896536e-01 -1.280024170768517822e-01
1.565188992611780128e-01 3.261831766373830908e-03 2.934698965164204698e-01 1.299012816289478178e-01
-1.487932991019388085e-01 -2.535511228693339558e-01 6.121839561225552728e-01 -1.170173467928578744e-02
2.873060095413896287e-01 -7.082732872745231556e-02 -8.340638011389163442e-02 -1.878229033299663731e-01
-5.488889827024533430e-01 3.365664393261769693e-01 2.870852696533860993e-01 2.426469503745883605e-01
-2.019641265905067207e-02 -6.499820298930895079e-01 1.083292230184040722e-01 2.760110143310811615e-01
1.283411599586541385e-01 -2.937897185640471198e-01 2.541172887781278367e-01 -1.322661062859614711e-01
-9.147412761872461551e-02 1.657980890255669471e-01 -4.382786807485977154e-01 -3.057367142855548225e-01
2.033863749826062828e-01 -1.588427945720340684e-01 2.952888663153053761e-01 2.733320820532471607e-01
2.097292544753751320e-01 2.008179805289733166e-01 2.801418202121973566e-01 -3.687397829582321207e-01
2.224710973859314045e-01 6.580648565729714516e-03 -1.657110124203352852e-01 -9.433984629409870870e-02
1.653968367686725338e-01 -2.009936438752892851e-01 8.960929747993366667e-02 -8.755362648481355980e-02
-1.003586733115120755e-01 1.187003761177471001e-01 -4.313588270546818704e-01 -1.685988355524148663e-01
1.974267003924598529e-01 -1.948945787476608071e-01 -2.927734702495873864e-01 -2.393015076656082873e-01
2.664156705193643782e-01 -2.273676887373420885e-01 1.276506648716095871e-01 -2.995892466033751034e-01
-1.364547590760654405e-01 4.063026569130380461e-02 -1.271773939641780982e-01 7.758458953935139235e-02
1.961295222115333747e-01 2.819278235226097551e-01 1.060363220381549676e-01 -2.905714189541049874e-01
1.980465330567953153e-01 -2.237007481225741778e-01 -3.614847679080293030e-01 -9.836531511385911142e-02
4.173886231277148529e-01 -2.206578545286433657e-01 -3.757375440345355200e-01 2.851522078205799282e-01
-1.626539571864193262e-02 -3.531842946640265102e-01 -8.097572221226409517e-02 -2.569730625898734022e-01
-4.717347763869449151e-02 -1.411659493523330540e-02 -3.243470511259651246e-01 1.326399825273501532e-01
-6.386734749503432222e-03 1.968039345172979404e-01 -2.073301073516959636e-01 -1.092119088649747410e-01
-3.475201870208202704e-01 -1.344639501722902641e-01 -8.957905948827583897e-02 -4.074473907978458653e-01
1.946595922857286345e-02 -2.076812791321048374e-02 -4.230871204119875384e-01 -5.376322641225720345e-01
5.655895697746442519e-01 2.000302017356339890e-01 1.445673629215654954e-01 2.499832949270464899e-01
-1.696374173784983008e-01 -1.564124028380113329e-01 -8.756299326513786174e-02 -4.337308101125195714e-01
5.142998641796069359e-01 -2.259803900541016708e-01 4.357696674962305977e-02 -1.774619932404846445e-01
1.247047177881552421e-01 -1.932074118160398424e-02 2.181080115555550647e-01 -1.388233020201733725e-01
2.537834183693120638e-01 2.141651399494160501e-01 2.938546626355293540e-02 -9.629714614944634432e-02
-1.662992425919196382e-01 -1.081930788118635328e-01 1.723484567737686435e-01 -1.296952299315940783e-02
-2.645628375681222666e-01 4.304887149643182864e-02 1.029544522042614013e-01 -2.266669031824559422e-01
2.036120785705624603e-01 -2.001534449192727827e-01 -2.132238112901188587e-01 -2.391967649239803984e-01
1.264757691382371319e-01 1.565553923534082070e-01 5.598210293895055506e-02 -2.367168564522554863e-01
-9.997176404430760388e-02 -1.483511782298362336e-01 3.141017267506472921e-01 -1.062143982128956055e-01
3.343128196727666035e-01 -8.003730291035990319e-02 3.253185544014384201e-01 8.569276914550892632e-02
1.918413333989568981e-01 4.072459931341936290e-01 -1.254947006580902635e-01 8.841721582682723901e-02
-5.521451841777712255e-02 3.354534849034177674e-02 3.472555446073203878e-01 1.531938503288114151e-01
