5.269033688444400149e-02 8.679355953639718291e-02 -5.234954752632136471e-02 -3.205328518542967242e-02 -1.145103789780753251e-01 2.881254507820471197e-02 1.614226899166132934e-01 1.011622300688915371e-01 1.000451518234481002e-01 1.990887387716933354e-01 -6.252047489091873411e-02 9.111846621523299328e-02
8.309476310931090959e-02 7.704382472755948175e-02 -1.879616688007036338e-02 3.737617094403951346e-02 -3.716155404854782490e-02 -4.484332422851210892e-02 9.944337330595606761e-02 -8.610626320966487113e-02 4.930762560012615786e-02 7.961851851191327489e-02 1.718350144153688031e-02 -5.088670177865473737e-02
-3.312619094658774549e-02 -5.195541006040844956e-02 -8.033097163026681198e-02 3.839108925612561007e-02 -6.520066247223942416e-03 2.120677269896019054e-02 -3.526810529637229574e-02 -7.718751312535881981e-02 1.177555694558601179e-01 -1.163730855325157271e-01 -1.168789113178451966e-02 8.216402342378419099e-02
-8.082027154467136265e-02 -2.211228968522609487e-02 1.191094636594562939e-01 -5.592684887750257183e-02 -1.487393429746404205e-01 5.330525984496774922e-02 -1.000016387363174969e-02 -7.221465534426965704e-02 -7.167732805571731813e-02 -6.460361138357863242e-02 6.946269391780453273e-02 8.204345827660096402e-02
1.005690628601237646e-01 1.542068946344340163e-01 -1.456881925618750129e-01 6.355859215465339829e-02 -4.620878999794206937e-02 5.518764861887304890e-02 1.394767884937618274e-01 8.724563342871687055e-02 9.407054023033868673e-02 -1.372497684079158897e-01 -4.551768068048225174e-02 7.773841444549510482e-02
-2.044872299189251785e-01 -1.802738762173724044e-02 -3.528386694616391511e-02 -2.186846736408742248e-02 1.590898647959749015e-02 8.869959512142573665e-02 8.082147326383318231e-02 -9.968333975437725092e-02 -5.563700595363798608e-03 7.230409255679072500e-02 8.253719451041881261e-02 -5.941793976071720745e-02
5.421922962190945522e-02 7.489284412615457298e-02 -4.307279657891196351e-02 8.636494025447628842e-02 -1.380952645203766815e-01 1.009897878620905493e-01 4.120930816630624660e-02 -3.865905628309763975e-02 -1.035541370753831521e-02 1.097338009438234875e-02 -3.728713690883948134e-02 7.419489284315868016e-02
-2.074388203721216073e-01 2.785710704953647809e-03 -5.910224130131604831e-02 -8.873479906711946585e-02 -1.383883630314127616e-02 1.884751629471976553e-01 7.474964692199204119e-02 -1.728293231157652654e-01 -6.679574333222836058e-02 8.493503903090736384e-02 -7.765410724618972138e-02 -9.531726565948926699e-02
-1.275656423354896984e-01 -2.304218585622384505e-02 6.129623771554679884e-02 -1.226852354604683441e-02 -5.992453401271467112e-02 3.285920126049129281e-02 2.743120037988352675e-02 -5.670757424574923711e-02 -2.373078414614950352e-02 1.267342686792311823e-01 6.594460990055432681e-02 1.014154627622317201e-01
1.628463060958139363e-01 -5.457741987296398090e-02 -1.510387779171411390e-03 1.978035037413526220e-03 -2.301665016884312243e-01 -4.807889566490242822e-02 1.607619687609536663e-01 -2.875667083693510609e-02 -2.849737447261354792e-02 1.561950519575666940e-01 7.382205268711052037e-02 -4.840946478395596192e-03
6.605833377456593949e-03 1.273410869018884728e-01 1.970607225862234038e-02 -2.614002847075510422e-02 7.259068736232769659e-02 2.483623579933187317e-02 2.225480649799374891e-02 -6.408411613187944833e-02 6.499616532981834782e-02 -1.104152836344458460e-01 1.702399568576885847e-02 -1.396621628299035689e-01
-1.445930371734668041e-01 -4.277425472553662844e-02 -5.933018057555374675e-02 -1.534480904282461144e-01 -1.864284183206647016e-01 -7.676625139375799212e-02 8.738328830479447085e-02 4.399222753713633027e-02 5.617540887808113344e-03 -1.860483128197707170e-01 1.294777651927777606e-01 3.959515558724010023e-03
-1.110477993012630171e-01 4.972659914214062025e-03 -7.132388561933655780e-02 -5.288835877150386590e-03 1.046027191088819489e-02 5.075969621577338525e-02 2.349684930276539352e-01 -9.663541955464279021e-02 -3.395449254314394233e-02 1.716319972399450722e-01 -6.620260811856236438e-02 -5.069457884330718506e-02
-6.077794015663056520e-02 -3.788530636119082085e-02 1.383434640753241907e-01 9.448823112475102440e-03 -2.606614067634710138e-02 1.033542814583950503e-01 1.287438073598687893e-01 -7.623143022610033570e-02 1.156499938823486867e-01 -4.490436723311098249e-02 1.513645668758325513e-01 -5.312450424744982053e-02
-5.172191548818139833e-02 1.280415520062387902e-01 3.660238489828231828e-02 1.643324209165250849e-01 -4.582573211280235176e-02 7.392400194691080284e-02 4.882053125237389990e-02 3.906715519903088130e-02 -1.333841124249412202e-01 8.555273640357090661e-03 -3.149991979191980179e-02 -8.679066893874112787e-03
1.258792904662535961e-01 3.547473928857657055e-02 9.999801136159075510e-02 5.150447479254821430e-03 9.091167860802888689e-02 3.687635598204647841e-02 -1.016553824632124570e-01 -1.835354711552834583e-01 1.594309750574753604e-01 6.364729016779549498e-03 -2.449059055307178934e-02 -5.712206534268727404e-02
-6.819835776979463193e-02 -3.236408043049164573e-02 1.009791862885143360e-02 8.886684051490871192e-03 -3.622674369038324238e-02 -7.748887758938609316e-02 3.798071207086964329e-02 -1.465227042647624933e-01 -5.444570229642963638e-02 -6.834864161221277171e-03 -6.212556574562985018e-03 3.106708488425815456e-02
-6.444954896293386692e-02 8.883066314963525278e-02 -4.919575445452423895e-02 -7.384496453445175967e-02 -1.201991143640235987e-01 9.071776692696244260e-02 1.009323973917021222e-01 2.541559623679781263e-02 1.493342818448551157e-01 -7.413594801198762629e-02 -1.390085202544320553e-01 1.261663232669408066e-02
6.515648203317880860e-02 5.598469699361104113e-02 -1.060192574684086231e-01 1.486712865912839521e-01 -2.302495135180911423e-01 6.322388720729629763e-02 -6.666855400958304756e-02 -2.410332062243486853e-02 2.946463441216871579e-02 1.701497949265274034e-01 5.916061999152733702e-02 -1.816474235630945872e-02
9.619197031614445947e-02 1.530602311240198132e-01 -2.233291772158134750e-02 1.763004943881087833e-02 -1.004296793956546002e-01 1.683397809690107272e-01 2.808347744389958975e-02 -1.110026836286373553e-02 -1.931123930079159043e-02 -4.981973688788339516e-03 4.148140355765087342e-03 1.815251212089025734e-01
6.060196242190620322e-03 1.105823395092065710e-02 4.684343809890152005e-02 -3.086929378325109843e-02 -6.721333489252788451e-02 1.300730406742942047e-02 -6.356243179124163034e-02 3.768126266645813183e-02 2.974522040295111622e-02 -5.323465978943976024e-02 6.480852943418442813e-02 8.452256889031377340e-02
4.360940419986176347e-02 7.391033260512103187e-02 1.378081063343521845e-02 -1.996845210124174180e-02 -3.247179182229364275e-02 3.388780981161507860e-02 8.749952897354382197e-02 -9.557639039190195251e-02 -1.531758966459388117e-02 -1.386031081053153702e-01 -1.847284488131368252e-01 3.113431446196692626e-02
7.085246466635139462e-02 -2.796182782819146145e-02 2.504381118631229461e-02 6.557237848527729118e-02 -1.419536409107923780e-01 3.662118939942565418e-03 6.793516707481500605e-02 -1.229637109514410825e-02 -6.075518892080852135e-02 -5.256988941197735660e-02 5.127321574344027161e-02 1.708277383241527114e-02
-5.110929193526912023e-02 7.943103039887910999e-02 -2.950767475404207987e-02 1.098070602844639504e-01 -1.262388291093863024e-01 3.544224696543236269e-02 -7.121265221138470269e-02 -1.005939671426425291e-01 -1.688659996269416264e-01 3.674101320694523470e-02 -4.987629470120581027e-02 6.937257582139845502e-02
-1.235949759488020050e-01 -1.122845517163186500e-02 -7.825604982682324295e-02 -8.530963043909296772e-02 -1.788658288623728998e-02 1.101454521956335836e-01 -4.568644713880980202e-02 -2.181466330702607273e-02 6.566380503898118504e-02 -2.578609041567884660e-02 4.849756899717200254e-03 -5.904667325533980576e-02
-7.700633556359351428e-02 7.884108154029019488e-02 -1.009948892922323538e-01 8.929695234440636342e-02 -1.024003119466189871e-03 1.476556678681979068e-02 1.627395061421590405e-01 1.587799121814940581e-02 -8.852330215680710712e-02 4.777545652768851875e-02 9.246392425759623890e-02 2.805898683757158951e-02
1.191580985306259499e-01 -1.217445822089081031e-01 -1.102489262510679968e-01 3.629982463930556125e-02 1.125238766602226909e-01 -9.285305610722389968e-02 1.011830107174142290e-01 -3.185154983368654324e-02 1.051140590481028231e-01 2.212083061122245911e-02 3.324091095404176771e-02 -2.053192009009447566e-02
-4.516918156416340618e-02 4.944613313648693609e-02 1.551158879532103796e-01 -1.141294671142871614e-01 -7.769846419247406280e-03 -1.714936593002769627e-01 -4.840887343858334135e-02 -8.105430231641559680e-02 5.063420498046247026e-02 2.383446887600686528e-02 -3.190688056190180838e-02 7.164619654401734039e-02
-5.204723177321728816e-02 8.646479192091429886e-03 6.164761090131371662e-02 -3.931510989042469317e-02 2.346175314788417551e-02 -4.270538075110798942e-02 -8.156953744016734453e-02 -6.028571206304406127e-02 -5.757615039039468835e-02 8.470890229708909203e-02 -1.070368661975570207e-02 -8.788923511127762211e-02
4.498420896506156313e-02 1.364834524043883057e-01 -5.376911193146024365e-02 -1.169803958099563806e-01 7.345032944812575348e-02 1.047450109112922981e-02 2.348507714031619620e-01 -6.187096544522405206e-02 1.234498534505334630e-03 2.476457255952954281e-02 1.265978716536121998e-02 -1.087525522409471118e-01
-6.799024622705497276e-03 5.515631715828334114e-02 1.279842076661923678e-01 -1.343619761083552355e-01 2.015522045572233287e-02 -4.542724329261777633e-02 -4.829421232833040756e-02 -8.976761302607559612e-02 -5.818586329899162052e-02 1.158099634992138839e-02 -2.202122443176591365e-02 2.152436348148987350e-02
-1.255248519001821161e-01 3.668399224725876762e-02 -9.321741000085026485e-02 -1.089451477209055913e-01 -1.567905378751314749e-01 -1.049562542606426591e-01 -4.937723745911144768e-02 -1.847530381080564887e-01 4.741822041048245756e-02 1.041368357417216256e-01 4.626695005856645143e-02 -1.415715719717903220e-01
7.025576601525182485e-02 5.902896790102339641e-02 1.019372336360189479e-01 -1.827433621047552526e-01 -5.864889210970081895e-02 -4.213849507295995556e-03 -5.045664291095330878e-02 7.232404987258737872e-02 -1.596821333237350704e-01 9.065678829467056776e-02 -7.561483248737996266e-03 -1.567115811191275784e-02
1.800760152434130734e-01 4.245155810565282017e-02 6.284147387259017559e-02 -1.471832006598911280e-01 -6.502438473420716182e-04 -1.636460512500747810e-01 6.657223141920161347e-02 -5.998195102304913762e-02 1.002763728652410619e-01 9.772550660468138153e-03 -1.763726437831483751e-01 7.087974636940445883e-02
7.816460850592239773e-03 1.624112675466955064e-02 -1.370656069505160890e-01 -1.012050126178345028e-01 -6.957614233486821009e-02 4.882228843498346432e-03 3.485064746323587870e-02 -2.554484708852402738e-02 -7.308653016858125684e-02 1.485814811812445624e-01 -1.784920095794425010e-01 -4.602898239759972004e-02
1.626249931265639492e-01 3.368635330643060533e-02 3.460428335997937227e-02 4.719861268612361466e-05 -1.076963485882134058e-02 1.477734727968791142e-02 1.570298469222788929e-01 -1.413569506826261868e-01 9.971380196695102394e-02 1.323757506654372751e-01 -3.205265459835698189e-02 5.010669692069658759e-02
1.223938526396919912e-02 6.376960553661149833e-02 -2.912331391193755115e-03 -5.741763490160026184e-02 1.402987722469818677e-02 -8.108478294439468159e-03 2.140996648626211085e-01 -1.964541916732409632e-01 -1.597023813180583826e-02 -6.190403702292732874e-02 -5.971040567076315447e-02 -2.893812081559994642e-02
-9.702229027300668385e-03 1.639194356382366047e-01 1.455689267758471239e-01 3.067282284525849057e-02 -6.144882547078463902e-02 -1.577410337925809480e-01 2.509963949213139464e-02 8.287640357237772981e-02 1.571245926912877289e-01 -1.331761453401767159e-01 -1.125760144687809189e-01 -6.929095499268196623e-02
8.427282167731392493e-02 2.417270523179567907e-02 5.484406105432684114e-02 -7.231517125515908584e-02 -1.649181177453605263e-01 4.502024044556571930e-02 5.784081865331264227e-02 -9.292313383579721420e-02 6.983012479418675145e-02 1.048417276402517501e-01 1.069379156260095581e-01 -6.766886689051584622e-03
-3.094834542436817812e-02 7.173563234980309677e-02 -7.211943671487110012e-03 -1.491073239482632214e-02 -6.588488916325811739e-02 1.519355502764797305e-01 -5.265244885501862981e-02 -3.851307315930875552e-02 1.501464085078089428e-01 6.546988661792509795e-03 -1.495195165621642786e-01 1.548157230100105641e-02
-7.279521786520601334e-02 -2.276778753013064191e-02 7.725617227185074820e-02 -1.720039966968256173e-01 -1.198066376241471581e-01 -3.603190486267388720e-02 6.375593543310528744e-02 -1.064566524178946622e-01 -7.571648809279986347e-02 1.914653057544633830e-02 -1.585911890168706373e-01 8.175444364128005292e-02
7.018502864405221087e-02 5.897051479117249029e-02 -2.346048437714728652e-01 6.798226869058963950e-02 -1.764011089319609815e-01 6.206647957928002751e-02 -2.503959268293892357e-03 -7.974902176984799418e-02 -1.926969209289144114e-01 7.700051264780262417e-02 -3.448975597018120315e-02 1.407760657946413585e-01
1.152398673022088718e-02 -1.845698660944577671e-02 -1.652070545764374454e-01 -1.689448186232343080e-02 -7.056603259981274190e-02 -1.128216686506392369e-01 -8.214709766006611513e-02 -8.987746955036095275e-02 5.399633776327607965e-02 3.832221297659426512e-02 1.504278542574100652e-01 -1.347067156984115832e-01
5.570977454774144952e-03 -7.211012273225539393e-02 3.639971789688177355e-03 -3.331896070691928169e-02 1.084451496953025701e-01 -1.393489603253714876e-02 6.232474573239144000e-02 -7.236635967930127311e-02 1.133987842842189460e-02 1.995247617569910481e-02 -8.148350861731758210e-02 -3.364460047897421119e-02
-5.611522019750771889e-02 8.279668081291084725e-02 -9.317664567092881489e-02 3.353591388649140859e-02 -2.722973996462088250e-02 -3.208883330276460916e-02 8.145459984940628395e-02 1.464701696270051361e-02 5.064035621408886217e-02 8.512951737149281051e-02 9.555775119868910317e-02 -1.222401099120817708e-01
-1.597963390610504242e-01 -1.734830341261806366e-02 -8.435446837766316652e-02 -1.545802897214340089e-02 8.563187970973799856e-02 -6.618207198692667437e-02 -2.130074187326785537e-02 -1.719905106351158827e-02 5.265522720399237050e-02 4.408289805930212107e-02 -2.495904792319424137e-02 1.063326763703386219e-01
2.092712605795729250e-02 1.150014982676555442e-01 1.732237492201060547e-01 1.360005806591176036e-01 -1.535368358391971944e-01 1.893153919573039960e-03 1.508605848875863020e-01 6.608324191161137062e-02 -1.301534115001025393e-01 -3.302137437522390667e-02 -1.203919477093208512e-02 8.652948467405423977e-03
2.091695181389870498e-02 4.570126764062291957e-02 7.197323478677644659e-02 1.970145268433499963e-02 -2.174948468336800333e-01 1.051920548837566721e-01 2.015157283732449400e-01 -1.986754605214232083e-01 -1.099888697243476959e-01 3.651956059638512830e-02 5.678156041829448414e-02 -6.028910904244417363e-02
-2.423747635071719572e-02 2.341907864720726637e-02 4.730579937169922949e-02 -2.739756264691804721e-02 -1.811033133766762337e-01 -8.771138993059822420e-02 -6.018439649693960170e-02 -4.834258990778783627e-02 -6.092314114933785295e-03 5.557677878238489327e-02 -2.150782860674099652e-03 9.105833441173598330e-02
1.422475856311149200e-01 -1.476453931431620792e-01 -7.411678101975824329e-02 2.094994609449561118e-01 -1.952418714493477925e-01 -2.186555283939791983e-01 7.728876923328509285e-02 -2.387521471433065035e-01 -1.389860890179922814e-01 6.943355756559731196e-02 -2.283429611242463464e-01 2.113644332114409941e-01
-1.427016481031012918e-01 -9.204759850862805418e-03 -7.450262821250924761e-02 2.826976285186604682e-02 1.171449048722697645e-01 1.531962797679093102e-01 1.401591863437599006e-01 -1.704612689692239572e-02 -5.286208994407375766e-02 -1.448366347945499177e-01 2.134727019701881945e-02 7.047090067822182891e-02
-1.462431986078127355e-01 4.100479180705462502e-03 -5.814566751274723860e-02 1.248453999395880004e-01 -2.051979430928244086e-01 1.643768343453655689e-01 -2.865321680268755403e-02 -6.859992016474439347e-02 -1.040358130807816223e-01 -5.392581743381342357e-02 1.592756523094315813e-01 4.937984143433011425e-02
-4.803577037695121871e-02 1.105338937908684205e-01 1.524098879051093702e-01 -5.910699984499215298e-02 -1.196328896989889007e-01 -2.725012672756506674e-02 1.733118771878785491e-01 -1.005712886825645275e-01 7.441744040810326088e-02 -6.127616122708420821e-02 -3.094359673891334313e-03 -2.753707906201823680e-02
5.789510555353703097e-02 3.468444022608302424e-02 -3.981799767840086407e-02 4.401750259102556184e-02 -1.942287925813862004e-01 1.176912212690122556e-02 -7.157862000586281970e-02 -7.371134927319643315e-02 -7.687843616274929459e-02 7.986587964824694297e-02 8.743187684783517571e-03 2.075604780561263879e-02
1.392202843738027662e-01 8.607622875390849582e-02 1.021372738571977579e-01 -6.161031725565509209e-02 -1.131026276330407004e-01 -5.716058411185822447e-02 1.963003454417815985e-01 -2.990751847832659807e-02 -9.681084447903899604e-02 1.278032370759507770e-02 2.326718632733210113e-02 -2.230459865942723274e-01
1.050127906500760988e-01 1.247496409726390199e-01 1.606024266237529238e-02 1.551456671828146117e-01 -5.274951863820689230e-02 -3.217987888025817395e-02 -5.547523073868823769e-03 -8.660700286884324972e-02 -6.841544934579220361e-02 -1.411941958031329679e-02 -3.788335426152789759e-02 5.792411063481061467e-02
-1.057706331927262267e-01 9.964017905396348965e-04 -3.553606129982438827e-02 2.677393795492744588e-01 -8.683155807079458166e-02 5.460799886864754066e-02 -3.352274667801785624e-02 -3.687629898976793608e-02 1.378110467470227418e-01 1.295279424336591434e-01 -6.185435028403726138e-02 5.498725073608150271e-03
-3.855201751583605535e-02 8.600920967095736225e-02 -2.295425850462768161e-02 -3.967447473103362376e-02 -1.069887177479596080e-01 5.676392981159992385e-02 -6.780245904263096542e-03 -1.910771147737155840e-01 8.044339559038148069e-02 -1.662556178490728551e-02 6.768762072388943840e-02 6.140067233557449516e-02
1.351178749792767697e-01 8.446669203971794715e-02 6.398703971826635861e-02 -8.959135265121191682e-02 4.959844007955280243e-03 9.017710875127897541e-02 1.456515680738847407e-01 -9.096658792136506910e-02 -7.092553074003253577e-02 1.482859407242791694e-01 1.450397421505309481e-01 1.173425567023744093e-01
2.209945806613386812e-02 2.957552315582873473e-02 -1.581888172716720831e-01 -8.867675886279350250e-04 4.536271419813334843e-02 6.494253478827437254e-02 4.456422690263250018e-03 -3.917523164696978810e-02 1.016254897488462067e-01 -2.485194009180453564e-02 -6.934182674921406109e-02 1.528085084051810510e-02
-9.743003755489756945e-02 6.837967709967289476e-02 8.746244605045983000e-02 7.821429787329479966e-02 -2.696514538982303436e-02 9.376990625562077464e-02 -1.611138599702946136e-02 5.633713497323281235e-05 1.484216418569439810e-01 8.847040610493990542e-02 1.777235521032755755e-02 7.142200048023496228e-02
-8.904693862362084156e-02 1.301072563133618132e-01 1.590136286856642933e-01 9.857481454480449337e-03 -2.061521298858804419e-01 -3.129240331897210209e-02 9.728222721997117906e-02 -5.946143141027442069e-02 7.090145371912560945e-02 1.100789665256770161e-01 2.073081774985893189e-01 -1.136715928917339663e-01
-1.355008040184101092e-01 1.506542787003226358e-01 -2.281074092191755776e-01 1.239192297329935050e-01 1.780305053265219747e-02 -5.722366346342701998e-02 1.184390249797394046e-01 -8.213097749177047935e-02 -1.090842867880615491e-01 1.952349254516364818e-01 -1.933398527697309695e-03 -1.732375783826741733e-01
-3.447200713978270520e-02 -4.211550574254974144e-02 4.477017361139145474e-02 2.169527658098330258e-02 -5.622976099945412726e-02 -1.003655589358453878e-02 -2.549229810017563172e-02 -7.785955170843879281e-02 -8.277023754972816574e-03 5.245294007317954227e-02 7.840472301700444901e-02 3.465902864715337400e-02
1.459395244558903126e-02 3.868512443478828999e-02 -9.537966999226354936e-02 -1.034798411103923926e-01 -8.363311151925707787e-02 5.640913141782034207e-02 6.125126885766482565e-02 1.554992800815667084e-02 5.113950392321753996e-02 1.184649537466436614e-01 -1.156515468396325103e-01 2.679977268216827274e-02
-2.845882711833714815e-02 -7.390183646403036821e-02 6.879845326845124287e-02 -1.208214990163502950e-01 4.980170318383669165e-02 3.665474134192687333e-02 3.352728525929908610e-02 -1.213461861534593650e-01 2.143443920006530071e-02 1.912906967647677939e-02 3.685272313157556684e-02 -5.888760797127968322e-02
-6.912795233425989005e-02 8.945170498060914244e-02 -5.800417224813236156e-02 -5.028073057948788394e-02 -1.618524885631632548e-01 -3.780271876829714023e-02 -9.606807368021827442e-02 -1.231289148581050236e-01 -7.183612272712193436e-02 9.901398960569961216e-02 8.750882339007255706e-02 -9.229013945805077113e-02
-1.038706649425845674e-01 -3.436243872855583581e-02 1.842538551201276797e-01 3.479294551547031100e-02 -3.694543149230177653e-02 8.922267429785467330e-02 1.053883058198721440e-02 -9.398792989465300229e-02 -2.513311388414186595e-02 4.297167115926221054e-02 3.101071553172105727e-02 9.275675681653165056e-03
7.714691789486394224e-02 7.612201103902303811e-02 5.213366883337370444e-02 -8.893065492711664521e-02 -6.082993027820520621e-02 -1.574715129511687281e-02 -4.636964216220706980e-02 -1.632111393639405494e-01 -3.189088132716986351e-02 -3.122358899218384640e-03 5.691723183184930340e-02 1.168602900846833353e-01
2.608432572593871995e-03 1.047220866699562214e-01 -1.905968193407054159e-02 -2.874016169175199614e-02 -8.959709817001824950e-02 -2.368010807356341410e-02 -8.644752983004924674e-02 -1.799395371110540723e-02 -7.790620711307368051e-02 3.722531865579866567e-02 7.475948992399357451e-02 -1.218236540020555120e-01
7.393289249094692206e-02 1.212633256504315471e-01 2.604583838756273709e-02 -1.376756486571472926e-01 -8.023268853346008506e-03 6.426061374291903994e-02 1.546070883152651509e-01 -7.265247006067089564e-02 -4.569209120569721165e-03 4.308685205462253059e-02 1.088312682470372536e-02 -1.195623641180482838e-01
-2.121552251939503794e-02 1.517488977924307536e-01 -1.111734878866766363e-01 2.784943327438030043e-03 1.407006278111271741e-02 6.074486739999581525e-02 1.751745822017287124e-01 -1.858589040484234234e-01 6.978394578510255068e-03 -1.582940134867395418e-02 -7.161608355770189560e-02 -1.250160014380922169e-01
4.007589364880192323e-02 3.640097982091476669e-02 -2.802016035206288461e-02 7.210687219787874358e-02 -8.392111085374613644e-02 -3.094580694486559827e-02 7.638266182123859549e-02 -5.855915636707861860e-02 -1.089069925236790387e-01 -2.981892374137618332e-02 9.770554389165596321e-02 -6.669603322580165347e-03
-4.150383218917983591e-02 1.898236298659188720e-02 -8.883717186555114415e-03 -5.606546289775350689e-02 7.247944026549722751e-02 -1.236186417681736302e-02 -8.547789556393268345e-03 -1.685758571296639974e-01 -5.762433903218060899e-02 -1.857742453095604339e-03 -4.963324607644401670e-02 -1.484873254889741423e-01
9.653816840148690681e-02 -3.628703626408683221e-03 -1.770078923967223494e-01 3.762243111868553147e-02 -1.234110117135383961e-01 -9.861263959452283567e-03 -5.922208164019382264e-03 -2.547741542042397320e-02 -2.173559532350378444e-03 3.249934238083023591e-02 -1.021560818255586450e-01 -1.140707033013620281e-01
8.241902004003787141e-02 -1.253897049940912722e-01 5.536474659236678003e-02 -1.037809436811203273e-01 2.990893284543797923e-03 6.098190396900719096e-02 6.696544563827989960e-02 -9.245055508580805881e-02 -1.732741913235929798e-01 1.691110750294886125e-02 1.003097529649887715e-01 -3.139148758919133031e-02
3.789610403588881531e-05 6.452406566636760543e-02 9.652662448077872770e-03 6.074862701101381261e-03 -8.330038932544160668e-02 1.118026515597190101e-01 -1.814163016096414713e-02 -2.231138261839569203e-01 1.827021365688001053e-01 5.626347071048998921e-02 9.298960249440192671e-03 -5.049585964280049050e-02
-5.660884915776333987e-02 1.039854428300546751e-01 9.260685644742777667e-03 -7.635006068766082843e-02 -1.445531892116692640e-01 1.419663769796487285e-01 2.128747661119606907e-02 4.265573839883396445e-02 1.356059643856511177e-01 -6.829362058582803818e-02 -8.925902553950994245e-02 -6.411438717513721908e-02
2.672103287922045212e-01 2.116761689270868219e-01 -1.108987271505570693e-01 -1.178253802095478725e-01 2.747589284241278365e-02 5.506057717891880282e-02 8.926350919770864589e-02 -4.764439020735881936e-02 1.961091156189491078e-02 8.315540011161685896e-02 -6.117128063625035944e-02 3.812469277822603392e-02
1.185402587398078356e-01 1.335086034462894533e-01 2.529621384839716991e-01 -1.422073664348177668e-01 -9.687578172105916485e-02 1.959016487436331111e-01 -1.250885206279139239e-01 -4.071927054648551147e-02 8.296215362098950663e-02 3.471991475124172437e-03 -4.192304737893601252e-03 4.432510899426930079e-02
-2.202827724969719514e-01 6.103901732415263626e-02 2.570072237043728378e-02 2.155241854903644505e-02 -8.097886144208964188e-02 4.756373555115019774e-02 1.342558959870919222e-01 -9.032368821877863330e-02 2.744514835335042438e-02 -2.022483768929046744e-01 1.836289395278470349e-01 -5.406992211510281560e-02
9.771256846139001612e-03 1.829668624719843761e-01 6.525647778364335183e-02 -6.906409080280941082e-02 2.258383050354817803e-02 -5.620758567046133664e-02 1.815853175812027695e-02 8.900050778401814855e-02 -1.043992218671386911e-02 7.784330595979198353e-02 2.381434876981217696e-01 -5.588202043569211186e-03
-4.338171067698728262e-02 -5.602513553989853234e-02 -6.078494332361204094e-02 -1.051717822111660448e-02 3.951105494580097605e-02 -3.903604942261686833e-02 4.579402873615617819e-02 -1.482826356883035213e-01 -7.579271431335717069e-02 9.171857940190152048e-02 -4.565050947146288146e-02 -2.465584239701754110e-02
2.372937953235235986e-01 -6.078151239220432878e-01 4.446550580254031160e-01 2.644899966514599465e-01 -1.087631373431739296e-01 -1.322210958018941451e-01 -2.869941739318400131e-01 -5.752474486183364877e-02 -8.541250715783685332e-02 -2.170121827726995412e-01 -5.427500889047459642e-01 1.716703796840070573e-01
8.338208219790130271e-02 1.365534994414576431e-01 8.515040999728118454e-02 1.889820947261904721e-02 -1.539871933578719270e-03 -1.639502789306926736e-02 7.408502324058299782e-02 3.526803507599966803e-02 -4.481984631744245079e-02 9.910852943327307096e-02 -1.069795374159955154e-01 1.929165781955588521e-01
-2.300222273439080090e-01 3.086653159299297400e-01 -3.020705589585051531e-01 -1.412875964483104041e-01 7.732651310790376875e-02 9.346750022092169263e-02 1.330541952081774615e-01 4.654971815028116633e-02 6.385164070624722854e-02 1.704041696628039448e-01 2.518407417943007709e-01 6.984387853955734138e-03
1.458049474582176208e-01 7.858278525363961153e-02 1.293321011481045613e-01 7.534259265258923255e-02 -1.866545427626407072e-01 -2.041798151362525862e-03 3.907298656352173327e-02 6.086426168827836769e-02 1.002628390420656490e-01 2.307513932441676296e-01 -1.680166948485215528e-01 1.543602297302204551e-01
-1.930180580608839291e-01 2.730316405960846460e-01 -2.490910728295902821e-01 2.975916128570165603e-02 -1.291008732892930111e-02 -1.597130671782026265e-02 -9.285174880504398764e-03 1.921051789686100200e-02 2.314943477807679673e-01 1.915898763621911097e-02 3.012084207920914247e-01 -2.102683452996466362e-02
-7.030821346819049467e-02 5.176412232500268717e-02 -7.868601469230490641e-02 -4.670022851379547479e-02 -2.431528342570462575e-01 1.221092190283151052e-01 6.293991710778122639e-02 5.307438421957195139e-03 -6.559855701030624375e-02 8.335337407125235909e-02 8.899047662969346295e-02 2.512653180012163617e-02
1.366154748799242868e-01 1.683200444701407894e-01 2.107844242323114459e-01 1.251407220195303316e-01 -1.031189282228653498e-01 -1.550944384634529161e-01 -9.135215381323108508e-02 -2.182818500929398775e-01 -1.311356049926854783e-01 1.694559429791464289e-01 8.315569740095858642e-02 2.226163468728740991e-02
1.268232640964772340e-01 1.669021639594406026e-01 1.422530072760651298e-02 -4.859500735117529280e-02 -1.617177010471721466e-01 -4.528479506773439717e-02 4.738525908734332083e-03 -9.472598662747148957e-02 3.556023215964630897e-03 1.798806681058540413e-01 8.095099392597575327e-02 5.996889391481704384e-02
1.265986831166640847e-01 5.778002352790845286e-02 -8.005659831583339381e-02 -9.872929498486444910e-02 -1.416189397162252450e-01 2.190467290676274478e-02 8.737645959240436522e-02 -3.223141895020026348e-02 -1.439105636273655675e-01 5.542324958096715021e-02 -1.059964534068890823e-01 -1.247064401116102297e-02
-5.664377813543750723e-02 1.498913558935922874e-01 -2.305379523431015307e-02 1.571538976004481503e-01 -7.600824986586783572e-02 -1.266876203398357298e-02 2.885221866382960479e-03 -6.334671280159341611e-02 -2.661779957859923898e-02 2.088982131588656144e-01 2.538058768257026292e-03 -4.204279202171886526e-02
7.253797253058980044e-02 4.452384580767623778e-02 4.827121531090636242e-02 7.264974282529894356e-02 9.466064609157243126e-02 8.934464434873498617e-02 -9.881598586498224757e-02 6.693102261030840772e-02 4.721569724390863726e-02 2.025548965414282754e-01 1.583517445762890608e-01 1.580089771311944391e-01
