2.337167029775778782e-02 4.046719474381135773e-02 8.342739770866722249e-02 -1.665734584491200265e-01 -6.564657667468168367e-02 7.708273081266373006e-02 -2.089199876276126577e-01 -9.203007492392040190e-02 -1.569591681480098644e-01 7.258054799946392355e-02 5.156710105689963491e-02 -6.324103410146245108e-02
-2.032018482979679880e-02 -3.129355244870800183e-03 -1.171279834065119818e-01 1.059935696574009212e-01 7.466591637221203781e-02 9.611576279461304939e-03 -9.448938914099630493e-02 8.637975821666295240e-02 -1.144046552097499787e-02 1.766516811002298223e-02 5.047721618421428108e-02 9.500668477307185056e-02
9.907646107611103869e-02 -3.153811962843428105e-03 -5.801233511304960261e-02 1.176156061823587506e-01 7.474247090634186796e-02 -7.810738642643613727e-02 7.499938747774509418e-02 -7.646392785740022124e-02 -9.715522912465579530e-02 -1.942220221249251269e-02 -2.498440941286587114e-01 -9.518325556340681212e-03
-8.851805668817230854e-02 2.457954777850497596e-02 -3.331066453202921607e-02 6.608749141906058999e-02 -4.703404146242458339e-02 -6.653211164887140594e-02 1.440076569314469035e-01 7.221218838221428460e-02 4.782896139635975374e-02 -1.192541610746397363e-01 -1.470779953727592293e-01 -4.557010547270614470e-03
8.431354557252530857e-02 -7.083514209595556665e-02 7.550821128727547293e-02 4.527060654939499273e-02 1.764383838333704463e-02 -2.200994350095311636e-02 -7.317239561491832578e-02 1.460551558267077499e-01 7.616139096498496242e-02 -4.897107379197174898e-02 4.537351332841625673e-02 1.328555908915816583e-02
-7.399140742162912954e-02 4.593875839729400640e-02 -3.169142328512691148e-02 -1.252384192462096535e-01 9.031284261103026886e-03 -1.394894742503047513e-01 -4.905407846330360477e-02 -1.279494363852116262e-02 -1.233868163986107797e-01 6.860498654214408631e-02 -3.730847905041193707e-02 1.440537482054932497e-02
4.247487502166219508e-02 1.536080558502986651e-02 -1.356681992316711438e-01 2.970342154751084290e-02 -4.724535972673189754e-02 -1.803042176316785317e-02 6.492465485140880288e-02 6.709505976847471298e-02 3.100749020659409813e-03 5.190018510409168118e-02 -5.466754810641416551e-02 -9.267459642066848500e-04
-2.326883620203289843e-02 2.101199699842936156e-02 -8.835058018478371411e-02 3.383721733650572883e-02 -5.805446655735880396e-02 -6.072406429981871967e-02 8.835820343903466600e-02 3.798750350855258084e-02 -9.635642959527480997e-05 6.874608642157772898e-02 -3.938780635175996581e-02 -7.568051747028303917e-03
-8.709305212797990858e-02 4.471824029528945199e-02 5.247462226314926481e-02 -1.062460583728088714e-01 5.279351882944243596e-03 -1.310058356534253843e-01 -2.826939282954307742e-02 1.910644654333855386e-02 -5.878756752872425079e-02 1.262396334677149123e-01 -2.933816102694779271e-02 9.520922679616553377e-03
-8.215681606645734367e-03 1.273512034125234005e-01 4.935914834549295915e-02 -1.581663450281078779e-03 -3.995568109529835932e-02 5.354387557167195749e-02 5.370262142522506596e-03 -1.134293379891498366e-01 7.917558168141877739e-02 1.057404489831922922e-02 -6.466464111832281869e-02 9.065460061103391975e-02
-9.636441666606021528e-02 -5.069665073080898560e-02 -5.394718886930922538e-03 1.980989194405658512e-03 -9.245155738841262516e-02 -7.813165913445362099e-02 -2.976650123581987481e-03 8.377088447434150043e-02 8.489564636673216369e-02 6.309346582276199877e-02 -2.410609302092023287e-02 -8.541493494762464334e-02
8.049905463957796048e-02 1.167776953794478698e-02 -3.889675462952597688e-03 7.989128966243760899e-02 7.604388011007136294e-02 -2.141438945198452792e-01 3.277804839791468444e-02 7.497684789781612624e-02 -3.668832099036306582e-02 6.323898598483890590e-03 -4.493540950087686336e-02 -3.106219719626167330e-02
1.161288836465188129e-01 3.235703165686319022e-02 -3.433733828180060565e-02 1.812230247963377353e-02 -1.874588379178236675e-02 -5.215090156899091639e-02 -9.530234945387789161e-03 3.579693887427241872e-02 -1.104946650445304823e-01 -1.348236771157331204e-01 6.312477945611366659e-02 6.445751368523028324e-02
-9.646666775814900785e-02 -1.716919681553786409e-02 3.030823108125459305e-03 -1.084313955638229743e-01 3.587327107764861495e-02 -6.762159714983759229e-02 -1.295696203485973558e-02 2.648899262144727151e-02 1.139848634190490234e-01 2.064290672637053570e-02 9.487103902823726398e-02 -2.228120610486507974e-02
-2.101083835153341739e-02 -1.270374261860604814e-01 5.824648298575717253e-02 -1.659224588795618072e-01 6.794983192286559170e-02 9.939528311513659911e-03 -2.950491400179004048e-04 -4.357697098374053307e-02 -6.119273291099558421e-02 -5.011222103957359286e-02 -1.650693258462540280e-01 -2.118125046988915405e-02
-1.265170550216656621e-02 1.717399821076678601e-01 2.599191192244710430e-03 -1.408627385067441895e-01 -8.857841311391774497e-02 -7.051692819541771629e-02 -1.252959359083692832e-02 3.520873391015478387e-02 6.199471681285051439e-02 -1.669313030617963767e-02 5.560568571770145574e-02 1.121298229596326135e-01
-1.773858329722279373e-02 -2.387271599504312003e-02 3.809793871948867483e-02 -5.540051066707776806e-02 -9.969305317465027017e-02 -1.387778853909898968e-01 -2.807021847679511822e-02 -1.518220789260426307e-01 1.024458116099499772e-02 1.485908521728086518e-01 -5.854254261163827078e-02 -7.264248377788853905e-02
-1.399863187316403024e-01 -2.456318265123057926e-02 1.664340395501934244e-01 7.490083527592084067e-02 7.353561379105062745e-02 1.490257883407416356e-02 8.517217365123372352e-02 4.562011524471643042e-02 -1.053082351153648150e-02 -1.029542060084294719e-01 1.222361370944696941e-02 2.386520455135687432e-03
-2.528626316287292675e-02 -5.945303890965135396e-02 7.413272370168992598e-02 -6.327129607946302414e-02 1.357689965990168113e-01 -9.883389508431425496e-02 -3.650384797270002368e-02 -2.819224883674158189e-02 8.566663392275528002e-04 1.326557003169631377e-01 -3.148244112344626700e-02 -2.180287529717142569e-02
-3.159106749827288174e-02 -1.005139570663262094e-01 -3.054437242564185528e-02 -7.836774411215854941e-02 -6.570989627676530886e-02 2.160954452292675881e-02 1.019987991352973855e-01 3.576918794750508224e-02 1.808191211658041753e-01 6.786405510706616795e-02 6.286807162995391995e-02 1.947718041658019761e-02
-1.843154761472397957e-02 5.782199788437357435e-02 -1.103138499585051974e-01 1.196551673164741175e-02 -2.672926287817777025e-02 9.967174541542833666e-03 7.849537619036164871e-02 4.476946258214425933e-02 9.790840198766071617e-03 -7.185608601822261743e-02 -1.281607976198456331e-02 -1.660009390544863739e-01
1.698105872397644989e-01 -4.595834328091148030e-02 -5.882781631071284933e-02 -5.415237007923640045e-02 -1.073586699558402163e-01 -7.262147788622944121e-04 1.166396643939848071e-02 4.251925844827177114e-03 -8.699628803747777583e-02 -4.077019661821314200e-03 -1.205110954229059173e-01 5.939023734366600388e-02
7.574388448790704553e-02 -3.081765224160262773e-02 -9.602858156720296690e-02 1.499459202963763782e-01 7.008519973120877489e-02 -3.930849758066007338e-02 2.516808041983232408e-02 -1.111908818491229647e-02 -3.799005766251072058e-02 1.010082222605185667e-02 8.803384420128998467e-02 -6.427034740510967348e-02
-3.396774817035055904e-02 -3.058602852211007861e-02 5.771388881021803950e-05 -1.064547498060519903e-01 9.309742832202635987e-03 2.522867773178461351e-02 -2.037502250727979761e-02 5.137842579335259036e-02 9.706612196328852360e-03 2.537496990895179994e-02 4.097707415472068293e-02 -4.523869224211419376e-02
1.300506473981298816e-01 1.019530696253245355e-01 7.373711705457773602e-02 -1.599463019243623982e-02 -1.113818260584449049e-01 -6.739114333991144679e-02 3.115523954572444604e-02 -4.908231764576807127e-03 7.070515897187018561e-03 -5.140737009334595681e-02 1.089104341730740277e-01 2.236240346178688596e-03
-1.086841047484872341e-01 7.312648961593698482e-02 1.737710978317524024e-01 -8.842271535154540285e-02 -7.618338902864388307e-02 3.653035976180520061e-02 -1.783777422705885574e-01 -9.364740016658198996e-02 8.215571902877778776e-02 3.416371828709612035e-02 -2.285774370371960323e-02 8.707860474859264316e-03
3.489326991053065628e-03 -1.676111791101586868e-01 6.763574351450210576e-02 -7.878756906213049693e-03 1.624229057710582097e-02 -1.443359367535989590e-01 -1.129804471701112145e-01 -7.311997667301724235e-02 -1.356749761396751075e-01 1.759042937426691378e-02 -7.004779782347872463e-02 7.155757543962770230e-03
2.146135963591185719e-02 1.931413892877638025e-03 -2.670881830424437497e-02 -1.263980343045343702e-03 1.135202870566382471e-01 2.043015938893917582e-02 -5.456083486383160770e-03 -1.842855710769615296e-01 7.206174384862226376e-03 -6.422904233637219407e-02 -6.213322143684081589e-02 -6.303378295308903478e-02
3.884055611822288118e-02 -5.094352489073070839e-02 -1.503807897268506777e-01 -6.464368247794947953e-02 -1.205179578541297480e-01 8.596504532962359613e-03 -3.442427618263031036e-02 8.333047191722073310e-02 -3.716118523681794655e-02 -6.416785447876610302e-03 7.006757762016072033e-02 6.735398408709414309e-02
-7.959695992789425634e-02 6.368113673506067829e-02 -5.207972289116068187e-02 -2.576922342096376120e-02 4.343562229696410620e-02 5.906332567913684384e-02 1.149970350291586035e-01 -1.335902514909373395e-01 2.043475283743154680e-01 -5.856488263101797265e-02 -2.504982497435234712e-02 4.932134572655418048e-02
1.746041205275824515e-01 -5.389010917351483299e-02 -7.537364194049339661e-02 -4.320974225874996133e-02 1.045674235511060701e-01 7.165433464245912244e-03 1.669598459012262837e-01 -5.676709711361319771e-02 1.010617498935538761e-01 1.500762778479725057e-02 6.365296724198092615e-02 -5.646776378362590443e-02
