-1.816246347275850825e-01 2.791412917205604236e-02 -2.356811321206290222e-01 -4.342830056553239476e-02
-8.762621945992518646e-02 -1.247306393935729008e-01 -1.570569472850442128e-01 -2.362581331283988839e-01
3.339414140990731167e-02 1.762086327137037112e-01 -2.762056695326501332e-01 -3.219616529283604311e-01
8.483584905666859133e-02 4.124908921245346027e-01 3.706994373161954237e-01 7.414776567177676879e-03
6.631450942117972369e-01 4.751101531955952834e-02 -2.410931232519263612e-01 -2.124502724189172576e-01
-2.410506612419107964e-01 8.257025460161325492e-02 -4.537886373768408588e-02 1.606820474244918251e-01
1.671226002930150389e-01 2.514900945048844164e-02 -2.533607312580168358e-01 1.235456137406171911e-01
1.053960485374183659e-01 3.037813975376955078e-01 -4.142927618527875722e-01 -9.516122418080961987e-02
2.683160396371090384e-01 -2.904718856156529028e-01 8.103599912630618518e-02 4.308575781756250334e-01
-3.920140571228002968e-01 -2.644853090414452448e-02 1.420825511072197067e-01 4.521375541374787060e-02
1.401387138778248664e-01 -4.921995612186046420e-01 -1.810561081922749671e-01 1.965635913098072451e-01
6.390449857807884489e-04 -2.503823689986525158e-01 9.480528416969982719e-02 3.335665378408208398e-02
1.376571751056927528e-01 -2.329131674242818084e-01 -1.252354560679590223e-01 4.165823391723729591e-02
-1.496272344040811275e-01 1.211090731419813826e-01 -1.074553479416859025e-01 4.897474416083385518e-01
-5.269627993465345051e-02 -3.903145939374600415e-01 -2.784483112223524667e-02 -1.020334901002127731e-01
-1.162773375279104321e-01 -2.053593607585826875e-01 -1.395395521040587172e-01 2.362023227669722836e-01
8.735709393758883667e-02 -2.670325344172229109e-01 -1.432234519563482245e-01 2.136507328202366107e-01
-4.539662644192324348e-01 -2.357319655288852844e-01 7.260879145820171854e-02 2.325866002047949910e-01
1.239530033671195491e-01 -8.208049857778942915e-02 -1.403029362443788119e-01 2.249804094315628333e-01
1.583400468340059597e-01 -2.016106188158485191e-01 2.192770780259202523e-01 1.642458753154154849e-01
2.231723753146793443e-01 -4.952430847339751169e-02 -3.292311351118851759e-01 -8.257883270527358044e-02
1.872802868019227962e-01 -1.225277917675807599e-01 4.128591377270098839e-01 -1.234264242202513934e-01
-2.916738158385834834e-01 7.780453140544918433e-02 2.403983906112852065e-01 -2.667634489851505308e-01
-7.852403701361883315e-02 -5.702623049163225710e-01 3.582807833312108836e-01 1.250785685991770467e-03
8.518127604392734809e-02 4.535138265003140629e-02 -2.958408538856199810e-01 -2.441223710290740812e-01
-5.115957912265627766e-02 8.904377594568241294e-02 3.036175368305426558e-01 2.122103378476381808e-01
-3.981180341425004099e-01 -9.498617041118728429e-04 1.645864718953766320e-02 2.017300790919396292e-01
-1.649139830571030030e-01 5.792773865535900263e-02 5.868806298536610039e-02 1.153825512993991304e-01
-1.095165548959144489e-02 -1.962194704724007921e-01 -3.712647094735144204e-02 -4.976738768604643121e-02
-6.702074279161158721e-01 2.956459597255401972e-01 4.813268098355674707e-01 -2.379063266031073709e-01
