3.060363022797103927e+00 2.666556529564017008e+00 1.797147116179295345e+00 2.852786047058715191e+00
-2.771337396485434312e-01 1.114800600418421606e-01 1.160798935656801811e+00 1.192807007375825457e+00
9.125370346985814951e-01 -6.675496290723040849e-01 8.062411044348281042e-01 5.831007130272929384e-01
-9.064472809884783766e-01 -1.090644179019890192e+00 -8.000031356463528365e-01 1.987351110279984345e+00
2.897002347233583741e+00 2.684184453548292382e+00 2.806764836480527325e+00 1.698474565008884163e+00
-1.058135107305048672e+00 -2.264553553901787364e+00 -4.841237909864156030e+00 -3.065355755366168555e+00
-8.688585716760066635e-01 -2.585792319435146869e+00 -8.948887168959350769e-01 -2.447390590961938450e+00
-1.543272241840518477e+00 -2.573601490240213785e+00 -2.474768887911114046e+00 -2.766251183386700951e+00
-2.985281803400408052e+00 -5.433923203774913446e+00 -4.858241676415714139e+00 -4.726513160852216622e+00
2.759236449690554149e+00 2.754351856580286029e+00 2.310237861071627208e+00 3.939977070619179678e+00
-5.148054242776536782e+00 -1.359351989962001461e+00 -5.662473804744774242e-01 -3.392706885921283444e+00
-2.962389870848392448e+00 -3.403873588362539504e+00 -2.271459681096817729e+00 -2.235409673106718120e+00
2.537477827170135924e+00 2.333056640788492064e+00 3.350737383181784157e+00 1.535627348017873928e+00
3.437421223605815701e+00 4.867851137005487772e+00 4.208027808362744260e+00 3.928365992390887129e+00
-2.839896849728075878e+00 -9.537464553334988882e-01 -1.388313786963150775e+00 -4.529016836530936896e-01
9.850862531197718264e-01 -2.128070979992833234e+00 -3.322764161924344206e-01 3.439045118217743280e+00
2.160369977605210767e+00 2.296096054985697243e+00 2.350586030927142467e+00 2.181477279435416694e+00
-1.585571546843311141e+00 -3.591991420569652593e+00 -5.181043403200825459e+00 -3.554381769525840173e+00
-4.047901295227851470e+00 -4.278526371929104677e+00 -3.001155957422052545e+00 -2.420769630309437925e+00
-1.746859765507571272e+00 -4.624395293160745268e+00 -3.923928894646645293e+00 -3.124189766462958762e+00
1.756778285242556192e+00 1.692413449233351574e+00 1.876833356035091382e+00 1.162892945876276229e+00
-1.728064532655566143e+00 -1.859637885271333779e+00 -1.225814659608404078e+00 -2.598489294249952231e+00
3.872660785183522858e+00 2.934028109602096368e+00 2.993743006645088744e+00 3.067804191436470429e+00
1.420531110332216684e+00 -1.648668382268723809e+00 7.043960965688834674e-01 4.389229421557201860e+00
-2.207032042491405388e+00 -2.055169307040030535e+00 -3.014750086883640101e+00 -3.293819404993283850e+00
-2.677846624784052221e+00 -1.023547051862731427e+00 -1.376584243364551652e+00 -1.887153570134270542e+00
3.609847002930470783e+00 4.129960361873584951e+00 2.237796756706630585e+00 1.970413315652275843e+00
3.964856944724065801e+00 3.465829830514164822e+00 3.566606130060629987e+00 3.494016073545489043e+00
-3.269650420350079134e+00 -2.557814620157418783e+00 -1.077676030752247049e+00 -7.673253302174601886e-01
4.262399514917224685e+00 9.901866497975903014e-01 2.382755317875698164e+00 6.172309272225617871e-01
