3.596279120478067526e+00 2.354973477157975559e+00 1.228078018479248357e+00 1.645795819742668309e+00
2.496147341823665045e+00 2.644706337939739971e+00 2.951444299720522135e+00 2.696982647485346885e+00
2.659313190681594108e+00 1.929110974107129728e+00 1.932246625495710912e+00 1.443185047383635400e+00
1.414296411159134292e+00 9.484639100513406751e-01 -1.088496359811511605e+00 -1.273671420977310120e+00
-8.494612017490992262e-01 7.694875479931665430e-01 -3.574646332049100095e-01 -1.743365505883304412e+00
-4.425735545925080783e-01 2.089503201389526055e+00 1.446848593978854680e+00 2.289386920701631301e+00
-2.725848459848442484e+00 -2.377443292100075212e+00 -3.032621363742273424e+00 -2.211335099646670965e+00
-1.604295270098179405e+00 -1.619221186482399322e+00 -1.927343902214165405e+00 -1.002865107867257022e+00
-2.104718128326004578e+00 -4.508757406695460546e-01 -4.322442683237824879e-01 9.115967299451548100e-02
2.024202707164692416e+00 2.197756001075335419e+00 2.265148037882243948e+00 2.363965459797904511e+00
-2.254586967379442086e+00 -1.193993550020399530e+00 -1.027653088018569472e+00 -1.747442946348106929e+00
-2.059545741060527568e+00 -2.015485059753839625e+00 -1.890276430189799406e+00 -1.889428946061790349e+00
2.132871805098317974e+00 3.362817257055576547e+00 2.683303220409217982e+00 2.167315947562346246e+00
-4.813001423244566146e-01 1.437194088604301534e+00 -3.660833730561360300e-01 3.693850727005515977e-01
-2.238464321238805343e+00 -1.307444924270136255e+00 -2.056028934123873331e+00 -2.122907700744472770e+00
1.967098507758513914e+00 -2.588159960351927413e+00 2.266270139402374040e-01 8.397607067022881955e-01
3.927433299526304378e+00 2.341481160309271559e+00 2.784890969230663149e+00 2.613300488403098587e+00
1.817957695495079351e+00 1.925463048280679157e+00 2.222798193416480661e+00 2.514164017823708352e+00
2.061365928290699756e+00 5.715614221104752257e-01 1.947720935888505034e+00 2.511194731524450940e+00
-2.359841610931261879e+00 -2.498201334308145061e+00 -3.195614868442589351e+00 -3.123025484129592577e+00
1.949872962497361417e+00 2.812879729685759500e+00 1.102864207829806542e+00 1.099555667169526574e+00
-9.628369971065718902e-01 -1.906115889854256507e+00 -1.227322636633794289e-01 -1.664103615473141895e+00
-1.725276273093313550e+00 -1.747835352539449216e+00 -2.450283284904420267e+00 -2.747987432604936942e+00
-2.510734643008051936e+00 -2.781582687156272105e+00 -2.749565709315943351e+00 -2.781118988405416381e+00
-4.384842242543555813e+00 -2.119526916890009272e+00 -3.186407858688240946e+00 -2.757501694315371843e+00
2.655090081813940461e+00 2.624686785964852387e+00 2.820798420432153009e+00 3.062194222551793743e+00
-8.486781462390577957e-01 7.223604368421036037e-01 -5.400708522690903512e-01 -4.035843045682585561e+00
-1.995472344957449407e+00 -3.530690021565364045e+00 -2.006729696394709883e+00 -2.516668969049217441e+00
-2.260217604754371834e+00 -1.955069450738650572e+00 -1.693695912415364546e+00 3.611205855313718849e-01
3.363991642877431687e+00 3.558436181668519271e+00 2.669095835281078521e+00 2.215271334353869026e+00
