-3.553866584584056132e-01 2.560653578643570238e-01 -2.466711610479007943e-01 -1.006001781067991235e-01
4.191721514278864968e-01 2.222328041592709635e-01 -4.121261581894532233e-02 -2.250195382625644058e-01
-2.285784875458118648e-01 1.876133420159471488e-01 -2.055921069951980873e-01 9.633416997364410705e-02
3.142975528211659486e-01 1.501009233241462903e-01 -1.739146405650213861e-02 -7.070784635309253219e-02
1.143393837920109180e-01 2.288022591540515849e-01 3.660670124853255408e-02 1.754450662261655414e-01
4.153678659679047730e-02 -2.128876051832199745e-01 1.052913236438251937e-01 -1.481647214838206217e-01
-2.541434385160172282e-01 -3.678764045769242208e-01 6.019294171857853676e-02 -7.863498311849900779e-02
-1.522466126537252717e-01 -2.938508763241335919e-01 -1.196725793389459037e-02 -3.167504668270316182e-01
-1.126254152819843035e-01 -2.446005883410647674e-01 2.812895496192380218e-01 6.722810870892323432e-02
2.166439983634497746e-01 3.292716945990115801e-02 2.835763819555091048e-01 -2.481379618301786660e-01
9.221214413171241464e-02 3.387122696446121656e-02 4.071127365510553847e-02 -2.803671866768719378e-01
-1.695583793907880915e-02 2.338113959295738675e-01 -4.338050280661240321e-02 -5.706079262166888211e-02
3.075335878147610752e-02 -5.877804677921653204e-02 -4.699588290441886751e-01 1.679135027796377633e-01
1.504265550533631368e-01 3.147911990125327412e-03 1.049347028739694709e-01 -3.900497496443289941e-02
4.571749917517176631e-01 3.656032566858283817e-01 -9.420947199318256693e-02 -1.884263277712869555e-01
-5.640683739489008586e-01 -5.538789537844498317e-02 4.608086940227880401e-02 -3.904643530584286926e-01
-5.808000205803118265e-02 1.651816218250056756e-01 -1.036307798463993596e-01 2.562861392803875704e-01
-2.282217225601898269e-01 -2.743379239676401182e-01 -2.281482270389726952e-01 3.291148513705097201e-02
-6.585791406805567572e-02 2.638462459198894217e-01 8.281973577916154627e-02 2.121360880174224806e-01
-1.808974996438498855e-03 -2.670624925331887001e-01 5.695344457398117399e-02 -2.080124793665673877e-01
-2.442058598307455808e-01 -6.631637303911377956e-02 -6.187085442545229297e-01 2.644083646926305691e-03
-4.114434776091583368e-01 1.398405614548267062e-01 -5.888990065227911463e-02 4.130357966085036470e-01
-3.763409126620769207e-01 -7.026430572081908410e-02 3.416537129099292414e-01 1.746265169734529388e-01
6.795000325041329337e-01 -2.455923658610597304e-01 1.853223423682956450e-01 -2.535908952181133436e-01
-9.490635594040179590e-02 -2.931695516351091046e-01 1.504202417724621044e-01 1.610208587941138469e-01
-6.870183927292552450e-01 1.591448493681165144e-01 -5.268396213779630299e-02 1.050373757863520691e-01
1.935615498701322851e-02 -3.163149667595850367e-01 2.487253846890943865e-01 -8.597861120716827898e-02
2.434662591638516171e-01 -1.718319463193339613e-01 1.883409103385491057e-01 4.917083415648367678e-02
2.146448400088278863e-01 -5.536450684228385460e-02 -6.276289293686848625e-02 -1.630065383299358212e-02
-2.513518417916362768e-01 1.476971357251989636e-01 -3.119133132366699868e-01 3.370814143473851443e-01
4.434109658390252701e-02 -4.476744256195163141e-01 7.544926266346801969e-02 -1.624499544270502915e-01
1.208090500821483032e-01 4.264986190529969357e-02 -3.452120154802645891e-01 1.139634461933282800e-01
-4.948614196531468390e-01 2.071645125835042678e-01 2.681736062062954618e-02 -2.673653236882775897e-01
6.743447765787739800e-02 2.770716542358853673e-01 -4.053402327407043537e-01 5.131418344389655495e-01
-1.507579343299460251e-01 1.036391035459792095e-02 -3.455320886666052305e-02 4.900954732947230275e-01
-1.159231008470830090e-02 -4.074703465735223240e-01 -1.134915478018398427e-01 -5.949613284824138704e-02
1.605349290534625883e-01 -5.481171872118164451e-02 1.740444954903531405e-01 1.941338506247837770e-01
4.678180842321106314e-01 -5.753002755659008399e-02 -1.370411996385480780e-01 1.760663243926706145e-01
-4.902792931733397641e-02 -9.341114051734827894e-02 3.393451961413349038e-01 6.307493919975331043e-01
