-9.562208622048196105e-02 -8.796394828965320434e-02 1.682967059324066705e-01 -8.377304558437950743e-02 -1.428247717652113558e-01 8.716277118647793032e-02 4.130417234911840790e-02 -9.193494005204856656e-02 -3.288476052809071598e-02 -5.968192335809163751e-02 -1.008146017756808913e-02 9.155461727393696125e-02
-7.622232821495592003e-02 2.599476110574345245e-01 -3.527244415068568617e-02 6.336736729499428677e-02 -2.992105907235710627e-02 1.474246250017826332e-01 2.902389251176527851e-02 -1.431570623548554522e-01 -1.957670809305613324e-01 3.288633057089589140e-02 -1.586321882343321582e-02 1.123939686671266563e-01
-3.537265452412843153e-02 5.181900564089639283e-02 4.199359020681828897e-02 3.351387646466345849e-02 2.475533391337531725e-02 -2.490823577360989916e-02 -6.659345766135624234e-02 -6.537340370393673883e-02 1.583273661734858617e-01 9.336459728720092333e-02 4.401830591987929142e-02 -1.252349079993843040e-01
-5.323892087224159353e-02 -3.908058786022274023e-02 6.225332991678225736e-02 -6.400925139803264469e-03 4.054378630505388326e-03 8.924477628831414822e-02 1.274236902947458588e-02 3.478062826091571358e-02 1.164406223305417543e-01 -7.342560464976220780e-02 7.311735835188201693e-02 7.292770979238907825e-02
-7.200308508084155013e-02 6.268934767217540505e-02 -1.956736522933930772e-02 1.373850069087085290e-01 1.024329093772633967e-02 -1.687795629359750971e-01 -1.447823561671291170e-01 4.043198400722948505e-02 -2.388460462637818915e-02 -1.497216657442372459e-03 -2.944808874093605977e-02 -1.152761910239140548e-02
1.164217047932887272e-01 -4.549831280508460224e-02 1.057676012883754929e-01 -1.007309312319459860e-01 -1.091686488698963287e-01 4.309494671771653407e-02 2.076868865224279492e-02 -5.894997629618660417e-02 4.447775119649069464e-02 -6.968417617194293256e-02 6.312241150518368982e-02 5.516739616285076808e-02
1.614829287275397762e-01 -2.370875087347120228e-02 -5.011887264813391640e-02 6.701484047523767473e-02 3.380661392308563495e-02 -1.992689598691314498e-02 2.282157009127722472e-02 -1.053814094190132084e-01 -7.552848134477173347e-03 3.855824654544392355e-02 -2.229795167337347839e-02 -9.241048200774842902e-02
-5.484625138580244419e-02 5.685244221355765376e-02 6.907194842168065674e-02 -3.730495304118223131e-03 -4.381630149270629437e-02 -1.094856157737923719e-01 2.423622319742613218e-02 1.554311673727486187e-02 -7.896954333030457851e-02 1.092979633546887902e-01 6.934289761551662434e-02 -1.266416672865232074e-01
7.524748399842984270e-02 -1.264586146351535656e-01 -6.207547954147174529e-02 -1.496622000533235353e-01 -2.720693887479546606e-03 1.128241696137254058e-01 -1.195566526750455744e-01 4.369673855389046013e-02 -6.844311457402486865e-02 5.086890185232094408e-02 9.431898147963480028e-02 -1.646059919100718860e-02
-1.020779328977923506e-02 -2.105363517801754625e-02 -6.299418150200444821e-02 1.169072819117251139e-01 6.934523269677853041e-02 -1.429825348334706203e-01 -3.218225394503026505e-03 -8.028488528729701978e-02 3.461658622436567662e-02 -1.147804034450361499e-01 -8.392600304099679526e-03 -7.031619544913156328e-02
-2.957084907226976284e-02 3.670515331388905789e-02 -5.685877237267790429e-02 -1.192013873313879230e-01 -9.890693266180478060e-02 -7.767875683728225900e-02 1.038323650009506140e-03 -8.680328427616780529e-02 6.937740076507691034e-02 3.285347926231711041e-02 8.549160021726726066e-02 4.358882998667343300e-02
-7.419311154581671730e-02 1.559367707606253324e-02 5.343081044173175753e-02 5.564918245265193519e-02 5.435276511210004879e-02 7.549626342475961038e-02 1.064183656788483534e-01 2.693473074504004749e-02 5.290319753388426222e-02 -1.181060360295655143e-01 1.835904868300150192e-02 4.136689531165736733e-02
-1.218604026315910915e-01 5.481873972809537393e-02 1.263179082566126543e-02 -3.200232962758244037e-02 -3.807612774026323393e-02 -1.169269722010454343e-01 -4.928050615219421726e-02 1.186700428610230895e-01 -7.670798570950124184e-02 9.209632899923721194e-02 7.231895034846684556e-02 2.426846136055165262e-02
-8.508394507040599464e-03 -1.083983291544076202e-02 -5.610949185959748786e-02 6.782796088580593519e-02 -8.627986024001589593e-03 -6.773317362609866665e-02 4.759581342649680386e-02 -1.537417571127694949e-01 6.519668452312095408e-02 -1.009990869733161933e-01 -1.836311151161165722e-02 -5.426879671191364718e-02
6.319339875672065621e-02 -8.014564363548856707e-02 8.382157588707742080e-02 9.491844749760032507e-02 8.374504989964210930e-03 6.939603583494817485e-02 -1.362725142611719287e-01 -1.543802026744986455e-01 -5.119154196518902605e-02 -7.613053397832972996e-03 5.984057196326165312e-02 8.135701336898648606e-02
7.553150448529381833e-02 -1.080291141843897629e-01 8.075395893448694337e-03 8.671694702803202370e-02 -1.085770301468863136e-01 1.212794466980242694e-02 2.661655649567623572e-01 -7.243735218314917290e-02 -1.377039345212270616e-01 -6.681084131588421737e-02 -6.815014751523404413e-02 -4.446545270208022982e-02
1.072265005658094850e-01 -1.122934723990008654e-02 3.091657031063740901e-02 8.354184272820981694e-02 2.611014454689515596e-02 1.109450470827827578e-01 7.965978367277504191e-02 1.065693464704261656e-01 4.114752230473324446e-02 -7.529173910917888457e-02 8.147575514358859627e-02 1.330326837594021649e-02
-3.523309691160240315e-02 -7.846466599972601319e-02 5.980901993750706996e-03 4.478408126606346629e-02 -1.586426338018083818e-02 -1.967951701379986873e-01 2.280518061383649507e-03 -1.861750125808801781e-02 -2.133891224530601316e-02 7.351792006846599725e-02 -3.083393370416223980e-02 4.413964990218503109e-02
9.419106028315134271e-02 -6.686034968393500533e-02 -1.476977832713998184e-01 -2.563886789794748294e-02 -5.066856206788015321e-02 8.229334236524077362e-02 2.717211563744001412e-02 -4.311732983482517712e-02 -9.670735058148258526e-03 -7.305483512137278534e-02 -7.784157177080525125e-02 -7.367540915113859890e-02
-1.834014675881205647e-02 1.365637485405448159e-01 -4.748390517941157574e-02 -4.445264819357153813e-02 4.994013525630172645e-02 1.184930555872934083e-01 -4.658904180811824364e-02 -1.295898827858312126e-02 -1.750316439804673607e-01 1.208458244130601253e-02 -3.494724583021129732e-02 1.018465233434726752e-01
2.149574576096086390e-02 -1.849356628258937152e-02 -1.244382529075080124e-01 -1.665628064274803088e-02 -1.051326886949136355e-02 -7.866982408736875043e-02 6.867942812821060949e-02 -1.352280083644840161e-03 -2.044326356315393292e-02 -1.260657590598889821e-01 -9.362525115189636316e-02 1.428178655566186284e-01
-1.639582445679597655e-01 -8.201926437474039988e-02 -6.836186742519251985e-03 9.884422268601417150e-02 2.022217148200534075e-03 -3.077727946076284915e-02 4.356952300185073720e-03 7.597525581393393436e-03 -1.540961190514643364e-01 -6.378255223794818130e-02 -1.873819517375969676e-02 -4.143003926401878090e-02
1.572022891883786966e-02 -1.980624551169327952e-01 -5.699444146796953103e-02 9.049975261281029831e-03 -2.799595881158194535e-02 -3.533446142080740038e-02 7.705799037666072326e-02 -1.000855968889084388e-02 3.272678893039376175e-02 -9.982203891559340847e-02 7.351589473238364682e-03 -7.692491261554715298e-02
-1.141459333733965686e-02 -4.714062607957345691e-02 -2.950532064428787807e-02 -1.009025886146594775e-01 5.609161097792807193e-02 1.091085012554322553e-01 -8.709795307083198490e-03 -5.530580258802206273e-02 8.063961752451475826e-03 6.584510301004196930e-02 7.652325618725078216e-02 -3.953382905960504956e-02
1.205338404003908626e-01 1.211456818235480404e-01 4.334601018601139111e-02 -1.267271006547230072e-01 -8.162227736978522330e-02 1.139235541650916173e-01 -4.213002892199341209e-02 -1.688000354800645031e-01 8.498353518286932973e-02 4.642347184327178661e-02 -1.075938020487139934e-01 1.361763528254626432e-01
-5.627579669891428354e-02 4.109236753988458613e-02 1.979342952187052723e-02 -1.760847849323573730e-02 -9.513396472669706505e-02 9.470744703003355913e-02 8.179400683718017484e-02 -6.834868142162908722e-02 1.251428748478189690e-01 -5.661212466442764506e-04 7.202898235046552300e-02 4.435796447921955959e-02
5.257051811070694025e-02 -6.076118088400847550e-02 5.716923125670518580e-02 -1.198833414567044287e-01 -1.243743672142888640e-01 -1.029222226025122353e-02 -4.920967155254679648e-02 1.987057378312138134e-01 1.481762489592499121e-01 1.013530650589464926e-01 -3.437249434492656297e-02 -1.458572111904804791e-01
3.836220332338909078e-02 3.394678369420327246e-02 -3.356521202080228750e-02 -1.649563148104243870e-02 3.739425967219223157e-02 -7.120184016330902144e-02 4.140837884317014224e-04 8.583450162679906459e-02 9.936637538326448249e-02 -5.266122529592530410e-02 -9.073045261732529121e-02 -1.107699326811405378e-02
9.799565511000610241e-02 -4.013804202370813146e-02 -7.900538352257582830e-02 -1.123063169854566223e-01 8.469420325223522839e-02 -1.821762899604364300e-02 -8.441328160972068340e-02 -1.366424546920675005e-02 6.288160984986240244e-03 -3.238009395780602762e-02 -4.869601647443908693e-02 -4.957490258298904995e-02
8.346137374210377269e-02 -8.446154613673401146e-02 1.088556491281270425e-02 1.068476350914466938e-01 1.595251969269532652e-02 4.734849247097791536e-02 8.317404263352976002e-02 2.833129276796039070e-02 -9.382411042609897778e-02 5.426810755362887484e-03 1.824337000280190635e-02 -3.408841033442352314e-02
2.806275587238495073e-02 8.259611112335214084e-03 -1.857881556655877064e-02 1.560797496393434222e-02 -1.134647459239109535e-01 8.352895786309454118e-03 4.441968562714802837e-02 3.096029020220090328e-02 -6.327069493441950243e-02 2.486331090454100418e-02 5.069325229312175718e-02 2.046922698604239192e-03
