-5.313843486499387758e-01 5.127704201594518452e-01 4.042923765802838298e-01 -3.181659642377397401e-01 2.591919990370641358e-01 4.464394390582006600e-01 5.037928538899926201e-01 2.032036067903006060e+00 -4.668750034336554555e-01 1.828819197144777864e-02 -8.291431501547407157e-01 1.191988393073275754e+00
4.389402995929692075e-01 -2.349962414052969295e-01 9.807887650510146438e-01 -6.376433982496435560e-01 1.499319912463066728e+00 7.280057250460831852e-01 -3.903348622881617214e-01 8.341296832021188878e-02 -5.541822882268055972e-01 -3.435610003474273699e-01 7.254558747218243370e-03 -1.192844025782672235e+00
4.265157607369959303e-01 5.031131277023526138e-01 -8.374512770829396491e-01 4.787536638832966540e-01 -1.829590982851664605e-01 -3.526704685707267584e-01 -2.577081713624458370e-01 -1.058939749327243857e-01 -5.992085410155542080e-01 -2.595161118283725865e-01 -1.238080490285218493e+00 3.072651993970786921e-01
-1.999054625291019072e-01 -4.319084392624152891e-01 9.245456364873392285e-01 1.766513657972631490e-01 8.712403171166167859e-02 -2.054595489107809758e+00 1.805904755557776187e-01 9.171555777168691748e-01 -2.803987354888424766e-01 3.232186701770954351e-01 -5.110765832128718600e-01 1.158374138692546795e+00
4.392988220683895495e-01 7.459258644809395600e-01 -2.326579801363390931e-01 1.755220106387312684e-01 -4.510486064226632563e-01 -9.032136532253968175e-01 -4.709060494353006776e-01 -1.834451018480023621e-01 -4.695507243902097838e-01 4.368698761990718465e-02 -2.880982592736588965e-01 9.048554271210056399e-01
4.455256935939374552e-01 -5.957142429364805647e-01 6.328990684024822511e-02 -8.433203426520567703e-02 7.362924663397702081e-03 -1.791244976897155006e-01 -1.895823099028423886e-01 -3.324437398240630975e-02 5.652984920269745611e-02 4.543415668355763604e-01 -9.787845096799925593e-02 -2.173914056508787496e-01
2.919354153905229232e-01 3.742217795219423548e-01 2.885961865160863171e-01 5.104532719648153805e-01 2.924483178945446182e-01 9.848058257294732554e-02 5.782402265925211393e-02 -8.953109010254933775e-01 4.230045774725408880e-01 1.015577520077965562e-01 -1.584570569352153624e-01 -1.352710962188828692e+00
4.204180892889711196e-01 -1.174211530338253873e-01 6.411151139882829142e-01 9.216022691399178290e-01 -3.521578015631109948e-01 2.440645411482986193e-01 2.078270794375557950e-01 3.391349988470711563e-01 -1.807591636333062690e-01 5.478842364808416132e-01 5.965204700565609475e-01 4.708124743718253846e-01
-1.499454549887979382e-01 7.669393412482632295e-03 1.182171716736921674e+00 5.315257590240136942e-02 4.233386860672441743e-02 7.447301231603683513e-01 -7.001671534200853975e-01 -5.836741747488000120e-01 -9.321615611748784724e-01 4.429582679603084050e-01 -1.458565720114144648e+00 1.074882894041290921e-01
3.020258408869018751e-01 -3.715024892476093132e-01 4.762938281888297598e-01 -5.056145153791156144e-01 -7.282831039886729085e-01 7.805842339705960642e-01 -2.493654100404218088e+00 -8.031915739137450716e-01 -5.104922437799321866e-01 -1.100144936028627285e+00 1.501589902459703252e+00 -8.219848782580309043e-01
5.724954865926269454e-01 1.533022215581307135e+00 1.023773953719273822e+00 -2.398428631855570592e-01 1.035304199827896898e+00 8.513303744665756678e-01 3.666602672610879132e-01 8.205213936848220202e-01 -1.841968319780808994e+00 2.253520610567369409e-01 5.762761924664090429e-01 5.852044490714721769e-01
-6.658871453414066943e-01 -9.527839935631671198e-01 5.258534897485265258e-01 -5.224550354173804756e-01 -7.501753412650956632e-01 6.821078172325157896e-01 -5.962999463912787013e-01 3.622529726776735903e-01 2.804383169536179068e-02 6.256068058951157473e-01 -1.663449935187333528e+00 3.416523978881845502e-02
1.984681897363094472e-01 -5.724310054736125863e-01 -6.201601276098083204e-01 -9.960933132146632119e-01 -1.327569285732622673e+00 7.653835226693445071e-01 1.194455779939615825e+00 -7.838031315092982565e-01 3.228221719899406761e-01 -1.572039075526651952e-01 -4.631334547524899037e-01 -1.218234841133043894e-01
2.599354917436336176e-02 3.846004552787087860e-01 7.178968134448712561e-03 1.368241498334977491e-01 2.765050024882430985e-03 -1.167022463113714242e-01 -8.931708223089064314e-01 -6.209909277262164462e-01 3.440797787704603095e-01 2.985092574743639648e-01 -8.271859215338744561e-03 -5.325903021111720870e-01
-1.659777873616024579e-01 7.490037541637226681e-01 -2.339421419580911821e-01 7.206582965457504486e-02 1.139246390496840622e+00 1.930240430244433425e-01 -1.632897858497225074e-01 -6.495711623027043968e-01 -1.447091646609332871e+00 2.269761556107666167e-01 -1.257359449302641208e+00 2.493907465272358626e-01
-1.058957661370729664e-01 -4.305051598340485786e-01 -3.245776733834264127e-01 4.379873276223106848e-01 5.925033519707773033e-02 6.358830453671755478e-01 4.722986563902070167e-01 6.563873570113530898e-01 -8.174366003295043814e-01 -1.684290947944489414e+00 1.332392774535729130e+00 -2.772331687134389488e-01
1.536580788860675562e-01 4.356863883830153217e-01 -2.545704954115480811e-01 1.966514722605298693e-01 1.075167393740950494e+00 -4.634623921599882734e-02 2.290719375195642005e-01 -1.190874153333893737e-01 3.364594391229250303e-01 -6.669292377941983541e-02 -1.181079049669047754e+00 8.156380585489743096e-01
-1.171925996249523205e+00 -5.564342890814502063e-01 -1.178466695535507064e-01 -1.514152244877368381e-01 5.840132084115462474e-01 -1.084625199662225370e+00 -3.805715944444068022e-01 -4.179615357986496416e-01 5.675134060458445484e-01 2.052535903093574809e+00 -1.082768613613116493e+00 1.454058548474167212e-01
-1.399667713786347800e+00 1.542267752122608304e-01 -1.062884968307574951e+00 6.867089243647861441e-01 -1.189369341827784810e-01 -3.893449508061003206e-01 2.821915379658073153e-01 -1.563060824890066536e-01 6.533171896644303089e-01 -5.923116859537795875e-01 3.732623921557440272e-01 1.892160920980685487e-02
5.316188526878393855e-02 8.766792386369631762e-01 5.948954865865508507e-02 -5.695730890284809167e-01 -1.626627335833799870e-01 7.853870689460502597e-01 4.061951072551129860e-01 -8.043192299125383974e-04 5.842193887223323667e-01 -1.198819251435422784e+00 1.381849713446315464e+00 2.543695821523004885e-01
5.800059155699528457e-01 -1.089893184956770789e+00 -2.529550934590961142e-01 1.229403091884228250e+00 -1.013915856310219521e+00 -1.223888720147147113e+00 1.319412916272443281e+00 -2.534953728938124651e-01 6.973072304242108888e-02 2.354081735871529357e+00 9.764066649519380359e-02 -9.182882321052164842e-01
2.809088289262179350e-01 -1.400756570221100894e+00 -4.815667290759640951e-01 8.531559410630128459e-01 -4.584873218901985154e-02 -8.753641327141115092e-01 -5.078750543753225433e-01 7.766831754674315969e-01 5.511723004148184613e-01 6.609288133472132065e-01 -1.212462744115764268e+00 -7.663420363861123130e-01
2.576166907707916898e-01 5.750033579195552580e-01 -4.438429557722440300e-01 9.571799709603149298e-01 1.387509452565901080e+00 -1.826689822961784226e-01 3.204881917487482912e-02 -1.561034032696599107e-02 6.964771172585677850e-02 3.253507911184468360e-01 -4.986927274523329512e-01 -1.498809041206197457e-01
-1.445999554231092721e-01 1.357615600585386550e+00 -7.081209678457254242e-01 -1.135649022368204974e+00 -1.172268977355901826e-01 -3.576342559432000301e-01 5.474941981701543225e-01 1.310537768235544576e-01 3.180117514111395760e-01 7.137120736411806110e-02 4.048813787207688475e-01 1.874399034640273465e+00
-1.359555337722024415e+00 -4.002560484793785678e-01 -1.063399740869156729e-01 -6.496313885241681296e-01 8.799125580817139525e-02 6.137537933163850212e-01 -8.191363173124572850e-01 2.627930513055179440e-01 6.985078886256557151e-01 6.412542193609904739e-01 5.046525709054166392e-02 -2.785481810183892959e-01
2.616147883704924015e-01 1.517811972469035764e+00 4.608825565444367722e-01 8.777340382439216548e-02 -1.959236520793903591e-01 4.994629154925519510e-01 1.022133658535534728e+00 -5.938799009263194817e-01 -7.332506156770121075e-01 -1.054174981669636191e+00 1.642716392593553065e+00 1.222663730013858752e+00
-4.811893411998297010e-01 -4.651912403127871909e-01 -1.104169577345150005e-01 -1.411076569779078582e+00 2.402139967359847028e-01 1.269644365524640994e+00 1.031086732109076781e-01 -5.787899227975589200e-01 -3.519847965099632270e-01 1.407172173815962157e+00 -2.405668465075199158e-01 -1.518872501414609832e+00
-7.446709101088982985e-01 1.839869384030026200e-01 4.066177862565950041e-01 1.488685904032146068e+00 -2.258313273866308923e-01 -2.114371056087324341e+00 -4.300526415689466808e-01 1.658732088724159448e+00 -7.306982455746673100e-02 1.721334183389282124e+00 -8.727210267436333879e-01 1.598566822712471636e+00
5.726590037281981127e-01 1.495339569702173854e+00 -8.763734966365357426e-01 1.030536155381705649e-01 2.785810519205979552e-01 -1.537043782725689145e-01 -3.777318092710292285e-01 -9.669595368210706643e-02 3.625874089342834838e-01 -6.113685273430761180e-01 -9.479449278218874397e-01 1.473915705642688589e+00
-1.074431742953378954e+00 1.025495314394047286e+00 -6.802591435555053190e-01 5.207203941864545493e-01 -6.427787090143013415e-01 2.902147590528418863e-01 -1.137424311319922693e-01 4.019940506784849821e-01 4.384623927597592896e-01 -1.117124549908238729e+00 -1.641102200350783580e+00 1.527186440641023824e+00
-2.308738261955898541e-01 -6.176329724335697380e-01 -2.044360693098250525e-01 1.825235362536711814e-02 -2.311351037393203633e-01 -2.136723889464786294e-02 2.605181132921562948e-01 -6.657933244832277275e-02 2.747779511381941431e-01 2.077632265747133000e-01 -3.641061550620176002e-01 -2.305684596425741639e-01
