2.696210142819616684e-01 -6.865417965911626563e-01 8.632522004772805735e-01 -5.341887794939159662e-01 -7.000952109653157951e-01 4.810108816773666085e-01 -6.908991621947669914e-01 5.346281302334754404e-01 -2.172392144976914852e-01 8.967460141162451048e-01 2.675039689926663744e-01 9.264783901012018097e-01
1.093263930953958019e+00 -6.710437869603088634e-01 1.241365421544808265e-02 -7.092985335036272598e-01 -1.894958217413748314e-01 -1.849302544494482170e-01 -3.151916461750562393e-01 -3.071648003392349335e-01 3.186158242812925367e-01 7.080483925695603142e-01 -1.940272099346382062e-01 1.071418836251167156e-01
-1.247010764092301577e-01 -3.284280141829440391e-02 1.581919091283446321e-01 6.216131064183689769e-01 -1.081836926270353771e+00 1.998253202998577505e-01 -4.830109212944138641e-01 5.259950704002307464e-01 -3.029937573555318564e-01 -6.301051612318187001e-01 -2.478782768844366713e-01 6.270679618444841702e-03
4.452188762464251437e-01 -6.504792501649863112e-01 4.128996925474638924e-01 1.172193711772008262e-01 -1.387156952337731397e+00 -9.350750569664930678e-01 -1.328211179282420717e+00 -1.503877271259411730e-01 5.570710949565156334e-01 7.393205921309527195e-02 1.903096919697246481e+00 -3.496530339387327602e-01
-2.831521163057992840e-01 5.341837707601071461e-01 -4.315477022414297426e-01 4.823199593138891017e-02 5.605611852585774546e-01 -3.693424842408190023e-01 -8.179179308303317908e-02 -1.940227110246671716e-01 -2.442542534305200061e-02 1.304496962923322456e-01 -1.431845056555934859e-01 -1.934672423363591187e-01
-2.850485379779290063e-01 5.610733227517530342e-01 3.105035645354176088e-01 1.142863907627356568e+00 6.930243933764822506e-01 -8.011695847925429104e-02 4.511892428345488648e-01 3.709534580496660627e-01 -6.090373082445159625e-01 -1.813845980702920302e-01 -1.370153795629031501e+00 4.043072211056962795e-01
3.921676321334333637e-01 1.353952355255371998e-01 2.521169933412323871e-01 -1.499034070712740030e-01 5.709955394599627865e-02 -2.114309901769524658e-01 -5.993597108213354341e-01 -2.733215597440571271e-02 -1.373196770094283481e-01 -1.133092039209337466e-02 8.464162857977630683e-01 3.767539630546366536e-01
-1.308527267288176477e-01 -2.238186064055077418e-01 8.136513379129248560e-03 -2.504839653976341785e-01 3.188681144206487184e-01 1.003100436244050847e-01 9.381446646873045081e-01 -2.116222480191245758e-01 -9.778631967351620879e-01 1.089553147042750636e+00 1.091644639363496816e-01 2.361131805581120624e-01
2.600000946128387946e-01 3.688956753253648524e-02 -1.078933816484724861e+00 4.425338038848894429e-01 5.627795483228144047e-01 -8.756294385041943906e-01 -6.279938994463382107e-01 -3.428473682061842359e-02 1.779754788546173971e-01 -7.353493789126980262e-01 4.409438247365403130e-01 -3.449840628872148929e-01
-4.785859513844595292e-02 -1.753213987522476425e-01 -7.520388161646887060e-01 -6.851594216892522571e-01 -7.864836908795955761e-01 8.793885988543012622e-02 6.888199369081181647e-03 -7.784391871188764411e-02 4.775628718812974238e-02 -7.795420766748599462e-02 -3.913921559865674582e-01 -2.928046355922596100e-01
6.027410225609740602e-01 -3.510979134600121232e-01 1.467968039847038220e-01 -8.097877658756205133e-01 -8.164613339658792768e-01 -8.960061571638119893e-02 -3.520203554735807927e-01 -4.129650275368803580e-01 2.576894081559610306e-01 -2.905600312764999513e-02 2.848712420163938552e-01 -1.492473834811163802e-01
4.256404025754983445e-01 -6.426593811178227256e-01 -1.483439072886128147e-02 -2.014377405920352859e-01 2.072441555980728545e-01 -8.255012981187250798e-01 6.712437494277178063e-01 -6.363255987051430473e-01 4.545733622525823803e-01 1.644559707454963826e+00 7.120107817457678179e-01 -5.411856896375147885e-01
-2.820786393257181807e-02 1.527077323526881969e-01 -3.892604829414530454e-01 3.054781668436966635e-01 2.575854297057408315e-01 -2.656730830097011609e-01 -6.855648752481307007e-01 -1.157716060689239490e-01 -1.390372037767961255e-01 -5.132152231793344344e-01 -1.308363277802914448e-01 -1.118395833172574072e-01
-6.891683538225992223e-01 2.581428870296081923e-01 5.418002689634571212e-01 1.991015063897669801e-01 2.889207618687167356e-01 2.795621986955324489e-01 4.417057655754226542e-02 6.194043385872982643e-01 -3.635364807798776576e-01 -5.037027476306914497e-01 -7.223480174261899533e-02 4.481801871716071806e-01
-2.665164686990470488e-01 -7.529250502855466820e-02 -1.556039881690485412e-02 1.289339265835789838e+00 2.744515355037171478e-01 -4.698394790780913155e-01 2.784495911283085268e-01 -3.521398971524876409e-02 -9.103059978274861130e-01 2.756130238823729095e-01 -7.922816443761301342e-01 -1.375596799759999100e-01
-2.081418045515443793e-01 -3.013194099964910944e-01 4.354217552970305882e-01 -5.206092055063283874e-01 -5.866453027353237815e-01 4.748684356448715227e-01 -5.868300183826522520e-01 3.735653609101838857e-01 -1.307931527841162400e-01 6.024081635251546940e-01 3.345718695867777037e-01 3.570181645438261220e-01
-1.918768085755844510e-01 4.589524015580140892e-01 -1.346148976126532726e-01 3.212646913617163147e-01 3.288718510265025152e-01 1.479538861299097841e-01 -4.077532401371206650e-01 6.665911224380325351e-01 -3.824337972002619934e-01 -9.797788455044136036e-03 7.227780639315168898e-01 6.029446665985314924e-02
-8.815873159600609577e-02 1.030170356772194484e+00 -1.606096613457908551e-01 -9.127047466450108337e-02 1.186948267248149724e+00 -1.399614901490385810e-01 1.481394662879165491e-01 -1.757787823339836131e-01 3.912866181813646205e-01 7.369791974149423330e-01 8.623649225260522355e-01 -1.676790886757449084e-01
8.409251565684557894e-01 -5.293611338166599456e-01 3.582923442391414137e-01 -3.646972881900149011e-01 -6.927529980272399968e-01 -6.929559638581195280e-01 -2.430183233562679262e-02 -5.196384422136722803e-01 6.564685365090068558e-02 4.931370470475086587e-01 1.741291764547520660e-01 3.718803869878224977e-01
2.797904125719573032e-01 3.018744696101462455e-01 -4.717870394000514001e-01 -4.043865907104095547e-01 4.968660352395530277e-01 -6.070451462532413522e-01 1.642220474400597485e-01 -5.733243700207107420e-03 3.408989337961111921e-01 -4.707327341833846823e-01 -3.405953884433350343e-01 -1.103740415371049499e-01
-2.992203402136082296e-02 -1.731714369791632901e-02 1.266383328042343936e-01 4.353737523866885173e-01 -8.117745855974202174e-01 1.967025860908903079e-01 5.247635042251079518e-02 3.572574701114494822e-02 -5.880622047380679174e-01 -5.145902883586047638e-01 -1.017980865537077423e-01 3.826792133744787439e-01
-2.964706608271040073e-02 -5.308541170700836753e-01 2.268578877770955071e-01 -3.474489104077416179e-01 -5.762494342671294900e-01 2.675369129162687432e-01 3.592510854130912534e-01 -4.203942024563308011e-01 6.368824356111141283e-02 7.560375792060425315e-01 2.071533642778563555e-01 2.587694941231757362e-01
-2.287724287578349891e-01 4.268088325824791474e-01 1.661653024073571905e-01 9.461896184239064755e-01 9.250449900871271502e-02 6.706161644099785379e-02 3.023544747769278396e-01 9.770119615260448864e-02 -9.489357857914472172e-01 -7.730524169826984426e-01 -1.191920908400993406e+00 5.189883151743364120e-01
-3.400988577876454255e-01 9.674698127264780290e-01 -6.679335909937409443e-01 -4.402873932413137181e-01 7.160612732369180389e-01 2.271730365193342926e-01 4.761133886704927431e-01 -2.031977294471022655e-01 2.325526917966392326e-01 -1.099279743247915775e+00 -5.105607273562006165e-01 -1.896594087703161180e-01
-4.704007479989879559e-01 -3.917806195679030545e-01 -2.837846948905969890e-01 3.972560970394843349e-01 2.441633159979650636e-01 5.344696303521325742e-01 -7.369811303884010734e-01 1.228494530257687317e-01 2.308272029867168285e-01 -4.722862578766595099e-01 9.586315811113607088e-01 -2.626225427753560160e-01
7.911934999558707382e-01 -3.630011509012988080e-01 -5.841077187449152941e-01 -2.095259414164815093e-01 2.501844018525613000e-01 -7.046426490495676376e-01 5.545937854421669755e-01 -5.516627548941754888e-01 5.761432503016763462e-01 2.265792353151832028e-01 -8.219482116268576888e-02 -3.229095149298445433e-01
-5.768746229118083130e-02 4.780620604028301135e-01 -7.155871121499878251e-01 1.690633353079316337e-01 1.960690888461388282e-01 -1.905361977358394077e-01 4.378231380007163720e-01 -6.318684915974178695e-01 -3.268096768237059579e-02 -7.005942777020852663e-01 -4.942269503186834667e-01 -8.318216057601930391e-01
-6.129049278007438900e-02 7.692549246130949703e-01 2.990812990410438715e-02 -2.368513770103809202e-01 1.277563648533450502e+00 -4.566511501492414443e-02 -4.340359936624676451e-01 -5.947906067749122450e-01 7.412687117760885513e-01 -1.397171611814294501e+00 1.083605818117652081e-01 -1.563098403143682591e-01
7.218758159615440428e-01 -5.467531057494759983e-01 -2.502041750653746788e-01 -7.561334854073177292e-01 -4.306446742158360763e-01 1.931793528111080682e-01 -6.732638085859270483e-01 -1.761216309999960594e-01 5.641603000979245053e-01 5.014572978078444404e-02 8.417906905754992675e-01 -2.457952090972148895e-01
-2.433308741242778406e-01 9.810324301237093036e-03 -2.801932503819983822e-01 7.239802143397442435e-01 -9.134225217402191024e-03 2.090296964437068916e-02 -1.185645891984901779e+00 1.204726814811243607e-01 8.481058458381893206e-02 -4.077393545700681576e-01 5.753779627878871095e-01 -1.868546678758273294e-01
6.495867481887855795e-03 4.043823821472489199e-01 3.522901479495825772e-01 2.415151297921945828e-01 4.312718349278085034e-02 -2.309121522849561514e-01 2.972855768728086545e-01 5.549648364829739000e-01 -5.378451552774976552e-01 1.763647349347961246e-01 -6.220203667198036523e-01 5.779089548512515717e-02
