-1.548573963872322545e-02 3.433171799168874827e-01 2.283914327392806698e-01 -7.791197826856484029e-03
1.718576572852535123e-01 2.488945882602445758e-01 1.859334456141251424e-01 -4.021065831239655775e-01
-1.656612458566934509e-01 3.900549185697867877e-02 3.930884855505560327e-01 -4.410657186860225676e-01
-1.798671233460435726e-01 -2.095559105860790305e-01 -3.670039868085641088e-01 3.999712752120718751e-01
4.030668847777997277e-01 -1.945043148370038388e-01 -8.991145100583682048e-02 7.388706213668355671e-02
-1.741744725745281164e-01 -2.053773221982313213e-01 -2.933468742810110830e-01 2.226945483041959523e-02
2.388741773308521721e-01 -4.110638345890657575e-01 5.033505897858511248e-03 6.067390135618666233e-03
5.739895199993655384e-01 1.050361859717223872e-01 8.066959055553474256e-02 -3.176340697268291713e-01
-4.648422753926917395e-01 -2.678718211263836912e-01 -1.674661753893150196e-01 -5.120738756617044390e-02
-7.488056649416828803e-01 -3.824643754563815667e-01 4.996968394638508504e-01 3.225246392800310558e-01
9.705069204742491906e-02 -9.750252191602178098e-02 -2.768664167050585156e-01 -1.701157775653255044e-01
-7.032010729393771420e-02 -2.117306948293347091e-01 -5.929450603873647613e-02 1.637404077103435038e-02
-3.248847683907136186e-01 -3.812474653334754215e-01 -4.957993003767489082e-01 1.839910793460022009e-01
3.238537991830479079e-01 1.045907781579743928e-01 -2.866604146352851323e-01 -1.337449563710732814e-01
-4.165723212959819288e-01 -5.164534334292677498e-01 -1.272629734972685264e-02 1.130822425903537931e-01
-6.731323321369026003e-02 -2.154244577432220253e-01 -8.903900333395488309e-02 -2.902588058842177632e-01
6.217162657303764578e-02 2.489087730815285338e-01 -1.203686503643921490e-01 3.367366176940331801e-01
1.659183231677083814e-01 -2.401386625937043384e-01 -6.396922771143605246e-02 8.950903498255168012e-02
-3.736599879083333797e-01 -2.158521857792593257e-01 3.083592842231993366e-03 -1.664325330919474988e-01
-5.720003464279218436e-02 8.815033521222263857e-02 -3.076831040355116342e-01 2.523121331512042653e-01
-1.886206660878180785e-01 3.433895535929052945e-01 -1.014154686758464777e-02 -3.681776970481258071e-01
2.999830293766693190e-01 -3.300411881637870248e-01 3.312006118415460887e-01 2.139261364632438767e-01
4.011175228194628350e-01 2.903808362231265483e-01 -1.283464163071545705e-01 -1.367440341379221880e-01
1.546640817357546327e-01 1.196155193710639608e-01 8.388280446106259614e-02 -6.308884621271568238e-02
4.253095433832051464e-01 3.112978954951416966e-01 4.586530357009903358e-02 5.075364027174313758e-02
3.971202726762522173e-01 -1.801120920269740355e-01 2.643414277025603054e-01 3.788325225092089004e-03
3.280849282973976599e-01 -2.583040360350353781e-01 -1.181692091942539158e-01 4.316830656671509225e-01
-3.469297352598416651e-01 -1.023246467155606021e-01 -1.337446604664071226e-01 -1.572024019095764058e-01
-1.232584116996182089e-01 2.475062452908817837e-02 1.803679017382703587e-01 1.903484161058316138e-01
1.017872819744649049e-01 -1.444411258286520949e-01 -1.323465199140715365e-01 -1.219195566208889081e-01
-3.673106482340372705e-03 -2.870231572093298947e-02 1.669054834795419273e-01 -2.952463057787303446e-01
-1.632859581565662965e-01 2.419728468890887663e-01 -6.159120497625959756e-02 -2.130308911970837937e-01
-4.714786635685439681e-02 7.079742559307642714e-03 1.284039383322866379e-01 -1.976903888973590429e-01
-1.250965927011302437e-01 -4.980267960701559304e-01 -6.756796050761561256e-02 4.843361916102158493e-01
5.725633368204264412e-02 -5.933275453745884970e-02 2.526110076841966978e-01 -1.728575387578597800e-01
-7.372241903974330324e-02 8.244414517476579551e-02 3.025951003033424888e-02 -1.105204275135314024e-01
-5.692090920033041623e-01 -1.709435623273823923e-01 2.795006318975872261e-01 -2.465910667028425596e-01
5.058640914070856587e-01 -1.821548437936602316e-01 2.412585193441537934e-01 -4.385570465407853669e-02
-3.605476743744995272e-01 -2.275357297395512179e-01 2.463530748580970431e-01 -4.466152053129561761e-01
