3.827415351007303901e-01 -7.948094136315632385e-02 6.270177975009527671e-01 -7.933388660013203364e-02 -7.643531262903415779e-01 -9.661886181533804741e-02 6.767587620507641011e-02 -2.313336537983298746e-02 -7.563132876739896426e-01 6.160474156029670939e-02 -9.733533896960497311e-02 -1.483430297515888306e-02
3.506429090420604133e-01 2.104015406876409144e-01 6.227706185798230765e-01 1.762994100064213879e-02 -6.558239208201688264e-01 -1.578471414447546115e-02 2.221540102409838013e-01 -5.187862488577904552e-02 -6.292644442791158754e-01 -1.109133584206794948e-01 -7.422769681084925852e-02 -2.208796498225858718e-01
3.743219942929515431e-01 2.014494486085462721e-01 4.511266962524447810e-01 6.390541444268489635e-02 -6.777548144116636308e-01 -8.502853581901922975e-02 1.426104167911366183e-01 -5.456499714829859959e-02 -7.696825760431548202e-01 -2.303150599261984816e-02 -2.808563232952130187e-02 -1.107547061510585490e-01
4.140489779400636783e-01 -1.219761329900362207e-01 4.814956587084868178e-01 -1.530349585682721503e-01 -6.240836138817471568e-01 1.240608146904257914e-01 8.219906758279051096e-02 -3.893706919751928341e-02 -7.448526139037742189e-01 4.572924109011514832e-02 1.533375317900311993e-04 -2.169434986005777943e-01
3.558908496311045111e-01 -5.041238364091042874e-03 5.353779404757155191e-01 -5.490143781881443030e-02 -7.834571099268503591e-01 -1.313527283751141916e-01 2.118478771008095451e-01 1.852612446677873725e-01 -6.838916342072983712e-01 1.454779311570065375e-02 -2.133456933190291255e-03 -2.901046043088163079e-02
2.522613734926241191e-01 -2.717287307908079069e-02 4.682954674068688372e-01 -2.334833667211628702e-02 -5.649326580109004237e-01 7.179240945785735246e-03 1.733999898855937416e-01 1.280227901214049321e-02 -7.596290740505576844e-01 -5.742854774693924996e-02 -5.006721034511773388e-02 -1.493553214944735863e-01
3.571654080531807551e-01 5.119464786559558590e-03 6.359374659155270226e-01 -7.148465501630037189e-02 -5.005163943077369781e-01 2.949411426860700652e-02 1.134699173028499569e-01 2.701205976271825893e-03 -7.527573902483758461e-01 -1.470008848401414088e-03 -1.234977912173085834e-01 -1.365906904111956199e-01
4.014376903619327752e-01 -1.107616620433275918e-02 5.072902425497920476e-01 1.175694298538024624e-01 -6.264899096854243954e-01 6.737811656270084604e-02 1.377069403476368636e-01 3.878302331701108385e-02 -7.776745775305419217e-01 2.641437078926216903e-02 -1.153489589361420820e-01 8.947327496557222135e-03
3.429060057712246534e-01 3.945507865303200627e-03 5.446966844896679039e-01 1.531789725523887702e-01 -4.868709374859629957e-01 1.976845757900039680e-03 9.753584690014920067e-02 1.775508634948345654e-01 -6.712857924942127186e-01 6.540902024037072160e-02 6.478535515238206810e-02 -9.972279518525582753e-02
2.693369884604055464e-01 -1.437477808874228734e-02 4.011223644288546830e-01 -1.355058112463561337e-02 -5.407460037338671643e-01 -1.157812671471060775e-02 1.517790611541219858e-01 -8.456438948047882709e-02 -6.593681685063573772e-01 -2.932010771719405218e-02 -5.207239865806036899e-02 -1.391117603141604070e-02
3.807660129864061105e-01 5.700912868964470165e-02 5.798115597941011501e-01 9.544069162053363253e-02 -7.086821361156239174e-01 -1.045077404382776520e-01 6.490105282744650095e-02 1.217323569733496161e-02 -6.069982060660902290e-01 -8.899080441533370467e-02 2.371597842178528245e-02 7.712484284826175152e-02
3.198353583982661563e-01 1.019369717111617418e-01 5.090501655084197496e-01 -5.520839606509934938e-02 -6.740280343387794471e-01 -5.184604446116996418e-02 9.039411845678053947e-02 1.355420722672844719e-02 -7.983903918939715405e-01 8.575160248392298123e-02 -9.224148197790735249e-02 -9.849059772221206710e-02
4.762919492650364850e-01 3.338679995675374046e-02 5.601237175466586837e-01 -8.424156180503848679e-02 -7.881938649999464808e-01 4.282781904091085418e-02 1.687643261603712364e-01 -3.559576771084078939e-02 -6.766918299343073206e-01 3.269534973923580307e-02 -8.367048902447262945e-03 -1.314764413517604258e-01
2.873216985724237338e-01 4.036227186505319392e-02 5.570949465247813093e-01 -1.414155834667575884e-01 -5.349852362020528496e-01 5.685861463356896989e-02 1.338877418780428097e-01 1.183104680711074969e-01 -7.150844661638816602e-01 1.591365479200423927e-01 -1.471809902101394729e-01 2.965968462161406444e-02
3.070146603603650659e-01 8.809340862507404613e-02 4.568415318691511628e-01 1.297979178119895369e-02 -7.274888258953782216e-01 3.989348276357202600e-02 7.442424663562292875e-02 -9.459741311901491423e-03 -7.565727047825979712e-01 7.907962503510256036e-02 1.416001425509150723e-02 -1.833820150610026845e-01
1.613630909511408196e-01 2.193292810117805636e-02 5.476084977954592814e-01 2.665451360747709761e-02 -6.789955400809610797e-01 1.643241339528311307e-01 1.089712317738371766e-01 1.119018206728065318e-01 -8.253117859819575353e-01 -6.270005656628152568e-02 1.179722132912268129e-01 -1.461410698119231244e-01
4.372759626546818268e-01 1.136438671484061441e-01 5.918706982043775433e-01 -1.719383000821108134e-02 -7.504455263577947122e-01 4.478638848598977956e-02 1.995107497454031709e-01 3.130772516486619167e-02 -8.029910534492682439e-01 4.111784452354639435e-02 1.290548531232278973e-01 -1.593348590139219423e-01
2.852324756280584239e-01 -8.534329385523641009e-02 4.350579757887573229e-01 -8.860530107768462005e-02 -6.463317882149803850e-01 -6.706539557409899347e-04 1.308114792893236566e-01 1.359521988042693835e-02 -8.277623370813028680e-01 -1.092714509113065086e-01 2.953601875624163944e-02 3.392020095836215110e-02
2.513483901229776607e-01 -9.044772860450632501e-02 4.486450563151372362e-01 -4.029640182315400755e-03 -6.939695468777760112e-01 4.753201918596063752e-02 2.472443353173846003e-01 -1.144130252083803839e-01 -6.696811702177974945e-01 7.577819421712962689e-02 -5.392526365698723650e-02 -1.579074351943401608e-02
2.815200689953614166e-01 8.228177837296389574e-02 5.717297356356425553e-01 -1.056417057067712134e-01 -7.325295969822653852e-01 2.589772597384425862e-02 7.666411105681602070e-03 -1.292799725750758827e-02 -7.333702941039986767e-01 -4.058375396710598576e-02 -3.646958956054039552e-02 -4.331738990333627859e-02
2.224014281357442613e-01 1.380057050847268429e-01 4.881096469675353933e-01 1.256551395069892552e-01 -5.312373277383348746e-01 4.980015315975865747e-02 1.373012952564001132e-01 1.757602676942245090e-02 -9.039970625576586594e-01 -7.762421833138920257e-02 1.243524950161159354e-01 -1.437607038146713478e-01
4.395393503633894250e-01 -2.769022894025388593e-02 4.191143791699932231e-01 8.172049837689641938e-02 -5.942763548512706162e-01 -1.011167268647432740e-02 1.379939314917426607e-01 -3.390613352376627143e-02 -8.247151579720500836e-01 -6.295041289246899570e-04 -7.820961257155453761e-02 -7.744743333761615334e-02
5.738343112171748750e-01 -1.746484287842197530e-02 5.533926975977063734e-01 -8.360028419740067607e-03 -6.856342855768682298e-01 -5.878144664388510604e-02 1.136878326118071353e-01 -5.212987864159814022e-02 -5.393750591086158286e-01 5.513007810310917994e-02 1.873922389578625350e-02 -2.968317462719498034e-01
2.799836315726121905e-01 7.647917695873278875e-03 4.637858444600861385e-01 -2.118001901421341301e-02 -5.878907670826423182e-01 1.071208841491812225e-01 2.168712723925631525e-01 1.311315570318583382e-02 -8.760586169942899959e-01 1.433457114347614914e-01 -6.707635999854774655e-02 -9.548644985530722884e-02
3.442604328580207707e-01 1.011934628262684405e-01 5.030479982769935354e-01 -1.148493673371621254e-01 -5.986178659545602354e-01 -1.132457190469529917e-01 1.325161391003405464e-01 2.244409461152387705e-03 -6.884707057749167580e-01 1.692248661053782355e-01 2.469524124212003555e-02 -5.673507510735006920e-02
3.857692452634253755e-01 -6.052349705537497793e-02 3.958524948668399879e-01 -3.983496340478187570e-02 -6.737095071353176312e-01 1.009642264672538370e-01 1.461179459843505724e-01 6.412347868898067571e-02 -7.715178872334959026e-01 6.948829340572669488e-02 9.507358421547143501e-02 -2.108030613005699300e-02
3.097105952887634350e-01 7.370509841372878401e-02 5.497989217620282698e-01 7.446761852129114845e-02 -6.961392032251336737e-01 1.673895165178457267e-02 2.038590855513185418e-01 1.645632513923768192e-01 -6.574824788698402367e-01 3.784689792825272209e-02 6.888879155164076562e-03 -8.922246633413959127e-02
2.937702339900711834e-01 -3.376247588363185531e-02 4.753155090343167966e-01 2.411331530455864888e-02 -7.154752851129027036e-01 9.540111157382294427e-02 1.565812956016638946e-01 -6.551966461897985872e-02 -8.059995781728678255e-01 -5.809162904432082358e-02 1.324399557624845146e-02 -1.315115471323956842e-01
3.809703878036947433e-01 1.003314070658545137e-01 4.927137755676896380e-01 -2.334058754844070202e-02 -6.122876521639588621e-01 2.522206468560236198e-02 1.519693645408275451e-01 -3.073516560339772247e-02 -7.926335073548752552e-01 8.771420691478015730e-03 3.656715749005797628e-02 -3.765697196199303820e-02
4.033828327480917242e-01 -1.275518753738328626e-01 5.105595410454873972e-01 2.087038055990694252e-01 -6.901768179414375926e-01 3.832683409914892231e-02 2.086108740466507960e-01 -1.830121432122296943e-01 -7.429167960219452693e-01 -8.558708179961384277e-02 -4.501306202355755820e-02 -4.128828040383573927e-02
3.414921832260134904e-01 8.449166071039217185e-02 3.966107500573647360e-01 1.184981017884512294e-01 -7.064104385200287162e-01 -1.195679998961215185e-01 6.128693656125020622e-02 1.855364559741717323e-01 -7.478706149159032313e-01 -1.105670505540238963e-01 4.585111688305412020e-02 -1.326911729112469074e-01
1.943923879951119926e-01 1.412337570389030905e-01 6.548345574842886485e-01 -8.599307025061963400e-03 -6.324741031261840174e-01 1.944381590152119976e-01 1.419688741338349103e-01 7.684016712840059660e-02 -9.010865040493393208e-01 8.244902058172275117e-02 -4.314952832138830435e-02 -4.160992995698303276e-01
1.981483025248399477e-01 -8.577791391832968737e-02 5.013541268557623054e-01 6.689468787204115585e-02 -6.575724707091241683e-01 -5.639247261507796677e-02 9.842090907343321524e-03 -4.227507214897507914e-02 -7.262325983086274084e-01 -1.861457674664550588e-01 -2.457739536553405491e-01 -1.268781418366576597e-01
3.349968024624223606e-01 4.421058688846383339e-02 6.272899366805818611e-01 -8.133739495125240360e-02 -6.137897506761671451e-01 2.473483945769922032e-02 1.468675189372898870e-01 -2.182507245053843387e-02 -6.457385399209744081e-01 -7.941758057213989253e-02 5.890721042332163621e-02 5.867479887196244692e-02
3.781454468566809446e-01 -8.383501491982446596e-02 6.467709922037219172e-01 8.464222697181252031e-02 -6.799450831612237067e-01 7.301821298887123390e-02 3.316088442741175757e-01 1.607131292456336902e-01 -6.706470050718084108e-01 -3.597358757055163069e-03 7.194352273380411056e-02 -8.537492912113613108e-02
3.127876099722759484e-01 6.816743515432487077e-02 5.540327334304140372e-01 -2.285460495739331452e-02 -6.566621817481967938e-01 -1.055947925125907128e-01 6.464642112323994161e-02 -7.799770541411758795e-02 -7.710838468907038612e-01 1.589927239021676209e-01 1.372146820418359559e-01 2.392232492446679654e-02
3.293639259703052824e-01 3.297393304126881863e-02 5.088132906725241211e-01 -1.397710078062475506e-02 -5.643158662633429579e-01 3.680623369551531271e-02 1.052590651663608962e-01 -2.238065580861254428e-02 -7.371822734647298647e-01 1.613187831329992300e-02 -4.152801498265424468e-02 -8.876431690431400845e-02
2.992861236217161380e-01 -4.773156834223534623e-02 3.910847986925399256e-01 -9.908857970682451166e-02 -6.747987155807411153e-01 -1.384223824776496803e-02 9.143873484682381314e-02 -2.227395818180358256e-02 -7.331830397939741450e-01 1.047682698436305931e-01 6.862509693989052306e-02 -2.425125775877025325e-01
1.680789500193621278e-01 7.657671375081874510e-02 5.166953503317278651e-01 3.198340576934233237e-02 -4.649366964532370972e-01 -2.503806456777572520e-01 -5.472722368539561372e-02 5.198957258381267654e-02 -6.851897743549894004e-01 -1.545237668378280915e-01 -8.436704631681468669e-02 -2.435448651917292845e-02
3.646533978181891733e-01 2.536654617592067756e-02 5.100598970106268171e-01 2.120031223070166851e-02 -5.878198858748717726e-01 1.484246877058678768e-03 1.654239023374268203e-01 6.895602389276149491e-02 -7.387047968620713556e-01 3.069283809886421549e-02 1.350606876320510352e-01 -1.671919794939163706e-01
2.452692390901505815e-01 -9.590392229101508959e-02 4.700564421328407572e-01 -6.316464963003258493e-02 -5.747691494003746016e-01 1.346178008948395455e-01 9.510096694013812912e-02 1.580870970488789662e-01 -7.672274833833848673e-01 -1.290252471001128720e-01 7.841370014361462304e-02 -7.558427763612964034e-02
3.708605188983746803e-01 1.569133357030423614e-01 4.822901489741864833e-01 1.763851530629370612e-01 -7.671059893434863941e-01 4.759050835894313436e-01 2.244894973495493301e-02 5.846375397846730049e-02 -7.370856951429133330e-01 9.242649375338020390e-02 6.849537546765913087e-02 -1.796333345073705401e-01
3.217340450625318926e-01 5.496443187506015217e-03 4.784279253494009843e-01 -3.998692213353779827e-03 -6.196706267722520423e-01 4.773057179800024169e-02 2.864520035600300329e-01 6.405277105354204546e-03 -6.598177536317838543e-01 9.660493197257334630e-02 7.197580323085220333e-02 -8.743076242079329818e-02
3.719138916380994031e-01 1.552517108314228345e-01 4.878244605883932938e-01 9.866631977554617128e-02 -5.876291122864614191e-01 2.234879555726486389e-02 1.220490204903022652e-01 8.675331796689124408e-02 -7.914605778542301850e-01 1.052031795395260844e-01 1.547219443384387771e-01 1.623985466245750700e-02
2.428419411186144572e-01 9.968152789974250860e-02 5.823365604875860857e-01 -7.736609519651062306e-02 -5.741595896974729385e-01 2.216047051753733399e-01 2.075098381281190729e-01 -5.396914601530780620e-02 -8.336936232887234288e-01 -2.288206325328299984e-02 -5.095795315039481493e-02 -1.026690838082923024e-01
3.371336603560149969e-01 5.882944573674928762e-02 4.657487679263068725e-01 -5.426438400032949916e-02 -5.746216282826561716e-01 5.934874027635956423e-02 1.454834645243664459e-01 -8.309076743338363047e-02 -6.369624915203869753e-01 1.334995497812526688e-01 -1.838357042512863901e-02 -6.798927559807892151e-02
3.739166047448416741e-01 5.490296252158240881e-02 5.128183809539812454e-01 5.202755120993078630e-02 -5.650126595779727534e-01 -1.248930827210609357e-01 2.461212971533623395e-01 2.326825164857312944e-02 -7.025520198584253029e-01 6.723100922398091150e-02 -5.017484636169704379e-04 -7.070174451646159264e-02
3.791300922909400795e-01 9.882057025614182297e-03 5.129658454898675668e-01 2.902573207785378792e-02 -6.639934571225372117e-01 -2.038902913754135904e-01 7.623772617676426167e-02 -2.818889801320133975e-02 -7.787248178881956973e-01 3.647510638208729256e-02 1.263671174263475134e-04 -1.025650761835488617e-01
2.721596967715023130e-01 7.587528864489533065e-02 4.993746216505361990e-01 -4.882963069726058147e-02 -5.566534045206701364e-01 -1.573015141774787573e-02 1.871927693587741026e-01 -6.242418564087201527e-02 -7.159508877633983248e-01 -8.033789389810165604e-02 -9.173389426588558423e-03 -1.792002672698725652e-01
1.809481043507762954e-01 1.168163036059191168e-01 5.150336087944455965e-01 -7.997154038537605814e-02 -6.500363450728205983e-01 1.099470433196038724e-02 4.287362832135337976e-01 -1.689651806452965865e-01 -6.268456204972600032e-01 3.590926109200946043e-02 2.226710563397140130e-01 2.277154542307096852e-01
2.686220989600359710e-01 3.900123076777421011e-02 4.397201495372451974e-01 -8.803195745441749764e-03 -4.755767079583724799e-01 -3.596748827158943035e-02 3.952083665187092892e-02 -1.043440469646965268e-01 -4.959940872615304364e-01 -5.047654224761872338e-02 3.949236965519456119e-03 -4.510422037919650795e-02
2.852482326317496986e-01 1.555732457936352675e-01 6.530268246221484496e-01 -1.140737495129083706e-01 -6.123612948939520795e-01 -9.748167973267676811e-02 7.732066129892654904e-02 5.917806093689270686e-02 -8.239174651671884453e-01 6.792815667191191842e-02 8.548150085437635284e-03 -1.813035955914697045e-02
3.173297013687983448e-01 -1.468717030629247133e-01 5.408912248971496917e-01 1.364061019208533398e-01 -5.587740458747170180e-01 -2.033215928936095707e-01 1.402988959460151341e-01 -6.154343380533718044e-02 -6.834435546324616473e-01 -1.600374801635189304e-01 2.758715330038680538e-03 1.370489570983484881e-02
4.896222538114541889e-01 7.176044908997063210e-02 4.823599007612573986e-01 -4.308903380002326866e-02 -5.539986601590620729e-01 2.052783949046221162e-02 1.387283882553080883e-01 -4.283989216547189061e-02 -6.286561634229111961e-01 3.967415819723876108e-02 -9.972442666898692631e-02 -2.315260093948480914e-03
4.648695214516048724e-01 -6.191761972395087681e-03 4.902492421416215218e-01 -1.118966109166045358e-01 -6.480495099844330031e-01 -4.798330766064422964e-02 2.147225042297116748e-01 -7.583402241795060561e-02 -8.112927598518825389e-01 -3.507292806564211302e-02 5.610355670311941573e-02 -1.291841816380855934e-01
4.788027431416129742e-01 1.244052957172725599e-01 6.187224455188600203e-01 -2.745793694439395763e-02 -6.967955084154466849e-01 2.119881412420036165e-02 1.257610347159179576e-01 3.812234143267549669e-02 -6.834343482807693215e-01 4.599954699534879871e-02 1.106107248334600723e-01 -9.571110000498540826e-02
1.424221363007956709e-01 4.524672342806729947e-02 6.055442657537237761e-01 -1.657979795579629266e-03 -6.980255127453030006e-01 -1.294361343344298532e-01 4.061111898524504688e-02 -1.318959439084576024e-01 -6.451943992519598714e-01 -1.175089171205819932e-01 8.332670400628297558e-02 -2.593040373901688705e-02
3.471773417630926728e-01 -7.233784826342516683e-02 5.595930220390498144e-01 1.203795153931741940e-01 -5.663025849534992773e-01 -1.019346882398026177e-01 1.155210800081404726e-01 -4.686017006818168906e-02 -8.353668663225733981e-01 5.115866118943190183e-02 -3.025847338699544885e-03 -3.849372848566419425e-02
2.880166091333219436e-01 -1.085475173997117598e-01 5.496572915761560596e-01 -2.368456828805208872e-02 -7.331323532990967617e-01 -5.126327856631914676e-02 1.771117977389155551e-01 4.486162280910012618e-05 -8.174753365014669759e-01 3.517850888805833937e-02 -7.000223496560345482e-02 4.973776769947842527e-03
2.490810679709333231e-01 7.793773572087461972e-03 4.531132657673733743e-01 1.867946697738573913e-01 -7.177564435207661742e-01 -1.847385401385817083e-01 1.176953944274744396e-01 -1.481634860203898674e-01 -6.896502547110551218e-01 -8.083762695848359381e-03 -1.004199109952110258e-01 -6.549027887990972741e-02
3.560620176745833421e-01 7.443994136567920472e-02 4.013070202682203491e-01 -1.185878831178400900e-01 -6.124108822421454601e-01 7.380237302566775015e-02 1.273696506086949565e-01 -6.071983947158460238e-02 -7.566824325841378096e-01 2.650243773463462765e-02 5.884169767910995413e-02 -1.812718350159368136e-02
3.024873976950174237e-01 -1.496052406948820412e-01 4.395134494790634005e-01 5.165600198045218472e-02 -5.880646249847258922e-01 -3.865106228604816424e-02 9.053194664978490847e-02 -8.202931011845042419e-02 -7.573344044034709954e-01 -2.762838399455909422e-02 1.207000632612048596e-01 -7.019423281562083006e-02
2.623634238054358692e-01 2.083160495253265909e-01 4.990565273752809450e-01 1.160469247638418605e-01 -6.033268004486083136e-01 -2.917700799166062509e-01 2.342868637692032130e-01 -2.254309477913430948e-01 -5.198097107098083036e-01 2.654440341749945143e-01 -1.709911953806226084e-02 2.643889234434523144e-02
3.052146669086396313e-01 1.155540369175022258e-01 6.937932036797656021e-01 5.335317836889739984e-02 -6.997078514996284415e-01 2.412404229973009323e-02 2.279468703021184095e-01 -9.815591313210610125e-02 -7.460586948361856985e-01 -4.826066063295168101e-02 5.195381293208149037e-02 -9.185253969861902068e-02
3.405181665479593001e-01 -1.428765773293223240e-01 5.030652142963722984e-01 -4.238243423695102485e-02 -7.187671965621253989e-01 3.560256794592720625e-02 2.048116037564444158e-01 2.637453325982501429e-02 -8.291483863786420772e-01 7.170495853638821082e-02 4.620771936169083133e-02 -2.444486599086385381e-01
3.280726190091021177e-01 -8.738625049192745575e-02 4.879815432454550073e-01 1.065578007128805543e-01 -7.295600017417676053e-01 5.410238996383950200e-02 1.928963096581162162e-01 9.518551063489887054e-02 -8.685886202849947280e-01 1.390274492786428354e-02 -4.763122902428474498e-02 -6.152240135353745365e-02
4.261846533183991648e-01 8.273886827247113607e-02 4.307558605571329413e-01 -3.697638890099068376e-02 -7.035788694077163008e-01 -1.033234868243824156e-01 2.388123460851190316e-01 -7.934189345749678365e-03 -8.162713624176497484e-01 4.367181079365437674e-02 -5.025246977728378001e-02 -1.886974268157720902e-01
2.905199039883439305e-01 2.565689742438712756e-02 6.171818881681608859e-01 -1.550419015661075491e-02 -4.818043100933313561e-01 -7.433951123883478229e-02 2.296054042547617247e-01 7.739575769754046541e-02 -7.902022426237261810e-01 9.072033776807734984e-02 -4.890634683745462979e-02 -1.311366470809166851e-01
5.114768548250272495e-01 -2.307954832567960246e-01 4.763811050326693386e-01 -8.475729185550633094e-02 -5.053982893261753651e-01 -2.242420547214446502e-01 1.977459243455639837e-01 -8.502438187637227640e-02 -6.721823427542533702e-01 4.904179725372962567e-02 -8.267912179448430599e-02 -1.256083322759057319e-01
2.284548681750152577e-01 -7.614165231096044206e-02 5.493379564884270927e-01 -2.119143090388385664e-01 -5.819822721143652622e-01 -6.975828327434507869e-02 1.159567242450480068e-01 -1.240809101772843565e-01 -6.963309501900704079e-01 -1.430644958316292792e-01 -1.517971236627638776e-01 -1.418451222016190727e-01
4.068638207350254721e-01 -1.589184627813706452e-01 5.092291040994939566e-01 3.316919999255905915e-02 -6.289394067590796666e-01 2.116546316796417276e-02 1.594992627627660475e-01 -1.068591902816863268e-02 -8.654700919353647270e-01 -3.422198716259624435e-02 -9.638911482887660420e-02 -9.042504053718088131e-02
3.408095840809719501e-01 -6.603201977501812515e-03 5.866756604678213805e-01 -3.418052841464587488e-02 -5.239656895217184029e-01 -1.165632719843355813e-01 2.370456570599761559e-01 -1.857233668926424608e-01 -8.118733256290316946e-01 6.690470244090092333e-02 -7.651942506858339099e-02 -1.813341902520646254e-01
3.996085209263740001e-01 3.336123644089503126e-02 4.289766676976027315e-01 -5.119784824332486439e-02 -8.248471773282972652e-01 -6.266023236118989370e-02 1.390258754274477544e-02 3.663906436853446580e-02 -6.878980257197603310e-01 -6.546610087573449810e-02 -1.796127006534071202e-01 -1.386326420101954143e-02
3.321032832302446280e-01 2.191186561855718983e-03 6.505377750705700901e-01 -3.523064326086669529e-02 -6.888744669674113918e-01 6.965925542991660557e-02 1.513620562650010437e-01 -1.352364271593973211e-01 -9.119765646573144702e-01 -1.422098309598442412e-01 -3.000686363735070514e-02 -2.903514641361617382e-02
5.090982677142309454e-01 -2.276995633081006776e-01 6.492344844974236029e-01 1.047547579947925439e-01 -5.700664268143191826e-01 -1.905937684418961831e-01 1.701127059672128961e-01 1.083854186697344041e-01 -7.435653840140076243e-01 9.301178839919198305e-02 -9.775353916217055517e-02 -1.182455804153481477e-01
1.687321969891438234e-01 -1.757382323834003890e-01 5.470689435859791283e-01 -1.582702024190435833e-02 -5.478723599156640756e-01 -2.024056588989036065e-01 -9.349460898824880906e-02 4.157377734240859379e-02 -6.952036882325963729e-01 -3.267023078138080877e-02 -1.007371157281785057e-01 -7.224345996090807132e-02
4.639785889150878084e-01 -2.076230049704791136e-01 4.471326332126279168e-01 8.657567359931279960e-02 -5.876740046659065797e-01 -7.255688337717489111e-02 1.573226429515457436e-01 3.868492602626742716e-02 -6.714975207297094739e-01 5.431610420295209657e-02 -1.252454682500609429e-01 -1.667254042538127978e-01
3.686601004906406853e-01 1.010376642406301401e-01 4.742769222091087200e-01 -1.659705896474096831e-01 -7.671950184683893337e-01 1.426659772343299992e-02 2.313956304519921431e-02 -5.190694024167483156e-02 -8.050487720305706807e-01 6.444661837795641335e-02 -7.212303018134100241e-02 -1.423474585214390686e-01
3.325998223589079483e-01 6.382181234261034841e-02 3.761135271927197876e-01 8.599163730103987630e-03 -8.658219151515336165e-01 -1.328152432788705650e-01 7.466503506561024406e-02 -1.203512571339680620e-01 -8.456109150266867269e-01 -5.298963685872089963e-02 1.212882105794590819e-02 -1.563944489191469722e-01
3.247509770254788375e-01 -1.442220723285243811e-01 5.292076282169786428e-01 -2.143490122897384054e-01 -6.422718661050608180e-01 -6.286160340589702633e-02 -1.072088082081920773e-01 3.809688425510546206e-02 -7.643226262519436931e-01 -8.565406894736844745e-02 -9.415305108491980879e-02 -2.126166805077050331e-02
4.130192410365765010e-01 -5.376613393628711796e-02 5.936086845956844993e-01 -4.445172846475611839e-02 -5.728584083819658890e-01 3.074234694325606726e-02 1.125841385330323824e-01 -8.205024590762187431e-02 -7.734072382175526394e-01 -5.014963340749949844e-02 8.686988832292236173e-02 -6.826737555715030326e-02
4.266076792019842800e-01 -2.520394313935482855e-01 5.025953010882355798e-01 7.823651465497797469e-03 -6.319472740566436375e-01 -1.573082597098948154e-01 2.029946977494550553e-01 -3.795309270122272649e-02 -6.873409953480243972e-01 2.016169136977798409e-03 -3.069083130343866830e-02 3.978726897826831421e-02
3.213105108527684051e-01 6.525123461509471645e-02 4.535742325043076728e-01 -1.856838331592551919e-02 -4.941932191565323595e-01 -8.964150725045885726e-02 7.727684952873485613e-02 -6.587026025267908591e-02 -7.464012102119884640e-01 -1.034097635080857974e-01 -8.710356903083349422e-02 -6.078717518307656664e-02
6.412762132041165408e-01 -1.388351723429636364e-01 4.542112264826921320e-01 1.747558830312167036e-02 -6.812555312243404604e-01 -5.007833016771436885e-01 -1.318001961983520931e-01 3.410532910256860450e-01 -5.710973572447713975e-01 3.620639729544598007e-01 -6.765881124321801998e-01 -8.588172679942369936e-02
2.374113189642930721e-01 1.699781296061782243e-02 6.354076637659040738e-01 -4.025883757632395255e-02 -6.511708279675212374e-01 4.143958693748191480e-01 2.064607094220085592e-01 -1.595929192139928232e-01 -7.396421973037939912e-01 -1.871036356341742035e-01 2.541401303431867764e-01 -1.912693913793224454e-01
2.745629609846403918e-01 4.000642936381095249e-01 5.302203616769008976e-01 1.122096280934244475e-02 -6.242553859761317270e-01 3.195588769752031877e-01 2.079628452727477761e-01 2.511594190709836444e-02 -6.683639834551896586e-01 7.984240653867318016e-02 2.479087153631612805e-01 1.872882245307822685e-02
2.736089818736707757e-01 1.796589065143614217e-01 8.057173935675656651e-01 1.846648220899152135e-02 -6.621521368794833773e-01 3.191399402471264968e-01 7.363244178774934479e-02 -1.897410923979668262e-01 -7.969953126360952433e-01 -1.466694432026174333e-01 2.290534794808208874e-01 8.166407707082622147e-03
3.130171339591939494e-01 5.349079569235968418e-02 6.533728600074114601e-01 -1.704081007677717488e-02 -5.778685399679917012e-01 4.508992649116572715e-01 7.591694016686821589e-02 -2.764991806592573959e-02 -7.539162379741793929e-01 -1.729987829488415785e-01 2.659617585742580226e-01 -2.111395425878231230e-02
3.514366319842339159e-01 8.538607005304223174e-02 4.427037086014494194e-01 -1.341921222431562422e-01 -6.404567713576141408e-01 -7.057951959812364118e-02 1.656095673246738009e-01 6.497592562364436219e-02 -8.635728580707576763e-01 5.923278653602450511e-02 4.850236447994302896e-02 -1.569980742205907831e-01
3.467957237990679786e-01 -7.152064927029520500e-03 5.534675021899285730e-01 -6.981414478916093957e-02 -7.250521942199759096e-01 9.657676414458765679e-02 1.782490920269199086e-01 -9.874901152208372113e-02 -8.452536343805935326e-01 -6.127170674243059140e-02 8.205554118890486318e-03 -7.771599017110798757e-02
3.052545347347394022e-01 8.578647396615736442e-02 4.555147026029369717e-01 6.482523955700637830e-02 -6.622224726884375912e-01 1.888271069065125540e-02 2.561117609005068574e-01 4.001585392706596966e-02 -6.679660308102203237e-01 2.644347571207483760e-02 -3.751438672644138300e-02 -1.131483221860627580e-01
2.333339329377888127e-01 -1.443626094448722530e-01 4.380682793840816047e-01 -3.588001799118956114e-02 -6.720450401244386640e-01 4.477501437969621384e-02 1.219014760824559812e-01 -2.063169519965904475e-02 -8.089582176282551496e-01 -9.700018681728793390e-02 -1.542400598695425895e-01 -1.378118081364998748e-01
3.349229444406173206e-01 2.379662484237345804e-02 4.050762689751435386e-01 1.181495565668429920e-01 -9.392371844224007837e-01 2.688300712573169493e-01 3.065403947228683701e-01 6.598499106449576268e-02 -9.574119357318767731e-01 -1.116159857411990891e-01 6.552387408558899007e-02 -4.224687214059375528e-01
-2.732243494322858512e-01 -7.870812735545573702e-02 -4.669653350342506393e-01 1.081904717971839958e-01 7.812986392197851515e-01 -5.233586608310517724e-02 -1.368627182893744632e-01 -1.437626412657037889e-01 7.516121480386329656e-01 -1.055945660544950204e-01 4.125546925513826069e-02 9.460573134429538233e-02
