2.534484023441055944e-01 -3.504688457313617223e-01 -1.075890458503002411e-02 9.638409597790531524e-02
7.526077974118193514e-02 -3.923974678464410837e-01 2.526990790014196353e-01 -6.940062136672343895e-02
-2.447144644188206375e-01 6.094162871841011242e-01 -2.415518801146807060e-01 2.654779067150180860e-01
4.814434494586989910e-01 -7.887652631736301323e-02 2.182931478255712987e-01 -5.277069631592901100e-02
-2.055494740314416924e-01 -5.735288130159671427e-02 -1.083548486244985398e-01 -4.768083130025286831e-01
4.586550840113199912e-01 1.909058977099216681e-01 2.905507124160163282e-02 1.756662293655565921e-01
-1.168500159525191207e-01 -6.108401711751403756e-02 3.690084786333873434e-02 3.035996486915283343e-01
6.296274753976006944e-02 -4.353282580505249411e-01 1.911410533333170458e-01 2.680324807314000135e-01
-1.233245476337670524e-02 2.569713515438624696e-01 1.196448959199477580e-01 -1.341456228935744843e-01
-1.257286137314053420e-01 -6.069109860053862465e-02 3.814868082593954046e-01 -3.142060928043627910e-01
-1.530978915875995383e-02 -7.924906958735478124e-02 -3.524595280770037031e-01 4.441315560080613678e-02
-9.087731380523181302e-02 -1.936670438422083695e-01 -6.291568971658897391e-01 -6.613333054557464508e-02
-2.487369232699074839e-01 -2.558376249148085479e-01 6.051416140557064338e-02 -5.009749650853555503e-01
-1.128628239921517645e-01 5.069403499233494925e-02 -1.339678100430329866e-01 -3.419569052263894404e-01
1.911134448036904687e-01 -2.056455650021519477e-01 -2.040535918070010210e-03 -2.709852215408492526e-01
-3.193760419625705366e-02 6.204739500783335027e-02 -3.623624150348984108e-01 5.466504952758510782e-01
-6.059689827531895834e-02 1.988703169109622970e-01 -1.560037712162459234e-01 -7.467456618875365493e-01
5.968629370434137826e-02 1.116744542790699679e-01 -4.009011658865382355e-01 -1.976168938746981629e-01
7.781998812183417435e-02 -1.668458269297323215e-01 -2.216327393729235484e-01 -1.008934002212852482e-01
-3.791251202605526172e-01 5.782805947808691144e-02 -1.679348047654382892e-01 4.417783300764291932e-01
-2.336427216104736693e-01 3.740957875670344879e-01 4.505778188561075925e-01 -4.864476190242857795e-02
-3.411831536123966502e-01 -9.236379860089259652e-03 9.480278688113988328e-02 -7.372986185096681681e-03
-4.465012757237722674e-02 -2.874137555335129490e-01 2.495877858955556916e-01 1.731362869057916087e-01
8.144959783248385821e-02 9.139738023471423445e-02 -1.337738468609504794e-01 -1.855218790097470372e-01
3.162430491944180910e-01 -3.080418229904439698e-01 2.227381580100253333e-01 -5.460712392531181791e-01
3.109951415934560370e-01 -9.303643684198965869e-02 2.765861318001215929e-01 -1.181989371649243559e-01
-1.397725558080689101e-01 -6.782973295187861434e-03 -2.003941614960850770e-01 -3.598757239460757540e-01
-2.023644415290244691e-01 -6.671799617692757145e-02 3.911772897938820548e-01 2.209357057932712365e-01
-2.771448870542033149e-01 1.490157412014799232e-01 4.347680509909845198e-02 -9.088135515445543156e-02
-9.566844066276279646e-02 1.696218903431282454e-01 -1.826955010477084307e-01 -2.641828690364581567e-01
