2.874105776647726818e-01 6.765127115305374916e-01 1.561373236287628696e-01 4.645007765015994883e-01 3.679652082447769423e+00 2.107879323649705317e+00 5.147482315327041036e-01 -1.391574019949845198e+00 -8.230873172497498169e-01 2.122367900568405741e+00 -1.106606815317320747e+00 7.357008292480291534e-01
-1.393784485006026586e+00 1.247152341941895198e-01 -2.995413592513344270e+00 -8.081066749809726613e-01 6.300435557825367905e-01 -7.543425400250922674e-01 -4.320129010357648958e-01 -1.854879032508354175e+00 -2.151129029926043490e+00 -1.984721588653970414e+00 -1.296052805275067776e-01 2.630685721288094303e+00
-2.944962426515683185e-01 -7.351257211050623575e-01 3.224432388011920780e-01 9.029609469265521549e-01 1.307068752732550410e+00 1.595048208126958134e+00 1.150983585617314953e+00 -2.378474651889481706e+00 -6.461737937680678279e-01 -4.647245038108964166e-01 5.750420303100843844e-01 1.146754728129150580e+00
1.235857126494934316e-01 1.974513290973345658e-01 -2.458503770801310773e-01 8.482015183108956302e-01 1.528689818931481481e+00 8.250982819284040648e-01 1.487519610035780426e-01 -6.761903115502732042e-01 9.270525066724660812e-01 -4.010776958246730639e-01 -2.887453104687546790e-01 2.725490814355974400e+00
9.340864101974871714e-01 -2.197017333487401469e+00 1.027588489431574770e+00 4.599806544056669333e-01 3.990484706836514572e-01 -1.140522229554001399e+00 1.003865130118806404e+00 3.273545500438208022e-01 1.278625400975002657e+00 -8.233241154334500211e-02 2.956735845159819132e-01 9.353812422049497324e-03
3.415275795892184774e-01 -1.184138833551007686e+00 6.559699230949800342e-02 1.895885112501542347e+00 -6.996536193487579158e-01 8.406623164786203306e-01 8.115446526201702815e-01 -5.907037022792123171e-01 -9.553056634697157934e-01 -8.940498834244189202e-03 -3.279247941750128570e-01 -1.144952868255698863e+00
4.933842523273931358e-01 1.414388230069099084e+00 2.904481300843462788e-01 -7.033239695808971015e-02 6.564838554239192658e-02 1.107096435597455075e+00 -8.194333877582751224e-01 -9.221977204329443456e-01 7.170969074536521770e-01 -2.596399857865630545e-02 -6.126323531059902905e-01 -2.598060536082325359e-02
-2.461859322690688412e+00 3.004632254840810535e-01 5.063968975555749319e-01 -5.146505548555904141e-01 -1.716642121437261137e+00 1.327112668455306066e+00 3.099984590463435441e-01 -2.710187096475107360e+00 -1.313436161514411060e-01 1.457420285003543814e+00 1.395597775186195211e+00 -5.251501227275917616e-01
1.936965997979618603e-01 2.172895222207355648e+00 -2.089591609246893578e-01 -7.896857105348673578e-01 1.998007450290891496e-01 4.478884840097356879e-01 -1.548858898435864440e+00 1.432443520005498350e+00 -8.449118967270540237e-01 1.514495425449771115e+00 1.293595518188277005e+00 2.677486929090107548e+00
-1.267237110656850740e+00 -1.573961143271772389e+00 1.284254962420388280e+00 1.404012913904161275e+00 1.170663178491104794e+00 5.682372110358323569e-01 -2.886449334147086487e-01 -5.241008931791888426e-01 1.014822676099747384e-01 -8.058114235597295671e-01 -2.038833071696427302e-01 -5.428274768452105992e-01
-1.374353084085723653e+00 -1.335952548778733817e+00 -1.113060191933706422e+00 2.698802779682324959e-01 -7.453615320177541248e-01 1.059846092584988547e-01 -2.779909539338830740e-02 -1.794085781184140860e+00 8.912734846030826441e-01 1.520786244916474406e+00 8.165766054869829649e-01 1.170236536138815397e+00
-1.432691874716668590e+00 4.022950267729766272e-01 -1.572522876165597605e+00 9.172866452248278346e-01 -2.122539265313883039e+00 -3.768504016849493626e-02 -7.654611781016509298e-01 4.016347969216840230e-01 -1.955683029576468224e+00 -1.366767426308834077e+00 2.447711497786860146e+00 -2.815629603321338492e-01
-1.310850892542702706e+00 2.635431297019011354e-02 -1.769117475783891225e+00 9.558912504202137228e-01 -7.402425729528103737e-01 1.117537926435354656e+00 2.292203100067720656e-01 1.139399148614831381e+00 -2.503147049672425517e+00 2.401577686776283291e-02 -3.607465101527202456e-01 1.642329947136683399e-01
-5.154745779332575717e-01 3.210389127047877933e-01 -5.086063570633891917e-02 -2.318842216730638395e+00 6.898364967280690152e-02 -2.118032296426803018e+00 1.097171160308997528e+00 1.670728361901734127e+00 -1.009294195985537684e-02 -2.512397440916417368e-01 2.485633767773220981e+00 -9.254383997299089892e-02
1.833633225967903346e+00 -2.123083723010517065e+00 -9.196533181666760592e-01 1.373918709609740274e+00 -1.334195669957709773e+00 2.372271303827319766e+00 1.657018880663539973e-01 7.545786006945300883e-01 1.125287847576953437e+00 1.566701242509855430e+00 -2.105964950226671295e+00 1.961495064300792457e+00
4.859596939809541771e-01 7.347101251474222328e-02 -1.962525307054657997e+00 8.685064384423231143e-01 -3.639947587446653587e-01 -7.510689796912836114e-01 8.347211119959516701e-01 -6.931991237389398819e-01 9.384960656882794794e-01 2.741184973549663506e-01 2.809884769146968608e-01 8.976174008901333101e-01
7.452531154795346557e-01 -9.027395454944510123e-01 1.304029566409533825e+00 1.015043766241914946e+00 -3.441471598442093494e-01 -1.879474547832873377e-01 9.590698610603527463e-01 8.614641998983919857e-02 -2.013161304805467788e-01 4.729471341466952028e-01 6.576042167339338773e-01 -5.858157458196444622e-01
1.112381045340445240e+00 -1.418669377380538332e+00 1.750763448370833197e+00 -9.919381646929954499e-01 -3.403533490332592559e-01 -8.343343803251699331e-01 -1.108919280653823281e+00 -1.277828303036192770e+00 9.460230635836293089e-01 1.009629569865064580e+00 -3.324540631632136312e-01 1.249650971677402245e+00
1.079658326187044187e-01 1.154754075949674608e+00 -2.447183406886094481e+00 1.053535254251633635e+00 -5.219862568211500742e-01 5.801342983785651164e-01 -5.516854659498717783e-01 -1.151578263849389216e+00 -4.094862895422692328e-01 9.193973092765517219e-01 -7.334885155125892009e-01 -7.887060952616427034e-01
-9.366059277209691780e-01 2.127393042431750814e-03 1.876957861128276672e+00 1.113059700285074838e+00 1.834412593191063090e+00 4.506867157280934344e-01 2.780073769153383334e-01 3.911010830651870940e-01 -7.303588083018297539e-01 -1.186918386540456671e+00 -5.641518228603360496e-01 -9.451008195783494603e-01
5.474180587594920655e-02 -6.768220820624474277e-01 9.849231523197955751e-02 3.982048241215581097e-01 -2.900931046011762104e-01 1.026415022476505623e-01 1.429371247065614192e-01 -2.896336270266224866e-01 -6.204311218217930524e-01 -4.960620791387494455e-01 -7.412239275302910935e-01 9.297908762377848912e-01
1.979287216944480399e+00 -9.778374114887125046e-01 1.159785013416497312e+00 2.077065692710333700e+00 1.013931027642577254e+00 1.724289979624582525e-02 1.120777492183607338e+00 -9.462747822751584881e-01 -1.012083159564672208e+00 -1.143116722306593003e-01 1.965907103098486042e+00 6.122274445119306741e-01
8.067536533223336193e-01 -1.814075220801055321e+00 6.427298324235283800e-02 2.323035247880595566e+00 -3.052089856284274649e-01 8.167125331953410949e-01 -3.639290998644120201e-01 -4.302282787179337320e-01 -5.495823434933210239e-01 -3.892385014620027839e-01 4.893474319896970459e-01 9.086342426021389862e-01
-2.855432297500213878e-01 7.498363755965522515e-01 6.522730448227477273e-01 -5.738838618083511589e-01 -6.113661250937052483e-02 3.854978010613715478e-01 -3.293575166556644840e-01 -7.005745467006647687e-01 1.165793303948805676e-01 -9.683827960344826291e-01 1.321243466291648072e-01 1.469759783350259141e+00
-2.464046867176738764e-01 1.580465258089451541e-01 7.614264719826974170e-01 2.576335218838446406e-01 1.424043001635644234e+00 8.928301185660820760e-01 -1.442927913820375441e-01 -4.599099419213481532e-01 1.621115543419133775e-01 -7.920285870292873009e-02 4.177452392757937671e-01 2.054127200805873632e-01
2.067387920251261280e-01 -5.830415018343967359e-01 -1.528266957920876079e+00 -1.134371425482004536e+00 6.040069599085896579e-01 -4.550786504611178257e-02 -6.043842189269342802e-01 -7.767285548175784093e-01 1.126752156771014812e+00 2.818274860525014636e-01 2.736507501930894315e-01 5.161669395509507208e-01
-1.404370796746295058e+00 -7.383157473123517223e-01 7.182537561706766605e-01 -3.458612049984719494e-01 -1.228862679115881429e+00 2.378439981349878274e-01 -1.666881131721494880e+00 8.858908293643642518e-01 7.680478089139723963e-01 -1.992140969275658924e-01 -1.112978233722879962e+00 -5.277836139625323719e-01
1.232885228386057241e-01 3.365320126841387510e-02 -6.721629789302356883e-01 -4.026521404422058747e-01 1.492333643380372998e-01 1.615251619962385088e-01 -1.047733775153681934e+00 -6.590207484442868191e-01 7.064777676757644231e-01 8.395309403924784697e-02 -6.312972609672378166e-01 1.076938998655095237e+00
2.439318015732284961e-01 -1.050110916888693957e+00 4.642352094206416702e-01 7.093892410732207665e-01 1.360943995255168848e-01 -3.604032142782488957e-01 -9.857097256965149934e-02 -5.726380477853217077e-02 -6.797195108618827586e-01 4.420630590484870837e-01 6.366095238246181065e-01 1.464831141609039822e+00
1.278357666154740224e+00 -1.503395523007564849e+00 -4.454878267531639513e-02 1.069376642564310975e+00 -6.596089151226554037e-01 5.732452929584007650e-01 -2.200747280891027557e+00 1.890761288293016096e-01 -1.969933411239713911e-02 -1.013409412688099642e-01 9.157482373137886267e-01 5.128737732119837966e-01
-1.952665274018831720e+00 -1.154124970767501646e+00 -1.047876459508591651e+00 -4.799531414463720780e-01 -7.484244765899856766e-01 6.784246357696400720e-01 7.230248463450755780e-01 -3.262448302522608645e-01 1.017590513334697189e+00 -1.494088963796701863e+00 -1.585860383737456580e-01 1.320563850015167850e-01
