-2.416970057009419359e-01 -8.212751826258005497e-03 -4.624832446124387819e-01 2.110638552604927054e-01 -3.098818054033997127e-02 2.441135728454462903e-02 1.971222809380296370e-02 1.336160012928651331e-01 2.445343598727359874e-02 6.423752113768985139e-02 -1.484664847941294386e-01 1.504089901485191130e-02
-5.452671589861559642e-01 1.529648144052390413e-01 -5.193002152861593279e-01 4.550710888148248312e-01 2.101585078254314398e-01 -6.946691002668196890e-02 1.999752128498967496e-01 2.330799455483297256e-01 -6.826177873967458065e-02 2.001431252110026926e-01 -1.036111525388333093e-01 1.003136028707933142e-01
-6.634697270923317625e-02 1.034073142769189046e-01 -5.121459101807163128e-01 1.447031886365821585e-01 6.733499821474223102e-02 -1.247184251647698028e-01 2.013486714362103247e-02 1.058349020911206195e-01 1.003910896936219405e-01 -3.603981310589904341e-02 -1.308086489273079800e-01 1.307152121813766610e-01
-2.750494449507933092e-01 1.118504740723279545e-01 -3.942464894524697061e-01 4.167547507213830160e-01 2.098043546351147648e-01 -1.118448998289157115e-01 4.202618846032730310e-02 2.771284993249783501e-01 8.113175537963011885e-02 -9.348375479438821023e-02 -4.802126323124814022e-02 9.204514705854550949e-02
-9.352980462467976042e-02 2.273563288716826392e-01 -5.010847857343339040e-01 1.538659316674609312e-01 1.733643371763149421e-01 4.576365458300999528e-02 1.477086087488889247e-02 2.202716947337034215e-01 -7.599595832663973149e-03 -3.419704250607696026e-03 -5.837458925984423397e-02 1.145678707326427612e-02
-2.994956491963540746e-01 4.401171017838304347e-03 -4.810938280348377449e-01 3.315710553748175693e-01 -2.690924641372283762e-03 6.002311327468375785e-02 -9.169313921646808641e-02 1.243234801630690028e-01 5.701658290673271984e-02 -1.045285793014709280e-01 4.674897149804349561e-02 2.862194027912233485e-02
-3.773822500480039643e-01 1.898900306143130046e-01 -4.845170588056602612e-01 4.163626333803517321e-01 1.456139163796327796e-01 -1.108750290520715831e-02 9.429902051306858490e-02 1.860534187330975253e-01 1.107077915534687568e-01 1.042976240799480397e-01 2.372602485134603714e-02 8.696545628076550460e-02
-2.888750152966462759e-01 1.120859083489615105e-01 -4.014653067095819705e-01 2.456278587340964825e-01 7.453399989086101352e-02 1.008449430201721342e-01 -1.869419071788921971e-02 1.087587876403054710e-01 3.263089018488443682e-02 4.318591390204607437e-03 -1.620758792712411744e-01 1.240337323527311714e-01
-2.957715433011204320e-01 9.440945968386479925e-02 -3.935493633044791495e-01 2.601426368634039976e-01 7.048141854316800070e-02 -1.401044029624462506e-02 4.982188098625146139e-02 6.526920395532097297e-02 1.293112931724187675e-01 5.619889682499758232e-02 -1.171000919383407696e-01 3.855936271898535023e-02
-1.083072028382780078e-01 1.634885455944782573e-01 -4.626155448901808076e-01 3.079216664064778897e-01 1.042615510233722842e-01 -1.603891834333454613e-01 -1.952227887964778225e-02 2.050971573996603625e-01 -5.863243747745503637e-02 3.918649430905345871e-02 2.387117496248916323e-02 1.335093246620175367e-02
-1.759634401473472720e-01 2.280541107733400630e-01 -5.445802354990859628e-01 3.190943217877360016e-01 2.174194737946629208e-01 -5.559515420805555969e-02 6.884154224591841620e-02 2.449084731923014679e-01 -4.785102423374578556e-02 -4.252150712001336800e-04 -6.952958650463371068e-03 8.437372699231913964e-02
-2.420718023504386252e-01 7.074450343016017162e-02 -5.849592120674004248e-01 3.583915554397587577e-01 1.306726997185112260e-01 -7.947176058698920964e-02 -3.122879370507136362e-02 3.260966583678322483e-01 1.445949818925309216e-01 1.934992584957755390e-01 3.441938879667828799e-02 3.277281704414728436e-01
-2.695920418320111311e-01 1.541937530815290225e-01 -7.353071104606122566e-01 2.073323145441002269e-01 4.687056545297973303e-02 8.447806672004107287e-02 -8.626489890908797462e-03 1.502838165553929406e-01 3.158957660084913549e-02 -6.233133349171385285e-02 -1.401147517176496438e-01 1.146898211535758300e-01
-2.777553735871570728e-01 3.233727267987987486e-02 -3.887803286954604753e-01 2.180563878053450311e-01 2.106388409349896004e-02 -1.520807382569879240e-01 -1.283804981842198028e-04 8.655624832882924391e-02 -3.064651769961521024e-03 -1.389602319939730116e-02 -7.651920592776739749e-02 -2.900203294305161300e-02
-1.244490746486537069e-01 1.066055023701830695e-01 -5.260431002049515969e-01 3.063208497221714399e-01 1.086986128301204169e-01 -9.721202608773327203e-02 -1.683348560481912753e-02 2.579670138429797643e-01 2.030364782655823819e-01 1.150238971636427660e-01 -1.898906692396797394e-02 7.607083003684896039e-02
-1.878541993460454140e-01 1.532023807273882599e-01 -4.737470265916369772e-01 3.469528761524028893e-01 1.192735443771952702e-01 -5.210608152284068421e-03 3.968236218163067458e-02 1.668255006660854523e-01 -9.220386550608959675e-02 1.993033326915163994e-01 2.282153627045722596e-02 5.600452923441751746e-02
-7.859071617767003637e-02 9.716186270688206839e-02 -7.088995885432668453e-01 1.349742840058781868e-01 1.443132495695411133e-01 -8.495548618731996182e-02 -1.442607113024074565e-02 1.758187895071751383e-01 -8.254267232736146875e-02 1.011878501474873099e-01 -1.167905375113065664e-01 3.933528362601438483e-02
-9.913136626570996646e-02 1.487371094372914315e-01 -5.121985408292891728e-01 2.173175240604565683e-01 3.042108948904166665e-02 -8.743929654644000404e-02 -5.702637866347119028e-02 1.276661190591130701e-01 -8.140042058614847809e-02 9.307636232944414834e-02 1.705770870102075955e-04 1.129643599261670878e-01
-9.661532087307296568e-02 2.187858986305018794e-01 -4.232429128212237823e-01 2.799175837672861489e-01 -5.296954938849212507e-02 2.802313303448094109e-02 1.976235082903682327e-02 1.419362824624748887e-01 1.369973184236722152e-01 8.560935425705805402e-02 -5.213293153707991567e-02 2.029514234013727325e-01
-1.090773153481772312e-01 1.797449647124748362e-01 -4.908383362324379995e-01 2.958469895209759892e-01 5.218135274620178815e-02 2.022999145090819892e-02 8.326396151636132614e-02 1.651359424960560374e-01 -1.291210761233790583e-01 4.246674746613057772e-02 3.807313873058523757e-02 1.437145036850909219e-01
-9.093695224603119687e-02 1.034071438086167916e-01 -4.499352179651428529e-01 2.724422025360362376e-01 -2.732980429406696096e-02 -1.307977084466073817e-02 -3.217885675812943557e-03 9.756987404097397509e-02 2.125042780857574753e-01 2.835373415208890593e-02 -4.644818182487542302e-02 2.061852561550416851e-01
-8.606109600579840702e-02 1.993394965757159520e-01 -4.273156012813913995e-01 3.346740956901654851e-01 1.192066021824337435e-01 5.351430678981720229e-02 -8.413874902094005404e-02 2.058202021655959613e-01 1.078246284321644349e-01 -3.708932477032760022e-02 -7.687076322927201277e-02 1.943193049841481224e-01
-2.484953766542661868e-01 2.663423833510726417e-03 -3.738391184200706152e-01 3.016305884068610776e-01 1.696780655036374541e-01 -4.728425896340119478e-02 -6.289381770079822097e-03 1.716244653637823692e-01 8.100959188532834421e-02 9.370454958767625298e-02 1.834996549205956673e-01 2.004689658066416968e-01
-1.616584842558030366e-01 1.654435013957636647e-01 -4.503318558631155821e-01 2.699450654291066787e-01 1.773476182838798487e-01 -5.515713050217260251e-03 -9.258543847879130428e-02 2.348913600850524031e-01 9.626225272235121311e-02 -4.453890396541543804e-03 3.996996722216789033e-02 1.586023731605689102e-01
-5.524170906620923943e-02 1.912858809977823482e-01 -4.461436963313645809e-01 1.840681366707339617e-01 5.311127625732852547e-02 3.968306791148826923e-02 -3.278867676330748330e-03 1.526729520200366397e-01 6.603994910090159320e-02 3.838782229004036872e-02 -1.688468703523683320e-02 7.198758924521543069e-03
-1.796594878611950108e-01 1.679530425626238610e-01 -3.606021759722699005e-01 1.872236343367864042e-01 1.469286511740690027e-01 5.063411551372672820e-02 -1.772126598538012188e-01 2.377689442859331204e-01 -7.307758205051630152e-02 1.981631665742922821e-01 -1.025957669452573356e-01 6.684876111284783484e-02
-1.044212191744251367e-01 1.568751602996932004e-01 -6.169303055163383176e-01 3.258713787010858454e-01 2.752152587962063413e-01 -5.322416330274192670e-02 -1.219653646551773808e-02 1.417841369452302047e-01 6.997787772631873515e-02 -1.044663347902653333e-01 5.013619959574396046e-03 -2.799457606760161199e-02
-1.839528712390423593e-01 1.352178241201987541e-01 -5.286051455754688932e-01 4.212611129073420280e-01 4.896172000489684012e-02 -4.803222902541225831e-02 -6.204953943721158022e-02 1.279623956083074388e-01 -7.563267022407350881e-02 1.625759930963108571e-02 2.942232874855715136e-03 1.393883921122758274e-01
-5.249215291406169465e-02 5.765178052117127250e-02 -4.279153329820559182e-01 2.545142102587691357e-01 -7.511109698803797308e-02 -8.352656039901878993e-02 5.029289582058118352e-02 1.535344917463948577e-01 3.524302725282989907e-02 -1.121160599010388864e-01 -8.772865264487635095e-02 1.547894934668514466e-01
-2.052909453258137118e-01 3.349079265432617497e-02 -3.450232830996456390e-01 3.496625127833880020e-01 2.415359584793886141e-02 -5.755640389595432366e-02 -3.184865406815119010e-02 1.225249056843334683e-01 -7.668565744393164747e-03 7.109147973615315141e-02 -1.677270647626907252e-01 -9.827510187240327821e-02
-1.290234443094326333e-01 3.070748693051963407e-01 -4.495387038843184357e-01 3.914488907676004770e-01 2.882224440652395372e-02 -1.600041632354607390e-01 -3.486396366962316983e-03 1.378464160155394580e-01 -4.567506142116051909e-02 -1.886713243955557076e-02 4.252921029897166472e-02 1.410055508855228013e-01
1.254112770776629306e-03 2.762098545090861668e-02 -4.422765538463710455e-01 3.166526028398271020e-01 1.662136484514346590e-01 -1.246393131591822245e-01 -1.460791459382726754e-01 1.171580501173732740e-02 9.884805852605867138e-02 -1.320745255437431598e-01 -1.356396165601869708e-01 2.693199296414586774e-01
-2.412277986104285898e-01 1.755577037868749912e-01 -5.305979500135032945e-01 3.612570134510260100e-01 8.050276100221984144e-02 -1.164826485785727117e-01 8.236039396043330629e-02 1.448381152006809891e-01 2.290700902177471299e-02 3.544600679631491197e-02 2.286879204294362325e-02 2.490168110881543218e-01
-1.275537921190190438e-01 9.017040068361084626e-02 -4.441733418649856380e-01 2.477906950133460240e-01 7.611227130735551127e-02 -9.640733386356584167e-02 8.243220018851872555e-02 1.493014483375288137e-01 4.180732099512420724e-02 1.374284518928290955e-01 -2.203170907089840869e-01 1.495683883918239032e-01
1.937683562399162840e-01 9.523077088658571387e-02 -5.109514718330102623e-01 1.782510373249988067e-01 1.175907681436707264e-01 -2.007838327834938000e-02 4.282558493969109564e-02 1.214604412429717561e-01 1.042809389859961772e-01 2.635379548025611543e-02 -1.362470737470683479e-01 1.235068994520145819e-01
-3.495059404473822573e-01 2.211276044022266463e-01 -3.472455884008030513e-01 4.460184335882765305e-01 7.915650767438384139e-02 1.134936948155804426e-01 1.757717011325042600e-02 4.228010023326746886e-02 -1.126425572933275332e-01 8.467770901080297341e-02 4.114321211091225006e-02 -1.060685180709170367e-01
-9.022034020604609295e-02 1.619986291663206568e-01 -5.423119397259280605e-01 2.471263991295260254e-01 4.272612944502688498e-02 -7.577698609781162442e-02 -3.894038695747322615e-02 2.217956310394059161e-01 1.163534305079983039e-01 -1.785147325509394214e-02 -6.870754158122532873e-02 4.190052939974966278e-02
-1.420749268035820245e-01 5.761302079597448167e-02 -3.530467682305124533e-01 2.927670336749353952e-01 1.835128312263746841e-01 1.737744767912639474e-02 2.364414671798256706e-02 9.389754003262748561e-02 5.051982335726221823e-02 -2.993347972819564509e-02 -3.631275231365160838e-02 1.249740411402635587e-01
-4.483757149877518611e-01 2.406903622717431607e-02 -6.238001829751743665e-01 4.240015698699410862e-01 1.134007856505831746e-01 -7.534706605200429397e-02 6.600464051257666498e-02 3.820461176076199450e-02 9.763478209142690059e-03 3.960722263455635633e-02 -1.251940002893653370e-01 3.329655456928164864e-02
-2.103591376649148192e-01 1.108587880978071649e-01 -4.676595210060011665e-01 2.722424192400544340e-01 8.919865401323573417e-02 -3.765638597072647892e-02 -9.379242269377503034e-04 2.685076924203151916e-01 2.935328586441085519e-02 4.774073680865796240e-03 3.559416039653880148e-02 1.401631579740317615e-02
-1.309170535158529214e-01 1.641806039575419984e-01 -4.965501837456068879e-01 2.273781134002974269e-01 7.049414583586458005e-02 -3.331694078531178410e-02 -7.247900980751834088e-02 1.974425089315704970e-02 6.224174329404951606e-02 -5.075218798334411863e-02 6.155474691690593358e-02 -1.865454308479819190e-02
-2.050026402015266980e-01 2.547499134456944758e-01 -3.989445361518861310e-01 2.738606476520498711e-01 3.019258082536888654e-01 -1.362978667461069160e-02 -2.966661835588199625e-02 1.027259190863446803e-01 1.607760442130246326e-01 -1.013837169373472819e-01 1.524148055252382283e-01 6.643172106456902981e-02
-2.392442365497095547e-01 5.596753188007808077e-02 -6.029193141438663472e-01 4.204433196501344838e-01 1.774426598485516204e-01 -2.709023645471938038e-02 -6.670626276718097381e-02 7.323544387095706765e-02 -5.548565640820540129e-02 3.930644896822235723e-02 3.990238365386454544e-02 1.022708204414366079e-01
-2.791535815426666733e-01 1.926615709077745542e-01 -6.817231554866461929e-01 2.635026928125854262e-01 -6.972968535038726046e-02 5.921510653439308186e-02 -2.646259395360943401e-02 8.224090951671483851e-02 -4.271624095894246270e-02 1.243938799279950824e-01 -7.099927531113860157e-02 4.641344520821500882e-03
-1.233943155540416919e-01 2.958334519211033298e-01 -6.109021783620859347e-01 2.291483327124648750e-01 4.824046493790676987e-02 -2.032737546457721520e-02 1.463928215723882265e-01 1.670339280085802180e-01 2.187530295189532136e-03 8.517855728147848138e-02 -2.312148546801451668e-02 1.027419729867517645e-01
2.584790320737205896e-02 1.867156203798730763e-01 -3.328861998839010572e-01 3.835929558150075191e-01 1.123306248712247768e-01 -2.335729828458668264e-02 1.359181336955848397e-02 8.914295424519383393e-02 4.852333396745316801e-02 1.100589911656336614e-02 2.823851065372591160e-02 5.875264855477223963e-02
-6.795147459555760105e-02 9.624300688417675165e-02 -5.249852680325589604e-01 2.912370519269329439e-01 7.038043697592788472e-02 -5.436465378504733853e-02 -8.668992123475872946e-02 1.214019970283523597e-01 9.233542434236392815e-02 -9.384264215324490677e-03 -4.748533236894442178e-02 -2.648417323592048428e-02
-1.509094417485560835e-01 3.199305380319354686e-02 -5.335358831979722938e-01 3.219078848148647642e-01 1.637562105398257528e-01 1.377263227355931749e-02 -3.541760571484813686e-02 1.092971179828561290e-01 9.787790001700423514e-02 -1.015082212273946821e-02 9.350129672568040229e-02 3.340368125182877762e-02
-2.159308428461630402e-01 3.251210604952713829e-02 -4.141928237248089784e-01 4.274753275632346972e-01 1.030201709427790713e-01 -2.290306750801935909e-01 -8.625841570581906093e-02 3.383947341910726325e-01 -5.071732923992578607e-02 1.855448949655253421e-01 6.202607389720046771e-02 1.504681632051663165e-01
-5.632763479160958209e-01 9.248135262504170173e-02 -2.949913018806843978e-01 2.117721371715648448e-01 8.359688445093410580e-02 -8.035266057836833176e-02 1.828089678274928132e-01 2.229032250886311406e-01 2.801910117458847240e-03 2.299741886702985280e-02 7.595502302377142578e-02 2.887480057244010689e-01
-2.781980640137371452e-01 2.544522540243897568e-01 -4.170089433772586340e-01 3.808548413859538240e-01 5.168020088389391892e-02 -5.442198985357633162e-02 -2.042097931912964237e-01 1.079592279582922143e-01 1.991191560080597112e-01 -1.605009621893829438e-02 4.562364879014316199e-02 9.617690059146595527e-02
-1.517741625100490488e-01 2.170445685592898022e-01 -4.676841538277454191e-01 1.522144196695932039e-01 2.255974518949427007e-02 -3.842303195389591003e-02 -9.311678600082813617e-02 6.940209499768400236e-02 -7.784733033426326221e-03 1.386685504713129069e-01 -1.385136298018238565e-01 3.894593456599883957e-02
3.712227458391228335e-02 8.079654865121899121e-02 -6.199331953124608274e-01 2.971627379807756375e-01 8.589005991263176654e-02 7.612985011453476947e-02 -1.756283692461028390e-01 1.339482291400228287e-01 2.959189217837537300e-01 -6.098117780630139644e-03 -1.854625546638650948e-03 1.500370889844621081e-01
-8.297415201462633727e-02 2.068066459110400046e-01 -4.892997181227141112e-01 1.176563817932439193e-01 4.503324688852940877e-02 -3.355717843118957017e-02 -2.323482689673657398e-02 1.813825337076816202e-01 1.887204223815781845e-01 -1.940477346028284715e-03 1.139137955588607615e-01 9.688788758171094917e-02
-5.812774558701334221e-02 3.176330801616818883e-02 -4.830124617122036335e-01 3.267797232675480057e-01 3.566485034543665639e-02 3.851876772270335786e-02 -7.393027540023867916e-02 1.743440764169631729e-01 9.302387125800111456e-02 7.643534331908855006e-02 3.119563346542839066e-02 1.631531024439754340e-02
1.269695385596665387e-02 -9.293036581444522048e-02 -4.679051249974294779e-01 3.142513524076686604e-01 1.439093848129135433e-01 9.187912676283382929e-02 -9.721667399791554531e-02 1.405078629105577515e-01 -4.778708132794959491e-03 -6.981359946490502122e-02 3.006650841278405567e-02 6.714441819145126888e-02
-1.871726601145277114e-01 2.068138717198078902e-01 -4.915568179151094119e-01 4.779061774141045715e-01 1.341771623057899654e-01 -3.108340069800919966e-02 -1.395826178638066295e-01 2.096573689800126095e-01 2.816214512975350609e-02 -1.811587062859618125e-01 -7.356237718200542286e-02 1.693215763213010150e-01
-2.171410107308450188e-01 1.608725007883649860e-01 -6.142551129330539039e-01 2.479023951132963421e-01 2.091293138992015854e-01 -2.306681311138652005e-02 -5.052547769306590247e-02 2.672639241016601663e-01 3.786933807220526499e-02 -5.099544021287631679e-02 -6.990421761653013363e-03 1.672908074543939527e-01
-6.101474335517490660e-02 1.498439730144484339e-01 -4.916076794625601210e-01 3.271299276975032644e-01 -4.141206258986077950e-03 -2.225845998743745599e-02 -2.094637631110091436e-01 1.250407529892232639e-01 1.911881506211940140e-01 -1.235755338890824478e-01 -1.235087832227876742e-01 9.414644694001082087e-03
-1.670633080859822983e-01 9.020158673361636237e-02 -4.387145490289359739e-01 3.991759020094789445e-01 1.729927157217922007e-01 2.476401516794820082e-02 -8.138180632701715045e-02 1.833141831979827885e-01 6.514581921514786544e-02 7.561330969491270038e-02 -1.808756451909754315e-01 9.070511455386158495e-02
-1.999224181977597992e-01 1.839733967254399138e-01 -5.426739437553637080e-01 1.540389147178937712e-01 6.176447979780446546e-02 -8.825222147127050054e-02 -2.381902738510160988e-02 3.140407746002865097e-01 5.720297813069589316e-02 7.444308596191867577e-02 -4.157595719433591908e-02 9.970954823807927359e-02
-6.948316973856792644e-02 1.504868694594980461e-01 -3.160913862854687895e-01 2.769760484495131792e-01 2.088639352195075238e-01 -7.251643855831829688e-02 -2.054908930461361305e-01 -9.065343830308875139e-02 -1.140550833352532850e-01 2.639037431122770797e-02 -6.461211257151321108e-02 4.380554216527490080e-02
-5.888927471480114723e-02 4.039780841399494005e-01 -2.771163567990085341e-01 -2.458511088562317093e-01 -7.048594539660818503e-02 -8.524321236486970266e-02 1.750669795833339759e-01 -8.304746050289202319e-02 2.177130202584127983e-01 2.850568909640764925e-01 6.353828672702845071e-02 -2.132641545675332817e-01
-1.076250799811242637e-01 2.094468760715691852e-02 -5.366311570935603514e-01 3.285800798105364962e-01 4.348864169227898563e-02 1.071251653982556590e-01 -6.149246417508662244e-02 1.451416075975374594e-02 9.303931591631885156e-02 8.275677642234716136e-02 -6.720970580058639732e-02 -1.171684178959746664e-01
-1.454374014204726784e-01 1.641048773824446416e-01 -5.608395177148358668e-01 3.776947095136918842e-01 2.843321958515101500e-01 -2.627785477998130156e-02 1.088440462671303316e-01 1.233637090322613206e-01 1.136743485927306369e-01 -1.260889832576236325e-01 -8.318961462901594550e-02 -1.025466330084457865e-03
-1.313715395671308239e-01 -4.264172490930653869e-03 -4.182700730308154813e-01 4.001739385830316298e-01 3.890983116323352281e-02 -4.540062098867884283e-02 -8.560134676573373513e-02 1.520975649126994067e-01 1.779388922544372642e-02 5.847437142889700540e-02 -2.157407270717518269e-02 -2.043312092617707160e-02
-1.325950462401880858e-01 1.907766272877349512e-01 -5.807916655015866736e-01 1.914023655134761692e-01 1.051743139186311349e-01 6.949039362452752444e-02 -1.066223496584699088e-01 1.578959542592537069e-01 8.487612250307256800e-02 8.095960616809697030e-02 -8.265609518857389149e-02 2.163210525469246859e-01
-3.356378565903155309e-01 2.551224694429232165e-01 -2.246014688058649289e-01 3.756622381891472351e-01 5.067276972025720055e-02 -6.305498344748657058e-02 -7.248102500146764993e-02 9.712204488046785600e-02 -8.560300013516462803e-02 4.235409872588230540e-02 4.740671982177999122e-02 4.906544858508422174e-02
-5.673589062955846501e-02 -2.331029414924901122e-02 -5.127617747268901072e-01 3.204844441219341089e-01 7.624124198055559631e-02 3.730461934709137367e-02 3.637656453793109562e-02 3.394866431963348974e-02 4.413502238186437637e-02 -2.376548267048348220e-02 6.215774347321000037e-02 -1.292865998459092822e-02
-1.532807116679254511e-01 1.758544244415915225e-01 -4.003781142188975184e-01 4.508577653651330008e-01 -5.180113238886208810e-02 -5.295751261063421506e-02 -9.750654535245516230e-02 1.970833209702441968e-01 -9.910645626054757906e-02 -6.183956093281398232e-03 -1.524127958928420123e-01 -2.230192513605958743e-02
-2.226516020662033801e-01 1.733350326685400844e-01 -5.144924213357263687e-01 2.342393593550022302e-01 4.127264113173398016e-03 -9.967723489008833981e-02 -8.986573125015905050e-02 2.233378163841726050e-01 9.031255524014374092e-02 3.998419373168844715e-02 -4.532309891876465380e-02 -5.137641034543413004e-02
-1.080889490823706139e-01 1.335539050869128108e-01 -4.759669470432651428e-01 2.923298376201108884e-01 8.496628196954678081e-02 -5.329218883196983753e-02 2.714716509081606388e-02 8.027471858366852508e-02 7.742510029475627165e-02 -4.776488473393650236e-02 4.253814117592227828e-02 6.754805206192716904e-02
-1.740547697392927362e-01 7.041360175171701430e-02 -4.445001584273836071e-01 2.656901276002934242e-01 1.020589688130944528e-01 5.304422135913173381e-02 -1.094985971283502363e-01 1.136533844129647974e-01 -3.974752642709734841e-04 -5.710831480853544896e-03 1.366652412149271280e-02 -1.746655350607644874e-01
-8.345041947590230158e-02 2.578187429116858276e-01 -3.921301570364992828e-01 2.912962789117654605e-01 -1.039224483402015342e-01 -1.340552369177501757e-01 -9.093701483296091903e-02 2.164052200261376291e-01 -1.543195753187668051e-01 -7.774648891627831959e-02 -1.680006701320142515e-01 1.629947305875018015e-01
1.659407396395224873e-02 1.091499613279498238e-01 -5.659928058113982141e-01 1.507613397575394698e-01 7.273441169023162067e-02 -1.220576242630197483e-01 -3.215099628804614362e-02 1.681194696354833262e-01 8.058863784700710797e-02 -1.104809426844848147e-01 1.145288648824952134e-02 1.527832534719020252e-01
-2.839651779992780067e-01 1.966321024743734325e-01 -4.730098603321655770e-01 2.683795995559797865e-01 2.331045620026436227e-01 -7.478662144283761137e-02 -4.295227433547137846e-02 2.741522118915672990e-01 2.221842471811570630e-02 -1.276131534894166253e-01 1.129697812174540739e-01 1.159572106612540704e-01
-2.490036634145800232e-01 1.885881600003427583e-01 -4.399775741348354585e-01 2.368080574475778244e-01 2.013917944114493319e-01 -1.516898131670879266e-02 -9.965183889323768474e-02 4.438249491136644215e-02 1.079143842912830137e-01 -1.415982444920504957e-01 -2.544090703118142074e-02 2.167778778544430240e-01
-8.982899677842638708e-02 2.081588445050769620e-01 -5.654614236004730232e-01 2.016627396205086797e-01 1.503388938538331998e-01 2.978599128673536586e-02 -2.188264198590651188e-01 2.002764073301849523e-01 5.686285352972864776e-02 1.196869301527900276e-01 -6.718281240492418593e-02 2.713209045135259734e-01
-2.658965612723777072e-01 2.075403409839720326e-01 -4.626405870172132784e-01 2.760553683849947815e-01 1.110028121935327794e-01 -5.421005658289363566e-02 -9.449547066897427683e-02 -3.395680001089083216e-02 2.114332545451968332e-02 6.507769441423050250e-02 2.369261116378297907e-02 9.674358770649611750e-02
-2.053133700383833471e-01 9.891931726968838934e-02 -4.860128058765658676e-01 5.403095702579010506e-01 9.820856655283705106e-02 -6.482357629575294378e-02 -1.015920463801713025e-02 5.196243036065640447e-02 -1.595141437531887585e-01 3.944134864656684974e-02 -2.050834529732281988e-02 3.156389593195536580e-01
-4.495351887964561116e-02 2.646503927958003821e-01 -3.744538935105829469e-01 3.621999593182986255e-01 2.881962284131860397e-01 2.223313111670649836e-02 -1.292062807631501886e-01 1.271519384830955557e-01 6.352795666669071306e-02 1.141928524020337371e-01 -1.697359366641613132e-01 6.144145089476107241e-02
-2.694411244095632485e-01 2.240991987660288787e-01 -3.172463497117275488e-01 2.876004261808370321e-01 2.395482477465068691e-02 -3.199075969848067663e-02 -1.729356919453909069e-01 3.203068496511325969e-01 1.075049498541542775e-01 -1.926366192504222127e-02 8.404138999509803976e-02 1.214200209664721558e-01
-1.066967674191651033e-01 2.812435986504076002e-01 -4.271955695513683371e-01 1.357905885706752191e-01 6.568171304765729746e-02 -4.489299011788679822e-02 -1.185941459263488568e-01 1.292422525524479227e-01 6.172469448498680775e-03 8.187451492440790679e-02 -1.076251122677116118e-01 1.853415011316237870e-01
2.210687989038371271e+00 -9.427685750800380848e-01 -5.980393533193927302e-01 8.328347930414126132e-01 -4.483161562413457979e-01 -1.999473616740544690e-01 -6.920638574196358306e-01 2.489128994272751527e-01 7.406449823799887699e-01 2.431073031205272517e-01 -2.857209944463281470e-01 1.255946774240701558e-01
-5.995337829974309862e-01 3.421112987496542912e-01 -4.102399686306075766e-01 -3.413623104433222144e-01 2.160180282498681548e-01 -4.143476519889629367e-02 -3.709547476710362696e-02 -5.948487152557267732e-03 -4.560824079044101947e-02 1.550181221628628148e-01 -1.118854417822967053e-02 1.776071203328253856e-01
-2.786621661600573452e-01 1.580688934226976705e-01 -3.800618946844088186e-01 2.976730681355351793e-01 2.584030825632511741e-01 -9.301963048507752574e-02 1.458449181882635337e-01 2.107117180700742443e-01 -1.932669518140675835e-01 2.270977302037521794e-01 -6.345724710696111492e-02 1.592587794115270239e-02
-3.816172658492469338e-01 2.869905779663162182e-01 -4.624763258398691401e-01 1.096436330303372092e-02 4.569076273758106987e-01 -1.534520230642047456e-01 2.143072344347848879e-02 2.005121923470786494e-01 -3.174055230931542293e-01 2.530072779280234663e-01 3.902740764698779674e-02 4.010272294963103112e-01
-6.230337914434154190e-01 5.521363410481661127e-02 -5.161715052648411239e-01 3.198690899635825424e-01 1.191608911117215397e-01 7.838049646741931942e-02 -5.944046485889978998e-02 1.820632152504157372e-02 -4.031514806691701147e-01 -9.585016738934336311e-02 -3.174847684965387273e-02 1.439391286826459115e-01
-8.910798709192761791e-02 2.187846470518514941e-01 -5.626942486289175926e-01 2.701162708488628050e-01 1.029075675429057812e-01 -2.896671204853383183e-02 -2.229652712573158835e-01 6.755693510007225455e-02 3.299988812423278184e-02 -7.895309372688230848e-04 -3.720616294193444806e-02 1.834581380532890327e-02
-2.323520053833661447e-01 4.398993910690504605e-02 -6.197340574397912638e-01 2.387341624043153032e-01 6.413454241678218093e-02 -4.084598321496001744e-02 -1.402283521094663532e-01 1.711675421344938386e-01 6.440394052106981904e-02 3.675130667705701210e-02 -3.976720457756842408e-02 8.660433478522032436e-02
-2.890940779544591208e-02 1.700619849530935201e-01 -5.624807525393388241e-01 2.285489153009160335e-01 3.140699997471053662e-01 -2.488487813831813944e-01 -6.901913146975688536e-03 9.258181965355863352e-02 9.833825273541411949e-02 2.049021451415205530e-01 -5.404893446004722934e-02 1.109174134506140524e-01
-6.400457915037641166e-02 5.097655771249104406e-02 -5.345946542980440919e-01 2.501187441462346950e-01 3.961207886189673649e-02 -2.553185524714811708e-02 -1.648115282260092032e-02 1.575839751607200634e-01 8.102097167590223414e-02 2.991194341639706253e-02 -4.639338553368267670e-03 -8.084307223451035751e-02
-2.449362375050327945e-01 3.189784056584280547e-01 -3.871288790969979465e-01 3.715678386942657951e-01 2.818117837903407752e-01 -3.054007378932672712e-01 1.888976556294449660e-01 2.084843610802934732e-01 -2.523005684736818188e-01 -2.076834909606327662e-01 -3.355584347708101545e-02 9.380072563248660622e-02
6.039994897808667607e-02 -2.266171487633739934e-01 4.505118867365244251e-01 -2.956015488278599945e-01 5.168889850350094628e-02 1.089006149528836814e-01 2.981948645479088472e-02 -1.998756585261331764e-01 -1.470420902352732873e-01 -4.677390505232405411e-03 1.034916207299499680e-01 -3.656967171295032876e-02
