-9.618515712630727743e-02 2.731716900223765676e-03 -1.521538394220038892e-01 -2.101760541045392672e-01 -7.272762864891936518e-02 -1.810681714212352897e-02 7.640572890192903754e-02 -5.434205944629431212e-02 2.372966585836542575e-01 -2.177894365576254349e-02 6.560111906608590698e-03 3.991974806356190369e-02
1.185686927799388668e-01 -3.931927756595257790e-03 1.767481519430521841e-01 1.078011138547300685e-01 1.019607655782376471e-01 4.646147187304911635e-02 7.646598940056568289e-03 2.768267650400379337e-02 3.294195528312547638e-02 1.318658356787719421e-01 1.959091732281929010e-01 -1.311864130777862514e-01
2.929947051852533485e-02 7.309620795887564193e-02 7.071426366323405044e-02 8.131316466450015743e-04 8.328849508865381404e-03 -8.668172539652704844e-02 3.210184331890035547e-02 4.714760866166071984e-02 2.941970042948368128e-02 -4.280112297502841612e-02 1.052315698585728765e-01 1.076704601169287817e-01
4.305039640610926199e-02 -7.705478134763434073e-02 -6.875095241441381289e-02 -1.309832025218334584e-01 3.003947615137056784e-02 1.449406673371797169e-02 1.138704707292743645e-01 2.612940140459493223e-03 5.604304571568159005e-02 -2.470204394495972844e-02 -5.621734692426717805e-02 4.565019371345159505e-02
-3.897190882373807730e-02 5.882465568388739463e-02 -1.849140061039533656e-02 -5.473274958881878260e-02 7.665906489858316519e-02 4.813500047924519631e-02 -7.969671821979172621e-02 7.392073051514822662e-03 -1.930487419959923123e-01 5.689894313590075636e-02 -1.034070108682918071e-01 4.125536122645797471e-02
5.608415261401564211e-02 -7.479190331085172616e-02 3.795419538330141451e-02 -1.128008466864030140e-01 1.141749432511940665e-01 -4.651994116242114119e-02 -6.663074778070238180e-02 -6.170511616168385116e-02 4.864645763690909896e-03 3.073614956586163960e-02 -1.425246908134576995e-01 2.920622338981049976e-02
-2.934882860021007650e-02 -1.236975977650470182e-01 1.153506020223831752e-01 -1.352779680312541505e-02 4.908602429626636454e-02 2.533397632329217192e-02 -6.504948582038268257e-02 7.719516786871793990e-02 -6.519248141044453083e-03 4.547191427420266968e-02 6.722216833151806181e-02 1.016949342427245218e-01
-2.367189638812994268e-01 -9.822324694634151920e-02 1.258185878777832167e-01 6.196829154675551066e-02 -1.139087964389350338e-01 -5.461788865618015520e-02 3.059521685514569878e-02 -7.545487781863721710e-02 -6.585385368576225640e-02 8.709021818712803231e-02 -1.295090674941582753e-01 3.329781488086633323e-02
-5.027766353084103801e-02 1.147311240415910955e-01 1.224367324523032048e-02 1.381875043506429201e-01 7.713804044656753442e-03 -5.601666257341643591e-03 8.881477724414577057e-02 -1.386582486810656323e-01 1.366506389100153630e-02 1.180508802759135389e-01 -6.558691447997781754e-02 -1.308343080723345028e-02
-5.758725543656374735e-02 9.244761595070934146e-02 -9.606326840575568626e-02 6.739779562527223322e-02 1.452885211093247475e-01 -8.977281365494138576e-02 1.041359735070989112e-01 1.015808254606897498e-01 3.586829065084844170e-02 1.963381571178082763e-01 7.321286677669885945e-02 1.586609684318582292e-02
-2.992682387582142403e-02 -6.878888760412898984e-02 1.186201047629792116e-01 9.465455898590674488e-02 -1.051169150132075375e-01 -8.839901635761178433e-02 -4.461406536264323625e-02 8.522953334236545164e-02 1.332322672911171457e-01 -2.032821069242341655e-02 5.248746032323712424e-02 -9.572360444179051076e-02
1.636460525292016965e-01 -2.326887506283814577e-02 -6.943334184918284469e-03 8.523690238352978066e-02 -1.684024116444684804e-01 -3.778077220005732206e-02 1.148472338516959845e-01 2.988727830361201376e-02 1.339722302109654928e-01 2.940574839084451192e-02 4.325548600763905877e-03 -6.901364362874333469e-02
-4.270993210542910201e-02 -4.487879756068995085e-02 1.882425862803797922e-02 1.383740729905808542e-01 3.676266408240615180e-02 1.855704170544003606e-02 1.615571195597663087e-02 1.432810290091626228e-02 2.692194757978795538e-02 -4.006000939713669912e-02 4.214316536339394320e-02 -3.709321754767989227e-02
-3.451325315917303654e-02 -3.735649174789656968e-02 6.588939848473657213e-02 -2.452078875518665657e-01 1.091666899040492356e-01 8.457956486207365149e-03 -2.726817538813385011e-02 -8.748070581589681427e-02 -4.285114723641567092e-02 -5.392918659135857024e-02 -1.267628548492176488e-01 -3.976885643756730704e-02
-8.758104936547113362e-02 -8.559019589423501329e-02 -1.123892221625952259e-01 4.937212384601760706e-02 -2.706325764101094600e-02 -1.282750499135388300e-01 -3.498894023526510910e-02 -4.851214430394944210e-02 -4.007770330112714330e-02 2.187203087129521023e-02 2.666647577848934442e-02 -1.287806092864295093e-02
-1.703095675643826468e-01 8.852187086292015450e-02 8.505221085808407910e-02 2.459682706297995972e-02 1.774424874634563526e-02 -1.084208906641100367e-01 -1.711800695703580288e-01 1.105415010277828181e-01 -1.879964498547809504e-01 -5.755250178489675073e-02 1.355564199710399542e-01 -3.220721361382334474e-02
-1.477859370904782976e-01 -4.719056274492895026e-02 -6.546300898137392965e-02 -1.147157501687731118e-01 -1.917552092219636795e-01 4.363952352000836227e-02 7.322459310499818130e-02 9.065633559342409220e-02 6.686643620642354277e-03 -7.932345394080821122e-02 4.616629278418350052e-02 7.149409823492633431e-02
7.067674733310064239e-02 -1.730187186856610698e-03 -9.880781294933999037e-02 1.432598370962902545e-01 1.424338601085875164e-02 -1.237080439196014126e-01 1.709383645611223940e-02 -7.012900800019336578e-02 1.139365265901665439e-02 -1.398347843638141907e-01 2.939422066591512728e-02 6.223571830284947703e-02
-5.249191104823146270e-02 6.792647990397231161e-02 -3.328119809368811077e-02 1.054980830094809918e-01 8.620552908149944904e-02 3.761237808482713330e-02 -1.381368900942579747e-01 1.438659028337990059e-03 5.526713496389307201e-03 -1.013373044445411569e-01 8.561887782699745264e-02 1.369657623447785577e-01
-1.654673682317707173e-01 3.200480954567413994e-02 -3.608046941143487618e-02 1.371441066973533296e-01 6.798140506244415571e-02 8.141681429976194845e-03 8.796980821046976318e-02 -1.216623475592618908e-01 1.002194486538195567e-01 -1.761526575147336418e-02 4.531534760865724154e-02 -4.704414014016639056e-04
4.444611306924609040e-02 -2.015772073487272220e-02 1.625913334349836092e-01 3.284425583942146565e-02 1.207518728767384593e-02 9.101314448260328094e-02 1.257102990290429219e-02 -6.558973739185638974e-02 5.261453913906258967e-03 9.467977518399996184e-02 4.845602687000322845e-02 -6.550710332260357982e-02
-2.149910306860069314e-02 5.195964233020659157e-02 -7.630534681438025379e-02 2.159749782404640772e-02 3.369757933513364834e-02 2.274123348466710638e-03 -2.260315643567518962e-02 7.852757839520316252e-02 -1.357864098083164939e-01 -1.539945938454831062e-02 1.537932119781692530e-01 -8.874065215243631677e-02
-7.228420994232544194e-02 -9.020038953060223463e-02 -4.447651591852342517e-02 -1.092293751973387461e-01 -1.214725898077056443e-01 -1.976421158678797474e-01 3.546120334733737778e-02 -6.219985784082975033e-02 -1.455719537201406906e-02 8.662793235662000213e-02 4.337597303251239378e-02 9.241751197566927534e-02
-9.844621881773252259e-02 7.309374891423833787e-02 -5.208874146839520547e-02 -1.795188264277418344e-02 -1.260845776270967840e-02 6.300903740637971151e-03 -9.387866156810509288e-02 -1.199694290228023597e-01 -1.241811566671720823e-01 1.664132759183019616e-01 1.275862416230812701e-01 -7.542495215449994406e-02
1.303118711192686463e-01 2.857441527646999505e-02 -1.851938602144828083e-01 -1.518139984802337195e-02 -3.316975798474430890e-03 4.768353759264821329e-02 -5.063878491472870863e-02 -7.659908569027658320e-02 -9.716394322770036118e-03 -9.659782742753850182e-02 8.809009522622643362e-02 5.267187933547016337e-02
6.431123322499381068e-02 3.574607304060083146e-02 -9.492244412360062444e-02 5.495271662439649152e-02 6.633258524588667160e-02 -4.351507861758707740e-02 -6.826856134676095866e-02 2.176080244323670698e-02 5.129713510181094227e-02 5.884588186482533900e-02 3.925768282842712065e-02 8.384675238244240769e-02
-1.175337433761049488e-01 -1.175681731710104261e-02 -5.637823237724241474e-03 -4.347220609788227802e-02 9.860502621919441449e-03 -2.485624423283690904e-02 -6.161821959757567135e-02 6.145734248628701574e-02 1.293452036808430128e-01 -1.391941291645410958e-02 -6.603095127627726935e-02 -5.814052350547434245e-02
4.668288687419595850e-02 -6.030092070448550556e-02 -1.271255754464569732e-01 -7.502801557994120962e-02 -1.783024166743022235e-02 -8.720170336180868564e-02 7.747775470512055507e-02 1.570751256491986769e-02 -6.428870225800872862e-02 -4.826776173135423342e-02 -9.418486508326270878e-02 5.382585456733404196e-03
-2.680400437537875519e-02 -3.293565681816903318e-03 -4.099169439959557404e-02 -3.557624216772653503e-02 1.076362950735405138e-01 5.553602142119051788e-02 -9.717416075159503175e-02 -8.853169532965071697e-02 -3.260127247261454531e-02 9.573875787039420535e-03 -2.612348513515862572e-02 -4.433785116567867668e-02
-7.813719217412107287e-02 -4.189603740893167033e-02 -6.534992529281508089e-02 2.156311251490952707e-02 1.127838930589882861e-02 -2.478878921461021359e-02 -1.092010109170993282e-01 2.684174069490071618e-02 2.216094626663467904e-01 -9.527741906123768367e-02 -2.266040963288937574e-02 -3.589568644908802675e-02
2.883301539910865241e-02 1.249247972566005227e-01 -4.203598386992320191e-02 2.408774934095649599e-03 4.654517931347545989e-02 3.251480068954286373e-02 -4.832240395340966360e-03 -8.955222172140987758e-02 -7.011152363031236678e-02 4.115084569146150451e-02 3.781006500096495415e-03 1.110685596015772159e-01
-9.194296551414544993e-02 3.810688386537991468e-02 -7.109429266748297505e-02 -7.698415346870057796e-02 -1.866594180452107316e-02 9.231416608525441075e-03 1.155729424456671539e-01 5.248594196593610317e-02 4.774895350173328362e-02 1.074886611067211173e-01 3.803538598799046516e-02 -1.348302120393851111e-01
-1.415532039633720651e-01 1.777786319432301254e-01 3.001777862573476799e-02 -7.064326441811367985e-02 3.282430877939738513e-03 -7.180698540137572805e-02 3.799064684923358914e-02 -9.631653984378785172e-02 8.914258081933452635e-03 -1.215064849983380491e-01 -2.770668542064226841e-04 -1.753002512520934753e-02
8.692375964857137344e-03 5.107264243922751690e-02 -5.268556903240989575e-02 1.965763763524060181e-02 -4.924998649428764114e-04 -1.317442890987333415e-01 8.064049155119426548e-02 2.793985667589707171e-03 -1.385027390918097401e-01 -2.603038033637665449e-02 3.563732504968586401e-02 9.412608432674414438e-02
3.821627736449978441e-02 -1.197824720124923970e-01 -4.450978996912935415e-02 -1.407413411685449200e-01 4.325561999171002869e-02 -1.866794517824886812e-01 -4.945519711213923475e-02 5.150985907053241830e-02 3.430094510583179407e-02 1.136156768741394402e-01 -9.610568354237811195e-02 5.062169346819708413e-03
-3.699890889350641171e-02 -1.876659941155497599e-02 -4.906605930787222292e-02 -1.503740617910753405e-02 8.614858972102706902e-02 -2.013224975251574206e-02 1.069133115352065844e-01 1.577255858425489765e-01 7.981435635034214715e-02 3.109578699625189374e-02 -3.796798137902989562e-02 -3.044182725011732732e-02
-1.579565818755938184e-02 4.257131995883825515e-02 -1.182157156940082110e-01 -8.516183930044157746e-02 -1.309435599593142263e-01 -6.487809566090475821e-02 3.856774612626313881e-02 -3.765118453485705868e-02 2.547417416722622292e-03 -3.637945104360582049e-02 1.102042707740357452e-01 -3.984478053720631741e-02
8.136601812867534644e-02 2.253671638023670848e-02 -6.669691499227399512e-02 -1.443660745639896992e-01 -1.014303057423666804e-01 9.848511952989930096e-02 3.977465895540466950e-02 1.479240081206785185e-01 -1.116629216943377384e-01 -5.822247920792734260e-02 8.453613640108612048e-02 -2.230949065159663208e-02
2.755796268070700994e-02 1.777766187644177348e-02 -2.303109217151551660e-02 1.297773470637429705e-01 9.650489103281645331e-02 6.177122160091677583e-02 -6.926529824534226332e-02 1.349346163575280422e-01 1.542059800340178921e-01 -7.509571657974810355e-02 -1.463838204340840114e-03 -1.159194705258545510e-01
-2.475304526055727844e-03 -1.064737263585069371e-01 4.623298144808390964e-02 7.322784847082017268e-02 -2.781532340143250820e-02 -8.101568824730127905e-03 -3.303739223354754811e-02 3.991238305188389568e-02 1.654364061416782883e-01 1.169222050313944994e-01 1.818473070024207924e-02 -5.539228918116792522e-02
1.748107208440648902e-02 -6.900139999954554848e-02 -2.440456246502909488e-01 -2.249553911408376516e-02 -3.302342310582322832e-02 -9.380946737292256143e-02 1.150934436681818884e-01 5.817062806096624100e-02 -1.903653592563905178e-02 4.618499792337869836e-02 1.332466926562905218e-01 5.931890391369736004e-02
5.873860005214211200e-02 7.837604536024353127e-03 1.625847309048443767e-01 4.459540672636389674e-02 -2.049547288680416551e-02 -2.368365660237140013e-03 -3.124557789963613302e-02 -3.706336981418471843e-02 -8.609227127747028085e-02 -4.549891193926139388e-02 -6.746258667586402247e-02 -1.400650194324595810e-01
1.031085431902421662e-01 -3.253293438985101899e-02 -1.247125763699525880e-01 -4.770478978278117760e-02 2.900354212077011287e-02 -1.059174076114372670e-02 -4.915416577166838163e-02 -7.845748613582758865e-03 -2.010367916043940273e-01 4.082405093279075498e-02 2.343912376324321784e-02 6.311649462128941790e-02
-5.224198092159946377e-02 -1.979091254743267358e-01 -5.167104015188483945e-02 -1.328655698047276901e-01 4.749417518132913879e-03 6.955947150385373423e-02 1.663361548026478509e-01 2.207871458659931008e-02 5.962773516862207579e-02 1.149812900920475639e-01 -2.734803828767285241e-02 5.054029374534148734e-04
9.888872322215620791e-02 2.371854573521462589e-02 4.264009058830689480e-02 -7.357389402757236185e-02 1.552974943876742064e-01 -1.492056948075190514e-01 -6.085338381575799982e-02 8.958462405335471113e-02 -7.184521972709864701e-02 -4.460339290594785011e-02 5.166491118619932071e-02 -7.865513772985929797e-02
8.335461272318402115e-02 4.654882612801803515e-02 -9.475133207130059798e-02 -4.220375302651877686e-02 -1.765707979010965045e-02 5.168135211592900236e-02 -1.312833594051837360e-01 -1.646160297699478595e-02 9.895998489231053186e-02 -2.835098584197311145e-02 3.927990758715526470e-02 -7.537255523488529951e-02
2.728170940120774879e-02 2.549248778918622796e-02 -2.877286115504089359e-02 9.926366275872247624e-02 2.260986739142785765e-02 2.583354789610882440e-02 -7.567751130593525222e-02 -2.015232817462957182e-02 2.062462828774532311e-02 -2.633858284944062822e-02 7.725320172552030407e-02 -2.730278179077785111e-02
8.203402221381199400e-02 4.165482305751181530e-02 9.725585180238027760e-03 7.901870648691204646e-02 9.776812086791970488e-03 1.167231470925314020e-02 -1.071175208515125210e-02 2.900508340747449954e-02 1.039154248772871866e-02 -5.999784335222525106e-02 7.386398101414864970e-02 2.496316887231183126e-02
-7.631528637988181651e-02 1.130336864148686060e-01 7.068773799464750374e-02 3.721493085082552138e-02 -1.037316144692512349e-01 -6.854949888322044160e-02 8.507500085711006133e-02 -2.612721200481829195e-03 9.526387455891384415e-02 -2.910738268447374613e-02 -6.285840181926120873e-02 -6.622789455890067470e-03
1.014921168252904959e-01 7.859876268759716234e-02 -1.645960878613387385e-02 1.212096591210380103e-01 8.065124422569111117e-04 1.413180590682991677e-01 -1.415885310218760740e-01 -1.049721247095854355e-02 -1.053035261282590784e-01 -7.787694596529545765e-02 1.583942294723146293e-01 1.277017341606367928e-01
1.620418811526483926e-01 -1.509483998056639353e-01 -1.434272259405711125e-01 6.870394256974965419e-02 5.759968422996480930e-02 -4.127795365073867739e-02 5.648045264822544598e-02 2.946206283701584966e-02 7.477311291274064270e-04 -8.618336657319392025e-02 -3.762899341646751793e-03 6.710941672357262355e-02
-3.715019526650643888e-02 1.092345615835356998e-01 -4.249655402539451871e-02 -6.624830462887626448e-02 -6.759058905317745503e-02 6.564979849301530446e-02 5.027746024600907027e-02 -6.846377465333115808e-02 -7.137243892432126868e-02 2.822763341521673797e-02 4.163362241980410328e-02 1.047545541432550881e-01
1.061675466319422778e-01 2.260700951776940804e-02 -5.262524791914166555e-02 -3.002276193175409946e-02 -1.383455008145866201e-02 2.968166111815220137e-02 -4.591166240720230551e-02 -1.243854802736002740e-01 9.395734784694981245e-02 4.425509108000445779e-02 -5.535962032202954020e-02 -8.467924377073396403e-02
-2.031427420248728410e-01 3.596275570484018524e-02 2.064330662168805102e-03 -3.929504412382778950e-02 -1.639207566740973976e-03 -5.163888421752292623e-02 1.167062926311764337e-01 -5.837047227705158270e-02 2.588646071124041381e-02 7.887672038544019104e-02 1.672969005830848843e-01 5.374780740914046617e-02
4.985182451734741782e-02 4.852955299875231360e-02 5.735609783967289543e-02 1.929428009102540920e-01 1.444302602703481653e-01 -4.000179850754626704e-02 8.898498822952806420e-02 8.677033108044601706e-02 6.992720694759937961e-02 4.785606129450500901e-02 4.575359584845407196e-02 -2.415986030468235748e-02
6.193469021367493943e-02 -2.792262834235873653e-02 8.049626714536189942e-02 -2.533792333183517709e-01 4.257375440685393433e-03 6.857158681375974396e-02 -6.155106829249179512e-02 -5.930956696284955809e-02 5.460823049193147538e-02 4.660021158903303318e-02 -1.788137646707778639e-01 1.085970678047550458e-01
-8.410460733868962979e-02 4.679930130088209850e-02 -9.466774314177553440e-02 8.723738211006074050e-02 -1.490863404297840811e-01 -1.003654204921397008e-01 5.225341834962272253e-02 -9.471292898145818040e-02 7.978262139458741631e-02 4.166278071215119561e-02 -1.299084709768197387e-03 -4.965241417042433325e-02
-3.247296562120823016e-02 -6.348590428364839222e-02 -1.995588899709083430e-01 -7.232520457575787598e-02 3.614095975597817617e-02 -2.094820660512259486e-02 8.864546218620297791e-02 1.040043160895853108e-02 -8.103064899976331406e-03 -3.878704212432768084e-02 -1.121181252900458891e-01 1.720040103591059799e-01
6.880962940269205611e-04 -8.633121196658946617e-02 1.693426594783420738e-02 -1.562940498241943699e-01 1.900920327157322731e-01 -1.042965093417333455e-01 -6.449685602908458715e-02 8.879062831228076713e-02 -4.671101234490075346e-03 7.984702154268127905e-02 1.073044831395473034e-02 -4.228064912108456946e-02
4.172617691400516693e-02 7.614322689408643818e-02 -4.880374489770030128e-04 -7.595556069912365316e-02 -1.567903924408168836e-01 2.980635819660345815e-03 -9.775276456311732254e-02 2.783335605568099114e-02 -2.950285362262992234e-02 4.660376982893055242e-02 1.505907035688534845e-02 -9.563963251226231810e-02
1.196956890212152180e-01 1.796636642827474650e-02 6.068104097284974380e-02 2.336529427772363748e-02 -1.227576700005374860e-02 1.956344353077102416e-01 8.720905307767831682e-02 -8.755751249680827908e-02 2.662809840130749353e-02 1.930228259331520299e-02 -5.739375919744099143e-03 1.449523952500188229e-02
-8.095351418300342217e-02 -3.705919460467903270e-02 1.561869310570567111e-02 -6.908913620000617373e-02 1.175484225232051186e-03 -2.665844350028203150e-03 -9.839440803831489557e-02 4.147202221849947967e-02 -2.747620430806386321e-02 -9.441321927898060906e-02 -2.982168116438090738e-02 -1.054858645553663765e-01
-9.724358685763323518e-02 -6.729501838627122146e-02 -2.957348272524855382e-02 -2.393885642181731513e-03 1.099899844791689049e-02 4.175307389135510250e-02 -5.012869890007590201e-02 -5.891295219828106278e-02 5.556051551125956722e-03 -3.523073311704200128e-02 -1.201203976336406160e-02 4.269715620963194375e-02
4.566002534737344243e-02 4.493186664082464421e-02 -1.593111843970458352e-01 2.379314722132881699e-01 8.198748201171153493e-02 -3.255762854712247745e-02 4.127665935603781755e-02 -1.571413246966990029e-01 1.342497370692554912e-02 2.212699012936285847e-01 -8.833538830030646105e-02 -1.579151570908626095e-02
9.486645737228591169e-02 -2.736667270185282400e-02 7.190685251344275386e-02 3.588516189240143622e-02 1.424320388216068767e-02 9.455815860381729110e-02 1.066755624567835847e-01 -3.491178787018102414e-02 -3.332444478839044488e-02 -1.260986559577416954e-01 -9.701877617874946069e-02 -9.002173585345138451e-02
1.746088317108140248e-02 -1.376942277438523154e-01 1.641040107355577204e-01 5.541665376504559259e-02 1.133364443702850888e-01 -2.304966455800060154e-02 -8.400008944717696213e-02 -1.028124591243684549e-01 1.724821673736961700e-02 -1.051564265719153735e-01 7.348907004038510160e-02 5.540372512981304315e-02
3.587297770076920689e-02 7.432286214625637329e-03 -1.208722623389317935e-01 -4.944059247509750149e-02 -3.142560085047545193e-02 4.207701290914021841e-02 6.776397649771909171e-02 3.482135298291937769e-02 -7.273774054579358606e-02 1.248995319982512259e-01 8.174183381530737789e-04 1.048499039433479357e-01
-6.931916031794708999e-02 1.836196588673399965e-01 8.695400586953544453e-02 1.155913868886540921e-02 -1.344440104065846436e-02 5.551112777665102166e-02 -7.305360164965371550e-02 -2.216254916521649687e-02 1.711366949090029066e-01 1.147555596525220156e-01 -7.407972874655503748e-02 -1.637329107994514588e-01
1.119447864703731060e-01 3.932404899489011507e-03 -1.206248817910091781e-01 3.123253598679705256e-02 -2.793153725360048110e-03 5.425272589303963000e-02 -4.100028298271161942e-02 -3.978843120036285735e-02 9.123929888242113262e-02 5.175582432065874150e-02 -4.103965975851895168e-03 4.847450160565098393e-02
3.965166345555097560e-02 8.371446537523620501e-02 8.608863663828672519e-02 2.538778359739464474e-02 -6.827376637235740842e-02 2.804010357680387922e-02 1.209888420486005933e-03 -7.400292061602170568e-03 -5.478590951320602698e-02 7.612095993380074699e-02 -2.672807721953859850e-02 -1.060563200125511918e-01
-6.208392334378413924e-03 -2.308539825821804420e-02 1.557613591045167029e-02 2.422006341128968288e-02 -1.078049816313659572e-02 -2.953289275101256273e-02 4.214611093490833182e-02 -7.080897529123451883e-02 -7.368182721561870874e-02 1.053402113854700756e-01 -1.359950942424273564e-02 3.556267535117610401e-02
1.228495103389791454e-01 1.900472112447230688e-01 -4.633487616498734030e-02 1.527879672930171351e-01 -5.470736902398815049e-02 -1.820770586832227145e-01 -5.901549137061391087e-02 -1.849004417387483667e-01 -6.054857505433024201e-02 1.705840763703415919e-01 5.847233056045106347e-02 -1.207114928953809257e-01
1.026321747306430665e-01 -7.704101004251250051e-02 -3.371163791239883446e-03 2.487133948846310429e-03 -1.522050537761906186e-01 6.466736698864924970e-02 1.373911029573438858e-01 3.425464581526307950e-02 9.818378124206775248e-02 2.544354523980627697e-02 5.213552356554868039e-02 1.663728003841445369e-01
4.739206886303325150e-03 -1.877426864143977043e-03 -1.417167434107918789e-01 -1.782744704216494835e-02 -2.174119133878565230e-02 8.419654580780158715e-02 9.081092479735008993e-02 4.191750543306742294e-02 7.982076883279017043e-03 -7.573012485660343684e-02 2.787298894254168838e-02 6.791728985312239786e-02
-4.301252694772682295e-02 -1.301271258601545411e-01 1.120416921434952556e-01 4.413333192899413643e-02 -6.780033497689366695e-02 -1.033950488984660410e-01 9.212760937034077460e-03 -3.648445994500407880e-02 -1.039629263434773826e-01 5.251718376542258149e-02 1.356628503049677192e-01 6.165923072901588475e-02
-1.103593047116073651e-02 -2.013735375638551345e-02 -1.384120520674806624e-03 -2.240299953400744573e-02 -3.102962679392189810e-02 1.046510251575683836e-01 6.482769205173742610e-02 1.354872830894590097e-01 -1.288495027158476636e-01 1.119392214305234418e-01 -2.625430348970056796e-02 -4.037595089474409898e-02
1.355403920712678900e-01 -5.796727274150371284e-02 4.496691556487426161e-02 -1.124311270260515069e-02 -1.897560786922336193e-02 -5.775100868419740657e-03 1.025720689818225007e-01 5.284612101771045400e-02 4.329250292377186116e-02 -7.750973615913489025e-03 1.328757268000604619e-01 -4.035382748829047933e-02
-2.274769612341135533e-03 -8.320647540280465271e-02 2.259024166395358357e-02 -1.809078798042930702e-01 -2.529554917154987204e-03 -7.618437054733247227e-02 3.161897675837040123e-02 -5.673757686665274746e-02 1.702380725701335001e-02 4.165956613587488283e-03 -6.757628415254313126e-02 6.242163857507036090e-03
1.029796342202332765e-01 -6.125724699404362650e-02 -1.638819433458853919e-02 1.343541060529497844e-01 -1.365275784005916815e-01 3.469397945267575084e-02 -7.964847915317445695e-03 -1.055415025094390141e-01 -4.539190402935919244e-02 1.671385382357439345e-02 1.500644364601093003e-02 5.596078768408772885e-02
-1.368530978169851253e-01 3.392650926034659897e-02 1.460712406469653890e-02 -3.921879256063963426e-02 -7.422110170163974396e-02 -7.082283640741847408e-02 -9.313328648928932696e-02 -2.018383909540335044e-02 -1.706537796629694834e-02 1.413759344012401609e-01 -7.852664373096793216e-02 4.758139645933615047e-02
1.130765530034167667e-02 -1.491271883649323811e-03 -8.430063449397069697e-02 -2.327741731253795687e-01 6.502754842320401796e-02 -4.097869168478257031e-03 -2.835706116643421995e-02 -8.027944864809860581e-02 -2.117193300166538839e-01 5.820885965082781000e-02 4.423554503401062703e-03 -3.521885125332694516e-02
-4.964830334883221785e-02 -2.622134736255085988e-02 -5.573727107597108849e-03 7.789093215081882571e-02 -3.601036438704069420e-02 8.478897644944606571e-02 6.828152715570212639e-02 -4.653525448017051952e-02 -4.360191906547764007e-02 -5.052067442119098639e-03 -7.485213839674599058e-03 -5.910525306506912713e-02
1.142936285220047116e-01 3.271796524102920344e-03 -4.432059919337578979e-02 8.205939623393766758e-02 -6.497013632723222520e-02 2.829461318486212185e-02 7.215785794811657716e-02 1.027864171811620625e-01 1.580809749375121712e-02 -1.657264125425724210e-01 3.680196274756371289e-02 8.517644145092864716e-02
2.847795368789520290e-02 1.776285271157289902e-01 -7.832511187070509417e-02 1.274061240465526323e-01 -2.299217231230266459e-02 -2.391593723830075791e-01 -6.638491033551972842e-02 -9.976392924819957320e-02 -3.749834058364250738e-02 7.241943548105470030e-02 1.915334018759730361e-02 -1.132744078389714693e-01
-1.972481784645413461e-02 -1.202505712094362189e-02 -1.320077319944179539e-01 5.556455918502108127e-02 4.194245312496147214e-04 -2.299631298944967289e-02 -1.576046760621975518e-01 3.960420678980957482e-02 1.068267853337696166e-01 6.936785615568508145e-02 1.535542447070416539e-01 -5.167365968880775762e-02
-6.407778693962268290e-02 -6.392248848530429628e-02 9.047263270089614395e-02 5.799739105803347616e-02 -6.109852973369053752e-02 4.991575407041710932e-02 -1.150132599544890499e-01 -7.072804461358936368e-02 -5.313605585379900520e-02 -3.115643874167893859e-02 3.981517376334194752e-02 3.188147506050496155e-02
-2.583146693323397532e-03 5.526662337370264605e-02 -2.660907625379205915e-02 2.115036694364993974e-01 -1.158637766072534436e-01 1.268720797638948627e-01 5.382952964056098022e-02 -6.754182799496211143e-02 -5.490437658174651854e-03 9.342134531672062481e-03 -7.800137597761097608e-02 -4.147197936504791460e-02
1.086082442451872937e-01 1.213853907400574625e-02 -4.348374940437788744e-02 6.920192229381674776e-02 -1.120717983350591751e-01 8.786512661282674941e-02 6.117834759706551606e-02 1.650077289565234084e-02 -1.135378517812346728e-02 5.605600759017580204e-02 9.642189015638132077e-03 -1.497772803640862183e-01
3.420284675195678446e-03 7.451969175681434632e-02 6.196541263664667731e-02 9.286547559412756947e-02 4.667629593610084227e-02 -7.324872303821203245e-02 -1.932465083864892685e-02 -7.899797548797544977e-02 -2.852005375259610703e-02 -7.436528786991364326e-02 1.199557003587795555e-04 5.578375482555504583e-02
2.717860650490245070e-02 6.417949750102244777e-02 -5.566629313348931546e-02 5.509428928580310802e-02 4.708559585026338146e-02 -3.884904541768003511e-02 -6.052545531139073842e-02 -2.419770450756274227e-02 -6.102666621846981193e-02 2.108492184996305432e-02 -3.055573789764436804e-02 7.472038814226858450e-02
-1.252913476392766498e-02 2.770823615062323938e-04 1.068741194468910138e-01 8.317155094049892561e-02 -1.023696113231503252e-01 -8.081466529220118766e-02 9.196074122660845285e-03 -5.163617641927235186e-02 6.535400244990395568e-02 1.330404066131886109e-01 -2.684033918822639232e-03 1.266357418257013645e-01
-1.083400048204016947e-01 -2.406315916460653459e-01 -7.025587098779707829e-02 -6.620269406051645239e-03 -4.403401675632806489e-02 -3.076331981224555284e-02 9.632543873797790035e-02 8.196862221841469398e-02 9.056793704525686883e-02 -6.516559779536632013e-02 -1.590300239598324006e-01 -9.492924639120478569e-02
-6.223725080124831513e-03 -1.178773724811039147e-01 8.709522183873305567e-02 1.253295170006569759e-01 -6.325961346335709848e-03 5.164327100375562703e-03 1.581804279369859040e-02 1.163636260760742835e-01 3.858190854418461907e-02 1.643737165341054851e-01 -4.726957462881628373e-03 7.870047098163751587e-02
-2.099946228161498479e-02 4.137553487548747272e-02 -4.425096139882353508e-02 1.402450786156734797e-01 1.699664939875324479e-02 -7.898895209205190893e-02 -1.868308355929844747e-02 8.803409160067396377e-02 -4.439454539836566044e-02 -1.401517973606556111e-01 -6.833628427063108413e-02 -2.384335292436968318e-02
