-1.071425451673317930e-01 -2.914177522520989827e-01 -5.399485192425496072e-01 9.139565144224651161e-02
-1.433781239875502600e-01 -5.228869503307144451e-02 -1.435076521453094722e-01 -1.726097846229648625e-01
1.457305561479623479e-01 -6.378931195701770251e-02 -3.573905767775260034e-01 -7.270079624295376630e-02
-7.358460542496225720e-02 6.929238984417160525e-03 -4.143654203527721153e-02 1.593762094909146471e-02
2.978521922929765475e-01 2.578025844754740226e-02 -3.578164111723429186e-01 4.174449270917302557e-01
-1.700423378344656788e-01 3.046332981216227226e-02 -2.775835248224373664e-01 -2.851746439690560075e-01
4.070504024489213224e-01 -3.726561208362551558e-01 -2.047000903426179907e-01 -2.962986096655179091e-01
-6.791118811079950301e-01 2.277840343760801911e-01 3.493496510862525994e-01 2.973754661771583208e-01
-1.082942792336220456e-01 -2.041553376865436198e-02 -2.218303102836008678e-01 -3.065581923555381061e-01
2.024919399409375043e-01 1.689863611305389146e-01 9.086410539184529289e-02 5.443048653550529997e-02
-3.309548602880212353e-01 1.993735526253313517e-01 -1.954649605358822761e-01 2.410781219156002131e-01
-2.084402311920837553e-02 -4.368466575303338317e-02 2.685008869186247260e-01 2.284042093965570897e-01
6.368641390348849136e-03 -3.023453936114936513e-01 2.260782391487903553e-01 9.451949948040443139e-02
1.559910400393736962e-01 4.091722064172751416e-01 3.001995655184626077e-01 -1.774602482637195333e-01
-8.920160927951013841e-02 4.716318402944611465e-01 -2.324811872619589326e-01 7.181519287528033424e-02
-2.735015830818470217e-01 1.745127913578036483e-01 -9.635370347745518538e-02 1.394689490474905758e-01
-5.505340925136066599e-02 3.427335610108974140e-01 2.953745675674957979e-02 2.924946140842653031e-01
1.641342150965406366e-01 -6.577617898636863025e-02 8.517816454151859451e-02 3.675169918942268465e-02
9.586049203009693043e-02 7.870665989998422429e-02 2.060865649858574511e-01 1.422761986574088977e-01
-1.801271312828060800e-01 1.923683690713897942e-01 -1.176344851981510481e-01 -1.982563801006538284e-01
-6.383894584692983987e-02 -9.991757960631721114e-02 3.166323556448557008e-01 -1.604061249288898927e-01
-2.563384754429547385e-01 -4.743022701020269127e-02 2.435362695210422507e-02 -1.286129384965462308e-01
-9.183713933786204209e-02 -2.323644492272144979e-01 2.932945945890836348e-01 -2.408706663163076023e-01
-1.089596252213174687e-01 -1.834407934334408852e-01 2.605297695886630294e-01 2.383321300657800235e-01
7.596931658621852712e-02 4.474305160156652472e-01 -1.243895153584907154e-01 -5.254119026974228834e-01
2.432565792486234280e-01 5.460780784259899878e-01 -7.391700547494797768e-02 7.738518303670179066e-02
1.585828133869576773e-01 -1.617437404248570076e-01 -8.981300466745036071e-02 1.773897615234754088e-01
-5.591542881185460750e-02 -7.629743332432278868e-02 -5.768775874330339670e-02 6.706746756822644373e-02
-4.166249410887186144e-01 3.979911676411519994e-01 -3.092900742794850097e-02 -8.628749874513022555e-02
4.986075812598413370e-01 5.556204977311520743e-01 4.112234608763860877e-02 1.617935512209356108e-01
1.134156473220160506e-02 -4.798807636766121154e-03 4.958672466678185620e-01 -4.901159226503723487e-02
-1.428250825295350468e-01 7.853162178353143008e-02 -5.369675919765101169e-01 3.208677515647791190e-02
2.103575942364039886e-01 3.222927306543085790e-01 1.527495345470595012e-01 -2.532153325087697221e-02
-4.252872614314662930e-02 1.456326216294335230e-01 -3.070345744011016009e-02 1.406974522545636763e-01
1.129528278917398404e-01 -2.580903485009618525e-01 -1.812556241302476501e-01 5.688583661947399506e-02
-3.512760413373899188e-02 1.099361224786216118e-01 -2.640105694228315758e-01 3.413599152769217215e-01
1.996495410203441845e-01 3.330350492101868259e-02 1.655695624506540176e-01 -1.917146240728482831e-01
3.075400418372875588e-01 1.378559404327314199e-02 -1.156680884403463033e-01 -1.592345837929974861e-01
-1.888161633200880762e-01 1.411982615183259579e-03 3.147870787484313704e-02 -3.434724178943332484e-01
