-1.405488622666087317e-01 3.291519921087328049e-01 -9.833715790390971101e-01 -1.204841906620788938e+00 -2.572160276533823065e-01 -1.325895491510279633e+00 5.724233710914875539e-01 2.086866243512140728e-01 3.675764053202633663e-01 2.080370032868593400e-01 1.255187881839633812e+00 -2.965275534146936676e-01
6.920030349071570885e-01 6.737875836728733914e-01 -3.573156145428489361e-01 -2.208339258901643731e-01 2.291231480569064782e-01 5.322657450469484575e-01 3.786651271319386725e-01 -1.249121847705209065e-01 -8.802699576323692598e-01 -1.734044565615575906e-01 -6.639658067632113470e-02 -3.498097231363078707e-02
-9.048364566332586789e-02 2.420605923227890643e-01 -3.146580947355763769e-01 -5.371578742891712777e-01 1.560264943254729753e+00 6.972925212059216671e-02 -9.450128955377781192e-01 -3.365202267604469055e-01 -2.512985147157887345e-01 4.677966650272159452e-04 -6.416940010536908989e-01 -6.183390678610773961e-01
1.806417540922538589e-01 3.081201175919542345e-01 -2.505935198466264224e-01 -3.826807129350018322e-01 -1.908265619540323588e-01 -1.847471794930351796e-01 -1.332607153734182981e-01 1.286921635987229307e+00 1.530388691635417020e+00 2.711435911358274775e-01 2.116387236529809410e-02 -4.628509560375416165e-01
4.758902428821132902e-01 5.234460146615304010e-01 -7.560954823987123818e-01 2.905820997860217858e-01 1.513830017193801947e+00 5.663750789610764169e-01 -4.325765869820838994e-01 -7.391400196904016617e-01 9.667426362003790630e-02 6.338613150564810228e-01 -1.223295052965912566e+00 -1.695630517628956002e-01
3.396762932612439334e-01 -1.606926422704534785e+00 6.515638274733928093e-01 2.822803089800181020e-01 -1.341046573569233180e+00 -2.385000763866260698e-01 6.753234879336620367e-01 -5.244490789210197734e-01 1.164101201686596143e+00 -2.189516773489473545e-01 -3.670995240420127370e-01 -3.129943741394208279e-01
-1.118531751897261645e-01 8.144108660192449223e-02 -7.546660721774702818e-01 -1.423079057714212448e-01 -9.578554340985822035e-01 -1.450243006406214175e+00 2.793832656425011551e-01 4.355560788392437988e-01 1.231546338704880172e+00 4.312347122073585948e-01 2.286710059876877477e-01 9.085153546993127160e-02
4.180886177687817562e-01 3.760393893463850334e-01 5.156901344036324275e-01 -9.598493630163445827e-05 -7.706839666115817833e-01 7.822280680257431840e-01 5.455839408549660874e-01 2.449074487566170813e-02 -9.415648724816887416e-01 2.837217398429486281e-01 -1.378626051360327120e-01 5.417733763781458212e-01
-6.050130852644522994e-01 -1.535454167813739279e-01 3.006639186163507227e-01 -5.718775659432110553e-02 2.624199527872809745e-01 7.131267225857468306e-02 1.987980983547804337e-01 -3.243768499703212904e-01 -1.661885920468159916e-01 -4.369507202972149895e-01 3.568441771269149909e-02 -4.807174107756104764e-01
-9.397099190906224586e-02 -6.632926810532265849e-01 3.473180648454188835e-01 -1.691841405082835648e-01 -8.826137038939071422e-01 -3.056947877829266358e-01 2.903498013220607854e-01 6.801667350229448350e-02 3.698763915312666128e-01 -3.122493595189959961e-02 7.728396090007340347e-02 2.468710155271846285e-01
7.182392405116988510e-01 -5.630336041277242964e-01 -8.188604569070532246e-01 -6.110407035478331306e-01 4.143289741192839326e-01 -1.326312233159904430e+00 -9.985791869527675668e-02 -1.190063112286566804e-01 1.081928984640454505e+00 4.004255905554007233e-01 -8.455904912490257441e-01 -7.324393195803018120e-02
1.127089115421284093e+00 7.584136519490193296e-01 4.792332572802792540e-02 -1.485145141898612797e-01 1.115172005203692307e-01 5.095112869672385053e-02 7.247901454564026347e-02 -1.802855515175037227e-01 -1.586692816124299910e-01 -2.752309626927459396e-01 -1.322867161990886886e-01 -1.162498756246810316e+00
3.781408920495415438e-01 1.477640775340979706e+00 -5.239597270389559913e-01 -1.567771173842902044e-01 -7.075017077146835698e-01 -4.456965392247551061e-01 3.195671142239622231e-01 1.473650610769665414e+00 -1.912169473900332539e-01 9.820505049722216828e-01 1.088286352666596679e+00 2.724757216602107790e-01
-2.756998866982631261e-02 5.380861748652111809e-02 7.306709195234203924e-02 4.538869393957458143e-01 3.857321938719356358e-01 9.688026587081348673e-01 -3.165006013065806423e-01 -2.307208929837130107e-01 -3.407627251413308800e-01 -2.371096559605582466e-01 -4.051021978562407422e-01 -6.474147123366591483e-02
-1.096057003267158603e+00 -1.298728768161554914e+00 3.080020050361509387e-01 6.929685634546915718e-02 -1.782185901198156119e-01 4.535689591620600813e-01 -8.533940426947381752e-01 -1.173000386170245601e+00 -6.733719237827836546e-01 -3.784266086611600133e-01 5.121045079627366270e-02 -2.379223250519554855e-01
4.414545568545496512e-01 -2.804758177176032777e-02 6.651247339420138793e-01 8.394482016878836161e-02 2.929835862130458213e-01 2.120156749653725747e-01 -7.912872918408027367e-02 7.188234515874535047e-02 1.452955954992400101e-01 -8.136818343492360217e-01 2.919061426350090527e-02 -8.636608676982802102e-01
4.319094274789899157e-01 4.988384709516426874e-01 -2.136045033834306495e-02 2.881887047842282001e-01 2.922199593850102750e-01 1.676477674328889222e-01 -6.689706424073406099e-01 4.091133502611654649e-01 6.397000413281539455e-02 1.476367643741630375e-01 3.686499131247325534e-01 -2.562771773143545512e-02
-2.974469746424249217e-01 -8.762674249577979690e-01 5.858949347818526165e-01 -7.849189209486850949e-01 1.368498952582188621e-01 -2.421054768097365695e-01 -4.675125113687836342e-01 6.123780174253691012e-04 4.055778545059817164e-01 2.741195262699731572e-01 -6.480870800561687461e-02 -9.487560585862812035e-01
3.248402252130894174e-02 4.883710112986019425e-01 3.536370675760102111e-01 -3.590921033713663779e-01 2.933974585434863738e-02 -7.819384483832586552e-02 1.193245016593992069e+00 -9.754793180729794122e-02 4.005906359735761368e-01 2.937904045270098852e-01 -2.825885335532890008e-01 4.701704979422341966e-03
-5.602363712196913870e-01 -1.583033287663545785e+00 -3.355647795140518919e-01 -6.323694627255525003e-01 -1.472493261729533209e+00 -6.144963189849588225e-01 7.124789418686362508e-01 -1.196457453207767418e+00 6.839772432180674100e-01 -3.268630883802965681e-02 -8.109650730431573751e-02 -4.687481304840721563e-01
6.697664201530534323e-01 1.964311690897197968e-02 1.117937114881872418e+00 -1.517299386685260487e-01 -1.321036317582611419e+00 3.068678857383745906e-01 8.364126719663855791e-02 5.472945269143094649e-01 1.884198287015433904e-01 -8.410950348821878697e-02 5.535070275065030465e-01 -4.695149264041018622e-01
8.187375064498697563e-01 1.118426196596962630e+00 1.486131720110854537e-01 4.168790974786139580e-01 1.758713108851633344e-01 -8.234111402117547662e-01 2.278618134570321863e-01 6.515675151597742909e-01 4.716232027009574779e-01 -3.997163518150677053e-01 -4.235051980796109006e-01 -2.008760072241489725e-01
1.427520716058521266e+00 1.455816944601477703e+00 -1.738692679405912933e-01 4.625200464036232639e-01 5.104401594634500050e-01 8.408130737626539480e-03 1.299801966473566328e-01 1.646664247459097563e+00 5.943953163058792732e-01 -1.496349179310457744e-01 -2.368275727725485391e-01 -3.257126256433455214e-01
-4.741765250691944433e-01 2.115516887256648493e-01 -5.896482240289343535e-01 4.271988796247165598e-02 -2.302652573162912442e-01 7.719376388992856171e-03 3.499607197074416920e-01 -3.309170884390389422e-01 -3.732280916051739506e-01 6.098021548532955860e-01 -1.250951571205826396e-01 5.242782236184666544e-01
-7.470825511462887702e-02 4.578954249132261012e-01 -8.368579347739490970e-01 -2.840823477674232073e-02 -4.304126005447342362e-01 -9.953403947988596900e-02 1.032711968690809834e-01 -2.132542050282484614e-01 -3.395212601948455755e-01 9.705491139856542437e-01 -1.964048432898917451e-01 2.144183155646559313e-01
-4.112941022569623351e-01 2.833988305783501915e-01 -6.816065364736115795e-01 1.044839378359672333e+00 -6.055245153687149190e-02 5.279676772153376607e-01 5.681955765963092597e-01 -1.974640610559828813e-01 -1.327412114930658082e-01 -2.053830503106588989e-01 -1.015257629144283441e-01 6.266543938663505786e-01
1.659185516724673848e-01 -1.517738060424812296e+00 -7.115946917337122590e-01 -5.039490521949556712e-01 -5.898348482791105907e-01 -5.110220479509458569e-01 -6.493796246554556229e-01 8.483593230749374436e-01 8.671217862120487174e-01 4.764056903590621062e-01 8.010388349710302336e-01 -1.564123618179501796e-01
-1.141783399579345604e+00 -9.260348999944862936e-01 3.756989438500056844e-01 4.858578363862791072e-01 -7.440092978732437690e-02 1.815363979550983775e-02 1.276280603568326170e-02 -2.320590275428886240e-01 -4.253495434177950729e-01 -9.549228756589499267e-02 1.206352371210226010e-01 1.160367463291146040e+00
-4.302182515107092625e-02 -2.171439075095557836e-01 2.421683985857334409e-01 3.437927165579592048e-02 2.221490637454919814e-01 1.057138640934339874e-01 -1.066189902402065598e-01 -7.074640590670647211e-02 1.114154780106621778e-01 -4.355620222221895377e-01 1.242579284933648526e-01 -8.920997297305106877e-02
7.358248682484446190e-01 7.026507993039451949e-02 5.581987941678322462e-01 -2.529961147968741164e-01 -2.640528201246313822e-01 -3.124291208284770693e-01 1.257025086220478483e-01 1.518391608966456752e-01 -4.885216589225407913e-01 -2.711126779266245790e-01 2.973648371683430547e-01 -8.015128441858919706e-01
2.747682821357235738e-01 4.489157299915079169e-01 -1.903736447334582471e-01 -1.158691688440381951e-01 2.340655485259577895e-01 4.134223921127886392e-01 -3.727582717345651053e-01 3.135478253251929026e-02 -4.692617812546797107e-01 -6.500713124477897065e-02 2.429173758902006819e-01 9.917296183484172745e-02
