4.435982136185789293e-01 1.331855784534041465e-01 5.248208356357580984e-01 3.021125272740792789e-01
8.950004315047546677e-02 -1.768813894340809725e-02 8.970654854372324622e-04 1.742248922792683230e-01
-4.938659114802416705e-01 -8.450038012844472701e-02 3.475166418824932602e-01 -3.161245233756981854e-01
6.616449449241253167e-02 -5.085850624225110583e-02 2.169951350562306092e-01 4.144625024944495126e-03
2.206814809718501413e-01 3.945754000876058876e-01 -2.714158722239635169e-01 9.284922876608690812e-02
2.488959374835584826e-01 -9.239758215675611397e-02 -3.593616955852482198e-01 -8.442183033480098187e-02
2.409691090919631740e-01 -3.313861181327638211e-03 -4.671036135975636383e-01 -4.435127137211737625e-02
-1.007844850217498173e-01 1.518772759531724914e-01 2.227822520479947888e-01 1.487785144761167855e-01
-3.880174629374755213e-01 -2.347331176107742001e-01 -2.061672689655882906e-01 -8.717197990168945587e-02
-1.418967297849615672e-01 2.253473964533422302e-01 -1.573217004399265206e-01 5.046930893763506010e-01
2.637181911886032903e-01 6.347027935089517847e-02 1.360174836788172470e-01 3.628044266937047180e-01
-1.704721222476152098e-01 1.135745661223387104e-01 -1.820733096859863953e-01 -7.313392746406706391e-02
-3.486046749518570409e-01 2.247379595683811071e-01 6.336484398019161246e-02 2.886259041517236570e-02
-2.047484610868918475e-01 -7.278925764707804003e-02 -1.263434600028720371e-02 5.281420738208150722e-02
-1.741066516152053878e-01 5.248279709688052908e-01 -1.021888732420493245e-01 1.184415144349730137e-01
-1.384767051735478760e-01 -1.596981647167668716e-01 -5.322545432893599493e-01 1.948422380573678891e-01
-4.126381149121773756e-02 -1.829913261154562931e-01 -1.205866069938207330e-01 -2.597918150748580457e-01
-1.903495548801363568e-01 3.905215660470752193e-01 -3.428302373237555600e-01 -2.280010788544678257e-01
1.788145323132694225e-02 6.670807025559290226e-02 -5.889468332319190980e-01 -3.261663732448060182e-01
-2.960431289589478612e-02 -2.860054395261740767e-01 5.190445934749045032e-01 -1.454793558022553224e-01
-2.746186099058230967e-01 1.911676040753310102e-01 5.750079795889762035e-02 4.858292397881282532e-01
-1.216290816977451117e-01 -8.021634801927517155e-02 -2.457365174611939318e-01 -1.267569138285969954e-01
5.433282246185987541e-01 -2.857162757242391327e-01 -4.248432468160423525e-01 7.074799580464971593e-02
-2.083715279244146776e-02 -4.239063918256671948e-01 7.983794236047507542e-02 -4.297362941314412932e-02
-1.065292541035749163e-01 7.018059387721335973e-01 -5.152048109622364702e-02 -1.779351784809800607e-01
1.112306310385871438e-01 -6.614188884888766440e-02 -1.094834056643741865e-01 -1.407874208288453222e-01
-5.450147126081993365e-01 3.789623786010158923e-01 -2.164401968849232263e-02 -2.287389332707288336e-01
2.964698922642280965e-01 2.051704548783322701e-01 -2.285384092247906285e-01 2.417867447152839688e-01
-1.997274674772241965e-01 -7.966868427895186511e-02 -8.145614953880743470e-02 3.434073635433764760e-01
-1.826770969763756858e-01 2.618257496641622772e-01 1.873038826353658481e-01 7.827379942129647494e-02
