-1.059891126824879654e-01 1.813110719108262103e-01 1.804435327682323009e-02 7.921428387864393184e-02 -3.313568145922503316e-02 1.584658281677002178e-01 -2.450037636768678979e-03 -7.648458370304200837e-02 9.907618906248663593e-02 -4.504695334907934945e-02 -1.211176882406421462e-02 -1.236703493412578264e-02
-1.568321639006458601e-01 9.606507407864017800e-02 9.181641049235740593e-02 1.139957708280312232e-01 7.318111690313333639e-02 -4.300915750235876495e-02 4.363253038401157524e-02 9.349021527917214525e-02 1.180990663324777562e-01 -4.285243630973162993e-02 -4.303785484208759449e-02 2.341169008872766022e-01
-4.055525868140689993e-02 -1.740286911901452876e-02 8.467003723299516837e-02 4.997126009631234350e-02 1.050423425110668940e-01 -9.750008083733369135e-02 -7.482454943590541308e-02 -1.693285591102051957e-02 -4.486869631980112266e-02 9.190941749539369154e-02 1.170045990986101764e-01 3.256442072320737957e-02
1.139042969116108167e-01 -7.023323131310757472e-02 1.202139395997720017e-02 2.589562504957252514e-02 2.947787667402827771e-03 1.125221255660131536e-01 1.853229340410056381e-01 -1.151868328747223946e-01 -1.161530151066247490e-01 -6.628661875892724598e-02 2.429484880542370079e-02 4.943402433891769254e-02
2.325857529492570547e-02 2.935835384398752940e-02 8.478527420089729261e-02 9.448249007361830820e-02 -1.615371803484816349e-01 7.879383485546648247e-03 -2.172102900040910958e-02 -1.219373700824135792e-01 -7.272268567167115838e-02 -5.378660859449952564e-03 6.529671166269850058e-02 5.138600140404395861e-02
7.743464893612697630e-02 -1.480791797558345460e-02 -1.196978185195054223e-01 -1.125110416804262076e-01 -2.448416976659949229e-02 4.492610971485622162e-02 -7.474856475605139161e-02 -7.486022656996216273e-02 -1.150162035111568365e-01 -1.338232642007992912e-02 -3.240990855858064991e-03 1.046639081776381680e-01
-1.588280121989949500e-01 -6.847311675201367409e-02 1.784018682731557393e-01 -5.580981545278272671e-02 -4.296099128441022152e-02 -2.367503272901241829e-04 7.848833535916213688e-02 2.516723864696151364e-02 -6.373223571955112521e-02 7.803816623764758820e-02 -9.193625501490872154e-02 -1.374608825409076862e-01
-1.099634564937819886e-01 -1.099261964948496095e-01 3.210988647864256029e-02 -7.905886198669659706e-03 1.566129978314633464e-01 8.568202661489918159e-02 -1.800368431787272572e-01 2.268541718750769279e-02 5.146174831212505657e-02 4.146292078091205757e-02 -5.350373161296104185e-02 1.734546897656328301e-01
-6.806963429908065299e-02 -1.193925639846921127e-02 1.058223734001933203e-01 -2.440212411661001925e-03 -1.709844335058924476e-03 8.427781116050532539e-02 -7.023130729409901574e-02 1.180175955842249769e-01 -9.912403831641028451e-02 -1.463587800360650060e-01 -1.270836941818220545e-01 1.372909709228230524e-01
-3.249997121464859307e-02 -3.396666836840306347e-02 3.589315200371544223e-02 6.396471030280093117e-02 -3.097864567653331458e-02 2.523423632272736583e-02 1.021841188639342063e-01 1.011959351801148266e-01 3.906965083506504233e-02 9.062239172363174833e-02 -1.026361499710499448e-01 1.104854893293861912e-01
1.017361442105793601e-01 3.670267661296142125e-02 -6.906433802810728328e-02 -9.915427084804326330e-02 -1.232813928026193009e-02 1.670786051570302133e-01 1.215164631089916958e-01 -6.347818894686518831e-02 -1.765026928203755271e-02 8.467433461698795072e-02 -8.380160992008273135e-02 1.128772640763303220e-01
-1.396797192856533143e-01 1.659093122655916006e-02 -4.322556342340871938e-02 1.842339237859946105e-02 -1.168738222195117860e-01 3.441402418567263838e-02 1.119080535467834384e-02 7.483188535563460586e-02 4.072564493259946128e-02 -8.202701854494344469e-02 -1.952624197152945254e-03 4.755695252328546313e-02
8.630601524360337340e-02 -1.192782842269238426e-02 4.767384621077214862e-02 4.394717914110153612e-02 -4.581622755242029804e-02 2.303980298807298266e-02 9.604863815334011012e-02 4.536045058388153001e-02 1.239237713575009892e-01 7.798800566335450934e-02 6.125388679462304836e-03 -1.286298990042754053e-01
-4.350900078719915909e-02 -3.546653252228437747e-02 -2.991967844530194626e-02 -3.379230061648925976e-02 -4.757785511003377599e-02 5.353214777563293503e-03 9.659854418006037780e-02 -7.766456218870665396e-02 -1.289911681016408726e-02 -3.798682897005466186e-02 -1.208088289531737171e-02 1.343746732683437084e-01
1.326122219297001803e-01 1.034258668148674565e-01 -2.498525706272767405e-02 7.183603594383233815e-02 -6.723785449670330316e-02 -1.021918349422051564e-01 4.947466531720253954e-03 6.455531305514339291e-02 -1.483563086186253863e-02 3.778141709414839511e-02 -1.154051396883788577e-01 -2.756058951276816466e-02
1.301256295439027211e-01 -6.553551871569998633e-02 1.673376381578980249e-02 1.138692113593214594e-01 1.294081579565788398e-01 -4.078503265305951503e-02 -1.139321726767657250e-02 6.083094868490758478e-02 1.591241699558798017e-01 1.130218315684097807e-02 1.052946889838917051e-02 4.334912450078527713e-02
-8.014236473486852086e-02 2.453290093710785123e-03 -1.456209898210449605e-01 -7.508977456221194169e-02 -1.224837653479161625e-01 1.124305229279983220e-01 -3.129617573063674107e-02 -1.031613451896236100e-01 1.040479381755194388e-01 4.165494945522646431e-02 -9.933305269608347365e-02 -1.438090303875875775e-01
8.364899967023838034e-02 -3.270419880160994885e-02 8.140929538330191062e-02 -5.047683324552622308e-02 8.044809418043049817e-03 1.277733320751084090e-01 -3.147494184635768466e-02 -1.737499393393465152e-01 -1.097160893105717516e-01 1.350204392622625371e-01 -1.642243657139636215e-01 6.829778142908807248e-02
1.204005997322548788e-01 8.168849014675541587e-02 -1.954945379756013995e-03 -2.633980953211465664e-02 1.427058348559397394e-01 2.046728515402860063e-02 -2.040273057973420179e-01 9.555919112749540478e-02 3.795168091724120119e-02 1.086185937079703042e-03 2.363126333702971274e-02 2.342246061681342584e-01
6.290681653222301994e-02 -1.528479163204420066e-02 5.128857791579936876e-02 -8.985877908449169116e-02 7.135157379210693707e-02 1.770777487626618019e-01 -9.121067610217831190e-02 -1.567642803581980049e-01 2.176116746436087823e-01 8.091869272083672404e-02 8.524942441551744410e-02 -8.397241033477854943e-02
2.897017318083804777e-02 4.125972267167800356e-02 -1.320378439162338824e-01 -9.301698636338896764e-02 7.101734301783532710e-02 5.440394758507492018e-02 3.320405571177730691e-02 1.551190056699678910e-01 1.753311997475113793e-01 -3.808024934144818574e-02 -3.374432152130625584e-02 5.795106324761568894e-02
-7.910665747906092671e-02 1.985159554899366408e-01 1.632318393825039349e-01 -1.066270190759865955e-01 4.571869959826543872e-02 -1.368922848867154540e-01 2.192029975902339695e-02 8.429147719295822239e-02 -3.569780557839904306e-02 -9.351226141672198955e-02 7.590731442121831374e-02 6.011312833215575087e-03
1.462334857892117201e-01 -1.322860547168189238e-01 -9.960984055646238122e-02 -6.645174608220505430e-02 1.175781936815253892e-01 -1.410311350717213807e-02 1.460514586896271005e-01 1.838932349672671718e-01 2.330650082526028802e-02 -2.179409591997995624e-02 2.746121964840464794e-02 6.168835215254668547e-02
1.938853986311281363e-02 -7.247291866566340710e-03 -6.133831049231952548e-02 -4.675312204702242180e-02 1.111158176718816670e-01 1.084382187316389745e-01 1.384183654002092423e-01 -3.005225897721743381e-02 8.915621485294838999e-02 1.327903908450840942e-01 1.074390746160972521e-01 1.963968452295053457e-01
-9.611300275627326917e-02 -4.972869366647948014e-02 1.202406802407142844e-01 -6.690595628904844050e-02 9.195433980365869120e-02 1.473626679751037505e-02 -6.421912361034864958e-02 1.726929832267588005e-01 -1.874138138994222991e-01 -1.790198111658173165e-03 7.669347997808423356e-02 -1.156510948801063240e-02
3.606847706804690301e-02 -4.362643722024279330e-02 6.502689660050538223e-02 2.020907889336074487e-02 -8.537920761978989859e-02 -2.252487426515841773e-01 7.382887302012136610e-02 -9.504437339656868211e-02 -3.486304398396497528e-02 -4.527700474404430797e-02 -3.292105096919952650e-02 -1.283072017727012182e-01
7.708388865997661821e-02 2.111244868699570926e-02 2.515586070678323821e-02 1.398791428039548035e-01 -5.908792572485561251e-02 -1.399337465668084590e-01 6.768793128310403306e-02 -1.404522161699962510e-02 -3.276304194389918073e-02 -1.146443982412126139e-01 -2.872004674725267895e-02 -2.720228590925121565e-02
-8.958438331584600567e-02 -2.236545788255964520e-02 -9.102023595531935282e-03 -4.442947277463955499e-03 2.851077110385913729e-02 -1.731299615862964825e-02 5.340781950606961204e-02 -2.780958930639378796e-02 8.461986475632583826e-02 -8.060115750812474333e-03 -8.133419187897110436e-03 -6.594859695223675988e-02
1.443735511787515649e-02 -5.185609005748054862e-02 -5.069995648727974868e-02 -3.089314972963654038e-02 9.292212780820504822e-03 -1.842512855614395761e-01 -1.260253021807371809e-01 9.686372992771011617e-03 -4.489900143388238229e-02 -1.912726374161984044e-01 -9.852475716762365554e-02 7.411313320249891812e-02
-2.064658134868966558e-04 1.090399495259675999e-01 -3.198033089759119013e-02 -5.807656992655899075e-02 -1.072452330314445645e-01 1.705414044687087252e-02 -2.613678351389982918e-02 2.424810082545701129e-01 -1.180794401311332231e-01 -8.307128363294985496e-02 -5.847324545373164956e-02 8.562192274599225716e-02
-2.952161144549456800e-02 3.681889333136843800e-02 -6.819968004942143953e-03 9.354670719308812166e-02 -3.941860696528395186e-02 -6.429096160458364073e-02 1.392735531294087281e-01 -7.943300481105076971e-02 -9.089319329104555978e-02 -4.858220398978941451e-02 -3.864876547658216421e-02 -6.856437135230691871e-02
-1.634881751392420757e-01 -1.015764430718397657e-02 -8.861321860554877139e-02 1.680984401131535577e-01 1.073904937079468713e-01 -7.073320309062089417e-02 6.197273170067378600e-02 1.191319949458091998e-01 -1.055387105067747411e-01 -3.792664749314275663e-02 7.940286611259619876e-02 -4.593339423397999749e-02
-5.659826638992360159e-02 -7.052274940396871528e-02 -1.066304355353722422e-01 1.142834738059656796e-01 -3.941245255203967846e-02 -6.616885907333396044e-02 -3.936594590595975107e-02 -1.406355603519545295e-03 -6.438368436516637983e-02 9.368536136123381541e-02 -9.022829764141428524e-03 -4.657712661412184707e-02
-4.138334949798767870e-02 -2.327272007958980926e-01 -1.238651321746279677e-01 -9.099244910885012638e-03 1.198476239376670416e-01 8.512260266302631995e-02 -7.582314275563070693e-02 -8.908447574446262673e-02 -5.311324642860835304e-02 1.393684585920946725e-02 -3.897862084834750884e-02 4.878657406658519491e-02
5.568932665415864125e-02 6.055402929792020467e-02 -6.480726737946754246e-02 1.842087849002040784e-02 9.922431287797708888e-02 2.427374918861152642e-02 1.148982196805112543e-01 -7.093294431724414539e-02 -1.205532494660555010e-01 -1.135525596490948863e-01 1.215371097411944712e-01 6.494840352835674901e-02
1.412550950883945666e-01 1.483370709837103230e-01 7.910979710846001434e-02 -9.492337792937739771e-02 -1.975751706379531847e-02 3.701340280745016309e-02 -9.368841937866570491e-02 1.967583646487376658e-01 9.260081702745454058e-02 3.888494617047962010e-02 -1.147523096164154710e-02 -1.822462799757708710e-02
2.798727282590407830e-02 -5.328845767489200254e-03 2.950442612385190816e-02 5.275080154216901102e-03 -7.649673534277204312e-02 -1.118070181011418529e-02 3.208425273597597521e-02 1.988455439016003322e-03 8.958162224686108677e-02 -7.147417455946092346e-02 8.673979515735304180e-02 -2.733344668126132596e-02
3.801463946501834092e-03 1.083359549890026141e-01 -5.881669887890970949e-02 1.682698765039781219e-01 -2.775242795912715582e-02 -1.563348909117092123e-01 2.059410701037376473e-02 -8.844553404042922173e-02 6.031386850514837417e-02 3.696501964476282820e-02 -1.094576892178813626e-01 8.010912525039751153e-02
-7.270082591746911127e-02 -1.445387301957141990e-01 -1.274646397371418938e-01 8.581449238969118820e-02 -5.693993651883500623e-02 -7.111048484257018187e-02 1.429622467994038360e-01 -7.096403342343515774e-02 -8.085514234353988194e-02 -8.683116807182446328e-02 -5.403625008828910614e-02 -9.379586602034244158e-03
5.210000821373717700e-02 -1.492801697164932162e-01 4.220144067784493275e-02 -5.289774747405389874e-03 -8.485434601719006598e-02 8.671537635745525663e-02 -8.238384585973642510e-03 6.123761507394491488e-02 5.673241748745670721e-02 7.422347461200225205e-02 -2.156515734991648614e-01 -9.512896191095794596e-02
-5.483822055045117771e-02 1.160448628398155907e-01 -1.003468241924319188e-01 5.052754580280467700e-02 -1.203264503265537300e-01 2.429415112589534964e-02 2.164716213605274997e-02 1.080464624847023575e-01 -4.675972660426344629e-02 3.435024986855101520e-02 6.424956752421556727e-02 6.606634874297783594e-03
1.024245147366426717e-01 -9.093068861035714934e-02 -1.041967974025100885e-01 4.005050903104893922e-02 -1.079316804555244952e-01 -1.182336888691945254e-01 -8.981128627033913014e-02 -7.525538439884740805e-02 -8.121245151342318391e-02 3.234162542384514533e-02 8.070298544000174823e-02 -3.696873353211213575e-02
-9.064437856712048713e-02 1.838076967700492947e-01 -1.699777081051394648e-02 -1.947816414686655284e-02 5.641810093273487425e-02 2.726548053900876983e-02 -7.542494840733460215e-02 5.025005039032010012e-02 9.254293742291749836e-02 -9.345924464115090702e-02 1.224560948975812052e-01 1.187287172852640876e-01
-9.750176910720766144e-02 -1.947048032886712632e-02 2.793094639952183392e-02 -4.072901639640107152e-02 -2.016355920607338092e-01 -6.378504993413894320e-02 1.105099006554843555e-01 2.732417920613974816e-02 -1.439268599596515430e-01 -4.332258123615628786e-02 3.833113097314243267e-02 -1.850399887035591301e-02
-5.269730569990195915e-03 -1.794749958778597831e-02 5.239996074962235961e-02 -1.731264104632761758e-01 1.826329715409821114e-02 -7.284410106403699237e-02 7.999510019152555884e-03 9.993898283440423580e-02 -2.163820614628770844e-01 1.561005743136300791e-02 -5.835867858788041512e-02 1.573947516180247419e-01
-5.143601830285900178e-02 4.602897530466346088e-02 1.846351997224135455e-01 1.242826928076539994e-01 -2.574209164352882218e-02 1.051753713432396764e-01 2.196045278376446835e-02 2.610117840658822408e-02 -1.731546629545735183e-01 -1.489859407496186283e-01 7.342074751415235412e-02 -1.253988918844526068e-01
1.021970536077016628e-01 -1.468087702688926442e-03 2.342484958763584382e-02 9.505733034060877273e-02 -1.117566440859397159e-01 1.859784931562822874e-01 -9.406246388366436284e-02 -5.105403613813895569e-02 -1.975755870449603501e-04 5.337097835879658914e-02 1.025968695598467317e-01 9.288822689252636267e-03
-3.949375666672085353e-03 -6.765945217887467389e-03 1.353423938200331578e-01 1.094457327606425806e-01 1.174070812991400911e-02 1.790660436063722105e-02 -1.491736832406222457e-01 -3.893869211077290171e-02 -1.439345250085558581e-01 5.756813250364443274e-02 -6.847003453830130537e-03 -2.028293945321286290e-02
1.345501148010106070e-02 -2.954741139072231473e-03 -2.076981663441660256e-02 -4.552309205097602313e-02 8.565273907650845786e-02 -9.110697716989429873e-02 1.863954815756813793e-02 1.409014401709317021e-01 -7.825945054721433758e-02 4.367186017374297125e-02 7.529580155569405575e-02 1.079644956301638176e-01
-3.819991518734278200e-03 -2.270017191804058615e-02 -7.981065723204540385e-03 9.438382651167405435e-02 7.065775367191293177e-02 4.627717240624305145e-02 1.549444089916287015e-01 5.420856886617548415e-02 -9.571969705939765982e-02 1.159661786633977149e-01 -1.368132372002595631e-01 6.697018304745702699e-02
-4.982105149224842246e-04 -6.744032378215006340e-02 -4.596020409469532553e-02 1.352031002548853833e-01 -1.034770266292189995e-02 2.212957671812360722e-03 -3.749802466177008797e-02 9.820658455930880715e-02 -1.412075802557943294e-01 -2.099933623064839661e-02 1.110334326111761666e-01 3.035270946367853509e-02
-3.214189484439152616e-02 -3.541329192845433377e-02 4.118169171409423457e-02 7.981254482843239129e-02 -9.291254217676833682e-02 9.404872585323614809e-02 -5.038594999418895271e-02 1.244495625665883315e-02 3.300411743515271890e-02 1.364547834403351811e-01 6.896602871088217124e-02 -1.622520118112726062e-01
9.352107413979299233e-02 -6.172344700440055704e-02 -6.593598466540906422e-02 -1.459812568644914266e-01 -4.946269197845635374e-02 -1.515791855800689425e-01 5.269024847234947406e-02 -1.321667581239432121e-01 1.600120586991078953e-01 1.086026248147173995e-02 1.698147332545974220e-01 -8.394429322898251666e-02
9.718873334324449470e-03 1.613313221056261737e-01 -4.271974060738032569e-02 -1.541570401344696806e-01 -1.325585313417730893e-01 -3.712152866179479344e-02 -1.039809209672055978e-01 6.491285384823572424e-02 -1.682263204063178322e-02 1.731198751621222942e-01 5.835308300889769512e-02 -6.432023777463122260e-02
5.628666823353921378e-02 -5.315687525746802533e-02 -4.716222254415564780e-02 -1.898662937306130893e-01 6.100762330621369023e-02 1.166180448032091421e-01 1.734756256567340088e-02 -1.103668060446203261e-02 -1.723799035995407236e-01 1.202380584341210257e-01 -1.066372645979111501e-02 -1.951905467506502290e-01
-9.579864095010179326e-02 3.328038310498937502e-02 1.052491269356493619e-01 -1.565980757845970295e-01 7.055806887055146581e-02 -4.551827431172469733e-03 -2.637720867870559927e-01 -1.129513034411547823e-01 3.229970870198566046e-02 -7.086328625779406143e-02 -2.359020331512804488e-03 -4.079164888198102967e-02
1.068869281639553415e-02 -4.989752593893401200e-02 1.055081197842702712e-01 -1.140190284644926610e-01 -1.382617466364559344e-02 -5.521911439565812575e-03 3.114154207646539080e-02 -1.609224244536921478e-01 1.499080500351336331e-01 -1.371655305778693990e-01 2.739818091068922656e-02 1.783679820239395669e-02
5.243608374750616252e-02 -2.261271464174121476e-02 -1.108198761651972009e-01 -8.782577041021256969e-02 -7.659171433270342555e-02 -1.528386715107214831e-03 1.059033975515383946e-01 1.167783010681456846e-01 6.539567363601796190e-02 -4.062081650498929053e-02 -1.336463918092555270e-01 1.290482602143049398e-02
5.623081942186804183e-02 3.925481672158280533e-02 2.144437736021170132e-02 1.927845454909556458e-02 -4.212859119206353864e-02 3.091777140834864671e-02 -2.608213806522633599e-02 1.272610470105406746e-02 -1.612722858337928833e-01 7.614601335876569621e-02 1.352039244901683257e-01 -3.387491867666987677e-02
-8.173375831378526524e-02 1.110460495036780237e-01 -1.093605904121138948e-03 1.426859445975133811e-01 7.135666795315534494e-02 1.171369280819773984e-01 -1.163856077921087973e-01 -1.395467162726599835e-03 2.128583717125364164e-02 -1.885766387372882213e-02 6.390123748123149872e-02 2.018054546348235084e-02
5.797196246602640771e-04 9.676987938210382389e-02 -5.430343811447592428e-02 9.951107094147643162e-02 1.034966277655875733e-01 -4.397276416555020995e-02 -2.227172717660757563e-03 -9.548922018572543469e-02 -4.734188067937675909e-02 -1.061656799278376181e-02 -7.235558691747581705e-02 5.299949304811477080e-02
-1.663392455545849649e-02 4.324864574873470147e-02 -1.859784600594946991e-01 -1.769737652108221149e-01 -4.004447698391507340e-03 -1.409807756623915331e-02 9.448785778359554410e-02 1.489178626230745241e-02 -1.849307688026824784e-02 -3.542198586260021653e-02 -4.662482668079347137e-02 1.004367128140395415e-01
8.772653659663653958e-02 1.504091631918685057e-01 7.517618144035830008e-02 1.718568316471190682e-01 -1.937230709661522110e-02 1.085449907690151511e-01 1.060732567807397692e-01 -1.008407848162427289e-01 6.701831603319764914e-03 6.403595875792020276e-02 5.798478086274642951e-03 1.686707183331136450e-01
8.205388965017480774e-02 -1.289923722961937580e-01 -4.117317281253787126e-02 3.563292629983347282e-02 3.873993352346515040e-02 -1.511370897748324782e-01 -9.061724313441394535e-03 9.081549439628601450e-02 -9.281323592493458119e-02 1.048568090106971953e-02 1.664066356471610997e-01 3.444999626239197976e-02
4.854523981097186996e-02 6.447695311895926262e-02 1.093488431590651372e-01 -9.759214046837612344e-03 -1.021104488247676773e-02 -6.744226325896121588e-02 -7.006960324662578343e-02 -1.319411012622386317e-02 6.726561876539818852e-02 -7.455742683297325590e-02 -8.330088848136418811e-02 -2.735605242868883319e-02
1.619375816800692341e-02 -5.089736959084310841e-02 1.898050571452102875e-01 -1.067517194973018335e-01 -8.829837061337187168e-03 1.146069541424849132e-02 3.080344963391858093e-02 9.589302626090408233e-02 1.024686425562445768e-01 4.938490099385548426e-04 2.054098303511153745e-02 1.445134194831609320e-01
-8.215312156205709093e-02 -8.689730242070031752e-02 -2.109180000248279674e-01 -3.395097073044660296e-02 -3.606089926690922431e-02 -7.967722012097158690e-02 -9.313411371711091680e-02 1.538954378856232652e-01 1.324287264548765497e-01 -1.425776408034330756e-01 -5.308691267595078145e-02 -6.303508417459409430e-02
-2.727409452455358332e-02 8.384847310022099098e-02 1.234497281338513275e-01 -1.402377781944993962e-01 1.084727885397546859e-01 5.084306498320467771e-02 6.288828221807188368e-02 -3.122938283994242462e-02 -2.069089433776049800e-02 8.061262503158922541e-04 4.074882207515279076e-02 -6.759770692676267401e-02
-1.357945104228241440e-01 5.412187674978226337e-02 -9.454738295571687989e-02 -2.483198752664227474e-02 1.313651699469126077e-02 -1.682086592235287892e-02 -7.663286162819860949e-04 1.770443610941298956e-02 -3.606194188558743338e-03 3.872730827026048955e-02 2.734424102870224027e-02 4.884512989681264600e-02
2.477596035218816890e-03 -1.777563005791082951e-01 1.141095955625118785e-01 -6.635814581140144115e-03 -9.587001382750865233e-03 1.055758896241107588e-02 3.540310614365391097e-05 6.464940020450113400e-02 9.906913902682747131e-02 1.322526383985936013e-02 3.341133701937733236e-02 1.801959594045464408e-02
-4.307405367254584644e-03 -1.469369670778489789e-01 -4.131637280963085246e-02 -5.613385966933734372e-02 -3.975687111208948271e-02 -2.006373707508974855e-02 9.380496160883339957e-03 9.291286595092709821e-02 7.317062252202323480e-02 -2.859504729726115597e-03 -6.096982430264876601e-03 5.465647194021195504e-02
-5.379672714239051162e-02 -2.395957893612606082e-02 -7.890017417796471588e-02 -2.342316945411732076e-02 1.663283021224175318e-02 -2.439463629521983895e-02 -7.360244244382470324e-02 -1.536247038726972804e-02 5.944028921283456973e-02 4.019181544826774810e-02 1.470476317609150166e-02 -2.521473901020122865e-02
-1.344882827584377716e-01 -2.652553834354692136e-02 -3.459127035617473589e-02 1.203537972201270123e-01 5.695092912317165773e-02 1.780180462296441224e-01 -1.181222990923268129e-01 4.003296972115545638e-02 -2.453055997116967979e-02 -7.289568751377856204e-02 4.570603876475879540e-02 1.400034412354751179e-01
-9.218707868224586266e-02 2.747973960148215183e-02 3.431132150581751167e-02 9.221465884704828364e-02 9.641094298766405071e-03 6.771078196859006693e-02 2.356740983656367139e-01 1.974523006618605220e-02 8.868056229573535731e-02 -3.937124808629910433e-02 4.931459303334346372e-02 -5.680732366275444145e-02
8.987970626122129825e-02 7.764685564480684754e-02 -1.982671490461217212e-02 4.683339531502943298e-02 1.818124484635590676e-01 8.097786154114755552e-02 -1.837524474280950726e-02 -1.425391009008153409e-01 7.116024243089283385e-02 -8.371629580485284716e-02 -8.322149031376198380e-02 -1.310305863144294730e-02
-5.200151489500706714e-02 1.567719903221245770e-02 6.466515615855783494e-02 9.523070465705490983e-02 -4.945870097631309935e-03 3.018906839906305116e-03 4.970834630247995822e-02 9.022194802189070773e-02 -1.328018546468671957e-01 -6.814491121859708733e-02 4.054064420913044281e-02 -9.318357781023958730e-02
-8.134293516032059870e-03 6.896517536163138118e-02 5.624191143369655643e-02 -7.660206823943897791e-02 -2.484686683281448275e-02 2.212864752978768029e-03 -1.170008212263805025e-01 -2.012174147471131047e-01 1.810492608232607339e-02 -1.557135640456586145e-01 9.504747669520732800e-02 2.060501708446709490e-01
-1.079390309338571635e-01 -7.219486759930375530e-02 -4.384945867661211444e-02 1.633377373634721866e-02 1.741452216510092771e-02 1.218343276962991772e-01 1.442950567158793329e-01 -6.422850108725674211e-04 -7.651071267203961301e-02 -5.259446573994722152e-02 9.845950297692449005e-02 4.013280064921462970e-02
-1.063814177347622431e-01 2.435724382218919931e-02 -2.153568205812400951e-02 9.064570813439766506e-02 1.261651209628791501e-02 -1.916080913214158188e-01 -2.295999935181619947e-02 5.242747854001042485e-02 -2.342309207157960982e-02 8.690529614577127693e-02 8.374463306028197274e-02 5.251620150131286469e-02
-2.238242200090226341e-02 3.107356588087220595e-02 -1.309977583036045501e-01 -9.901392895175225792e-03 4.834975388757759701e-02 8.198647679178997644e-03 1.356294188958431443e-03 -9.934562791436596374e-02 -7.501135860770880015e-02 6.499728648099442618e-02 1.524235871694640428e-02 8.945678039356819156e-02
4.013832302784971912e-02 -4.245153645202418696e-02 1.037547241037635459e-01 -6.867836967473085752e-02 -3.588665222300187196e-02 -6.035128963401135277e-02 7.755048355368283908e-02 -7.187694509573744339e-02 -1.030001818128418178e-01 -5.260483771766111954e-02 -1.178710522051739790e-01 -1.828851558621313877e-01
-9.959379506600038456e-02 -4.069609823574774077e-02 7.283642105066098771e-02 9.510571492431893481e-02 -4.996790790527489562e-02 2.722052214168354384e-02 1.524952203029938669e-01 7.442685135556876587e-03 2.875484367218279769e-02 7.474317864109219361e-03 6.022440489519220730e-02 -8.186628562038263113e-02
-5.786823801956203668e-03 -1.322128360570972057e-02 -2.478455422935279054e-02 6.918217966322348644e-02 -8.759843324780991480e-02 -3.597326606507458141e-02 1.017951930723904608e-01 -4.247126676517423705e-02 -2.532084290654228187e-02 -1.801175059327113012e-02 -5.532928482575031476e-02 6.876656471438981691e-03
1.294429731150638085e-01 -8.456985457236487758e-02 3.237042488878665025e-02 -2.395912518618784071e-02 -3.288108774822323666e-02 2.743796014318165832e-02 5.679842111549066042e-02 -6.414458250576773879e-02 1.208937265500484859e-01 -2.633638232470430010e-02 6.159075907857132492e-02 -3.951508570698900047e-02
4.214613476574611411e-02 1.296675852009051000e-01 -2.502102063064713666e-02 5.346262891250717214e-02 9.853598571409155626e-02 -1.719522866770890057e-01 4.662947966656664361e-02 5.183704800809339069e-02 -5.277619405321071211e-02 -1.024100347639085307e-01 -7.612655908313858966e-02 2.132437422751149586e-02
-4.917195569808843758e-02 5.010055061412034549e-02 -2.563244480234307121e-02 1.092340411184497123e-01 2.655875201432479973e-02 -3.713417102817848786e-02 4.707344650437157024e-02 -1.519278771887881945e-03 1.771835786495852549e-02 -1.729875873818334242e-01 9.692901450828241006e-02 -4.658111057966578261e-02
2.642580757380259132e-02 2.221874640907773452e-02 -1.261049645021001253e-01 -1.210702306084498470e-01 -1.612299336950316370e-03 1.478997377257351177e-02 -2.543376067965570642e-02 1.999908835763853504e-02 2.025987224879619714e-02 -5.520646376937835692e-02 -6.335286041148299740e-02 1.058920239511383088e-01
2.675849816997161526e-02 -1.192671214719076556e-02 -8.182282891898534638e-02 -2.648855357664785248e-03 -7.489655499920339944e-03 -2.414360915155626744e-02 -1.469946002246381167e-01 -2.779573118644452778e-01 3.022791211167982772e-02 -1.963596834065772789e-02 5.926834218394768164e-03 4.744641461836891783e-02
-4.082904235997365100e-02 1.154308373401459337e-01 -5.742444122397797474e-02 -3.547985701673564418e-02 -9.480031084519238704e-02 -1.451424739897333449e-01 -1.352288325510302980e-01 -4.626467662901249250e-02 -1.009716468843045722e-01 -4.695013650834215652e-02 9.613225486213825000e-02 2.437883203537433846e-02
-3.797340742147888026e-02 6.968858826342211321e-03 -7.523498169456474538e-02 -1.314120943466030034e-01 1.026595838021229362e-01 -5.915253158522707638e-02 -1.124365568407921373e-01 8.746480813068709115e-02 -1.358035094260317405e-02 -4.918734460836683003e-02 3.488654510156986854e-02 -7.746831420193486806e-03
2.466333419390675033e-02 -4.298902762422996543e-02 -1.248212272425541086e-02 -2.098643535764250015e-02 1.380567610165929771e-01 6.005089866073890642e-02 -3.323965447868974799e-02 -2.777684576353338375e-02 -7.042285048497154420e-02 6.852515063253548228e-03 8.296348329274541578e-02 -1.210658764732541887e-01
-5.924907160217193769e-02 2.217279553345325172e-01 -5.767248652784226839e-03 6.529439870437148130e-02 -2.944426380569529003e-02 -5.312577530381462632e-02 -5.792600026981639671e-02 7.512280481244085206e-02 -4.308939873104709189e-02 4.006127056359859440e-02 1.114332875937062463e-03 -3.811776629360802415e-02
3.883728373851567939e-02 -1.868366681731183088e-01 -8.673268149441568098e-02 -7.612458375669384214e-02 -1.078476298480824103e-01 -1.647089723848562531e-02 -1.143686262597381521e-02 1.932915811399603487e-04 8.849522668280662696e-02 -4.912986702988295790e-02 -6.960667955675084451e-02 5.075164682900482060e-02
1.768935233783089367e-02 8.033846905072274808e-03 5.366327029016698669e-02 -8.950268731437061032e-03 -9.515504366998502050e-03 3.224428136086956997e-02 -1.170637302855738471e-01 9.663681895839529301e-02 -6.434355334077232133e-03 -1.447095769256834946e-02 1.523834068350625182e-01 -3.054168021623223511e-02
