5.465317198863088241e-03 -1.002041976981139088e-01 -8.508446188970200663e-02 -1.880208977090654932e-01 -1.183816627799195997e-01 -1.130269456722146904e-01 2.961144996286906375e-02 4.571139547414569508e-03 -1.346963364810052676e-03 1.458050290397249760e-01 -4.958869272551932883e-02 2.569011910323099057e-01
2.978756851582862325e-02 -2.722705337011714632e-02 -1.927413032014851091e-01 -7.351742505889467816e-02 -2.889839756266614906e-02 2.978428826652066569e-02 3.318015480049964216e-02 -7.907096228044062369e-02 -5.348987901312386023e-02 -2.916911407221897679e-02 1.095996513352283652e-01 -2.364850802088965670e-02
2.679605928141171739e-02 1.263438493378254458e-03 -5.656026823889021699e-02 7.492609732695239277e-02 2.404743188766128581e-02 2.061462385278766893e-02 4.592882199022731149e-02 1.414928117203009261e-01 6.603627914937777732e-02 -5.018011539780384972e-02 -1.563759536317010368e-01 4.592609694664423481e-02
5.275300441105043592e-02 5.849834884935171953e-02 2.713370299330416374e-02 -6.812851903424238520e-02 -1.023511685281756345e-01 3.902671399137506991e-02 2.104748156135693299e-02 -1.146113254924341525e-02 2.067181078265640792e-01 -7.849485352826229834e-03 1.014447300339396257e-01 1.173024012599166027e-01
-4.587397854903881023e-02 -6.781572582854952791e-02 -3.389589727879229603e-02 4.953813667535508780e-02 1.120446191709894845e-01 -2.678528816772177135e-02 -4.050746339465445545e-02 -1.117285258364370676e-01 1.362679999379441155e-02 3.579737728876822289e-02 4.430410422249900226e-02 8.994823447111111037e-02
2.285475421617497171e-02 -9.222907921124980091e-02 1.109109049218173215e-01 6.436540339575201608e-02 -5.423228809714240872e-02 -7.699207862294997484e-02 1.339414166522119587e-02 -1.210619597591931079e-01 1.775720032514470914e-01 -6.597250277194313672e-02 -1.539543271409206382e-02 9.308616930692838187e-02
1.225833181970886893e-01 6.478858435759719814e-02 3.766159387270218845e-02 3.771484162147580033e-02 2.003451561138805403e-02 -1.895209095515529990e-02 -7.823607211137567630e-02 1.116499095225205740e-01 6.074176685862471559e-02 -3.700475167077009464e-02 -3.019192090761777664e-02 -2.706666537367368175e-01
1.024880870924019596e-02 7.806700781583011950e-02 3.983204018481281694e-02 -2.570942003492632244e-01 -5.491695304023631180e-02 -1.401633632716526023e-01 -8.980384708948448147e-02 -8.864584132891574486e-03 1.125473976231905759e-01 1.191107630389457162e-01 -1.963972812213638061e-04 7.019152194361660824e-02
-3.423053272657991530e-02 8.215571649064926096e-02 -4.594048785296454135e-02 3.260063813463641436e-02 -1.357498124237885018e-01 5.239330627814879626e-02 -4.972439278488244990e-02 -7.230522233669992721e-03 1.013436126423902933e-01 4.436333678661533164e-02 -4.366725865126559747e-02 9.269868311541941408e-02
-8.826921167959746184e-02 -8.008947469378679962e-02 -6.646025992503223553e-03 9.176332690787177004e-02 -1.451385700245385463e-02 -2.155822813216913547e-01 -1.530447713059876758e-01 1.140208443231254809e-01 7.884555492491696072e-02 -4.683752685410347977e-02 -2.472822604134955471e-02 6.537089943329231490e-02
-6.535175877395951738e-02 -7.275445360581461740e-02 3.994044707187659193e-02 -5.631213937823445481e-02 1.659329412283292587e-02 1.116433823232020062e-02 -1.984113322389889286e-02 2.017891679605342548e-01 -1.882451607594817430e-02 7.278380064112704995e-02 -5.985412981238497077e-02 -9.596165215037269491e-02
8.393782402216309890e-02 -9.455258246937321698e-02 -1.163593043396275173e-01 6.933903376734851243e-02 1.608386375801022505e-01 -2.093988368278652118e-02 1.695494003795253862e-02 -2.483666275964151529e-02 -3.168625202267170982e-02 2.104060061432421261e-02 1.539026221950690228e-02 -8.241111028009748263e-02
-9.654408465356434377e-02 -2.548712274692498461e-02 6.918026780573469092e-02 -1.144821715345591129e-01 -4.667829698535433391e-02 4.546186942621267824e-02 3.898141236901653262e-02 1.480711594335106518e-01 -1.096122253121195184e-01 5.593115137520682234e-02 -9.764765134716371642e-02 -1.421080852576316333e-01
-1.016233606437212111e-01 1.085279181259676817e-01 -8.475097849112891990e-02 1.003770144399775133e-01 2.763560181398069283e-03 1.648768350162664598e-01 -8.549893488027560107e-02 2.005717852045943786e-02 -3.737620466753165116e-02 -1.409579683473884404e-01 -2.236632648569953155e-02 -1.806094331022734256e-01
-9.238731858807504305e-02 -8.229715933749698342e-02 -1.410952401665610534e-02 -1.566294723266527592e-02 -1.048919214929122934e-01 6.751412525033197165e-02 1.290568443696392120e-01 -2.061402196514683805e-03 -5.454097036970698142e-02 4.057412710814915779e-02 -7.114439832177550660e-02 2.261939557789851007e-01
-3.858465210038768828e-02 1.287727344162033216e-01 1.024621348513453239e-01 9.354685690910170826e-02 -1.613376786087937775e-01 -1.806817063039880752e-02 1.035494300883055968e-02 -4.318870139778731299e-02 3.027898098768617638e-03 2.224210813204543363e-02 2.512513026960566664e-02 -4.662090659703641005e-02
-1.148237899703704185e-01 6.677307115046348697e-03 -1.953189707404181380e-02 -1.903102608006909113e-01 -9.534243422770505641e-03 7.911419348741859092e-02 1.091913723114681517e-01 1.217611141009320580e-01 -8.566970075588355160e-02 9.932612759070483244e-02 -4.370946479002300877e-02 2.177906321735535722e-02
5.868101899398654731e-02 7.122363380005793110e-02 -3.458091723227704750e-02 -3.288491225185858485e-02 4.527724286977156259e-02 1.470334110338700206e-01 -1.520915541227394786e-02 -1.224546273239025818e-02 -3.903358906562099523e-02 -1.820710067763273415e-03 8.069781474295541213e-02 7.873040646023982125e-02
-3.608432240129320900e-02 1.510915652577008994e-01 -1.284931508258689847e-01 -7.225178720533304011e-02 2.502508573705211885e-03 -7.336298282639167057e-02 -1.794036991098251765e-01 -1.975563948539574288e-02 5.595834008056350950e-02 -9.550487856269213038e-02 5.113304617996584228e-02 -8.688541236146320179e-02
-1.405594901148820575e-01 1.698770608207853527e-01 1.232563438091120456e-01 -6.134420640440714154e-03 9.683920252397054673e-02 3.673951491584467877e-02 -1.010188878780180211e-01 -6.111879948591274203e-02 5.239762540989904155e-02 -1.542565313180422823e-02 1.628968716411741124e-02 -1.641458752340375082e-01
-1.450122466340006411e-02 -2.543276704372423105e-02 -1.561806254891737744e-01 -7.615429977042599552e-02 -1.310424711973594558e-01 -3.840822668127262529e-02 -4.381563457912188153e-02 -2.601259443934497012e-02 -5.344646666425898612e-02 2.905784579130507930e-02 2.020963767492624588e-02 5.544534851449865742e-02
1.220576120140548088e-01 3.441921413250938894e-02 -1.192838885649944725e-01 9.097291679862219010e-04 2.080153244140493796e-03 1.675879668880465509e-02 1.539799707784458849e-02 -7.650734419005603181e-04 1.094161281185840606e-01 -5.601686273484991069e-02 -1.992065239003433796e-01 -5.421446129487864779e-02
2.659911638022068731e-02 7.884390082875368522e-02 5.268459796923295052e-02 -1.234279613079706933e-01 1.096699332341762867e-01 7.876522846284458867e-02 1.494903669606834073e-01 -9.097906269308222993e-02 -1.404282849173269648e-02 -1.904014882517525084e-02 5.730918644966796066e-02 -7.952835561733906378e-02
-1.778278901673280565e-01 7.185097288018696404e-02 -1.812806285856813082e-01 9.398407926859248321e-03 -2.838002472983764540e-02 -4.354053288921269638e-02 6.178667019477024347e-02 8.365105808333900272e-02 6.386508212366102943e-02 6.854365774158377445e-02 -3.928332795398072584e-03 2.452692706488163524e-02
-8.901091080864811933e-02 5.002844168228748334e-02 9.730682395867018553e-02 7.443227694049365031e-03 8.348399422623453692e-02 -7.966746401850940962e-02 -6.540690414993313717e-02 -1.356303050457186576e-01 1.380281849314317077e-01 -3.416809025465677302e-02 9.447674403430081358e-02 7.594110650268270923e-02
7.863681464724214809e-02 -4.701312990815945114e-02 3.727860162958845924e-02 -1.456531118924631919e-02 4.592884895862758832e-02 -1.813490629875628701e-01 -9.156215158104927254e-02 -7.906193676807340975e-02 1.053553540741762468e-01 -6.447979837588876939e-02 -6.341878723624914949e-02 -4.918628622040076542e-04
-1.446415767137642361e-01 -1.420037267452703977e-01 1.369348271749663143e-02 -5.858993572131738527e-03 3.350265564085995462e-02 -5.076617914038256824e-02 -1.075183414821285210e-01 3.174692870845154807e-02 -1.281461774528923070e-01 3.373263448861675562e-02 2.638861937330611723e-03 -1.138192457456179731e-02
-4.115160544506101664e-02 4.591905188021400824e-02 -5.152828885758037325e-02 -4.824159275283274734e-02 8.282537333121571532e-03 -1.151974891007045976e-02 4.200821810764822362e-02 -7.867866219369976100e-02 3.540604326423667236e-02 -5.158607449604647732e-02 9.608723775333101458e-02 -4.782471313357529452e-02
-4.960983605189163426e-02 9.812537949431729412e-02 -3.037363595002876351e-02 -1.544800236824335135e-02 1.854031943177383290e-01 8.375480413355398945e-02 4.959507078143411685e-02 1.365014631784233767e-01 3.253104847756535523e-02 -1.481680888342842492e-02 -6.288644331298672008e-02 1.824063537513480604e-01
3.441132814576818716e-02 5.252676075048508253e-02 8.587587165388706201e-02 -4.339845839727662566e-03 -6.873460776179743381e-02 -1.040655860115021203e-01 -5.087271399717958886e-02 -8.631017914079404385e-02 6.117316660175334958e-02 2.085468384093610086e-02 -2.908484730935186058e-02 1.616192050928893231e-01
4.792016092024913368e-03 1.072729972021967126e-01 3.736242566065373083e-02 -5.271724009844595132e-02 -5.130796098278688974e-03 -4.838545302518113683e-02 4.963471796803428648e-02 -8.012476465457095756e-03 2.718340361114144482e-02 -2.488192133707620851e-02 -6.109301558012773803e-02 2.996668188556546319e-03
-1.176224241622135860e-02 -8.026716508801562226e-04 1.531849187787885126e-02 7.184168840795097932e-02 -3.968696424213222218e-02 3.897641091911140804e-02 1.094471810556857383e-01 8.991248413747900819e-03 1.584720931531548027e-01 -6.033180642384181752e-02 -8.347811162071666624e-02 -5.181850987839077549e-02
5.892561596661341494e-02 -5.133694271290188682e-02 3.156986366314799147e-02 -1.360083802308477696e-01 -6.640514451046515554e-02 7.402792840440378108e-02 1.066761296463270697e-02 -1.908632538986837490e-01 -4.452672758371376688e-02 -7.357593996213820930e-02 6.170865334145256287e-02 3.023000049603566386e-02
1.098288470995788663e-01 -6.428910852238252371e-02 1.299368744103574502e-01 2.582849338891976890e-03 -3.151968805652319988e-02 1.532368666562582311e-02 1.825682193755338301e-01 -1.499299488607901965e-01 -3.342642494806544878e-02 -7.304005515170457208e-02 -8.306858651897153223e-02 2.089218832864048452e-03
-6.278334739417740229e-02 -1.177694545492503388e-02 -1.053755665490311855e-01 1.394616249109672385e-02 -3.881725989868916454e-02 4.027393379684304081e-02 -1.468679633425513421e-02 -7.560498990961955768e-02 6.891564546040279682e-02 -1.083268257653326738e-01 -9.320010670833372979e-02 4.919652635899258997e-02
4.615407781499922951e-02 6.568471303925825511e-02 -7.001926726155675851e-02 -1.199018496452632088e-01 -6.648648632780904122e-02 1.079790130179796581e-01 7.509928706392708653e-02 -3.890193431789126799e-02 1.926384968864746083e-01 3.115609301621907190e-01 -6.546479928569062801e-02 -9.817373156449579752e-02
-1.783548398607467944e-01 1.564849675776890381e-01 -6.919176281194529265e-02 1.047907564634208422e-01 -2.017992762021042774e-01 -9.183773790373391194e-04 6.548432943179596788e-02 -1.795462067172802212e-01 -9.353087682092139921e-02 8.840718768853135512e-02 1.397924898279911676e-01 1.379192730196143746e-01
1.813740916104421372e-03 8.543048311354341229e-02 1.470404407606517097e-02 4.696360455981910681e-02 6.012293905827179041e-03 -1.863751058339172539e-01 -8.778379627418947395e-02 7.411662649813868797e-02 9.011040044674309413e-02 -3.071041718251669994e-02 7.774148732340141477e-02 -5.960029436931262026e-02
4.617672688370178663e-02 8.345207112923749837e-02 -2.823685049583101250e-02 1.998378957322648544e-02 -8.626561123440920284e-03 -2.073305344239594061e-02 1.394413452165752521e-01 9.688838101936876612e-02 7.548290923446400458e-02 -1.485853673326901526e-02 -4.484222038133228727e-02 -2.505788376503464976e-02
1.448060462660005765e-01 -1.057949740109435585e-02 5.741504402031941817e-02 -1.547996216651314691e-02 -7.000334738683930413e-02 8.072948527639564609e-02 -2.311945672067621249e-01 -3.135701482927535227e-02 -1.391903985013793754e-01 -4.331001318256753191e-02 -6.984047312816779596e-02 -7.512808313238414359e-02
4.449006691118296414e-02 -6.553712419967452907e-02 9.423571159730279034e-02 6.876455535990443069e-03 -8.964477482516203244e-02 1.050040273820328496e-01 1.056376237827374442e-01 -7.720216636739032912e-02 -8.645353892651960748e-04 1.198292041554200327e-01 -1.086170573401150918e-01 -3.155439734405468544e-02
5.579702660313333451e-02 -7.668883588156372166e-03 -7.845443411978056392e-02 8.659862630819611939e-02 4.294037635158803878e-02 5.687281485895410299e-02 8.284154118065396172e-03 -1.253013931138532641e-02 -7.943207050980292949e-02 -5.537232103188269305e-02 1.611897419407919418e-01 -8.081962887419173736e-02
-3.830102227584147217e-04 -1.591399592934420182e-01 4.091998651073718019e-02 1.869398185475094065e-01 -7.376430953200600882e-02 -5.283796186049517785e-02 -3.916747290190623204e-02 1.483131741088119376e-02 3.018163567896964619e-02 1.216890371664284404e-02 1.810323629489014180e-02 5.814902401049491798e-02
-3.886113284278581992e-02 6.575248547277622035e-02 3.560723242466813654e-02 -5.692920982504993954e-02 3.274565111694671682e-02 -4.466213189943328554e-02 1.071109072828544673e-01 -3.482958515932865762e-02 1.841835417433449751e-01 -1.823115992409628239e-02 4.131122444194025578e-02 1.566553945424846439e-01
8.964416778181306944e-03 -5.271599426156130253e-02 -4.291044790350362348e-02 -5.037733903346341968e-02 1.809731843892736086e-02 -2.432134560211393973e-02 2.186859233864182211e-02 8.288436195885896807e-02 2.210133748995162309e-02 6.239166285130642864e-02 -1.780515318398313146e-02 4.126158591247990753e-02
-6.165324981199428456e-02 -2.160204315798795044e-02 7.689880619246916571e-02 1.336136746342087289e-01 -1.642186308570844910e-01 -8.576294774505172080e-02 -5.608922336324977109e-02 -4.764357940244544343e-02 1.106495631496241805e-01 5.534941044894609724e-02 -1.759474471805022866e-01 3.840770166904852040e-02
-1.226821094805168738e-02 9.357313414503937166e-02 6.178393581947308477e-02 -3.687062933937781343e-03 1.065571223981838511e-02 8.489706712634681463e-02 -1.776032737947033091e-01 -1.855507688350653273e-01 -7.822939393163712285e-02 -7.403006016297139502e-02 1.550211146615849446e-02 -5.765338990138571540e-02
7.284685176554035746e-02 -5.850389588794037421e-02 4.854861812544190164e-02 1.195998815026881879e-01 -1.815358234889287437e-02 1.638648226741870606e-02 1.871241014013665938e-01 -4.990487968808660080e-02 -1.502444595469618616e-01 1.730161248679958907e-01 2.220643852249383054e-03 -3.097332789889853128e-03
-3.734448276500597352e-02 -5.898712617980623324e-02 1.222529301508554385e-02 -1.537456008946777308e-01 5.429895839008871961e-02 8.455947437243845066e-02 -2.261931743621342986e-02 -8.154657926741559759e-02 8.049680735908507079e-02 1.508475560116182557e-01 -1.180916242574455849e-01 -2.213390087015827679e-02
-1.237816930949747901e-01 1.284034428156886620e-01 -3.182978395486407708e-02 2.292368877977653957e-02 -1.053432914866466868e-01 -4.364536660173794214e-02 5.036701191083302331e-02 1.481507384171963822e-02 -1.084189725645878927e-01 9.045730369090028422e-02 1.177508007446787242e-01 -1.097690123646705429e-01
-5.556564450946041567e-02 -5.706109947404593152e-02 -6.320135593649849060e-03 5.315358965693585402e-02 6.726856423157451248e-02 1.048046332193460911e-01 1.987370524995068360e-02 8.219261084661037831e-02 5.426038585188534130e-02 -8.521404892772177150e-03 3.826992932853016949e-02 -6.156155148985698045e-02
-3.029468913980285644e-02 9.511164684639836220e-02 1.724116989190586091e-01 -5.192924742528002430e-02 5.894104675244915548e-02 6.543335129685995399e-02 6.080819343453934545e-02 2.914275575561733195e-02 7.098244331653214001e-02 -2.366468520823462179e-02 -1.568935406993918757e-01 5.112829057910490277e-02
7.856928712759431166e-02 6.677527244671184470e-02 5.610909058855199222e-02 7.458264213160420431e-02 -1.931142162570055609e-02 -4.250831516762640372e-02 -1.428153299959180889e-01 -3.947216336803986009e-02 -5.493901710419845166e-03 -5.652419442574699651e-03 1.829916207600202349e-01 6.162955544712153677e-02
-1.220397252772083829e-01 2.812650753231989501e-02 -4.726840702773655450e-02 1.730410034765582084e-01 1.564433262891302967e-01 -4.336504346706025054e-02 7.098767057832949812e-02 -4.319632773560436179e-02 1.069261844813567189e-02 -7.079463136459787642e-02 -1.458857739743655603e-02 2.113802101571270187e-02
-1.162490331087021322e-01 1.018316982315941623e-02 -8.151958117126986703e-02 -2.799412479233517881e-02 -9.018309471729393789e-02 -1.527157041040714744e-02 -7.002230947645300685e-02 4.024910194260643975e-02 -4.049003674270205966e-02 -7.221946298326833644e-03 -3.363900475025093442e-03 2.348001025113115314e-03
-4.960583041992264880e-02 3.947659031887779807e-02 1.314303547433910979e-01 1.080890369778164184e-03 2.210530523877046044e-02 1.001291238243754711e-01 1.154085958723243405e-01 -6.342360138639496769e-02 -6.080677700253343809e-02 6.480305424472591891e-02 -4.394653172449931866e-02 8.231764998254813281e-02
-7.120246435425746367e-02 7.562872928151839758e-02 7.326085604307236432e-02 2.478593459060779262e-03 -4.434357150007398746e-02 -5.706884782859934085e-02 6.911863268054345422e-02 -8.485106509113360396e-02 -1.318174408469847680e-01 -1.788647111764102293e-01 4.971358628604291563e-02 -7.990611624706273064e-02
4.907754819993251361e-02 -4.061697105918363193e-02 -1.020372699570366026e-01 3.174492210675482901e-02 1.209882814073610091e-01 -1.601498369203645522e-01 2.362515177594868565e-01 3.849774027463619824e-02 2.476208784308226579e-02 5.785909552916542950e-03 -8.238111119076622912e-03 8.111868610895754672e-02
-4.501649409696848597e-02 -8.957894659253237690e-02 -1.990266739682116162e-02 2.200012322763016115e-02 3.895417293195663905e-02 7.095573787606766769e-02 2.725681521839813659e-02 -1.740999741816579016e-02 2.667385773483881353e-02 -3.461877832403470467e-02 2.748023349739097537e-02 4.144882848704612571e-02
2.448787298013784322e-02 -1.073080866115001253e-01 8.361002458089861200e-02 -2.458668476170236886e-02 1.225422600887364349e-01 -2.282367302385064634e-01 7.236418041171018001e-02 -1.477367257966364367e-01 -1.072588385245377696e-01 -1.922089754388556504e-01 9.994194387016200332e-02 -7.344273117713642773e-02
2.819207931457144711e-02 -8.255324113469346414e-02 -1.066605008916892694e-01 -1.812540682884933307e-01 3.454787976821272703e-03 3.178656486272517928e-02 7.323973635971950391e-02 -1.215184413146721265e-01 1.332447655356567007e-01 2.964445802096140059e-01 -8.917600427129976359e-02 6.168163983013474905e-02
1.581497104240711937e-01 -2.221568658368887339e-03 -8.444697638383719118e-02 1.478604666460718586e-02 -7.910696007280738559e-03 -5.057209141004960495e-02 -2.613734315425953261e-02 3.557480720780525213e-02 -3.833047907336201154e-02 1.400037423231611233e-01 -1.053400697728148622e-01 6.595192527791661485e-02
7.721468723462775186e-02 -9.432299759649578896e-02 -9.765797871474019010e-02 -6.527736528652765269e-02 2.267289545966749698e-02 -3.007932349277627274e-02 -4.602537127030024988e-02 -1.216194870582182619e-01 -5.851441058178315224e-02 -6.103317687896375743e-02 8.902925871805361744e-04 3.866235750848393687e-02
1.179571861752904127e-01 -2.114191178749648681e-01 1.069670739677268667e-01 -5.016812950170407986e-02 8.608557776805926195e-03 -1.918319993490186226e-01 6.893092287343707825e-02 -4.092395947734098205e-03 2.767129690918364304e-02 -5.742261994388635216e-02 4.393519691118112636e-02 1.068590634713836307e-01
-1.959434955312182314e-02 5.856849593274032761e-02 1.384896095001846017e-01 -2.793771425318515231e-03 -2.058086749226467616e-02 -9.624027282673833228e-02 8.849709505229493012e-02 -1.659152726326804453e-02 5.897756782393490799e-02 -3.871655211291794713e-02 2.021813993391189182e-02 -6.113653109892337734e-02
9.898823307187332166e-03 9.110366775691260133e-02 -6.376421227167888839e-02 -1.121778520893446963e-02 -1.493757889509101933e-01 -6.497769690369861739e-02 -1.314453638838967153e-01 5.512562505320987155e-02 5.671444228753156486e-02 -3.112771588786382437e-02 -1.060865697608235625e-01 3.533200816800833449e-02
4.383939527933267133e-02 6.080364335101510337e-03 6.110447595407454691e-02 -7.835344710632100029e-02 -2.223872924108695817e-03 9.583834112727807400e-03 1.092274608428419058e-01 6.037274689648890191e-02 9.895061246107077560e-03 -1.800553462183838299e-02 3.346012223193786661e-02 -2.273430510262648002e-02
-2.522688407534277172e-02 -1.261513716513072147e-01 -3.963113769829993555e-02 -1.104923260820357342e-02 3.134488078080282375e-02 -3.405242682636313439e-02 4.165739893177528019e-02 9.269082867892364241e-02 8.703906020660208409e-02 -6.116193282863827824e-02 4.192395886298969782e-03 -3.443926621262816123e-02
-2.598228543431659390e-02 -1.112540930094165909e-01 1.422450157637893953e-01 3.992804735783501285e-02 1.363271050204560748e-02 8.281109912654267824e-02 7.582081874286762668e-02 1.902530903297806886e-02 6.372573754751599540e-02 -2.240483486126564061e-02 -1.760853690449461495e-01 3.472059402983818793e-02
-1.601989195283174128e-01 5.092178019104076636e-02 -3.191198163392725690e-03 -9.392038876706376715e-02 1.531391871836433327e-01 1.068716120690226153e-02 1.412392948436898450e-02 2.459937446083372906e-02 6.936972815252459568e-02 -1.920720894266054676e-02 -4.944817085549725599e-02 -1.240171152995477449e-01
4.494690441568508638e-02 6.734686345883944547e-02 2.463849513407292274e-02 9.925859378353682483e-02 -5.226364910657056717e-02 -8.883687474106401194e-02 -3.498119916235786775e-02 -2.866806915436354020e-02 2.632349084182747379e-02 -3.928338124226783343e-03 -9.470437339139212152e-02 -1.857701949909320790e-02
4.413691277990786782e-02 8.388315260096351755e-02 -3.776489481488428616e-03 6.250942583789800833e-02 7.760788293526531267e-02 5.235987571767658499e-02 7.891944325183231079e-02 1.297640058202087499e-02 -3.813025934652805593e-02 1.256360302931344430e-01 8.549952622938951363e-02 -1.878289059916540271e-01
8.858435669306363724e-02 -1.517729169634736072e-02 -3.877824954074313851e-02 1.295193130988300523e-01 -4.121825865197940170e-02 -8.946115266895688853e-03 1.970719419567360138e-03 -1.454721295895351763e-01 1.232896884892581424e-01 1.935026036009143691e-01 1.065104504877230629e-01 9.937927257002265868e-02
6.834640464857493977e-03 -9.035501525887664614e-03 4.852011107129766687e-02 1.200525655062129188e-01 -6.833593753530374515e-02 -3.907212045918705134e-02 -5.964943095370392467e-02 2.256691702627799112e-01 1.123130154463064523e-01 6.616356369630560508e-02 -1.483035051739063914e-01 -4.118792794013567682e-02
-1.340422110166861192e-01 -5.795299513289324522e-03 8.264972193586550553e-02 1.052876213907851244e-01 1.085603905905067751e-01 9.231466805481432225e-02 -8.911090457428651190e-02 8.094514948051320657e-02 -2.266261823083771249e-02 1.085194017379733367e-01 2.023944442151077300e-02 -1.199179551362943574e-01
-1.243335741164640074e-01 1.994124304059602393e-02 5.836958075007259161e-02 -2.122956691667232110e-01 -1.560019976425158494e-01 -1.543102185104488003e-02 -1.881108867149275943e-01 6.050680732417319796e-02 -2.422982484371994927e-01 5.775212026228785517e-02 8.758026455787057407e-02 -6.670211886899325357e-03
-5.453143063746352520e-02 -4.957131222973119172e-03 -4.354984388158364417e-02 -5.404706470932138518e-02 5.300134314642492017e-02 -4.022849398475716876e-02 1.635841860255451974e-01 -1.333320174427928828e-01 2.855565463246609315e-02 -9.952206971490806797e-02 -1.791971713007320388e-02 -5.148418092120130019e-02
3.266117942650712674e-02 -4.358800790237907924e-02 -2.388144216760866925e-02 3.139289062616763826e-02 -3.800828547805567420e-02 -2.865660939022754861e-03 9.365912831080315526e-02 1.156365728393469322e-01 -2.226572583044202427e-02 -1.218155099780323172e-02 2.979675922705587489e-03 -6.888996014866291540e-02
2.255116559454702074e-01 3.687572509540662513e-02 2.862259051732077633e-03 -4.917919604010263443e-03 7.057833767871295183e-02 -1.644982701705345607e-01 4.733493226428504841e-02 -5.323539729356924904e-02 -5.667924659420565947e-02 4.378101325156573409e-02 6.730380033005146923e-02 1.220841253502850804e-01
1.251272115225085524e-01 -6.910185485258688032e-02 1.961285883673063168e-01 3.655384449524970436e-02 6.284093731443349262e-02 6.545578358497802784e-02 -5.816682492658650783e-02 -3.321132534437271078e-02 -3.205343666471466291e-02 -1.436542821631800748e-01 -4.587236397330561599e-02 4.135936913581347851e-02
5.958039433936172108e-02 5.771596955559993997e-02 3.057917017123441827e-02 1.868850880582653695e-02 2.303968796768023422e-02 -3.372514892476070891e-02 -4.112093901969164633e-02 -1.038211321217595573e-02 7.320228282164855521e-03 -1.032915151327496728e-01 -5.680486475517965844e-02 1.362956554174148960e-01
-1.245573934225002455e-01 -1.103034351889515818e-01 -1.262062718494606772e-01 -2.415296862862838234e-02 -9.982494555904847938e-03 -6.682895891723764081e-02 -1.154819642302892281e-02 -1.967542900327637345e-02 5.473420759004463121e-03 4.625626958997479388e-03 -4.374499445021315380e-02 -8.702571548551725489e-02
1.174642142492130815e-02 -8.104718957344567154e-02 -1.079854408550513095e-01 9.175382287568963069e-02 8.561593415496390747e-02 1.269620639583954047e-01 4.532858054210130161e-02 5.963145602689685215e-02 1.858466209818415704e-02 -1.205083024580602680e-01 -2.505191270971856080e-02 -4.432514130805826486e-02
2.130517166477518057e-02 4.181595468697039270e-02 9.680970016584128368e-02 -9.717814038834610146e-02 -3.705533026499994997e-02 -5.715910080503820018e-02 -1.294582586052894224e-01 -2.200904968000819834e-02 -1.630678689698441819e-01 5.355564244701625440e-03 -3.458915268070049398e-02 1.954731782122932915e-01
-9.187644959270352407e-02 4.449700335596937922e-02 -6.490744945626714113e-02 7.271467370272483022e-02 -9.564525853696843882e-02 7.172472416924487171e-02 -8.007099307847273528e-02 -1.370281711216042864e-01 1.324950483396055978e-01 2.801903241467607400e-02 3.384750947284713429e-02 5.693331210568990108e-02
2.800712947810037826e-03 -2.678152493819691699e-02 1.759339453023344435e-01 1.224384379335451967e-01 -3.709830363779764717e-02 -6.021577517195023099e-02 3.743486000620804485e-03 9.072925358426543740e-02 1.339201221458836133e-01 -1.702410217269646406e-02 1.404061596356571684e-01 2.409242355781584556e-03
1.552225130127873054e-01 2.352630306145469391e-02 1.807139487309281922e-01 8.818792996926658190e-02 1.273031081184136104e-01 6.523080020780847033e-02 -4.667180861936279929e-02 -9.345428234326800393e-03 1.823459974730731042e-02 -6.366084338475302973e-02 5.883685250662688826e-02 -1.335850803962989053e-01
-2.548744013095739502e-01 -1.467370545853038111e-01 -8.031191744819593525e-02 8.095285825034917795e-03 -4.349215440769148289e-02 -4.403285279612455250e-02 7.564131410454388860e-02 1.027439707057941909e-01 5.993288629968543391e-02 2.890246247608522015e-02 -4.844966279555138616e-02 -1.635760621823202920e-01
-1.691225242009112284e-01 8.453700320918258737e-02 8.142819152114896819e-02 -8.880881921559181935e-02 -2.189732725672580843e-02 6.197994642951549366e-02 4.053628477929877016e-02 -8.683122309908297698e-02 -7.628399334332834625e-02 -3.053761298431969043e-02 5.217941161353340657e-02 -1.285653268530167481e-01
-7.931404087890331356e-02 -4.812257692212835308e-02 4.170690304243641205e-02 5.282370216092120707e-02 1.766030444221732693e-02 -1.186030427697830347e-01 3.701535592507110284e-02 -7.316557687611086047e-02 7.167032189735267345e-02 1.241009040547973036e-01 -1.405885392033074700e-02 1.064376346639722866e-02
2.569166332014447690e-02 8.467502278273215943e-02 -7.524960627755138132e-02 -5.484843054156119529e-02 -1.804992372116933919e-01 6.073320131859176463e-02 1.089283119267467348e-02 5.796767300628036246e-02 -2.229404206094936503e-01 -3.061567450766262272e-02 5.319482010915397435e-02 -2.519069975039046200e-02
-5.767194236249800765e-02 -1.510659099531685423e-01 -3.155773548863523292e-02 -5.707285312917106945e-02 -6.716034744159291026e-02 -7.797711508694152305e-02 3.354781005160385743e-02 -9.256917894296258498e-02 1.038795208546659105e-01 1.052685114665638105e-01 1.554692937961836899e-02 1.110220637755105766e-01
9.071509138285588358e-02 -6.657914726616900869e-02 1.683075427458778986e-02 1.819585035671948334e-02 -4.746297272395166855e-02 6.622368373146163278e-02 9.175951980927372909e-02 9.191104755452614294e-02 -1.865990565158702486e-02 -1.145573882651865910e-01 4.944693077930409353e-02 -1.418704634043179147e-01
4.752297002036878770e-02 5.819217586474582232e-02 2.649966982341595348e-03 3.283806497017258824e-02 1.068104396902736786e-01 -3.446187053906450692e-02 -1.475106760190763033e-01 -6.955029958130952428e-02 -6.848063333389291241e-02 -1.196112483141758692e-01 -2.586819540056931391e-02 -7.498693070652101209e-03
