3.391651945267384893e-02 -1.156470863810312721e-01 -1.658661954456809862e-01 1.661910987040483151e-02 6.127121677498330310e-02 -2.113476687419088909e-02 7.079879231219449176e-02 4.589014833405928584e-02 -1.602870353849904922e-02 -8.515361756273294447e-02 -5.388929737929612496e-02 1.703408989263163059e-02
1.738820366848180532e-01 -2.583295779537044673e-02 5.701030257794261792e-03 -9.199088667929886109e-02 3.218800984100349261e-02 1.298832562918779965e-01 8.817339142529850848e-02 -1.553449958714148323e-02 -2.126980797667016310e-02 -5.620831717592511545e-02 9.041217794165543054e-02 -8.677296602322522034e-02
-8.678509382650670401e-02 7.356418002307613113e-02 -2.597731408302634409e-02 3.807701441941165055e-02 1.149705041241953773e-01 1.157272304917248001e-01 3.066210097661480408e-02 4.841568203458394837e-02 7.142801560942754757e-02 -6.898668764031075547e-03 4.456559496607313126e-02 1.025977268347729870e-01
1.044967917258723678e-01 1.402456514485964090e-01 -1.580540940250869109e-01 -5.159045283279949101e-02 -2.655092691876220073e-02 1.400073404120187881e-01 -1.531757411924319912e-01 -3.350462193477297956e-02 -1.243113222565068177e-01 -6.360560737063639114e-02 -6.996547281934301088e-02 1.433342549586191783e-01
-1.633968460028900616e-01 1.010624932705824208e-01 -1.263016101912502742e-01 -3.149406997448528367e-02 -1.177713481908786997e-01 1.009262580785266761e-01 -9.424065145071424190e-03 4.349952701490981261e-02 5.721968709951548437e-02 -4.194737940791352232e-02 -8.786779721111867558e-02 9.675002042390573598e-02
-5.758918868262055679e-02 1.249220156974840817e-01 1.333480551572069905e-01 -3.278679450032557369e-02 6.060916806681205388e-02 2.952828301386702797e-02 4.478759541977715697e-02 5.366929989566743969e-02 5.078751853086634072e-02 1.852873246470920776e-01 3.621013977693342961e-02 8.392871745490446123e-02
-2.384372541744253504e-02 2.469582073871290362e-02 -2.950329261762705407e-02 9.826750389225713533e-02 5.191721379010422188e-02 3.809845803958608612e-02 -4.164059029669505557e-02 9.981868882077873928e-02 2.972618205591176684e-03 3.780723838512926351e-03 1.011616406133111767e-01 -3.230106861095808496e-02
1.629818185413265536e-02 -3.412785956168862961e-02 4.175514259762549973e-03 8.515937314505622746e-02 -3.206010365181193034e-02 1.239388840096316557e-01 6.667918738874964446e-02 -1.514456086661683243e-01 1.508542446509851011e-02 -5.694361674955209646e-02 -5.208445389362742484e-02 -2.482662742919296631e-02
-5.874425169611342118e-02 2.056215122387356278e-02 1.514714923363036370e-01 -4.851842201077636446e-02 6.644862317935068541e-02 -8.930448501249382831e-02 1.553219890949259774e-01 -1.273583816158550264e-01 -6.217290385492424756e-03 5.032488777760013576e-02 5.526228554503560125e-02 -3.362505039518470101e-02
6.390936162792378028e-02 5.812270083660993347e-02 -2.563401627891668047e-02 1.202094084617501696e-01 -7.131367793581483427e-02 3.245016504171486377e-02 3.698692386354650308e-02 -4.635949494507916879e-02 -5.574961468803647097e-02 3.734204081971141329e-03 -1.277854463265990781e-01 -4.678967889681446418e-02
-1.227429283474000959e-01 6.285189165879126461e-02 -6.660704562522951067e-02 1.458560431102324043e-02 1.274282697180795232e-02 1.040033629969983747e-02 9.326258550453353502e-02 1.686009158802431740e-01 -1.936021998696300372e-01 -1.498359486995942125e-01 -6.327081010239868353e-02 3.301579538177697518e-04
-5.828650736309785862e-02 -6.890553411007752094e-02 5.198382476487400927e-02 -7.298611473255137150e-02 -1.284313313749957941e-01 -7.034331406402985487e-02 -1.173149509807771412e-02 1.417412690681397469e-01 1.914272338261242823e-02 1.739148071655771677e-01 7.480519352920858567e-02 -1.384412254264331399e-01
7.630927001013088073e-02 4.115259036297484740e-02 -4.075941310231124236e-03 -5.510385635537398685e-02 -1.449262213260258704e-02 -2.219137279871520943e-02 3.998401625205377785e-02 -4.832369293494997997e-02 -7.787437053523223185e-02 -8.680309721560014458e-02 -3.507712527050331486e-02 5.146196118483724324e-02
1.330006049150820879e-01 -1.447957645606427479e-01 -7.657289968236449806e-02 -1.881640636749980916e-02 -6.154610834668076437e-03 -3.276705836423776663e-02 6.174241203025358261e-03 -5.649168062456545736e-02 -1.095047523700196090e-01 -5.602222801090107202e-02 2.932317329334485981e-02 6.775507452828070237e-03
2.452924303076657597e-02 5.755872184436120614e-02 -8.405176044194868912e-02 6.109037739390305380e-03 -9.976727618854067114e-02 -2.350393732582364836e-01 -4.973113657572779400e-02 -1.132562412404940766e-01 3.270031002038197715e-02 1.414723535299328150e-01 -1.887239543525210533e-02 -6.992427426633496257e-02
-2.085035958237758252e-02 2.470568581193902449e-02 4.371518842209898281e-02 -1.521934555504435849e-01 1.216229093766392905e-01 4.461758211925880013e-02 -5.737539281577645062e-02 -6.109926419755540988e-02 -3.427647995205179710e-02 -4.751870544484835396e-02 6.023065491396695920e-02 -5.441780502004906622e-02
4.760910694832623524e-02 -2.236516090647635430e-02 -6.946093334584038659e-02 8.691911376057012695e-02 -8.794175797824994867e-02 -1.395051254142762320e-01 8.597552587838017124e-02 -5.280856850038788061e-03 3.139912578642374552e-02 1.379789866066591375e-02 8.941688335989347175e-03 -1.194643934337512661e-02
-3.691653974536773103e-02 5.952839226088293967e-02 1.053716923634305247e-01 -4.713178259589903552e-02 1.465754196529304998e-02 8.506493356781254234e-02 -4.522365675331119911e-02 -9.295137072426254421e-03 -1.165202808472645159e-02 2.076897489969241686e-02 5.341720571172360599e-02 1.118230964082665424e-01
1.017076928341928005e-01 1.404828769868880084e-02 1.101015530114947683e-01 1.113766954260509735e-02 1.621184489731242184e-01 -4.814200424339964979e-02 5.035619037545605720e-02 -7.439393764442628343e-02 -3.942361966625073516e-02 -2.806036350240399824e-02 -4.956190301059235082e-02 -5.291944456933093607e-03
8.178833921298462803e-03 4.511800695999511335e-02 2.430551929812933831e-02 9.309461027484347562e-02 3.342750964173474976e-02 -2.156107853482410602e-02 -6.887253634129619773e-02 -1.710223009929189714e-02 7.181242538502895928e-03 1.631554313989092703e-02 -3.928166583700508363e-02 -9.882938130340224170e-02
2.040306768117818026e-01 -5.252664675268709643e-02 4.988633123944997277e-02 2.872410654722085122e-02 2.821429558436483465e-02 -6.837045920590767434e-02 -3.104176662698257538e-02 7.167311313897985203e-02 1.823127320385827671e-02 2.070438906013565006e-02 1.171124754251871153e-02 5.759613925248530802e-03
1.252613600034815922e-01 3.804190052558414914e-02 -4.200677791033078506e-02 2.147912630863428596e-02 5.889406000080650572e-02 4.540550193036708981e-02 -3.346416659137993466e-02 -1.176408143487620017e-01 -2.464620028821067760e-02 7.271961707035382895e-03 1.245561671185075048e-01 -5.164147619634554959e-02
7.134385570014670219e-02 1.965451572541728614e-02 4.955077590872306037e-02 -1.225287818058775069e-01 1.264708859066905888e-01 -1.356329698807378081e-01 -8.811189437978904967e-04 -1.608829429619280660e-01 -2.374045104910101761e-02 -2.571233146621564047e-02 -8.529962069577270989e-02 2.497270865623624214e-02
-6.786140204052937275e-02 -3.511567688442203405e-02 -8.006787528885002392e-02 1.566771909055205900e-02 -3.286332395662130978e-02 -9.835463255857165854e-02 -2.489761144020482056e-02 -3.271611672460610076e-02 5.840555158859052354e-02 -4.943365428992422400e-02 -6.284078374037931070e-03 -1.756146090742306820e-02
4.582227117586460991e-04 1.133485761624654226e-01 -3.175536260491265000e-02 -9.858956068517951699e-02 -6.223060685156345945e-02 -4.148095882649591301e-04 8.107422743184858338e-02 -9.815065503133565961e-02 2.576083714865190499e-02 -3.418078186965511217e-02 8.277777921301184005e-02 -1.312654413922130503e-01
1.962821582012188801e-02 -1.874082796751471158e-01 -1.515928729590066207e-02 9.053448808853055418e-02 2.795480587180996460e-03 -3.460927920498615973e-02 -6.679932211230317496e-02 -1.181544513018274040e-01 -5.750658329317084871e-02 9.672014836752397537e-02 9.338899635258249288e-02 1.508530276230554343e-02
2.049291312194854997e-02 2.456998446529694291e-02 -1.467873183803064807e-01 1.578055565335688415e-01 -1.690440514105585879e-01 -2.555968665074207294e-02 2.440745309910632294e-02 4.346745158457599595e-02 -1.974331085617811801e-02 -7.582758968749192530e-02 -3.129161100466441164e-02 -1.046104679780473640e-01
-1.377562703817309872e-02 3.874285655261832523e-02 -5.405061950340526999e-02 -1.979387502447330777e-02 4.031693241424558205e-02 5.211690245811091693e-02 1.991171723131000479e-02 -4.307030398950738304e-02 8.842179652086620822e-02 4.944968545463525322e-02 3.929034787202422691e-02 -1.246714731617808020e-01
5.746271207519651480e-02 -1.289955548053791159e-02 3.373716045522806573e-02 7.155537212029045024e-02 -2.679358487161952879e-02 -5.310603055010763851e-02 -9.737751264096933257e-02 -1.501123747905075412e-02 -1.486747017688676009e-01 3.837096811488244219e-02 2.335019551298757323e-02 -5.972801405544655995e-02
-3.163760194440107254e-02 -5.393567736713154176e-02 -2.785631551177411569e-02 1.595701759066149496e-03 6.236393775508818071e-02 8.555154424143937564e-03 -4.648439867362390288e-02 -4.321696383978230332e-02 4.715343261788557810e-02 2.275680038761603019e-02 -2.926179312238151933e-02 1.713678409741734021e-01
-2.204696531768619572e-01 7.855506166586544853e-03 -1.959638876771298277e-02 1.696043138882756540e-02 -6.136379552441793839e-02 1.687309036560922237e-01 9.267177328933748348e-02 7.368187154084668289e-02 1.397125800286014852e-01 -2.916798775658352438e-02 5.327091024560184906e-02 -3.392979026383262375e-02
-5.325538842390362126e-02 -4.157054054261835607e-02 -3.194962354237168567e-02 1.485996304319204056e-02 1.724341315070326286e-01 1.062987808975050796e-02 -1.739157754344253792e-01 -1.163705409096783688e-01 -1.221412859752890184e-01 -3.981948852471189904e-02 -1.480601902775647849e-01 -9.000382667633417821e-02
-6.315816191111200961e-02 1.114044744944090726e-01 -4.237761920011866301e-02 -1.325142080078802187e-01 6.280580385963434320e-02 1.888306614205438327e-01 -1.533338270238292778e-01 -1.752540870585211560e-02 2.650709523664729339e-02 -5.030291562878599909e-02 8.789616525072532771e-02 9.373382098075862950e-03
4.363754413442355595e-02 4.934539225692484432e-02 -9.558182214944629940e-02 -2.128855431561833128e-02 -9.030227934572826465e-02 6.480572461227060432e-02 -5.335251608858852107e-02 -5.710850781233390433e-02 -9.022649435790459915e-02 3.188419791394803138e-02 -8.030674699850022524e-02 -7.273641488347602768e-03
-6.999455449016937780e-02 1.363595794726553956e-01 2.841097068200913733e-02 4.555184000279664108e-02 -9.583072488731800287e-02 -9.022876577953273247e-02 1.094532699534793430e-01 9.546200025828066593e-02 2.878569486271319311e-02 -1.467222818519806071e-01 7.987707165333664261e-02 4.613299378189442070e-05
-7.006178321989220414e-02 5.060278128846285722e-02 -1.143012790197511924e-01 -5.321363886450985493e-03 2.049957578628976151e-02 1.098418050494836817e-01 -3.707564155236064279e-02 -2.076455078140015259e-02 -7.605486567204443327e-02 4.131117254701562047e-03 -2.563355259923690704e-02 -7.407127732306648116e-02
8.490972858528494926e-02 -7.055105749614558330e-02 1.439196991967280070e-01 -1.006630360237596583e-01 3.499471724524864935e-02 2.336187396198179805e-02 -9.570950362482050222e-02 -3.783449485848380117e-02 -1.704572316930805936e-02 2.561621999004037170e-02 9.154006303543152367e-02 5.585366236068260021e-02
1.054217640381929361e-01 -1.193006065639573132e-03 -1.195009281360197573e-01 -6.481559673121187193e-02 -6.308165123179170115e-03 -1.485352863442788718e-01 1.364244129240497760e-01 2.293859682180610787e-02 2.441989655274581783e-02 -1.273684761042864211e-01 8.995864079573109851e-02 -5.708362784108158422e-03
-2.837113400337683278e-02 1.288324421954912258e-01 -1.328290215416186304e-02 1.035511892960443436e-01 5.782628136464129653e-02 1.458034131239080433e-01 -1.060979733605799946e-01 4.067935324185914525e-02 -9.407713747045513830e-03 -1.341134986447037672e-02 -1.664524499313217026e-02 -8.668840787720351326e-02
2.194561419749876952e-02 2.157734134386704930e-02 1.108217412268617252e-01 6.238556031581746902e-02 -5.435324019769558618e-02 4.815384397119690241e-02 -2.077727758527609103e-01 -1.420567702369714691e-01 3.483481380244379116e-02 -1.425647615557711356e-01 1.332486856432400779e-01 -1.203712962706454843e-02
2.103887840591882677e-02 1.165114155121920736e-01 6.113328218296535527e-02 5.578947074431734460e-02 -2.400003370382262566e-03 -3.458966936502847010e-03 7.266970846901120440e-02 7.482955520563240592e-02 8.847008496035599356e-02 -2.020774118377529141e-02 -1.491270158267251830e-02 4.165392117989762805e-02
-4.800755211470049411e-02 6.083876878390268028e-02 -1.143790475224692460e-01 -3.521328255636679144e-02 1.558618184278161463e-02 9.294192102479482964e-03 1.264140774507503395e-01 6.421940280652829736e-02 2.244537647021719456e-02 1.144456220978679883e-01 8.637771525245786786e-02 -5.001379433893010304e-03
1.405659159602649366e-01 2.883925176890470357e-02 4.226453729436476306e-03 -4.231330651057198244e-02 -9.308915496275918522e-02 1.264711265458677292e-01 1.132883181943222795e-01 1.189669226746692537e-01 1.639273479883805729e-02 -1.779459442647069456e-01 9.239530585992788286e-03 1.418473412044092830e-01
-4.093814681345898931e-02 1.356454161613598886e-01 -3.962958426015693314e-02 -1.465106563706357057e-01 4.375676411226229329e-02 -3.331656675984379784e-02 8.787235368838591798e-02 -6.493167350110541636e-02 -1.456113040532859906e-02 1.059416768830372980e-02 -1.277504448886426225e-01 5.915094292570461862e-03
5.083480321998046919e-02 -3.515730652760803293e-02 2.948792967478725165e-03 8.603961270260329641e-02 -1.187546296871098278e-01 1.351138457077667443e-01 3.592878969244166221e-02 -2.069457756507668833e-01 1.117520029094715706e-01 1.023119719616436135e-01 -9.075721459925158857e-03 2.766939410356965626e-02
-1.399648456843191058e-01 -1.609349726976810335e-01 -6.879448998776403756e-02 -5.178522901093971648e-02 1.192547977947343643e-02 2.291245977404520080e-03 -6.173701883913544630e-02 -9.436607511800533532e-02 1.154323199997326077e-01 3.586024160604901062e-02 1.186441468174180974e-01 -3.215322054940365770e-02
9.985797074328012224e-02 8.160791861597121999e-02 2.380308325981767004e-02 -5.939714754439441580e-02 1.304079526541612188e-01 3.174526772452011120e-02 -7.173418812686843671e-02 -7.313950122055073999e-02 -3.658448137094061359e-02 -4.019069058205346212e-02 1.637716918853725744e-03 -2.331193485096825224e-01
1.134521350130948264e-01 1.041953334283769184e-01 -1.198405394428228160e-01 1.504661960584746661e-01 4.549839304101491178e-02 1.208068694193147920e-02 1.383816680301281840e-02 -1.432133517560397751e-01 -8.077829034749726966e-02 -5.641674743902080902e-02 -6.387314871593571808e-02 4.431355548752205498e-02
-1.944868471943069776e-01 -9.648010900359739461e-02 -2.580065676998168078e-02 -2.197896298619834293e-02 -6.311710186614337414e-02 1.191682966962728518e-01 -5.466966412438878375e-02 -2.540515706880983743e-02 -9.990577515018013444e-02 3.220257607458806848e-02 -2.172728757859038618e-03 7.257572279165212803e-02
-9.236704241666848780e-02 7.749969154776119307e-02 9.172953643826445291e-02 1.137167946132227603e-01 -2.439399732298995396e-04 2.828597528742138670e-02 -6.121131379029499942e-02 5.588203719673429798e-02 -1.406283942337445067e-02 -2.416340014395657390e-02 -9.905549785390008188e-02 -7.911990331374779695e-02
-5.458811631920382212e-02 -5.471482208184269558e-02 -1.268236302199965970e-01 -4.375098344437310105e-02 1.244976048927868423e-01 3.999125948602329575e-03 -1.664627638827630499e-02 2.127548114942050608e-02 -4.817752082670895969e-02 1.714254535501664178e-01 -1.212056610815552965e-01 7.571952023259137521e-02
1.253325734411991910e-01 2.516214770432502815e-02 -8.657480798800612498e-02 -1.095543296353402307e-01 -1.773582419410331748e-02 -3.141438244275315990e-03 1.337803829681482315e-01 5.606503933069102719e-02 -9.498306023980973220e-03 -1.302542448367435268e-01 -3.522264737003408946e-02 -4.106654532813946122e-03
-3.435614763604168120e-02 -6.570151559522019458e-02 -8.024024386682779286e-02 5.679856323271260943e-02 -1.492329448272365355e-01 -1.769940876423200526e-01 -5.369270052739736829e-03 1.245907716078528960e-01 6.207450970940088519e-02 3.502046079084969888e-03 -4.112625979660262943e-02 -9.936061011729768744e-02
2.018689587084139883e-02 -6.388864635444049811e-02 -4.384136689248958885e-02 5.851133699791923742e-03 4.812900530850135195e-02 -3.832982320290707207e-02 2.157799654988495908e-02 5.684460805726874316e-02 -2.369469665342295930e-02 -3.208076383742367726e-02 -1.170187825449186120e-01 8.264978714648846259e-02
1.278814879108821911e-01 8.891004628117765707e-02 -1.337965917299498431e-01 8.722638438154618756e-02 -1.310813904838886712e-01 -6.067380280790075214e-02 -3.227095134167297374e-02 8.963683114892825876e-02 8.664042774008037795e-02 4.047665832498739680e-02 1.377031963648996452e-02 2.203988185826106228e-01
1.035923775709367139e-01 -6.107709419039507315e-02 1.070680426479937580e-01 -1.092802697161749520e-01 1.154617563753618514e-01 5.807007702253914189e-02 2.392580869296294724e-02 1.075135151985998766e-02 -1.663234981506936383e-02 -6.744929720415845931e-02 1.173918777420660531e-01 -3.600605151423112715e-02
1.157903052209727363e-01 -7.467615534994702375e-02 -1.426862523224901591e-01 -3.117123783917050833e-02 -7.898596747659386574e-03 1.773903305731838187e-01 1.989043684247297494e-01 -3.662138791172710184e-02 4.906366993476699023e-02 -6.868862825163607466e-02 1.200203102100760866e-02 -4.597203779475563315e-03
5.696767526416957050e-02 7.846048828031129685e-02 -5.816099986824675022e-02 -1.585872687006966431e-01 -1.010125083521835748e-01 3.665688967229418366e-02 -2.460966568002217331e-02 -5.070456143953448735e-02 -1.183348704583548905e-01 5.758324411720731895e-02 4.315947089911250853e-03 -7.698244456441086236e-02
6.188165677810150700e-02 1.732526166488943808e-01 -1.169908534698167225e-02 3.926156442178041495e-02 5.274653709383393674e-02 8.577253108523609504e-02 1.263595172492091301e-01 -5.728773527757541340e-02 -6.144038927189170163e-02 9.263178697501418118e-03 6.799417787386302300e-03 2.527424616194991897e-02
8.838407878938736584e-02 -6.799122884655416088e-02 1.772285528066873742e-02 -1.479802495558885655e-01 -5.376015297883866145e-02 5.961916136387822307e-02 -5.294396708735427115e-02 1.412234692118332080e-01 3.478829256844667706e-02 8.436144103880319212e-02 3.164500045479545776e-02 8.315191843288952112e-03
-2.044052057305588421e-02 -9.728067229149532646e-03 -1.476366735428999988e-01 1.205852460428505635e-01 1.256973876092177256e-01 -7.004374736732217610e-02 1.594633830668790511e-02 1.108333904473208925e-01 1.267972286433746709e-02 5.609247111133482122e-02 8.191316243113436202e-02 -1.020885901263962198e-01
2.640262893267996021e-03 -6.100667388981122208e-03 -3.764898675896574676e-02 -9.270110926852810629e-02 -1.405330889949744227e-02 -9.095925043486857708e-03 3.772246047897838406e-02 -3.088845998790768627e-02 1.507104316822170387e-01 2.072849177220678976e-02 2.911978583626369244e-02 -4.130804786653984040e-02
2.730342516975672873e-02 9.432232994404934900e-02 1.041139082437980978e-01 4.819666621830094588e-02 5.274359390844639284e-02 3.801314959273037475e-02 9.043555172128928121e-02 1.421827188797311896e-04 8.128686495769800457e-02 -6.575852431397066766e-02 3.687821946880857210e-02 -1.053045318736196001e-01
1.180422462087479113e-02 9.306971971511424080e-03 6.738439918714066168e-02 6.557897084075955431e-03 -8.743093749815213089e-02 -1.693823085367976988e-01 -1.014337894963457647e-03 6.892274996161031064e-02 7.048537059761506018e-02 9.070084781812667862e-02 3.509887649164646073e-02 8.292415777808288813e-02
8.787110225390883794e-03 8.408862403608520497e-02 -2.249363869926104542e-01 -5.301974315430572904e-02 2.306921500721347343e-02 -1.454286871939232395e-02 -1.094466493644946775e-01 6.677493001954465379e-02 -7.461489828555761816e-02 -2.417360576349088588e-02 -9.200603424417178045e-02 1.695322503546512760e-01
1.451744105822646083e-02 -7.408245186153111957e-03 2.158809229738763852e-02 -1.036777109511460848e-01 -1.600402246245044569e-01 1.357012165725450525e-01 -8.831064625563692094e-02 3.281734893557082620e-03 1.241994676004742060e-01 9.714354047142254034e-02 -2.158018132516118567e-03 -7.640802433779571301e-02
-6.417206324917801297e-02 2.896280636131254652e-02 2.213225547883360678e-01 6.515543352030372243e-03 -3.960271397864065235e-02 9.109574719445168167e-02 -8.769227414960373279e-02 -9.387204845516387494e-03 7.712576963682275973e-03 3.435873005446285489e-02 2.011783392872599704e-02 -1.288361539186291260e-01
-1.924996224287899016e-02 -1.764783636954423696e-01 3.292335275310487308e-02 7.810377910147411895e-02 1.673745073564620461e-02 -8.320277503006030112e-03 -1.515170446601881230e-02 -5.181581301165698317e-02 3.843837126660247516e-02 7.467779203440837177e-02 -9.360458175900497613e-03 -1.135917307518128916e-01
6.839541152971023719e-02 -6.495513208072928313e-02 -1.059972904953636191e-01 -1.807346506116838669e-01 -5.507115230299750724e-02 5.303281209210569669e-02 -7.855835909892844304e-02 -4.329477408658295723e-02 1.058344629671033599e-01 -4.464454153795886782e-02 -4.304010566672511473e-02 -1.287985450298733195e-02
-1.652095326213615274e-03 3.524910110666983065e-02 1.359537248559549993e-01 -9.314693820424188586e-02 1.045781026685209253e-01 -7.200863061816305602e-03 9.501295926436315042e-02 8.943725998765110138e-03 1.065637086530385642e-02 2.593898550878216691e-02 -9.450107964016975226e-02 4.313694156685857900e-02
1.402921896568899984e-01 1.262259425907102592e-02 -6.048788328450538376e-02 -1.720210959787435434e-02 -1.149962520588687642e-02 5.742487511923980575e-02 1.461550092429326347e-02 2.902647312306433705e-02 -1.065947636961732808e-01 -1.323885713162695488e-01 3.719887118092266021e-02 1.004052593812181648e-01
-1.651578200711287595e-02 -8.810359656022156982e-03 2.081130180071014829e-02 3.814964921252059910e-02 -4.525053112859314663e-02 3.755030770887983482e-02 -2.022324226912632777e-02 -8.781045204327589393e-02 -3.068324121541641386e-02 1.057013854180001849e-01 2.565363801857703865e-02 -7.102869671222117320e-02
-9.113343023106124097e-02 3.285395156584123254e-03 -5.198423577085099084e-02 8.533207266227943455e-02 2.189797723002005758e-02 -1.421419818141958502e-01 -1.713888203279827563e-02 8.195960063079743563e-02 2.580640944654478963e-02 4.915342258246503671e-02 1.083041874978550867e-01 -1.471513546513565640e-01
4.261505507079114963e-02 2.152760153915038790e-02 -1.683998878308675673e-01 -1.534525223443136410e-01 8.514479566868346505e-02 -1.815580956423387127e-01 8.919249044507328306e-02 1.061248841551767630e-01 1.199254664996581010e-01 1.517064537597943158e-02 -1.204130583675757787e-01 -3.651842372146030247e-02
-8.489493191271352268e-02 -1.139936890373781792e-01 1.382160771481589501e-01 -1.197691812745382001e-01 2.222795874901300778e-03 1.674205581467747561e-01 -6.505162557505270171e-02 4.046441334344359764e-02 -5.299200643259735499e-02 -6.329091557289935610e-02 -1.653070811493485143e-02 5.988302911092806269e-02
1.973023172452728971e-02 -1.629503546201034048e-01 -4.938812194113177678e-02 1.149244045473347686e-01 1.643330938229715654e-01 6.351604436831141676e-02 -4.498051098335913156e-02 7.734305008878208931e-02 -5.238741877049392370e-02 3.157097589469776838e-02 3.007189920191430735e-02 -1.190051147687103128e-01
3.249639195043448753e-02 -1.654429725917622900e-03 -1.248670749195268104e-01 3.717128463592644233e-02 -5.465114858812619714e-02 -1.113375760296682199e-01 9.704950511906947075e-02 -6.985832661544684463e-02 1.666375921909643218e-02 2.728493614382120763e-02 -1.994797466424906227e-02 1.448269522540230059e-01
-7.585517870970084897e-02 9.172249540096062692e-02 2.504956224017117206e-02 2.895143466191538693e-03 1.508522739137797275e-01 -7.714815571253436088e-02 3.221733654312365636e-02 1.536771463668309967e-01 -7.579771964272575754e-03 9.573328940562479336e-03 -1.042290693196190055e-01 3.371686932863065395e-02
-4.424531079510228559e-02 -1.388665338522719270e-02 1.133080066596440366e-01 2.993227276008869620e-02 -6.315199298419693630e-02 -1.568629741989481796e-01 5.338149412158871288e-02 1.124516307793365644e-01 1.141772608024404535e-02 -1.391365343167224634e-02 7.206322851155558262e-02 -8.289976188982378646e-02
-8.200089304374231364e-03 6.223227571704562089e-02 1.933529524053436907e-02 -6.613478756626561816e-02 3.043886359853311546e-02 -1.221335369651548319e-01 2.186216411397542969e-02 9.508558154801795281e-02 1.591546053788613080e-02 5.353422400347783612e-03 1.382777093158272727e-02 -4.319114710538866919e-02
-4.541252558472712308e-02 1.935831913299583540e-02 -8.789052167332347953e-03 -9.210076961902598225e-02 9.590241559624476664e-02 5.372210707468778879e-02 -4.576617015042983710e-02 1.508050083045239798e-02 3.748575790364190585e-02 -3.456109987471891326e-02 -1.114209859027229417e-02 -1.443848347980834779e-01
-7.041465366217200539e-02 2.161661993972255336e-02 2.513500915190210877e-02 8.805285566635762118e-02 1.043383350362303147e-01 8.545391954733402851e-02 -3.614522859322274323e-02 -8.762003648950157653e-02 -7.571504080289753746e-02 6.708150942357521407e-02 -8.751527098513983693e-02 3.274525321261835195e-03
5.283556674166069167e-02 -6.954941634949773910e-02 -1.004772299962166694e-02 -1.094292238180622490e-01 -7.632781953476622250e-02 1.136200613449738633e-02 -2.428514822655174904e-02 1.305285296235622616e-01 -9.017459266177557664e-02 -1.399515978611958790e-02 -4.774806278928623443e-02 -2.954347778072078171e-02
1.253155180353311346e-02 5.867326459075872247e-02 1.065504868989655962e-01 -1.082827228843610823e-01 1.150613700217106572e-01 5.117914981528731699e-02 1.958950928896789970e-02 9.224232716908460639e-02 -1.781078824745931377e-01 -4.912512815766624519e-02 -1.450440764368375254e-02 -4.651329958188491626e-02
3.877550465413125147e-02 -9.822280563797132491e-02 5.180266269132286633e-02 4.103185758006642342e-02 -3.742246580395305888e-02 4.601438902302062983e-02 -1.037682857067973863e-01 7.161138791360049938e-02 -6.710202236253114128e-02 -7.108589963353099950e-02 -7.097413358415113893e-02 3.461750830996313411e-03
-2.414221379320788743e-02 2.138199384158248617e-02 1.569853996973451515e-01 3.072173085118834468e-02 1.810393512660969303e-02 -1.016675414611938055e-01 -4.714856742308910081e-02 -4.643411912601788649e-02 -1.522176666437125014e-01 8.307328585244813657e-02 -1.305225591340310465e-01 2.152830533948414671e-03
-1.326905105989710162e-02 8.807527137991388866e-02 5.185204461808257982e-03 -4.237249112276675334e-02 -5.500528771788808224e-02 -1.160128264677684484e-02 -1.605256294378190063e-01 1.693056120042608914e-02 -2.406985312181584083e-02 -1.207353583051014034e-01 -3.239027192196790306e-02 2.297952689125903891e-02
-7.539518568489747725e-03 1.028094783668225820e-01 -1.774464121449659260e-01 -1.597878731483786396e-01 -1.208061820659384056e-02 -4.234365629087133431e-02 -1.777338222887242525e-01 7.107350459361087835e-02 -1.686800650708883387e-04 1.847658430725616224e-02 -9.117969587931376574e-02 2.569239464399711986e-02
2.199831068866832107e-01 6.186772586846076179e-03 -3.453567137556153022e-02 -3.278241142797269636e-02 -3.112955323233075611e-02 5.240683546774869278e-02 3.818973757581457795e-02 -7.162927119277814891e-02 -8.771840558498128493e-02 5.167068490823218535e-02 7.027597642339827866e-02 1.770578064225184489e-01
5.540456628689028468e-02 -9.780316160079066679e-02 -1.016354769870000995e-03 -7.062819942967576980e-02 -5.860411024427417126e-02 -4.628191312866728607e-02 8.101543223806326188e-02 5.174823006909150258e-02 -2.309204558685364755e-02 -1.456038184919507539e-01 -1.355590054258591914e-01 2.066966699903525218e-01
-6.116350424530892643e-02 8.341929471273218377e-02 -7.819454794556571220e-02 3.275766064092301699e-02 -3.254462671438831251e-02 -5.178255519872030505e-03 -4.843419873074225612e-02 -1.278905444980106276e-01 4.382729568901913564e-02 5.999193086561524502e-02 -1.083031994921459518e-01 7.000298964688511649e-02
-5.397119053696614044e-02 1.572814628505775358e-02 1.184334053829766698e-01 -1.065828359168781297e-01 -9.802151803746902980e-02 9.874748788041981529e-03 1.382183517882922897e-03 8.812104063694456424e-02 -1.129197893007917453e-02 5.470388433675629769e-03 -1.053203279963063899e-01 1.211108837210497259e-02
8.266746194602216102e-02 -1.113591456688396986e-01 -2.609446862826666352e-02 3.521205984558795077e-02 1.087978340683042333e-01 -1.095854579740767193e-01 1.094155044179971059e-01 1.273318432006660117e-01 9.386124046620003547e-02 1.090699320544258610e-01 -1.070760639753660926e-02 1.618201926687732883e-01
1.219125672002903046e-02 4.332484676861868278e-02 3.732945689495287267e-02 -6.367087875078607240e-03 -9.839353174785334111e-02 -6.030239203440859730e-02 -1.069022615490115569e-01 -1.007181512771527197e-02 -2.354777283696633805e-02 -9.219668151891077801e-02 2.956111381568701530e-03 1.116017398270199995e-01
