-1.761566498541787373e+00 -1.239300422804611612e+00 -1.937092052752157900e-01 -5.832628564665158777e-01
1.561352688738224304e+00 1.176303680894962289e+00 5.808467462612161292e-01 5.249015871586212162e-02
9.937754882231853992e-01 -9.565999555740873905e-01 3.878090911596230872e-01 3.729954659679175083e-02
7.693803067795659256e-01 2.023916147592508707e+00 1.095144494391357748e+00 3.629574073121225597e-01
-1.015125866204787952e+00 -1.612521268027464760e+00 -2.737815377655610782e-01 1.074159809981181102e+00
7.434845922269360807e-01 8.906442164662439209e-01 1.157084060110756818e+00 1.243633363972651340e+00
8.758595800489131777e-01 1.524843786225001940e+00 1.116841679301038059e+00 3.558245483612502813e+00
1.121872016738341804e+00 -1.586678013026327383e+00 -9.532988838465267234e-02 8.138812224811317053e-01
1.491676042355998710e+00 1.449677566802143991e+00 1.524377120404248664e+00 1.006740420225288313e+00
-2.649695495436821813e-01 -1.479687947507439372e+00 -1.436641021766452031e+00 -2.949516524434984355e+00
7.672925348212241703e-01 2.503816312309993797e-01 3.786509965955225376e-01 6.518455659004054326e-01
6.043117546834138043e-01 2.416457923133938923e-01 -1.824131677273508556e+00 6.445409049104278143e-01
1.470385662634947188e+00 -1.093555103445767784e+00 -4.528890605840137362e-01 3.798057526241019333e-01
1.723064662038963135e+00 2.047369279083067539e+00 3.182354144781891492e-01 2.318944987833028715e-01
2.337507832212354586e+00 1.720494767908755662e-01 8.978937044218344710e-01 1.640842765806706183e+00
1.436960855245322355e+00 2.537534991722452116e+00 1.288495065952886431e+00 1.461991241869353475e+00
-8.968450226229449651e-01 6.281752118685592079e-02 -5.027439492695895407e-01 -9.112714371509945677e-01
1.122644854236564349e+00 1.940093538882251556e+00 3.038506221259099083e-01 1.104264375940229748e+00
-1.064505410119776840e+00 2.641342568396629065e-01 -1.695911341962965668e-01 -3.281528387896490706e-01
-1.911880865965948306e+00 7.271689501571375613e-01 -1.238636188182202780e+00 -2.630021727942561949e+00
-6.396706704296029056e-01 -1.736367964423777721e+00 -1.475220272469402572e+00 -2.969156659241889429e-01
-9.737963829064679722e-01 -1.005328135155230784e+00 5.618850901936358611e-01 1.352053810075894980e+00
-1.599032330500620436e+00 -1.756441667308603183e+00 -7.283475352508014256e-01 -4.107620576130276979e-01
6.928753737642509014e-01 1.327081502255999856e+00 6.453296442144869083e-01 -2.672966802323144542e-01
8.515434546661387882e-01 1.022336234080203798e+00 8.538789452417903103e-01 1.057660932008104959e+00
5.076063259728343935e-01 1.964251213234414761e+00 9.966728516480872768e-01 1.546127108286636354e+00
1.512383409775397425e+00 3.456522868782934133e+00 1.694998285603598775e+00 2.056409232180146374e-01
-1.458852963070139674e+00 1.856293925902721798e+00 -1.834962847299155264e-01 -8.932517529058734418e-01
-1.479450400829084855e-01 -8.734258059260678886e-01 -4.083651225440056987e-01 -1.688519906072659005e+00
2.166359694360744381e-01 1.175536480115936921e+00 -9.069466261729680623e-01 -3.059644751393061357e-01
