1.089183641880250436e-01 2.856627927093905589e-02 4.689329916339909921e-02 6.066416918385817564e-02 -4.597864537708565291e-02 2.887469873606075127e-02 5.868376244017357163e-02 -5.277807926286488815e-02 2.794138183791036734e-02 -4.792759950826006726e-02 -1.559432783079555407e-01 -7.009357503104721165e-02
6.761791546428005950e-02 -5.827875540469204529e-02 -5.805805039188162084e-03 -1.630846836435516645e-01 9.182276740797795656e-02 -8.236930918021435899e-02 -9.595137267317106755e-02 -4.903990744009351088e-02 -8.906838971278888129e-02 1.267519722733186360e-01 4.877061648165016694e-02 -4.134595900199319191e-02
-4.248298005814907241e-02 -7.953428874057510978e-02 5.056044372920760060e-02 -5.177198265682922407e-02 -1.149046208722157569e-01 1.959324878725284685e-02 1.072110089948876827e-01 4.120314512560733361e-02 -1.052143910499427626e-01 -1.205202768025058768e-01 1.415481366815350972e-01 -1.816701622404338218e-02
2.813263997417498122e-02 -5.992436930662013717e-02 1.091931288327146754e-01 4.634791330111157071e-02 1.235988465685292914e-01 -4.120721602229929226e-02 5.812560670922233171e-03 8.947734349243657848e-02 1.177706881981002186e-02 -8.328270955382709173e-02 -1.022556677593720181e-02 2.404769464316547194e-03
2.987858730644480168e-02 -1.167460982832517757e-01 -1.220505798089401408e-03 6.963219632437107898e-02 -8.364577788356865329e-02 -3.338785531366147974e-02 -1.639837163396948294e-01 -1.037510938749972023e-01 -2.285606238338445256e-02 -4.499291298972911413e-02 1.034298264706948189e-02 -5.615251425422158882e-02
6.293705829988922862e-02 8.107473713055533479e-03 -3.327656396847449016e-02 -1.066125790154746206e-02 3.226058894301690738e-02 3.344930141962404457e-02 1.957644301033528711e-01 2.732751068162298305e-02 -1.212576552640603784e-03 -1.488445073191861090e-01 2.986677799495530278e-02 -1.934851876634391399e-02
1.681487705820948128e-02 2.277690614314379497e-02 -6.981403565269730938e-02 -1.106650151337717630e-01 -1.332735442921270386e-01 -3.324285484521279782e-02 -6.155668617237392698e-03 2.285050077918064360e-01 2.799954278806202415e-03 5.507169018548432882e-02 1.622843662136415691e-02 6.459605682637423185e-02
1.189221752632026174e-01 -9.422415845358619868e-02 4.716803182747127121e-02 -1.107781277414110616e-01 1.599619719318521888e-04 -9.860784304453362736e-02 -1.014490814974560312e-01 -8.514858059566426940e-02 4.609211153916528692e-02 -1.644633498491199775e-01 1.689490412362030514e-01 -5.358855410032156708e-02
-4.228601442623114610e-03 7.058209265890053041e-02 -1.473593580430414551e-01 1.671622357688153787e-02 1.223384437552088866e-01 1.297729196643370164e-01 1.436196919985622544e-01 -1.322198904930315388e-01 -3.634473194866452012e-03 -2.120029721845415049e-01 1.093006101581634470e-01 3.246527534573813434e-02
4.674132374837606380e-02 -1.072495601649308631e-03 -8.614668755727125649e-02 -6.773927033879719242e-03 -5.571094157818391041e-02 -9.874949390594014650e-03 -1.543345871984173195e-02 5.891478978133489475e-02 8.404979691988025831e-03 1.479309774441665004e-01 1.951434174737659913e-02 -1.159832749404532751e-02
-7.310046262671229811e-02 -5.915983644077917047e-02 2.339596167327038026e-02 -8.588469633031514672e-02 6.357434923685149897e-02 2.336480785061247900e-01 3.604821832731901210e-02 -3.178300862458446896e-02 -4.345024722621371877e-02 2.835752436538513388e-02 5.837754885011762346e-02 -1.744907393949645530e-02
9.874496095680329599e-02 4.610444810645270702e-02 1.092269320450194453e-01 3.113829135177807045e-02 1.163695004569951230e-01 -3.443038638087385361e-02 -7.160662698684353358e-03 -2.145128420030830221e-02 -5.029376900021287344e-02 -1.122054407949117372e-01 -1.791337504323562216e-02 2.902749642683350589e-02
2.878911021857964020e-02 9.437442843185728236e-02 1.447394354975520617e-02 -2.349019955863661246e-02 5.944543079869146068e-03 -1.998240286901067225e-02 -1.163463783160926385e-01 -8.064505481061623460e-02 4.932751459112853787e-02 1.023195750570438378e-01 -1.207347532699198575e-02 -2.957601428635555502e-02
1.990172343302050104e-02 1.590817271490277129e-01 -7.560153782928316635e-02 -1.173254161455889039e-01 2.215532003243569220e-02 1.792780711435432439e-01 6.810192738594998685e-02 -4.438146138467397722e-02 8.109520285710418441e-02 -7.216206227909907622e-02 -8.868032284147908673e-02 3.520858072580847556e-03
-2.574374308848352555e-02 -2.886046237284873445e-02 -2.429699304179866459e-02 1.019949807045953116e-01 1.417091837260597287e-01 -7.263787084307535280e-02 1.357276002370026158e-01 8.231004934324048783e-02 -2.998345140528571942e-02 1.246852287040622898e-02 -5.928508409213097130e-02 7.937592299509643734e-02
1.150345652522678438e-02 -9.621104549182657451e-02 2.843873319179916065e-02 -1.065238057239338287e-01 2.651267157494033994e-02 2.885416404419290440e-02 -6.958392641429529679e-02 1.483196074351271210e-01 -7.199675251460553593e-02 -4.718048775489294688e-02 4.132840585043592863e-02 5.288147433118412649e-02
3.627703598646495053e-02 -1.213710364068660424e-02 -3.110029546683771087e-02 1.827914102145114517e-01 4.275521683764313408e-02 1.626779307677105324e-01 1.347495759009985083e-01 -6.296412274682768040e-02 -7.683788386288784023e-02 -5.513203723798699996e-02 1.330043864787979965e-02 8.549487326798752007e-02
-4.992688733059789941e-02 -5.963390259834244755e-02 -1.308427733028915962e-01 -1.353970193893666019e-01 -4.400205041914721782e-02 5.624269662535508543e-03 2.647013962521207325e-02 -1.933312077069984994e-02 -1.029511264729570386e-01 -4.802564993882631195e-02 -1.467747332525186571e-03 4.194962500131885902e-02
7.773306091446383070e-02 9.529668383390794972e-02 -4.222495162809489916e-02 6.716810255208185976e-02 -9.230293887992858937e-02 -5.829964580949915931e-02 8.546943513354107735e-02 4.018134669241428536e-02 8.749944195820882897e-03 9.197964893936823316e-03 9.345738807967834960e-02 1.883303791556748680e-02
-2.086306620394750566e-01 5.191508422530417138e-02 -4.804085338958841850e-02 6.624547453162914212e-02 5.336218960750602203e-02 -7.658092209160234295e-04 -2.825533035273210432e-03 -2.092404046197868239e-02 -1.612150594054326258e-01 -2.854543838681216153e-02 4.928140250619846008e-02 7.992755666909663603e-02
-9.813948480411283093e-03 -1.140230051582367121e-01 -1.960567482625195090e-01 2.133782160633173122e-02 -7.200182641765563718e-02 -3.194392904690795953e-02 -7.062917251677393315e-02 -6.103625201479970924e-02 -9.897271480092946494e-02 -3.289639672050032396e-03 -2.413404002261520381e-02 -4.380810580572633978e-02
-7.843007006800684078e-02 9.965606317045416773e-02 7.757899032300930031e-02 4.150055092620631714e-02 -1.533567755947883304e-01 9.052537251293060749e-02 -1.168889480075572251e-01 1.727340050419868102e-03 1.210041352369309597e-01 -4.771131657646655866e-02 3.823388012012865489e-02 3.075407977709211649e-02
4.836439114201110390e-02 2.825572225162474929e-02 -9.028002125311551662e-02 -5.134476863496439947e-02 1.091039693906473845e-01 1.008954777801732428e-01 -6.811655225947471637e-02 -5.442793877859043034e-02 -1.007653594240852726e-02 -1.226922147749491543e-02 6.816705763631930592e-02 -1.743536537678661846e-01
7.370708351116282697e-02 -2.672623181660068251e-02 1.254266337290031175e-01 5.690678637532274597e-02 1.406675913093629604e-01 -8.421772481721481740e-02 9.627233020143156905e-03 -1.502158337738368488e-02 5.708761068453263587e-03 7.618929864065578095e-02 5.153405708713404421e-02 -7.582855467632274027e-02
-2.734050142928851936e-03 1.325583434285623752e-02 6.685004683499513531e-03 5.203624054385726228e-02 -4.792653756154487132e-02 1.039888286210475937e-01 2.159293835408548218e-02 -4.742370329302116050e-02 -9.623246367248894373e-02 1.779242638811679156e-01 -1.966952355212459591e-01 -7.367087539640894411e-02
-1.061701432740652651e-01 2.209678250235636715e-02 -1.005867390969136937e-01 -1.950467101646784218e-02 3.258727095169213633e-02 -2.185945994181433608e-02 4.889949234408973167e-02 -4.295463909409711484e-02 3.632722241021388299e-02 -4.499594707765269819e-02 4.327946314022676488e-02 8.133410161056250920e-02
-1.899008605060211602e-02 5.559103307882645728e-02 6.025171222597505705e-03 1.069781060625230318e-01 9.671318229349085138e-02 -6.560712135779733778e-02 4.352526948914453575e-02 5.484208354304925814e-02 7.523383867249937469e-03 6.787381474108297730e-02 -6.443602577142348853e-02 -2.322201781664608999e-01
-1.277697244862123216e-01 5.754362267581902834e-02 -9.859441238055222101e-02 4.334014720325380515e-02 -2.610171835627155337e-02 1.746473408259251459e-01 6.538516107437675196e-02 2.051075999611930434e-01 1.890054552189790113e-02 -7.944155144713838101e-02 -4.057968766505355707e-02 1.156072100801839309e-01
-1.425338082983522714e-01 1.210183006889435364e-01 -7.351007359609884606e-02 7.999593858882955710e-02 -7.301359795132618402e-02 -7.937325109201104345e-02 -4.655290189591832634e-02 3.218541799391092494e-03 1.542137579171807757e-02 -3.611072267989684156e-03 3.435592884515559220e-02 -6.802728402246749351e-02
-8.993176245360612331e-02 8.066405540690706200e-02 -4.387991062530509356e-02 -6.404596363044864384e-03 7.676128931524323074e-02 5.214231065366382173e-02 1.150033954350252741e-01 7.235536011698467940e-02 -4.550044443663948251e-02 2.346306406124805746e-02 -2.313361625880383521e-02 -4.234814675860791577e-02
-8.295691624171796933e-04 -8.501841333540072210e-02 -4.354128881780736787e-02 -4.004754819559847717e-02 -2.009032266799534727e-03 -1.184539165028915524e-03 -1.152807387225474392e-02 -3.137896950057755124e-02 -5.879793298244868210e-02 4.379540214523632013e-02 1.173694366903778666e-02 1.007424134805996185e-01
