6.364538971518159116e-02 6.813583439641900108e-02 7.642783788361204311e-02 -1.156016041043227555e-01 -9.020626889099575552e-02 -1.278829123545786317e-01 -4.016242797977902929e-02 -3.924579223017139740e-02 -1.335782055620167164e-01 1.287682897335988563e-01 1.016813477057904730e-01 -1.417590207685341386e-01
-1.160268529615050698e-01 5.044243591670151405e-02 -1.257891993121437180e-01 -6.206988558445532267e-02 -2.412800030854120314e-02 -5.560469418639663042e-02 -2.275414781703519879e-02 8.319755529773295577e-02 4.763646043628609605e-02 -1.422706818123256056e-01 -1.809104971001406492e-01 6.764747572598706071e-02
5.816215393517670806e-02 -1.324122085510103138e-02 -1.465832563914279685e-01 5.353398909381387131e-04 4.109024098598007546e-02 1.944192909018587975e-02 1.430429285837716592e-02 -1.869398608952015789e-02 1.344557566134906290e-01 5.962167433276074902e-02 4.088633921898490731e-02 -6.459356797030163522e-03
3.094389677293898910e-02 2.203141021301650848e-02 -6.966203753136022969e-02 6.975397167897649277e-03 4.299761026659880414e-02 2.575806416790892353e-02 -6.712148732200190482e-02 8.437429954817933508e-02 3.187368914022095656e-02 -3.877995128575350420e-02 1.010200623228343503e-01 2.993883364349327406e-02
9.684781958750544872e-02 -2.788334829672478934e-02 1.388059658709880906e-01 1.193246827714353198e-01 2.570228835501409126e-02 3.539297696964488482e-02 -2.860953583732394126e-02 1.073660628907962405e-02 -6.466386570185095328e-02 1.427345598762797159e-03 -4.542010696155544640e-03 6.529898440865999909e-02
-3.634957938744555472e-02 -9.823693071099254270e-02 -1.833253994904644746e-02 -5.781054016507522486e-02 2.782295112663293879e-02 5.668217209149616076e-02 5.837862803953529356e-02 -5.191803720919262177e-02 -6.753427846066933915e-02 -3.782261748420792657e-02 6.844862241512901860e-03 -3.853186487190518594e-02
7.215631015194554077e-02 7.438003693243036563e-02 -7.987898433691384414e-02 6.088882977466543445e-02 -8.284148710649777425e-02 9.769913017264855726e-02 -3.015820670032146045e-02 1.232020030101880492e-01 -5.389263611095967965e-02 -6.017399094375917856e-02 -5.415219219306190157e-02 -5.456878754446575774e-02
1.163554703138458546e-01 -2.658032282285327416e-05 4.154071965405059519e-02 4.985842830831678507e-02 -1.635723522037258182e-01 -5.859831783889082359e-03 -3.138272990258386685e-02 3.494930723519660415e-02 1.065524943272963543e-01 3.332554879478979992e-02 -3.032868147206225357e-02 9.186288619836166514e-02
-8.928415301207215382e-02 1.035371063880297093e-02 2.032409814388867197e-01 1.814157150295812038e-01 -4.589795310359122416e-02 1.806641805817842681e-03 2.975731197924415608e-02 -1.098401265412829453e-01 -9.576558810382330977e-02 -1.732383295145822899e-02 1.612282880256177275e-02 -4.751443382626259482e-02
5.137202737175997069e-02 -1.114866107586162947e-01 1.157861910567272168e-01 -6.890467885872209042e-02 -7.089609071565083909e-02 -1.455105865568677437e-01 -1.217528657806423997e-01 -1.840024619986255217e-02 1.836914195367534211e-02 -1.424147081677974019e-02 1.133693404640608027e-01 -8.496300351343832880e-02
-6.150206166835861521e-02 -1.031503977747571105e-01 -6.339769738062614457e-02 1.155886644690919812e-02 -9.693713451949199922e-02 -7.534838939116078604e-03 6.768054413750493326e-02 5.561442296193025436e-02 -5.427210005865366199e-02 -4.724178891651162511e-03 -2.977958813028540319e-02 2.290694390393970339e-02
2.136574318314908016e-01 -9.950572275610627959e-02 -3.992529530939650101e-02 -7.000114799397044729e-02 -1.808773978928483461e-01 -4.222074772884374695e-03 -6.921310584858199333e-02 1.657558482874952333e-01 -8.401846852966970980e-02 -1.738956819702852999e-02 -6.430324321052780130e-03 7.065312869919700145e-02
-1.076580534087903801e-01 1.249024158171366528e-01 2.152314749039714158e-03 -3.840935112832305487e-02 7.656748370101293388e-02 -6.682048799658325822e-02 9.874520744663072003e-03 -2.724439896674639774e-02 -5.309411107350939935e-02 -6.177240075270755415e-02 -2.076887890076449250e-01 1.757250845505694825e-01
-7.410504229109916852e-02 3.532401888047034810e-02 6.003499816887065965e-02 2.869557287353489278e-02 -7.605159619102129509e-02 3.558615279762124967e-02 7.437482325186194065e-02 -5.200218170813820234e-02 -3.597338206998008936e-02 -9.728923496718241970e-02 3.195803241624516761e-02 1.114058891494823095e-01
2.967692479371210335e-02 -5.294192969012230521e-02 -2.126840602531090973e-02 -4.689746561301771921e-02 -1.518845398577481076e-01 -4.853809622288184078e-02 9.340409563888973921e-02 7.381137640576176939e-02 6.449740644479204366e-02 -2.605578883100288096e-02 -8.987456814488865853e-02 5.943117949053532134e-02
-4.139449969049741052e-02 -4.942664630253412739e-02 -4.779947042858057049e-02 1.755842861256046439e-01 1.505819984793585753e-01 1.638194306690874541e-02 1.070665148727819038e-01 -1.133594538684308817e-01 -8.521328768971930812e-02 8.066933912577015087e-02 1.258285036500130794e-01 1.321520841483569408e-01
-3.192153596234918039e-02 7.857747735541599846e-03 -1.129446956496659160e-01 5.891722533236854603e-02 -8.621960431310071726e-02 5.244249856470818011e-02 1.698031202742068466e-02 1.363041932324275396e-01 1.006679184248683856e-01 -7.561832738934647948e-03 1.864315641734424697e-02 -5.202933365344925010e-02
7.737522320124116948e-02 1.909581214548811828e-02 6.656438615209966936e-02 1.464731505814041192e-02 8.785810530627514991e-02 1.025088507292808704e-01 -1.059388828461880483e-01 5.066633427078682389e-02 8.058686715850385540e-02 1.577506903778893022e-01 -8.577111301673680244e-02 -7.660337520764720631e-02
-1.315252961707544244e-01 7.873343826074587215e-02 -4.849152441624058479e-02 -1.808247132715474215e-01 -8.074093893230535612e-02 -7.786380752051780263e-02 -5.195530823851284355e-03 -5.511093029534841481e-02 8.804916267968039556e-02 4.844412805868066052e-02 -2.431914469009395507e-02 -5.847694917518638826e-03
4.809694520964699627e-02 -7.022870537883767195e-02 -5.862687776365169828e-02 9.300804820766114117e-03 -3.634805569833526873e-02 2.838573810987843338e-02 6.887545511813830679e-02 8.571349074528585021e-02 -5.355935350822206564e-02 -2.409655480089168203e-03 3.812981721656295148e-02 3.633551769186241232e-02
-1.189356477581656781e-02 -2.869038107311128703e-03 -3.439873481500686780e-02 -1.025113019588132224e-01 1.028691656366637619e-01 3.294633889610255190e-02 -5.172285704636432613e-02 -1.355433549389857828e-01 -2.461177821222495024e-02 1.683000568604043137e-02 -1.110822722623747705e-01 -6.349353169062454949e-02
1.617827451140214090e-01 -3.186207770674481105e-02 1.830558768545572090e-01 2.423973364364636132e-02 9.490479477077541984e-03 1.945756772598896539e-02 1.195602354427523634e-01 -3.337199585920068434e-02 -9.004649384124782663e-02 -4.335131335525949092e-02 2.954235408973445581e-02 1.176559960954227796e-01
1.161473033925759513e-01 6.020900053041362138e-02 -9.683769855939075577e-02 -1.205650354887179004e-01 -1.119847645668986535e-01 5.287946052802861008e-02 -1.684224290899290211e-01 -1.360077388178689006e-01 -3.882025859244885024e-02 -3.337154799238398195e-02 9.884905296450169354e-03 4.924325091533682253e-02
2.335584489819557408e-02 -3.215361451879061860e-02 -2.308631224440091737e-02 -1.217181950852568861e-01 2.461980521559193301e-04 -6.542044140415999298e-02 -5.209629500484217607e-02 -7.911999203870162534e-02 -2.797231744722539215e-02 8.875368827689662787e-02 -4.133618585333381779e-02 -1.200953570584775178e-02
8.298483521099583871e-02 9.312225987593759913e-02 -9.055311611613978129e-02 -1.117859390467875781e-02 -1.709159821008218727e-02 2.934760475941363550e-02 7.842278712458357337e-02 -5.573558422333505652e-02 6.094277282476114055e-03 -1.222612604924549207e-01 -1.050199268545820019e-01 5.624052935974702128e-02
2.774092160030192447e-02 -4.373158793658930843e-02 6.015645452254599068e-02 6.945415056595753700e-02 1.269119143945222628e-01 -9.595344502031419309e-02 -4.756451238726619457e-02 2.621049100966994783e-02 -2.919509003563664634e-02 -1.488763399824200376e-02 -4.610644019795613613e-02 -1.730802366029331879e-03
-7.670950601034304261e-02 1.738941732557514053e-02 -1.785978151411835024e-02 3.908987096205798761e-02 8.734066229931511730e-03 7.326718315988409169e-02 7.974996335597281383e-02 -2.938033655091741927e-02 2.435657272105127419e-02 1.293839157447418675e-01 -1.612481445152967596e-01 6.663678108196186001e-02
-1.565541511285064025e-01 -1.302139798166712381e-01 6.000930693254455384e-02 5.313327110182721087e-03 1.872851925135176065e-01 -5.202330448504266514e-02 -4.303520330714184078e-02 -1.613083158858857891e-01 -1.185498033879089502e-01 -1.989089786369057367e-01 1.457434084838496458e-02 -6.474381174187768262e-02
1.965745745428584823e-02 1.356608175448017692e-02 1.100089345920481076e-01 8.355224287854709497e-02 -1.070579330351467406e-01 -9.883261801797682544e-02 7.936635485455628691e-02 3.573128349718998620e-02 -5.135052769410590467e-02 -4.977974466160781097e-02 -6.771648093909654609e-02 -4.599766754007131309e-02
-7.559628910318010042e-02 -5.668504036370280996e-02 -1.141899319340144991e-01 -1.023510900112046540e-01 8.837832458963681970e-02 -1.196872878243557432e-02 -7.112333192204596533e-02 6.010259138852469540e-02 -5.963257580596263707e-02 -3.568047105911369143e-02 -3.511745894799674778e-02 -8.034701256826010107e-02
1.737951951509785625e-02 1.039767059555606471e-01 1.609216148286481476e-02 -1.320025266128461716e-01 3.119863888921516407e-02 2.320748143122227259e-03 7.219446242166038807e-02 -6.756569830945215183e-02 -1.038928898992017152e-01 -1.025110559659661025e-01 -1.793998016810743334e-01 -1.481724349027325749e-01
