-1.059344410832921135e-01 -4.913200821512804517e-02 1.466499882333152371e-01 7.822644158330080422e-02 2.189858605983616979e-01 1.477350058309158561e-02 -8.513919929081374682e-02 -1.968070856601857044e-02 -8.810741572623596862e-02 9.425737135377727782e-02 -5.842463209556336690e-02 1.228735374233220767e-01
9.553553128408079353e-02 6.454929343408787046e-02 -3.180332364963266850e-02 1.397736078470161458e-01 1.407410395724892072e-01 -9.728361716944582127e-02 -4.857129551136899208e-04 -7.905412605972963330e-03 -8.733942671080620335e-02 8.036122468012933673e-03 -3.994457653608581016e-02 -1.288112395931722588e-02
1.211547856915960453e-01 6.241914436047380638e-02 6.670955607580107694e-02 9.503579523752809415e-04 3.821711233571095656e-02 -6.693044792019138545e-02 -7.753677670970278435e-02 -1.847653799524469898e-01 -5.973951135147043123e-02 1.554528651137339346e-01 -1.739833619010713525e-02 -2.833495663367192191e-02
7.564952612739878068e-02 2.624684108876121011e-02 -1.051212010239610702e-02 -8.940131504794304740e-02 -9.726376607654604878e-02 -2.449326923111790413e-02 1.119326528184429043e-01 -1.646979296964437844e-01 9.618537747575790775e-02 -7.398598383625380748e-02 6.130978599477031332e-02 8.134000139532679419e-02
-1.970145181953150693e-02 -5.189093196738842062e-02 1.184678558171925883e-01 1.596649206898075046e-02 1.243396473024489801e-02 1.842470985418457816e-02 1.727238452401793495e-02 -3.397045114295942948e-03 4.814507031635727186e-02 6.631154966777090022e-03 1.532811661065600073e-01 4.124296461544380010e-02
8.998197276096894792e-02 2.648931549688296125e-02 -2.641571862562527503e-02 1.362158048529465426e-01 -6.226062765287428136e-02 -6.121305437952776971e-03 -1.519601136987691337e-01 -5.500748365959652608e-02 -1.241207795138172670e-01 -6.377309744911478784e-02 1.527658943800447866e-01 7.239397638093728049e-02
4.278966404474362356e-02 -2.705530000937414817e-02 2.511602775757563674e-02 1.106180668688008274e-02 -9.765125727722190341e-02 -6.580394779706759401e-02 -4.732133849215692384e-02 -1.701604083971177891e-02 -4.226857765228532460e-02 1.536353910421025815e-01 1.047310581161971094e-01 1.071353726498974479e-01
2.007607372038606314e-02 4.156376295573746549e-02 -1.209334816744888665e-02 7.754127509368274884e-02 -4.797525546809683350e-02 1.853200789842488969e-02 -7.534379780204280425e-03 2.130255451865317035e-02 5.933259409767448200e-02 -6.469360603794306608e-02 -2.203449508190499229e-01 8.682121239480905528e-02
-1.658080925219787838e-01 -2.664417605759144755e-02 1.471173013674140738e-02 1.121720341570568540e-02 -1.489973571775660977e-01 3.929626437350168533e-02 1.724228420822361552e-02 -1.158074138301380257e-01 1.483909529021183379e-02 4.554350859732061302e-02 8.289377595246504027e-02 -5.110228309571572536e-02
3.994045130571107632e-02 -1.644663823496439192e-01 -2.367670893093088910e-02 -1.761199310417750630e-02 -1.334406887150878240e-01 3.373946516839661236e-02 -2.303671658599433514e-01 -6.902494442786220874e-02 -1.379263155033030597e-01 -6.441074965702116295e-02 -4.725306257411251987e-02 1.543909588591013682e-01
-1.022903153828635080e-02 3.112341264513497283e-02 4.369905617157830019e-02 8.790316933581301950e-02 -4.336102024496822638e-02 -7.335635140504247198e-02 2.763497873741722205e-02 -3.196350461577781021e-01 7.129664761580221943e-02 -1.145872035542796069e-01 -2.818777766736409521e-02 -1.010321353519983735e-02
-9.806806228153508442e-02 -1.558589886017860693e-01 2.170225888744698253e-02 -9.812937594864654112e-02 1.751989457438643191e-02 7.527304768167651650e-02 -2.654216970791179603e-02 -6.281847087735248358e-02 2.644748629061602352e-02 1.760079992993913434e-01 8.914820142193495556e-02 2.088093829111096200e-01
5.370447796910233357e-02 -5.466485018198664891e-02 3.559518931739170250e-02 -5.904870069290802520e-02 -8.744201021851633060e-02 4.350375743672862949e-02 -6.015267316877450504e-02 -8.487313189513866207e-02 -2.807531614594341307e-02 3.475856481461334774e-02 -1.804311670636069564e-01 1.725692474514273905e-02
-6.934014546740641105e-02 8.662490052668671281e-02 -5.500508511981958698e-02 1.662025665443868649e-01 5.320631091019302483e-03 8.615997772952456446e-02 -5.823421420820980993e-02 -4.969239538341731210e-02 2.376568138259355784e-02 6.163083382809241700e-02 3.418092606126883759e-02 1.256653619861767823e-01
-4.096317393338017726e-02 -6.364606591557282408e-03 5.063193129250172925e-02 -1.560375332481545585e-01 1.277196657990809781e-01 1.277815606123675618e-01 -4.715618021324671089e-02 -8.226531243346062085e-04 -9.699306949674289802e-02 3.525104351765961236e-02 -1.455832496407181709e-01 2.363108324587619435e-01
-6.114530752295457144e-02 -1.543787703708754677e-01 9.834785243295189605e-02 -1.536312225119347737e-02 3.449210844196319570e-02 -2.674085197444065962e-02 1.836964571491286058e-01 -4.688300595136052351e-02 3.603791211320539044e-03 -1.082496778134012239e-02 6.416002268846461576e-02 -3.539659252486647423e-02
1.727483571950236552e-01 -3.052760155296517161e-02 4.942668508895647211e-02 1.119228834529272520e-01 8.953829062823351337e-02 1.566646511416669996e-01 -1.893359009767123513e-01 -7.872326960234841964e-02 1.145111526898954929e-01 -1.064713649949315666e-02 7.123319109740623711e-02 -4.537543761533806286e-02
3.682665794324768010e-02 -1.097683067154237996e-01 1.279806267466200020e-01 4.548806137414610797e-03 1.513042222981882817e-02 -9.774599331462134610e-02 6.232919038456436606e-02 -6.412739533754903409e-02 -9.949319274621486187e-02 1.213600453815319030e-01 -4.036164756608455473e-02 -5.335799268097295156e-02
7.616830920947875727e-02 5.992503697753029379e-02 3.080041937103597787e-03 1.172525569345927998e-01 -8.223474850490970767e-03 -2.737911220741067256e-02 6.449646036306343200e-02 -5.791477088906861470e-02 -4.657997944231498377e-02 6.606521570852320890e-02 -1.422835988885757241e-01 8.368338132707348054e-02
3.350847065040537393e-02 5.562295756944110603e-02 7.540819265923688619e-02 6.583314568830755942e-02 2.325236875827877900e-02 -3.722829064061505822e-02 2.402856073799964493e-02 -7.747292582988458964e-02 9.340611686168805161e-02 -7.496890822446454668e-03 3.858230457792964641e-02 3.088762304633257266e-02
-3.376960440004288244e-03 3.266978316178265063e-02 3.424941102422159322e-01 -4.817795552023484279e-02 -1.546344283138542941e-01 -3.267334521678320891e-02 -4.091372338923535829e-02 -5.033732226075257610e-02 -4.377734497376240333e-03 -1.421400858250659593e-01 -1.026246151392541245e-01 -6.665524868135918983e-03
1.739607101425525533e-03 -1.422279893848359730e-03 -7.203698988762062549e-02 1.481478011844850062e-01 -9.961255716108030622e-02 1.039110517428027264e-01 -1.417875070977125673e-01 -2.950553332503511733e-02 -9.284633435890200792e-02 1.089973386092220678e-02 6.251686900321797025e-02 -4.147955041189989311e-02
-6.543112604718762104e-02 1.882340221667401915e-04 2.697782340247440944e-02 -1.025854878915077040e-01 1.010827450152195217e-01 5.877229546343674949e-02 -4.072933650025729185e-02 -1.352577720481570045e-01 -3.272706549924990493e-02 1.613839567306252498e-01 -2.127279159393665950e-02 8.269208828782326215e-02
2.517630413838896353e-02 4.330426704308074082e-02 -2.439529039709919245e-01 -1.219638948269725076e-01 -1.895743473865629455e-02 3.529936697050416530e-03 6.484058619373044008e-02 -1.616143397566319473e-01 4.065022162612783540e-04 1.118325488166828779e-01 8.612868107379041682e-02 2.418695808012628901e-02
1.433877809576942497e-01 8.072466683414884769e-02 -9.747799058609728229e-02 -8.365130098694040228e-02 -6.420920439770855248e-02 1.251317136091300297e-01 -4.826703540377522139e-03 7.593721699011663114e-03 -1.382783899124453708e-01 -3.599122023849273683e-02 -5.336455425152525356e-02 -6.352247816119546697e-02
-1.736565283896482070e-01 2.047233386496729104e-02 9.420999908380238430e-02 -7.023588686175899487e-02 -1.311130307000775430e-01 1.085331849218531403e-01 -2.719848772536869602e-02 -2.554791256965122659e-01 8.982411214257730869e-02 -9.117384597277330971e-03 -6.709574935451080580e-02 4.475941529968995025e-02
5.780147014318168935e-02 -2.200948102920161353e-01 3.705752874839960548e-02 -2.358583327081677228e-02 -8.083909989497595205e-02 -1.865390756287086185e-02 -4.111729097145227357e-02 -3.177880808539412794e-02 7.659135404616336518e-02 7.382382758343335183e-02 -2.296579797456435937e-02 1.009846879876254329e-02
1.720522317315283795e-02 -3.515872379480677878e-02 1.499622822066353119e-02 1.278776628819412453e-01 -1.773850947148418108e-02 1.078234412104622647e-01 2.048983122771994708e-02 -3.561217515134960931e-02 -7.896824948178625403e-02 -1.540485505077493211e-01 6.143397036185864468e-02 1.295672459641671222e-02
-1.426364946130808942e-01 5.196302870190661061e-02 -2.048568632392170630e-01 1.219974510412634612e-02 1.566916888138250863e-01 -9.853152481617159786e-02 -1.451328029919864149e-01 -1.035038766035859675e-01 1.244442668932446427e-01 8.638597755763220698e-02 3.714916510974131114e-02 7.388356950766858389e-02
8.382254359209714845e-02 6.995970362485491589e-02 6.673709409408133675e-02 3.105729787981299436e-02 7.161003697891013542e-02 6.816344073525902603e-02 -1.182146220046135926e-01 -1.530157421931967188e-01 -3.150758399494443807e-02 -8.281517292229471916e-02 -3.990420034117125869e-02 -2.092592273872536518e-02
-6.565732478928812399e-02 -2.512501134293694885e-02 7.516873163523611623e-02 -1.116223806773228126e-02 -5.179423759178344855e-02 -1.648347528512428828e-01 1.614979809671798494e-01 3.211816811948556283e-02 -3.202616479585872200e-02 1.032556217588167721e-02 1.344614563730153201e-01 -9.581105824780766778e-02
9.614170401243166131e-02 1.623149003481502359e-02 1.567414054060700945e-01 9.914371043010491991e-02 -2.184946875082282858e-01 7.996626339908712022e-02 3.875912584960660573e-02 -5.514870333051222206e-02 -3.107519136665117671e-02 -4.179193961225174253e-02 4.935606079448032722e-03 -1.043838190096083897e-02
-1.324097415296203450e-01 7.012673389446542893e-02 -3.698765755209488387e-02 -9.508559613256978293e-02 -9.240013387204620843e-03 -5.451135867494097398e-02 -1.276173578143588172e-01 4.422790682508215103e-03 4.188684582133671286e-02 -4.762676530901423927e-02 1.402503916849860421e-01 1.944456972997284372e-01
6.628032533069125321e-02 1.491309686198680033e-02 1.121768083807029442e-01 -8.586758638285924006e-02 -1.490843191067791826e-02 -1.043013030155108371e-02 9.614367263061243327e-03 -6.332309867563062911e-02 2.543039532762882415e-01 -8.792464735050627145e-02 -9.287657921783155912e-02 1.125512137501797627e-01
-1.396500547439093187e-01 -1.035510186606192901e-01 -1.129223260837714481e-02 2.102115826148160393e-01 -1.413830695335951682e-01 2.126396709236576602e-02 -4.165772712754736012e-02 -2.014371604348889344e-01 9.455202918236331466e-02 -1.052161609770472656e-01 -7.102550308831672484e-04 -2.216693241710952778e-02
8.407765759972260500e-02 -2.178062035381366293e-02 -4.874006767951202107e-02 -6.872104479329829707e-02 -1.236008956511267312e-02 -8.082491309365354148e-02 1.353466743808832973e-01 -8.027756781447524526e-02 -9.604491601602412054e-02 -5.183737039265393781e-02 -4.062243680005239721e-02 -3.607444616081412897e-03
-1.701982559940885126e-02 -6.723150518757918526e-02 1.025630463989386613e-02 5.945565788433836325e-03 2.087377122549767886e-02 1.795133908335056275e-02 -1.465170321793174239e-02 3.967887700391436491e-03 2.004961276021707123e-02 4.681519181718676002e-03 -9.467277347446252656e-02 -4.004043299616347196e-02
7.071365249758870819e-02 -1.026569040295684382e-01 7.678289848506918147e-02 1.760977992889878885e-01 4.717746779162201864e-02 1.458607675170501827e-01 7.202609588976115196e-02 -1.208740443103181045e-01 -9.767555866383038909e-02 1.048365295988515217e-01 2.164739866554727180e-02 1.113547192824148602e-01
1.859816234780959088e-01 7.845902770194991549e-02 -7.868647124308546237e-02 3.125405372546885552e-02 -4.104223997189532236e-02 3.553970218201389641e-02 -1.283073012214366038e-01 -9.875824968318532016e-02 -3.903351850755727714e-02 -8.388752612812767906e-02 1.508459178532669531e-01 -5.956702130086067269e-03
-1.217986569002032192e-02 -8.513459157840914948e-02 1.231145423042258186e-01 2.244733694362849308e-02 1.074286185525388099e-02 -7.088987580654719511e-02 2.249381797491014495e-02 3.193908252920668427e-03 1.313737123385169958e-01 -8.963828356087417959e-02 2.913373592733388764e-02 3.574084738010194218e-02
-1.031393377277003698e-01 -5.320831592224498086e-02 1.055544319375232611e-02 -4.141852287805945082e-02 1.789737539303452307e-01 -1.244248550883591403e-01 6.583009258473567979e-03 -1.149386805915081772e-01 -5.661379739049718363e-02 5.042360170757963916e-02 1.750390196861420933e-03 3.916603179379100907e-02
-5.048486123758460370e-02 1.017267430981444037e-01 3.150967799038776468e-02 8.794607276566321352e-02 2.035453804225292040e-01 3.144498103307406811e-02 7.586155477004889736e-02 4.635610480310274617e-02 2.775867235019330997e-02 5.276783101024330042e-02 1.125983362834258178e-01 3.351763263809504068e-01
-9.988709543979454319e-02 8.362130251558395899e-02 -4.382106472525661850e-02 2.578761495420045513e-02 6.917695801901460606e-02 -1.276121389366117742e-01 1.262654447514086897e-01 -1.240356548431484213e-01 -3.456487757823654972e-02 -7.790718751516081432e-03 2.255084378243131168e-02 1.267315399118683072e-01
2.305160343566041437e-02 1.256592391287421895e-01 -1.898269253621719457e-02 5.495403690119571999e-02 1.137226060791710625e-01 4.213767027063919368e-02 1.260996802121029485e-02 -6.967209597297764623e-02 1.286290960522626647e-01 -2.195820408246909952e-02 -2.523134610447161797e-03 3.353332924797156056e-02
3.145103559107148561e-02 -1.823959170802651186e-01 2.427076449280544859e-03 3.549658706379588829e-02 -1.302875655881745864e-01 -1.900407062148514944e-02 -2.858356526359800975e-02 -1.181802982393095197e-01 -9.043728831688575831e-02 -1.454386498310043796e-01 -6.217467565357092697e-03 -1.056755245922490760e-01
5.441163210906004716e-02 2.905056203759926944e-02 7.213387097381661339e-02 5.002838811935859248e-02 1.317228162784277179e-01 -5.672934884070338080e-02 2.466146067359564070e-02 3.054161425803634741e-02 6.467096988882946318e-02 5.997054741649077841e-02 6.360936979981478279e-02 -7.175248322714497529e-02
-1.753878612943190335e-02 2.694229069781803876e-01 -1.579500233039095737e-04 3.918951522252642899e-02 -6.444584320147628276e-02 -1.007307755382382125e-01 1.267897326202153084e-02 9.664703537299375313e-03 -9.408007216490739399e-02 -2.502070678749520813e-02 -5.455973214041548447e-02 2.739230838642568999e-01
2.241350886857772923e-02 7.692595858884192228e-02 4.231748463687761558e-02 -2.541480033930126892e-02 -1.290369272329310590e-01 1.063708900873961277e-01 -8.040480860606368310e-05 -2.177332101255225749e-01 -5.558243760666910227e-02 -2.446655745310582220e-01 -6.342609024045454957e-02 -9.347837142515580833e-04
1.305375168451267942e-01 2.047555095572857822e-02 -2.088222038754245294e-02 -5.445733870638139879e-02 1.522973332424564508e-01 4.046960865311530209e-02 -9.452622681762508361e-02 -1.873681660312601083e-02 1.841978482413760554e-01 1.261620814732093351e-02 5.211988841383746740e-02 3.169293261263871064e-02
-1.499814261468117860e-01 3.408245953448905963e-02 -9.240750202410609460e-02 -7.800571193747901644e-02 2.306859670822043393e-03 2.603461641292483149e-03 -1.608377776381673258e-02 -1.990406514061393850e-01 -9.311741146108694356e-02 -1.599330342790822590e-01 -3.032930675271309703e-02 3.244297232555920507e-01
6.461217391294682422e-02 -1.350628442652588579e-01 6.086144916805096700e-02 7.690887496453083227e-02 2.658022202592659131e-02 7.303516969536806569e-02 1.414703757331810252e-01 -6.860009469876111876e-02 4.386679784538548288e-02 -3.860493095771717204e-02 1.242331387984262486e-01 -1.086777036355328629e-01
-6.905193781191062974e-02 6.031734086694442998e-02 1.411709706953066627e-02 3.297949317274392195e-02 9.901451979636924361e-02 1.594611103393294149e-01 1.065511380252572721e-01 -1.751755640206475728e-01 1.141367361786307238e-01 -1.127065163249711538e-01 1.208966762129679989e-01 -4.169351216783573344e-02
-4.175967053610344509e-02 1.354450080210925222e-01 4.945960995395620036e-02 -3.728545207944911760e-02 -6.123149684803748383e-02 3.013951818236155003e-02 4.306804700070355346e-02 -9.899903174437064968e-02 -1.019904774300561118e-01 -1.218814179895093969e-01 -3.379872305271905408e-02 7.965624813072161303e-02
1.529161633633833138e-02 -2.357109223675950185e-03 1.959777303002280535e-01 -9.403375003772426743e-02 4.334658091467022412e-02 6.890252780014856360e-02 -4.954727503142867390e-02 -5.180849057445598149e-02 -6.656976329017176564e-02 1.187371134329048838e-02 -1.987623348014065372e-01 -2.169477493367892307e-01
4.335444981800363334e-02 5.478925698734769811e-02 4.747087231544258254e-03 2.392419888917116360e-03 6.122238086971033832e-02 6.906459305592281550e-02 2.776257348771543620e-02 -4.170130691012960411e-02 -2.008957831830611440e-02 1.465512669642037580e-01 -1.162472397140575514e-01 -8.933540098727168598e-04
4.633978062784064461e-02 1.219547850910267378e-01 3.859241571168248782e-03 -4.056100217394813072e-03 -3.903082556492606936e-02 -9.874902354515237290e-02 -1.840234810620362815e-02 -5.328718645613360338e-02 -2.927652759591854031e-02 -4.438943816118502000e-02 4.511483747235185693e-02 1.223046204551101190e-01
-4.020236635513136508e-02 9.935161806990007449e-04 -5.828362205846938232e-02 6.094363130398894150e-03 -6.637358034140383722e-02 8.867187556690596731e-03 -5.201993097874666599e-02 4.661969552696783314e-02 -1.105329645009632961e-01 -1.535308412946933820e-01 7.602085264839868184e-02 4.984631112311636858e-02
-8.033707662020564411e-02 -1.049002516619160393e-02 6.411891458397872903e-03 2.507990404903212567e-02 1.000340776319091907e-02 -3.165991635968103124e-02 -4.543927140246368374e-02 3.145914070044117383e-02 5.533051562524370082e-02 1.355663968763573257e-01 -2.064468827583093233e-02 1.079910969403700405e-01
-1.278181579102547205e-01 -2.244051304156205809e-02 6.224760487901041806e-02 -1.048312304143846629e-01 6.056815213937843945e-02 1.404180030736221045e-02 -2.103748918041275368e-02 -2.462317790090769176e-01 1.394492682257930660e-02 -4.859997710171794910e-02 1.041161886221273897e-01 1.494886376246523652e-01
-1.376703912136516272e-01 5.816872978646619313e-03 3.285353601536066697e-04 -4.865200878769918719e-02 -1.156013121912864428e-01 -1.583874595617392259e-02 8.721043663095483234e-02 -2.416716272700888957e-02 -5.309686066982660657e-02 5.809460700601257145e-04 -1.473569890733555932e-01 -2.175164818870684719e-02
-1.773621441048850444e-02 7.827572886173257694e-02 1.485687135301737294e-01 -2.198349542457382899e-01 -1.892666288927715434e-01 2.213012214476706499e-02 -5.727087154868690851e-04 -7.783772623013611447e-02 -5.560909855237337884e-02 4.815113548064203081e-02 -9.359350288157762543e-02 -1.029716960529533827e-02
3.703074447516321518e-03 2.235758135140601330e-02 1.032125396475268991e-01 9.101659162830634184e-03 6.611819706310212430e-02 -8.738759679790027157e-02 1.043536485016598875e-01 -1.257346103720111130e-01 4.936160882033520381e-02 6.691765989520902236e-02 -2.839100528265246434e-02 1.757823667088862646e-02
6.741262727843166415e-03 -2.041688437674052115e-01 -1.142417308457201880e-01 1.240215443864393363e-01 -4.490680309721115093e-01 -7.328600483494975004e-02 -2.164546601253697633e-01 -9.701526346449838856e-02 -1.614384212719575939e-01 7.181505735976716209e-02 1.859466592219205516e-01 -7.715335392315866847e-02
-5.256551423517560190e-02 -2.036977869739243704e-02 5.116204480550100991e-02 4.282869695390690429e-02 -6.884373037914293114e-02 8.659896300213536235e-02 -9.293100869687773505e-03 -1.201370919821430211e-01 3.369276078878248593e-02 -1.034400819154821655e-01 8.153469938122075156e-02 5.704692774380251685e-02
-1.042723743545989623e-01 -3.054117260645450652e-02 -2.598470383909705084e-01 1.961655728264294352e-01 -6.683487730771978108e-02 -1.810160815956033883e-02 5.323496568197482598e-02 1.192742995374730802e-01 5.654177527422742100e-02 -5.644232998563587615e-03 -1.118133201568499019e-01 1.189377682317836193e-01
1.357297657903042964e-01 5.468458476574217242e-02 -3.402938955822616251e-03 3.264146903644721959e-02 -3.974043377927989618e-02 -5.870248169220446122e-02 -1.314327181973179610e-02 -8.739244033285230306e-02 5.262368312037946083e-02 -1.495817702358427301e-02 1.270815788738580143e-01 -1.665036139892233646e-01
1.259537450691648741e-01 -3.425749337568384512e-02 -3.624365699878682318e-02 3.259876672371090495e-02 -6.108841573336863673e-02 3.687295818219572807e-02 1.919852442461825459e-01 -1.107415091446432714e-01 1.321087013445138014e-02 -1.496294737642151207e-01 2.261896532961274811e-02 -6.391417422693473904e-02
-3.168432004234755447e-03 1.380399417519963257e-01 -6.874642964577211413e-02 -7.503033855279964137e-02 -1.382493269126412738e-01 -2.367348931952496446e-02 -2.100010251657888627e-01 -8.823798749261814456e-02 3.673077505492726436e-02 2.765543149053632452e-02 9.987561724624206827e-02 -5.836150714792361083e-02
1.005399464621161143e-01 -1.384050637733127143e-01 1.196652815295520854e-03 -2.044764658437982219e-02 -7.557664587262127864e-02 -1.630757729999148253e-01 5.402994280211715489e-02 -2.474865259929495409e-01 -3.604059182032373632e-02 -3.060740892870951121e-02 -3.684582599440903994e-02 8.396004569243703530e-02
-7.845073945275207739e-02 -3.438356355644124618e-02 5.515507466132744258e-02 4.142068580734476618e-02 -1.347457570079189926e-02 5.415564762080604666e-02 2.077098175774808042e-02 -1.287176058814625268e-01 1.309451991802925430e-01 -2.816254067473652686e-02 1.149524913957964550e-01 6.781723031075551078e-02
9.631571693559362601e-02 -4.997999561748387321e-04 -2.940442689043431049e-02 7.758844032682745383e-03 -2.798684482797693732e-02 -8.170539519517965033e-02 1.564648572717894648e-01 -6.442718936921200401e-02 1.215186689967695383e-01 -5.059587227886547939e-02 5.126608826490200443e-02 -1.938812258361474750e-01
-1.014114537711829737e-02 1.680390669033182405e-01 8.152475253230683991e-03 -1.052007909594940005e-01 5.466231432921471456e-02 -7.524056454645446090e-02 -5.168686157846581058e-02 -1.050506144318137242e-01 -1.890760052358034932e-02 -1.247033842876238002e-01 -1.903087110863236828e-02 -5.123710857255608930e-02
-4.203129665844808870e-03 -1.696513886616367664e-02 7.674215116137965420e-02 1.271673273634634227e-01 1.977134186208373209e-02 -2.495389946510541759e-02 -4.581665588573658604e-02 -5.198509278192296919e-03 4.874748495142988691e-02 -9.959235476783610819e-02 -4.260355418053886345e-02 4.466704851268774035e-02
6.816513340165519796e-02 -2.203957441260924119e-02 -2.125651120878682340e-02 7.792483945551901756e-03 2.191939293771238625e-02 -1.218869457952774377e-01 2.360075313459664842e-02 -1.133807077724738460e-01 9.916315673838156652e-02 7.880960586008541047e-02 6.941831644314010175e-02 7.036554936688368955e-02
-8.782111829825536842e-02 -1.328379064325669288e-02 8.645752754674411455e-02 -1.831175932154809061e-02 5.108982273945825159e-02 5.389611879961909990e-02 3.034183959663408481e-02 8.157790442794367325e-02 2.851554611074184897e-02 2.971212754762765293e-02 1.004911002609950449e-01 -6.295442224765480932e-02
1.858510421672534413e-02 -3.851683730692115337e-02 4.665298409434057852e-02 -3.705212015108964169e-02 -1.553275742048837726e-01 8.222097821908603069e-03 -4.069099183420651564e-03 -9.857899096908405434e-02 -1.072956733314516875e-03 3.575565534949032981e-02 1.135582468489787916e-01 -8.177265771673003503e-02
1.437708640861994625e-01 -1.958440087980852298e-02 7.167315726512409058e-02 6.506407972900696279e-02 1.928459777054631619e-01 1.660457702003806726e-02 -7.610648056053373120e-03 -1.197491511441771822e-01 -1.593210106910523949e-02 -2.632128457413506969e-02 -6.291589468885251668e-02 -3.832248289549358700e-02
6.557628923620806294e-02 -9.893932851130930739e-02 2.744702504611061869e-02 -1.775080737736432768e-02 1.964833526646135933e-02 3.025931123782628698e-02 1.803238909623735425e-02 -5.279358884047523348e-02 -4.790224383220109683e-02 7.310884082911782433e-02 2.821807833332113866e-02 -1.412796713026445543e-02
6.234365657219003570e-02 -3.917871278571864735e-02 -6.490591717043843467e-02 -1.154886538482524094e-01 1.096421705500460753e-01 1.554820983195503437e-01 9.501311911003516852e-02 -2.575337539340491477e-02 -2.910562727889509649e-02 -1.269570836735315622e-01 -1.260041404768288964e-01 -8.858529365462411431e-02
-2.788153995918164069e-02 4.494654544667860130e-03 1.637373390164698905e-01 -4.244617748818805408e-02 1.076295395614134398e-01 -9.927532755658678709e-02 1.459750382409628899e-01 -2.795906502257804876e-02 -8.641611659604737927e-02 -6.743540339386945581e-02 -1.317091327731131911e-01 1.511665457995338240e-02
-1.590606771530100189e-02 -6.509693990508645667e-02 1.208243850417501514e-01 7.011780847680276763e-02 1.094084848562241474e-01 -6.063809501878755781e-02 6.099271540199745906e-02 -1.579750965663951623e-01 -1.181968782825029290e-01 -1.609138033506249121e-01 1.590119112170889082e-01 2.017535903043116696e-01
4.491460218693111434e-02 2.005637483409712096e-01 -1.620538946721464821e-03 2.514045456894128255e-02 -4.012269440070666596e-04 1.551430477239962302e-01 1.226769450923138743e-01 -8.234402289282118093e-02 8.422939038876929574e-02 -2.414170002722650088e-01 -1.498129500064833593e-02 1.461559265584889689e-01
5.550255653241274040e-02 -7.649434932765035444e-02 8.897688285658365837e-02 -9.621946012702891834e-03 8.861698227850028919e-02 1.824424643681868963e-01 9.775264315910704715e-02 -2.278646436432032324e-02 -1.669541693172394703e-01 -4.816344796267930245e-02 -1.372350202120357736e-02 -4.588786167513365932e-02
-1.829724286046735815e-01 -5.702297264273510635e-02 -1.696708113310926580e-01 -2.208403623236198654e-01 2.737968124821447691e-01 2.919944589048758532e-01 3.767705750541904819e-01 -2.841045359348738919e-01 -6.374370309322737738e-01 -3.587659896744417320e-01 -2.732329794760132713e-01 -3.695335156778115637e-01
9.299061468010283438e-02 2.607167522604879606e-01 1.584584064184364205e-01 -1.486345699716856705e-01 1.446786257728376601e-01 -3.234025142592208413e-01 -1.876702729697168615e-01 -7.793832883726901917e-02 8.963590157761970600e-02 4.339856712360710134e-01 1.790158883974001316e-02 -1.123542825540969382e-02
8.065745022339737558e-02 2.062388743517817036e-01 -1.096663904668027795e-01 -5.033364468207714854e-02 -6.115361747048869701e-02 -1.989937298897973550e-01 -2.254524302187626283e-01 -7.203067016986951232e-02 2.547852920312443370e-01 3.621378868665767747e-01 3.812506578556175418e-02 8.247976651792887637e-02
-1.086946393163915059e-01 2.583422453209288649e-01 -8.743771956868297279e-02 -4.145929859451074478e-02 8.487542764430888731e-02 -1.254681448222168816e-01 -3.219168401387742517e-01 -5.789856132841601777e-02 3.621965272970398275e-01 2.894274629712191294e-01 1.853719864574491782e-01 -2.294815399814745249e-02
9.320824082332809790e-02 6.206296259079283062e-02 -1.290730459997241619e-01 3.336466460640445664e-02 -1.979423538596285226e-01 -2.828302808036716742e-01 -1.491417056941035935e-01 -8.388262671659522940e-02 2.311194642943535660e-01 3.429223099625541282e-01 -4.219408164855388554e-02 -2.628959466538179912e-01
1.840452880109490763e-01 -8.438774725229807039e-02 1.121211467509618115e-01 2.911538208094791025e-02 5.925761095449667837e-02 -8.695280213439683659e-02 -3.858679258193358635e-02 -8.020929649036968867e-02 -8.581275483558493955e-02 -2.079667356485179544e-02 -1.671894337661910535e-01 -4.939932786263788456e-02
-1.352928623321833779e-01 3.950500398367318144e-02 -1.020136071264133269e-02 -4.929941773326394078e-02 -1.572276330297333810e-02 -9.932988891576578772e-02 1.116989830873908046e-01 -6.409953477694625701e-02 1.366922167149985101e-01 1.322539750135049152e-01 -1.300097305986454010e-01 1.413533672947669961e-01
7.623691054075200195e-03 -1.106821639262576921e-02 -1.130137060158846879e-01 -1.451264989661503746e-01 -5.693924529566479764e-02 -5.068577146491111407e-02 -2.274703096017229031e-02 -1.134210585259609744e-01 9.748941098880654910e-02 3.131856348655346484e-02 -2.112448832919376907e-01 -1.953748486782582172e-01
3.614141377727845411e-02 -4.165895255957897947e-02 -3.170566894310380274e-02 7.264536184942821384e-02 1.298892999499519710e-02 6.267270865488078907e-03 2.832686207947798102e-02 -3.710051411806024324e-02 -8.659175094309533305e-02 1.204088180576563943e-01 -5.107030364634126962e-02 4.773068839927395446e-02
-6.540790839121635170e-02 5.299976194757483050e-02 -7.526445821740103403e-02 -7.164028615111631138e-02 2.759395224913106515e-01 1.924844818041644423e-01 3.879854238155726054e-01 -7.736357218328014651e-02 1.004313474335512615e-02 1.207415157710178683e-01 -2.784880715574515331e-01 -9.488808680718613386e-02
5.221295294479647020e-02 -6.353562521960434695e-02 2.639060704684279349e-02 -1.360292363080645439e-01 1.012920813168834422e-01 -4.355469772421989572e-02 -9.350857050919192393e-02 -7.493982052434293439e-02 -1.626007006719185424e-02 -1.355354886151927674e-01 5.063724702117961690e-02 -5.604353590600683228e-03
