1.982910838119873453e+00 3.469534692011819743e+00 1.639094456900721530e+00 1.526412653457429602e+00
-2.108863995023306348e+00 2.498040102825209996e-01 8.936191154223921407e-01 7.800732544194773910e-01
-2.213683101300819356e+00 1.304936768838363292e+00 1.770169842454236919e+00 9.175853780252785086e-01
1.927601462460139525e-01 -9.941740583740167336e-01 4.320792624084009437e-01 5.178803838722567665e-01
-1.863912083197591496e+00 -3.239444124804124137e+00 -3.234354295428637727e+00 -1.019207787367094831e+00
8.833617299512075416e-02 -1.089735711658900819e+00 -1.742422174206590402e+00 -5.191990062354997493e-01
-3.784306706599996351e-01 4.901561823275671692e+00 1.738662550805926132e+00 1.547363929156070827e-03
-1.646189922828336760e+00 -1.038595871078214161e+00 -2.434601417578027949e+00 -1.804030859136375620e+00
5.206781622435981971e-01 2.873262368370897768e+00 1.309339786751073875e+00 1.885536712791344272e+00
8.197264302235298672e-01 -8.114945655037364425e-01 -6.788763923286419422e-01 -1.003165811445524414e+00
1.655356702091629773e+00 2.885169439625567822e+00 1.650003386084714085e+00 2.732771114802392098e+00
2.021120417323235774e+00 -6.494864841276780654e-01 1.563819878786492756e+00 2.599151923328373304e+00
2.595433339610116352e+00 2.656661454959220681e+00 3.063663896700879796e+00 2.892561237315103284e+00
-3.940256174317690041e-01 -1.079107305640386372e+00 -2.269333775801684716e+00 -8.766046175913151384e-01
3.647466518848400119e-01 -2.958619067428537974e+00 -3.234727515360213079e+00 -2.658051083331106845e+00
8.226051506127233237e-01 2.876247221335960003e+00 2.027403254980919112e+00 2.859239077388851413e+00
-1.707515892604930974e+00 8.389790314001397409e-01 1.597901410500150554e+00 3.962893267984555212e-01
-3.476931812357999974e+00 -8.805828746327363232e-01 -2.664481704294439979e+00 -1.609197994153102274e+00
-2.847673485577588703e+00 -3.086018722412465110e+00 -1.609686865531955169e+00 -2.608186539278300131e+00
-1.066972583822925591e+00 1.271478455349571046e+00 7.286650035051438490e-01 -8.295199964899399592e-02
-1.350955574104531598e+00 1.353878839467280160e-01 -1.136213804722496556e+00 1.062102185456037073e+00
6.373624151737512511e-01 -1.602064554889930159e+00 3.609998003130236444e-01 7.224706334200284852e-01
-1.550237072795062954e+00 -2.642161872379578114e+00 -2.727681929729566246e+00 -2.636036040158817872e+00
2.149289040262244710e-01 -1.966059904016006277e+00 -1.964586743413596626e+00 -2.354558495584426314e+00
3.006033852637267412e+00 1.722298487622320406e+00 1.242642811243817702e+00 -1.013186907836260753e+00
9.415263941142254511e-02 -4.695873952548039743e-01 2.251593990150593527e-01 -8.816120237137561322e-01
2.716457082525438604e+00 2.829586272241749523e+00 2.275661854686778174e+00 1.998994980305485392e+00
-8.923178865870927678e-01 -1.462319497418683500e+00 -4.936225192384106619e-01 -2.342285184204029314e+00
1.487508778826695188e+00 2.746699675096170523e+00 2.030730178171379574e+00 3.750830818941674583e+00
2.333996694126952154e-01 1.222870733621555628e+00 1.104288605965673353e+00 1.956240190204852292e+00
