-1.368564558758251337e+00 -9.755596750117024873e-01 7.034048673121003070e-02 -4.203313454543650685e-01
1.175250816996706416e+00 5.502428797534814064e-01 2.694091325852139285e-01 -7.045646231055351372e-01
9.995348257679763648e-01 -2.901934287103974941e-01 9.307179725754607946e-02 8.472129275660206238e-01
-3.702764717976471127e-03 7.139589389229699101e-01 1.011584667260342796e+00 7.658280685786347242e-01
-7.480363112234549305e-01 -4.061762019822283687e-01 -1.278064676424217616e-01 -2.548381103587396557e-01
1.360374874462050646e-02 7.551686343828709624e-01 1.013847209811458372e+00 5.568674772667802086e-01
3.532679090924156218e-01 1.556543545852392185e+00 8.279834380014544637e-01 2.211283993539455484e+00
7.912612682693903610e-01 -5.488258748583034752e-01 -1.658724142037858174e-01 1.005388576644417720e+00
5.847278614991895385e-01 1.748158152908980689e+00 1.422663821030824005e+00 1.481591008451084379e+00
3.726514234384943614e-02 -1.782170214521516804e-02 -1.388612239708061136e+00 -1.811814397798793275e+00
8.914521309923267856e-01 3.709893405032731462e-01 8.018146246742220706e-02 2.163281692258413880e-01
-8.502184053343855852e-02 5.257972710629905677e-01 -1.575964513500667019e+00 3.073395946030861303e-01
1.073532878748178820e+00 -5.084231458172234347e-02 -3.346341682601386425e-01 1.205107125816645919e+00
1.310619770040675203e+00 1.730409847087512665e+00 4.973446090094527650e-01 1.913716125632232978e-01
1.481972413921436305e+00 8.393250315668254746e-02 8.420768971250754964e-01 9.860629169325251242e-01
3.665361825162261611e-01 2.055728515350433661e+00 1.112365714579566012e+00 8.049685400607509145e-01
-1.403460661122507003e-01 -2.345841882840377091e-01 -5.384550453966355787e-01 -5.091825723711023571e-02
4.222169960150211621e-01 2.287951888825956015e+00 1.437768882471097791e-02 1.801979371482144598e+00
-1.385722503471285005e+00 -1.637474335576453444e-01 7.949068045694246409e-02 4.212955597615799519e-01
-1.351596467433383353e+00 9.274134725572965587e-01 -8.149386014199124784e-01 -1.059740956043447202e+00
-1.012802462918400925e+00 -7.316873644876666916e-01 -7.801955541249132597e-01 9.390164453491935959e-01
3.696165159825764990e-02 -6.333922719260207668e-01 4.239998956113814610e-01 -2.780185496758690866e-01
-1.091645570708239532e+00 -3.200394723687922105e-01 -4.075522568670200685e-01 -6.924822023650991643e-01
3.370716862473699393e-01 5.802486093118915944e-01 1.126978686927792572e-01 -9.958890917655371933e-01
5.885072597710777620e-01 5.498156802241243035e-01 5.896343812645381544e-01 6.319858932524983208e-01
5.679279225619011662e-01 1.458132974250858860e+00 1.184158425820566407e+00 5.333824485658702486e-01
9.989792795091650968e-01 1.558494024313016313e+00 1.271163513910419818e+00 7.310984443623620432e-01
-1.246548570439379278e+00 1.368816286719322095e+00 -7.456459195242352844e-02 -4.088882477093271350e-01
3.178046003647110318e-01 -6.899925944644892395e-01 -2.336921296005373405e-01 -4.274945887861558713e-01
-3.217953842785205576e-01 1.168823652326199447e+00 -9.868741815829358277e-01 -6.022391538725478943e-01
