-8.098821246974023669e-02 -1.541002754324397907e-02 -7.472128422912610590e-02 -1.228057753010368958e-01 1.271018878690119702e-01 -1.618628215792486114e-01 -5.835271187170977536e-02 4.183955609708688711e-02 -9.936264640626026393e-03 -1.012372261383757688e-01 6.921137073700139863e-02 -4.093756120449871388e-02
-5.659542368439179211e-02 -2.710018773781964346e-02 -1.389723201094133498e-01 2.125670281883311821e-02 3.099226180064162256e-02 1.135858877414126639e-01 4.773678856053345521e-02 8.924123432596563210e-02 -4.054876621424907679e-02 7.849615481666707972e-02 3.167796936862382617e-02 -2.579390254017955436e-02
-7.654262395261127172e-02 2.064159144614594044e-02 -8.427714655304917313e-03 -2.007677926593693166e-02 8.671294443881799596e-02 1.754410481654726517e-02 6.762179880975291435e-02 4.559370536472755892e-02 -6.242721058522475441e-02 -7.606983327445335230e-02 -2.159562275007647913e-01 1.235429035710561840e-01
-3.285610718147011916e-02 7.324143777637281971e-02 1.871960172965900270e-03 3.581072860581931833e-02 -1.036919523951133904e-01 -1.848520982492480591e-01 8.403742645614503334e-03 -8.092049601668781234e-02 -6.608871490061468679e-02 -3.120590527036940908e-03 2.681477199558258279e-02 -1.988909275938416932e-01
2.645609434987955533e-02 5.912557048521328157e-02 1.623728791346794043e-01 -1.930272134324017078e-02 5.058455919829498923e-03 -1.905693071854993315e-01 -9.148186958558982007e-02 5.266135210855443088e-02 7.482345239324139988e-03 1.810490311375564216e-04 6.218448950032622741e-02 -2.966117674108544478e-03
-1.302714159974409890e-02 -1.393039363255542118e-01 -1.127138170373103224e-02 9.967636644792271516e-02 2.227244844913942728e-02 1.952592637413226584e-02 -4.875929538043223023e-03 5.840186076089961403e-02 -6.960438502127799798e-02 -1.507325306739815685e-01 -1.789925108935297715e-01 9.598266723640155873e-02
3.866069662895876835e-02 4.390747084272283995e-03 8.482001972126382294e-03 2.837788741144603791e-02 -3.798060997285428175e-02 -2.796471521159464568e-02 3.580517273908022640e-03 -1.994160638296703092e-01 -7.214776681857940077e-02 2.243305516537768760e-02 9.262588970221818929e-02 1.223335257761847539e-01
-2.744812970099832355e-02 6.812673384480150141e-02 1.323631451794252678e-01 6.333129148846847190e-02 3.320235133211132950e-02 -3.523703635512269450e-02 -8.754852513215841125e-02 -1.008659917337841189e-01 -3.400352263940416286e-02 5.411799264989613362e-02 -6.652873289641972332e-02 8.323940064359902635e-02
4.320263952524601436e-02 3.661394898024274841e-02 3.961882001292965638e-02 2.923958611526035825e-02 4.763857213836256155e-02 5.518536176910758539e-02 -3.174538233052402736e-02 -6.370340962544975005e-02 -1.115142252654028887e-01 -4.381681933547123403e-02 -3.790096381649533941e-02 1.185216160461786093e-02
-1.939612054055673274e-01 -8.277102410307593527e-02 1.171616868325288940e-01 1.602737858638722257e-01 1.560455984983858888e-02 -4.430792325215116012e-02 -5.833865659025365413e-02 -6.693011653122991900e-03 2.628989943355578354e-02 1.155851077444032815e-01 8.329652278196930659e-03 1.131202312535466992e-01
-8.366748330408740886e-02 1.103184333667580619e-01 -7.679571318467948160e-02 2.160935369053715582e-01 3.606182771430714584e-02 -1.496870873285566575e-02 4.891849849937804362e-02 7.707784556047338198e-02 2.945178484161354096e-02 -6.565721043687333669e-02 -9.261873034083634160e-02 6.761979691810378508e-03
-4.468505887247021732e-03 -7.546001518754671955e-02 3.466631845961197500e-02 -5.683641270496415238e-02 9.583334186645664499e-02 9.077034690530963457e-03 -3.476666094562025355e-02 -2.440290101434859291e-02 -5.553895988883710000e-02 -7.439481052158503083e-02 -6.392839833872407396e-02 -1.028323699384061096e-01
-5.047746136097552155e-02 -2.069500964407163662e-02 7.808265384410478793e-02 9.318208176360653905e-02 6.441253643401373408e-02 -3.692209760446545086e-02 9.066510931112345406e-02 1.127899836285973928e-01 -1.978588651585226274e-02 6.447860252504841738e-02 -2.328854259622601622e-03 -2.597524137449262749e-02
-1.476719776472072872e-02 -6.302977147788846324e-02 -6.444763906789219288e-02 4.533509260915685041e-02 -4.481956532713912700e-02 -1.498426289123552455e-02 -4.951744222525716888e-02 9.764841900216033460e-03 1.324477621596696908e-01 5.211000514385886323e-02 -9.039389666672868057e-03 -1.081897646413044756e-01
-6.779962001719472275e-02 5.755631672856934694e-02 -1.987678725172130623e-01 -3.102123656735641249e-02 7.223958017764905981e-02 -1.571451819305798303e-02 8.435695154875580415e-02 -1.150992287638395867e-01 -5.441860715833839179e-02 -5.803156557238634689e-02 2.977222145332081987e-02 3.618525915658109965e-02
-1.406605237356990390e-01 -5.076610027676265423e-03 5.761031945549144329e-02 8.265772521029057796e-02 3.130626077816249520e-02 -1.055116970481899258e-01 1.014626602150877355e-01 3.381229021208283919e-02 4.425326999912478076e-02 1.180557946123652613e-01 4.892827558979917502e-02 2.510457743383530393e-02
-2.031406712144322863e-02 9.153061652281896388e-02 -6.128525594175759927e-03 7.084871679550439061e-02 -6.888179774659619614e-02 -1.059745131312730820e-01 5.084488702589853859e-02 -1.001710683790286022e-01 -1.496352647434707160e-02 8.374404686653826035e-03 -1.152375333635899946e-01 6.871676495948564334e-02
7.280751570384701166e-02 1.552694215340473249e-01 -4.986932404821513287e-02 -6.200399613324415055e-02 1.927331916175553939e-01 5.415369421284714491e-02 -1.893119542730924837e-02 -4.337185387865754443e-02 8.030879004255464526e-02 -2.561918419548864581e-02 1.433158693120242799e-02 -2.792657292935889213e-02
-8.525666624558618512e-02 1.347390698275218179e-01 -4.500517148248754651e-02 -2.727366954623813497e-02 5.036248065830971343e-02 -3.183346482762209467e-02 1.525151669713757652e-01 2.797718460897577128e-02 1.206661991416101143e-01 -2.542438714291250790e-01 -1.138754790347288048e-01 -3.852943293353765924e-02
-2.145602786772455861e-01 2.584762544704757858e-02 -1.374551860054765151e-01 -6.691946548100484969e-03 1.969479107617649050e-01 -5.635581568765325733e-02 -1.019105854303213078e-02 5.212471894637913522e-02 -3.128481193848091368e-02 4.387788979203591927e-02 4.306690149509581622e-02 -9.674585547585137779e-02
-3.486833070391731626e-02 2.356084792542826878e-01 -7.810762431789811978e-03 -6.811759245060577950e-02 -1.250099577119308941e-02 3.953834147983918690e-02 -2.154439074303565738e-02 -6.459647114886503394e-02 -4.869424304921486299e-03 -6.592516254211430726e-02 -3.338894160731366387e-03 1.467771731812086977e-01
-2.279227588156694517e-02 -2.462067003514167157e-02 3.147552602798232846e-02 1.688081542162899948e-02 1.478129986648072519e-02 -3.579800527335381954e-02 -6.977206507115898959e-02 5.318128625286879657e-02 -1.833846880940720112e-02 -5.641034228363262654e-02 1.486773277781879010e-02 1.499690998511006290e-01
1.336420215923643240e-01 -4.792794556596614158e-02 -7.443078277595779890e-02 2.707727432078549726e-02 -6.162296840908956796e-02 -3.952452143103436788e-02 5.048601885606274209e-02 -6.308165428612014236e-02 6.880611287429364009e-02 3.008163341308480940e-02 -9.934537926273456776e-02 -4.865312795489347246e-03
2.016468812015351914e-02 3.380632883427375085e-02 1.665451744505437582e-04 -1.392626594933301931e-01 -7.215040538729122765e-02 -1.527314037986863063e-02 -1.483416482115557933e-01 -2.051545568721955051e-02 5.269994758539517724e-03 1.357878999502019624e-01 -6.650271180290559525e-02 -1.823674456817069300e-01
-8.467060932473800816e-02 5.579726628863974219e-02 4.862934122240833434e-02 -6.976770021528322374e-02 1.697237356865815205e-03 1.955108394147873352e-01 -9.638955270078053417e-02 8.486520091387035614e-02 -9.521481614054908005e-02 3.091340735612542814e-02 5.988087994742076481e-02 -6.273943067566599419e-02
1.378855318407231079e-01 7.400913244881171527e-02 3.682773651578988977e-03 -1.426739001807621199e-02 9.472663247408749654e-02 -1.900593198185594745e-02 1.210962391705104058e-01 3.085675797547663204e-02 9.350019636287112967e-02 1.536657903649998325e-01 2.386081722943270839e-02 4.952294103246323437e-02
-1.276062481182459185e-01 3.002257257832027099e-02 1.191573953672324382e-02 -6.033363610464544807e-02 -6.351545497592479828e-02 9.183947970853707787e-02 2.967178786175292404e-02 6.455193294228762924e-02 1.964997303794933647e-01 -1.782771264405349013e-02 -1.815500179190766145e-02 5.451940149787250917e-02
5.452490071062018884e-02 -4.763195551184107486e-03 1.304409888380634874e-01 -9.071331638571544786e-03 -4.818748277580947592e-02 3.451473004053205729e-02 4.922167320566590842e-02 -8.507991890725243034e-02 8.862618447505696273e-02 1.095671648750148539e-02 7.873662886322274623e-02 -2.073371408819333489e-02
1.477490358428402151e-01 -2.846892232496540248e-02 6.868943701916874200e-02 2.582056366497624197e-02 -5.847390384417951170e-02 -1.918744799268310569e-02 -8.929246948373004145e-02 -1.887516836022635688e-02 3.227112741596589729e-02 3.556922307932800648e-02 -8.316893844917633283e-02 1.378252506766345920e-01
1.514623147239472188e-02 -4.955656285257158816e-02 -1.238270590992020526e-01 -1.332471137945588635e-02 2.729830376512447365e-02 -1.566623177293802460e-01 6.864827748786392347e-02 4.710816734262129185e-02 -2.670570689971630760e-02 -3.411547493125776515e-02 7.923931017694257894e-02 -4.170093049021540016e-02
-3.078932827565168673e-02 -1.230580300471965233e-02 4.598371579372415030e-02 5.421549584643462621e-02 1.774804582588259154e-03 -4.231298318269337277e-02 2.276661031188357415e-02 7.449687814698484345e-02 -8.573006616836847948e-02 6.090385915522115307e-02 -1.080151803366143914e-01 8.594910637047156743e-02
-3.942938304608775008e-02 1.146910979666871944e-01 4.812362864376688865e-02 5.906362790463186990e-02 -1.054886495110981398e-02 -5.887967012540673561e-02 -8.845740005823698668e-03 -5.456609380937673531e-02 -9.037803415867076695e-02 1.071856173394913070e-01 3.782608642218510120e-02 -9.770653024980485712e-02
-1.000781676043032004e-01 -1.169696516435229372e-01 -6.622859752278337231e-02 -1.029895654483730383e-01 2.369998377682795143e-01 1.740531597963965171e-02 -5.475563559445691120e-02 -1.624226808060383331e-01 2.715636219066550408e-02 -1.194927801825428765e-02 1.174023732690640531e-01 -3.264762239752979495e-02
-3.292207945207190414e-03 -4.661787596557499282e-03 1.927687380499955088e-03 3.839881337480858386e-02 1.367452524662099711e-01 1.130752577959923538e-01 -2.480556158900237840e-02 -4.375906148770102727e-02 7.325427584129616879e-03 5.550287644256626102e-02 5.234496404065618058e-02 -6.507091123290700829e-02
-8.912142658177356347e-02 3.102000923224504381e-02 5.994488665537385519e-02 -1.794533476530962499e-02 -2.282833430927852514e-02 -1.431922255385165432e-01 -5.813792366923767330e-02 1.185778487781026375e-01 -1.823358208078733611e-01 2.391774372165679161e-02 5.939640958201596564e-03 -3.617421879424980585e-02
4.798856908910353186e-02 4.262577885308662523e-02 -1.403415714701573558e-01 -1.266807146760605962e-01 -4.837410408183487331e-03 2.565669454387116410e-02 2.461407466445564990e-02 -5.030227007053652416e-02 4.192653630279012666e-02 -4.176303072797391686e-02 -7.514457038471331063e-02 8.863749825204493907e-03
-1.083313437305684773e-01 6.259906084599663190e-02 -4.512172725787585992e-02 1.055079831732392004e-01 -2.011500977611417607e-02 -1.000986761024089539e-01 -1.273867552598923758e-01 -1.731886510722045469e-01 4.563549497574911906e-02 -8.318147007619880462e-02 6.300583767688405779e-02 -8.172903837428116547e-02
3.198657651760809101e-02 -6.074099644494807687e-02 -2.402110295213209096e-02 1.851108328569268380e-01 -3.960154373231908331e-02 -3.535163079064336262e-03 -3.494704941349897898e-02 3.845421147260433682e-04 -7.936975388719816338e-02 3.759002998248974631e-02 -6.911942575329238503e-02 -1.995454923738213676e-02
-1.415665648324841187e-02 -4.063485476842996352e-02 7.835265800354687671e-02 -6.743498182097878990e-02 -3.368388579280705286e-02 1.959824989956530372e-01 -3.883421496462019507e-02 -5.317850264737918747e-02 1.252383945670060283e-01 -9.702291626286244086e-02 -3.223806153906386140e-02 1.075881594219176562e-01
-9.437728168882340840e-02 -9.001863656630994942e-03 3.195271415973024998e-02 -1.011984949447120030e-01 -6.128598251184103757e-03 4.498468450358280440e-03 -1.747875001309432130e-01 1.876379612187457566e-02 3.856432719940684761e-02 6.758736133612437517e-03 -3.030675903267664867e-02 1.213790706239319117e-01
-2.614792438629832960e-02 5.171323807549047663e-02 -6.360931205385611520e-02 -7.954004586715577793e-03 1.737941880522725357e-02 1.112445443493701308e-01 2.372949357097686729e-02 -9.714988798796692342e-04 1.582892607590999368e-01 -7.049829923048611148e-03 -3.076838898077907669e-02 2.707208218681052964e-02
3.158383314976898060e-01 -4.890866143712364195e-02 5.838382871736332025e-02 -4.919762885591252161e-02 3.310178439611817860e-03 -1.411056145035568254e-01 1.886485984481761913e-01 -6.237174524268950665e-02 1.050460426165746551e-02 1.115550128424546705e-01 9.824991314280870358e-02 1.342663489813262778e-01
-2.846964115537055362e-02 4.778425397888353549e-02 5.912542151443371530e-02 1.284369594355808802e-02 2.272741927270503087e-02 -5.654861718952385041e-02 1.092517697058925930e-01 -8.622960771155351034e-02 3.565845873238372710e-02 -9.692573212241245573e-02 2.094967420806919944e-01 1.268080173123879439e-01
-3.629503633179594069e-02 -1.098075072372145800e-01 1.466807345775376081e-01 -1.115196999361100713e-02 -7.874484099556425254e-02 -1.381421964105168099e-01 -1.140985065625284810e-02 1.381702387317053637e-01 -4.976332245368639273e-02 6.564080063825143870e-03 -2.448775113610916210e-01 -6.365185258532590762e-02
7.871288643979638955e-02 1.561627910419034482e-01 1.442503646929368250e-02 4.718690756151353548e-03 -3.133349159824264096e-02 -1.251351231003671599e-02 1.225410588088559627e-01 1.012526889913947931e-01 4.273866366498053904e-02 6.172072809524966480e-02 2.211452797487258124e-03 1.117447172153606672e-01
-6.016364234942506162e-02 4.295583686118423922e-02 1.147050037081970841e-01 -1.094102892199072807e-01 1.335063205560409194e-01 -3.499970096017678001e-02 -1.393243457856747358e-01 6.804188234715989603e-02 1.425702344337897824e-02 7.994952064812393955e-02 3.745840396280897266e-02 3.166783001884898585e-02
5.201012240270135034e-03 4.532787641835198805e-02 -2.614665357440077442e-01 9.671275507492976820e-02 1.285848486692044712e-01 -6.307554062882922419e-02 -6.156189148169700920e-02 1.209293706997167928e-02 -8.226702346469752861e-03 2.395007968543686958e-02 3.303014894946668112e-02 -5.425298922981048461e-02
2.201001273012428289e-02 -6.171605595266844296e-02 -5.244060877378527163e-02 -4.428194907915951502e-03 1.987835224481054267e-03 -4.308645176862956061e-02 -4.505694357556248864e-02 5.339094475993879513e-02 -2.736369380212916660e-02 1.168591730677729923e-01 1.094303177135869803e-02 -3.279049743395798938e-02
-1.311905915664948220e-02 3.073177961620226356e-02 -2.484112212848314794e-02 -1.011175084488687703e-01 1.035620672178315937e-01 -1.275487013700577210e-01 -7.220876451589702816e-02 -5.057918838457969163e-02 7.786267528443516217e-02 2.445957111965689837e-02 4.431979392938093475e-03 1.159521135277563342e-01
2.414622289817818512e-01 -1.685376502834758927e-01 -1.643342906665948844e-01 -3.150874037163765573e-01 -1.054946362185247566e-01 -2.053218411859426829e-01 2.296272002693203473e-01 -5.390056493260222265e-02 9.258462526436811446e-02 -2.125495033527339053e-02 1.058992941885804947e-03 -1.758223572875066143e-01
-1.070059645176639901e-01 7.378106995434546844e-02 1.378535036359038735e-01 -2.169094926622941108e-02 1.006521826062825586e-02 4.713181976417817054e-02 4.966465951283360013e-03 1.849454098056277709e-02 -4.258038689219773021e-02 8.974592549076135239e-03 2.083016496011523121e-03 1.885071308212003804e-02
1.377889649689371110e-01 -1.083664194344578502e-01 -5.683679036462062351e-02 -3.787227553970684644e-03 1.432233646930673177e-01 1.998763912662109010e-02 -1.356370331192191803e-01 1.711749444421535871e-01 -1.883548699531611970e-01 -1.226605468241417224e-02 -2.925318091955573380e-02 1.936891612532128104e-02
3.451459339021246270e-02 -7.503451941110042545e-02 1.998607850024931021e-01 -3.785719961327835975e-02 5.830669571789388883e-02 -7.869679322805851751e-02 -9.031240111881935761e-02 -7.896928463772891205e-02 1.418582536975250726e-02 1.195032512974632949e-02 1.223860714918375003e-01 -9.528177350081351582e-02
-7.918352674467317442e-02 9.678515823238678650e-02 -3.987059863871633691e-02 8.987916796022718535e-02 -1.379299391952367448e-01 4.752701935198118399e-02 8.864697958129860722e-02 -5.798636190173509647e-02 -1.421988731356921276e-01 1.016898100505526092e-01 3.525622742667325338e-02 -6.295006748236442462e-02
4.642904758209343702e-02 -2.372346888784127722e-02 3.861282606634110215e-02 1.064988348340951962e-01 -1.010681124845293211e-01 -7.060471780216225068e-02 -2.718009504812015070e-03 -7.817981434751049286e-02 1.191880954532461255e-02 -5.292476680954629614e-02 -1.182978240645562173e-01 4.919348361048356960e-02
9.685625965761746406e-03 8.825793863515676851e-02 2.145673649530521060e-02 -3.520150025071365442e-04 -1.060366216607216787e-04 6.228089661802969912e-02 -1.492951226095669270e-03 -7.075096347461960755e-02 5.741407017212522834e-02 6.851769770394264270e-02 1.384378194804063156e-01 -3.968638469134800478e-02
-1.879789889826432026e-01 8.127017020564314409e-02 -1.881864933265264272e-01 -5.241534908778237162e-02 -7.551455478068450078e-02 -7.732444903173273099e-02 2.676821870816191440e-02 1.528206618396583671e-01 -2.743887392199576827e-05 -3.403552913786542927e-02 -6.135494384594571138e-02 1.402240896673612736e-01
-6.813778136436032806e-02 6.949543461596460747e-02 -6.639702817412312941e-02 -4.903861012925577606e-02 -1.617686522976309049e-01 6.505828002282117162e-02 4.690443517288850339e-02 3.307678454896856995e-02 -6.898748880495789160e-02 1.380954751810394357e-02 1.169963174162803043e-01 1.916960309253886718e-01
-9.430585880005730448e-02 1.866938533035595316e-01 9.792721963014347497e-02 2.007289439610694670e-01 7.139037245584892166e-02 1.036993741253935813e-01 -8.900723832450499473e-02 -4.871412371816253445e-02 -2.150872917766724277e-02 1.175530338987045009e-01 6.566692782933958306e-02 -1.223032849253448406e-01
7.588709197995545386e-02 3.833786019194281719e-02 -2.890462244056550556e-02 -7.004647216271110526e-03 -5.512459256830397336e-02 6.851136187199242944e-02 -1.008478767748046678e-01 1.566531679411678826e-02 1.030165733634207381e-01 -2.875745726979879804e-02 -1.678907638701147148e-02 1.013278321468065284e-02
-6.799456699809601490e-02 7.633535646073899561e-02 -3.688377464439802217e-03 -5.366587911757194490e-02 -7.339837006845650880e-02 -1.397810188083130345e-01 6.526875526233885151e-03 -1.092756184919714130e-01 4.217956603637137980e-02 -8.205107477151354911e-02 1.144451671368276052e-02 -8.005701913591900531e-02
-2.318116872939927908e-02 1.314602862338341005e-01 1.345743554776728246e-01 7.487318610779325478e-02 -8.906425499328751716e-02 -1.225614030575835206e-01 -9.363190083858122237e-02 -5.893658295168776456e-02 1.706365951863823560e-01 -1.407221108579981839e-01 -5.247707975484536790e-03 1.852876338389927713e-02
-2.810290153829891890e-01 -1.844182469436858041e-01 1.056542494041128599e-01 -1.084955405739720935e-01 -1.932128650812332815e-01 -1.277336940259017062e-01 2.871426444259855271e-01 -4.148358651471658470e-02 -8.445327646193628857e-02 -5.186734427955396083e-03 -2.746475580508560277e-02 6.521954433122958972e-02
-2.016673580725945047e-01 5.675615457041111728e-02 7.383439569889116427e-02 -2.622440327989393818e-02 1.329620052443366840e-01 -9.186760512853448923e-04 -2.908751669951512714e-02 -3.390815175010556543e-02 1.426620002780531471e-01 1.055021019242278202e-01 1.113145127591703698e-01 -1.071797760921727460e-01
7.469027574891405619e-02 1.051892577243560278e-01 -1.312590614799731825e-01 5.232303228571887760e-02 -1.502961909525423467e-01 -4.357975733846438521e-03 1.587020409296080459e-02 -1.669997786547531768e-02 1.343834463625343152e-02 -2.943124024409510611e-02 3.495214108098196326e-02 1.161788312389293309e-01
-4.479465542844482395e-02 4.798369954099371976e-02 1.989751059265823518e-02 4.672508323921416989e-02 -2.844111758279802699e-02 -7.459523483376058473e-02 6.187597162877526979e-02 -7.964973040450433472e-02 -8.478584932231162871e-03 5.592658996417197020e-02 -1.571052653601201776e-01 5.639955485607379276e-02
-1.043745717346454722e-02 -1.095907616525096662e-01 6.933102429371887365e-02 -2.519644886664486050e-01 -1.067958192590953426e-01 -1.220124791286010674e-01 -1.145082427147982584e-01 -1.692165634676712771e-01 -1.933618523575743597e-01 9.184750762956980785e-02 -2.092103097606665824e-02 3.156478334393527513e-02
-1.518115161914491695e-01 -4.667502350623790180e-02 -3.545668152540402962e-02 1.253509231852160399e-01 -7.455773523642200695e-02 5.040172032345380249e-02 -1.970031415638819061e-02 8.748961236714196399e-02 -1.191914904163506594e-01 -5.533953141886937405e-02 -6.397037521521675707e-02 7.288203584143099212e-02
-6.572765947532531461e-02 4.871863893648335081e-02 1.061604012607481606e-01 -5.599602716657073494e-03 1.953568948680425854e-02 4.807208437840233828e-02 5.214683612701798143e-02 -4.140422361388159528e-02 -1.372008051547886874e-02 -7.663151503862078440e-02 8.590479274418267447e-03 2.113212723010104988e-02
-6.799819973358170455e-02 2.285730212383421667e-02 5.558941598695577024e-02 -2.861583819879892979e-02 -7.022403273278654545e-02 1.594522404884399502e-01 -1.087979674344692060e-01 -1.010595666969921341e-01 -4.957808357056575632e-02 1.247904900398099370e-01 -1.452842740925016363e-01 -1.334741979977359660e-01
1.391404793625115703e-02 -4.149568358712505539e-02 3.178410918560450882e-02 -7.617280282914484779e-02 -1.410524961530457491e-02 3.143924620130798819e-02 -1.871107708619586807e-01 9.083331274721793969e-03 -1.392202250759239091e-01 2.584731692929632604e-02 -4.629855475597952075e-02 -7.068140145843906930e-02
1.323363516512801041e-01 -9.358671927624840486e-03 -9.477856600422582267e-02 -2.864030148737043129e-03 -1.437732074625564793e-01 2.476797112243191157e-02 -3.279785579520708150e-02 5.196070478539702858e-02 -9.496408397964059556e-02 -3.946032252530528445e-02 -1.260515287292688497e-02 7.476923016244664370e-03
6.651295367129633762e-02 -4.596014467858356052e-03 -3.856197733342814436e-03 -1.137140493959563625e-01 -1.931576307952852234e-02 1.828687825588481697e-01 1.074312817885117177e-01 5.632347217462054662e-02 3.266011795394742345e-02 1.582537996883482401e-01 -2.944127795675808429e-02 -8.752472872578639929e-02
-1.922643811005217418e-01 -1.128497547172528093e-01 -4.219809151033146466e-02 8.504617487234497619e-02 1.897730305289526548e-02 -7.749368221066728346e-02 5.220326942992914443e-02 -4.344504524239999749e-02 -8.238020267264761776e-02 9.676157388760514566e-02 -1.036742026091956870e-01 -1.673759013302574816e-01
3.412897865337552179e-04 5.234260320556078511e-02 -4.632974303827637474e-02 3.128730568454975852e-02 -6.535195857366640770e-02 1.320494415631877916e-01 -1.697413491409851816e-01 7.577852577550674151e-02 3.006596542050599553e-03 3.441587371861464656e-02 1.529712780044599485e-01 -2.930335646479336614e-02
-6.596926805648481440e-02 -4.879858141564450552e-02 1.285784352696779376e-01 -2.108210023104161931e-02 9.713479947515776813e-02 6.867176134573012292e-02 4.836056759859264087e-02 -9.832969117255381530e-02 -6.087373748976382393e-02 -1.345480383875582997e-01 -6.563546071928277881e-02 3.917882225619648967e-02
-1.679011183067762730e-02 9.934366263066724684e-03 3.660508786168856221e-02 -8.362232142589595685e-02 1.620838248807794091e-01 -2.793154077160806686e-02 -8.790311957314630997e-02 2.122246537112293732e-02 3.568410570754063094e-02 2.627316718570650925e-02 1.328141259919687622e-01 1.004092764694945461e-01
6.193938428499478482e-02 -1.286319041037995922e-02 -2.698495908199857740e-03 1.110967180081903066e-02 -2.971865836953786061e-02 1.505141967712923246e-01 -3.413390905072695436e-02 1.548431542938088490e-01 -1.855704937011919348e-03 7.178420670111868018e-02 -3.453321185215436906e-02 -6.290212560690274478e-03
8.699097215418856444e-02 4.152629861946970785e-02 1.593972669861458066e-02 1.065854733402797627e-01 3.387340194790733339e-02 1.121648580027982539e-01 -2.372358376361933998e-03 6.594085464102454608e-02 1.308063719226621423e-02 -6.403744948540395811e-03 -1.308042937418303076e-01 -1.183358797845820154e-01
-5.507045541128435806e-02 -8.351945295231949506e-02 -1.202102802666941417e-01 6.551823722610056189e-02 3.315956336308262253e-02 1.505403245143356605e-01 -6.061364331836277541e-02 7.536631018625948586e-02 7.660716179139417936e-02 4.259701608428052150e-02 2.362833315338914303e-02 1.886647165395237413e-02
-3.653993062438744277e-02 -1.000006951175975711e-01 6.169544332577139856e-02 4.773837784913458754e-02 -7.207086033687787330e-02 7.775466674333933285e-04 9.001405265479598891e-03 8.839596336388573505e-02 -1.632091708076888192e-01 1.869179413150774405e-01 1.301910035819760780e-01 -8.494012991751831443e-02
-9.890645616673675311e-02 3.403307047418747261e-02 1.427749214258149102e-02 9.358237133207242264e-02 3.545271493860169265e-02 1.405880488440682530e-01 -1.387170649410366108e-01 3.807004982870423188e-03 -7.004562105837131014e-02 9.599216834963575362e-02 -2.442699685441252627e-02 -5.953932053945409225e-02
-2.248557993526280052e-01 -8.628792659698472645e-02 3.557395029802215558e-02 9.120667802637835719e-02 9.402552320534791203e-03 9.218537049668236449e-02 7.217034345600517597e-02 4.819959953915577827e-02 -6.087953622888128691e-02 6.766143050052075836e-02 -7.291019331743486820e-02 1.397661971726772978e-01
-2.572742971569167425e-01 2.284531742803808801e-02 3.774737798942203182e-01 8.313720126784980291e-01 4.273683212196712211e-01 2.088372414316659598e-01 -4.112100017499408788e-01 -2.150950637594822509e-02 -3.842091848912858043e-01 9.807354020562097929e-03 1.130306071781230770e-01 1.521452191211398186e-01
-2.635388309902466086e-01 1.040512871883807478e-01 -2.185693004627816682e-01 -2.460538701780159709e-01 -2.627157960976616580e-01 -5.530369094923193174e-02 2.626823954764570535e-01 -1.466494806813697371e-01 7.128952792022233420e-02 -2.165042258803103747e-01 -1.160385583852977798e-01 -1.561865225554586734e-01
-7.056723061992194179e-02 3.592193756693227297e-02 -1.056622385137676590e-01 3.190712749235928569e-02 2.082515592325765164e-01 8.402607862847420728e-02 1.412420323066173877e-01 8.016747137070220908e-03 1.417133376483986629e-01 -1.911130941330458355e-01 -2.140847340019871037e-01 7.273042050384609380e-02
-7.334602683420909930e-02 1.112103922486835095e-01 -1.221797818304794503e-01 -2.923605989481439446e-02 -2.031141986844890723e-01 4.681482218860778810e-02 2.290034387916563829e-01 -8.764483678829503022e-02 4.908800876146528214e-02 -1.721164717266234975e-02 9.454418993380241804e-03 -2.595666060345825366e-01
8.434614436900116086e-02 -5.673350255993280140e-03 2.343594132066346980e-02 -1.604542952171686687e-01 -5.801107044599539131e-02 -6.007273451416297871e-02 -4.820397557628366969e-02 3.258981852527748774e-02 9.156231650323717886e-02 -2.865253033748427127e-03 -1.048680106505310294e-01 1.207917992827935438e-01
-1.593086434610831437e-01 -2.133683786257377715e-03 9.744883499375822655e-02 4.490697095898151490e-03 -9.809491837044526097e-02 -1.687704146632300339e-02 7.083548002794956555e-02 -9.024755001440169788e-02 -1.195543890803578702e-01 -1.499086343916972708e-01 -2.209816764222764240e-01 -2.282562912917187464e-02
8.606992302021303221e-02 5.102772430195149506e-02 -9.953805377102734053e-02 -8.945092870318693823e-03 1.118014271442889229e-01 2.753382624759900810e-02 -2.843033785999266733e-02 4.388272435897793561e-02 9.622367073530002646e-02 1.455857295648224636e-01 6.425595988084970012e-02 -9.821267600371708095e-02
-4.534405393444056187e-02 -7.228605188703712825e-02 7.466060393414711283e-02 5.827661016344772710e-02 1.110142052368889298e-01 6.259575289286535560e-03 6.061175099305317338e-02 -3.039677127158850120e-02 1.721874071641303350e-01 -1.503580690986897235e-02 7.720207356855693370e-02 -1.050810929129033511e-01
8.444788299396428777e-02 -1.209798989925548185e-01 3.783335059890273466e-02 -8.408684431188143127e-02 -7.159904076088841052e-02 -1.248140191713659475e-01 1.002974132562586551e-01 3.402782359192722123e-02 -4.871083141916780768e-02 -1.107102641083519967e-01 1.190468645823709593e-01 2.103241827527498747e-02
1.533606327696780958e-01 5.875078262360650810e-02 -6.058029269906242686e-03 2.178056494029937673e-01 -5.287552950564147411e-03 -2.173399869309967231e-02 -9.818050166570232995e-02 -9.876066589384437100e-02 6.016449096406722985e-02 1.062592028049809956e-01 3.959461272354265760e-02 -1.539254247503257789e-01
-1.218498164411011345e-02 3.560443044329088952e-02 6.056078702039799366e-02 -8.638381225458664769e-02 5.428802121438448813e-02 -3.756075924854044429e-02 -6.953804939198136859e-02 6.750453994089646026e-02 4.733338399624762577e-02 1.252182016183837725e-02 5.754211145162698576e-02 3.142768660778810091e-02
