3.564113649309244014e-01 -5.302248114739865903e-01 -4.268274761787457794e-01 -1.212698202258083308e-01 2.348959262920196633e-01 -3.351021219950620078e-01 2.564211162618708073e-01 -6.514019587178953019e-01 4.751076665122261344e-01 1.380007571020338553e-01 8.060257601800426830e-01 9.357318451426713812e-01
1.323090263984743609e-01 -1.577942149073933709e-01 9.850938546115466377e-01 -6.684247916677839296e-02 1.282734687928407835e+00 7.235548530666111589e-01 -6.322243341118498339e-02 7.145006968734086694e-01 1.648706352067700553e+00 1.133000033613113855e+00 1.338087386132252865e-01 -3.239417825197254408e-01
3.522486253518529731e-01 -2.292788827196972357e-01 1.145343543424354626e+00 -5.999150931739155590e-02 3.073943686232112893e-01 5.878492695851907923e-01 3.151682910601298904e-01 9.410281884483898684e-01 -5.227668188814479922e-02 -5.784831794905764824e-01 -3.823177535370431146e-01 -4.027562966998912142e-01
2.521298869061471826e-01 -3.635294338464153951e-01 -5.051274770096322309e-01 -5.240990349075348442e-01 -1.891941474974267318e-02 7.408200363263551802e-01 2.661836212401047508e-01 7.650527904721429184e-01 -5.232705350770302521e-01 -1.646188850171401430e-01 -6.513948063977991199e-01 4.348249655676726944e-01
-2.480455549485582889e-01 4.745137540433466139e-01 -1.350812120990630416e-01 2.505384495983597470e-01 -3.064629888336997121e-01 -4.726674794757632081e-02 -3.276500149967929709e-01 1.440242328618358825e-01 -5.110772053684659033e-01 -5.922241316180786308e-01 8.054181872353337601e-01 -3.208373980287658744e-01
-4.532390194670830597e-01 6.941910796522128280e-01 4.218695455002143446e-04 4.807359585785217493e-01 -7.325485248784389426e-03 -5.069978236689379747e-01 -5.999054856449457240e-01 -2.487140035211320849e-02 2.608683846052440441e-03 -4.498045274147834949e-01 -1.029372749368548945e+00 3.799717137674004652e-01
-2.558687193696122519e-01 3.667588695841643154e-01 4.763217303731724916e-01 -5.552989333529997351e-01 1.660309402672251744e-01 -1.694350736830202153e-01 -1.110164009164036070e-01 9.743217211567340996e-01 -1.082090472843943108e+00 -1.727117670180562614e+00 -2.361604610164429741e-01 -5.065335851280461377e-01
-6.602327666639991322e-03 -9.306363187214007626e-02 -1.991861170297402894e-01 1.324887813022584265e-02 5.279419282200363828e-01 4.615020971230189284e-01 -3.065039183303181480e-01 -2.854616748421715533e-01 1.780606580144571821e-02 4.237408660248476178e-01 -3.624060593499885408e-01 -8.666163650963776971e-03
3.078120938025477038e-01 -3.221675081288200709e-02 -1.551324452266613640e-01 -5.244022959552927521e-01 -2.991684707183363545e-01 2.324714454175499656e-01 2.665109634350013579e-01 -2.417025498400272587e-01 -3.054374266231142943e-01 2.726682496642195974e-01 3.280424472946356640e-01 -2.606339795677094506e-01
-2.620040822639724820e-01 1.403198740231437480e-01 1.615910574541189748e-01 -1.489130712592353321e-02 3.487880108291478432e-01 3.816988863577663871e-01 -4.820510832263499856e-02 -6.223464198981445289e-02 1.789823793649676642e-01 6.735078646131975599e-01 3.441129450467312889e-01 -5.462045015413511395e-01
-3.964957131439489912e-01 2.379952354379130386e-01 -2.149994621974187503e-01 5.199579546893948745e-01 3.082354326869869432e-01 -1.213178116345499324e+00 -1.761423353300607120e-01 -8.949910816895352283e-01 5.503494316461499114e-01 4.994114982240931422e-01 9.781650864132093726e-02 4.350721301853165968e-01
-2.965241175193881751e-01 6.068224101696300110e-01 -3.736566734998112982e-01 6.507962730740637358e-01 4.808977431264450653e-01 -1.762196661823348942e-01 -3.154376882002013494e-01 -6.396124728489622768e-01 5.184765773738153616e-01 7.226334791324500184e-01 5.544292844811877785e-01 4.019866123011304748e-01
-3.705109746045119890e-01 3.180251329799547166e-01 9.359465211772699522e-02 1.097906120328688839e-01 8.383102089873795126e-01 8.371924044195196979e-01 -1.799263434627488001e-01 2.939828094771474998e-01 7.607657361865945989e-01 8.216066457682008606e-01 3.522358411931988398e-01 -6.122327837241148263e-01
-1.572649118098901344e-01 -5.926864614451149427e-02 -1.706858583134593654e-01 2.470053842581242665e-01 -5.886069499502213365e-01 -4.987256737786599503e-01 6.963019294923437907e-02 -5.886432104750343175e-01 -2.324331816891215818e-01 -2.074863242823997145e-01 2.872603811911074723e-01 8.931705272036122301e-02
-4.755544760754041450e-02 -1.232050541619375550e-01 1.187803611380682245e+00 1.874142041509280487e-01 8.478498878981316489e-01 8.393009377379377911e-01 1.536860119650362011e-01 1.180544749227226076e+00 4.583411282150589017e-01 -6.292786583405280965e-01 -4.801972469651939052e-02 -3.486920877671986774e-01
-4.229551137543193645e-02 3.034008971707831126e-01 -4.459227719277584351e-02 2.114954811406226654e-01 1.609053004141497434e+00 7.585369593000897970e-01 -2.299265633203606204e-02 4.053355705993890168e-01 2.883797574420759458e-01 -8.511898004577442833e-01 -8.475703223504742478e-01 4.198408191611532891e-01
-1.100849102222445364e-01 6.757586659500497417e-02 1.950256970537147527e-01 -1.834025588419976038e-01 5.338541504701727058e-01 -4.141275554472485104e-02 -3.223216229474684669e-01 1.287373762011141121e-01 2.022730998211611786e-01 2.610673410328172017e-01 -1.286986905172133322e-01 -2.027953216430800620e-01
-1.312245079213176548e-02 1.626088585532658448e-01 -4.721471263324937273e-01 2.838477739257115884e-01 3.460072521194129669e-01 -6.058866126971045318e-01 1.369417068232165607e-02 -8.731793438013570885e-01 7.880942892416140655e-01 4.197024784397208608e-01 -1.323292071470416331e-01 8.864549213392248772e-01
8.697175614419740131e-02 -1.997722108416322417e-01 -4.622964738217164027e-01 1.565908914521705886e-01 -6.408229379994813124e-01 -1.009736032160462926e+00 1.150914350181133639e-01 -7.957890504919910013e-01 -2.659433263303791484e-01 -5.890584308119842794e-01 4.147616583250581801e-01 5.419107769757290916e-01
-3.768942092278106948e-01 4.900789008304634042e-01 3.169098999309459264e-01 3.672242743741800375e-01 2.138351650246591781e-02 1.718217818887949888e-01 -4.335078693708090958e-01 6.063897567023064372e-01 -2.863575150299483077e-02 -3.322270364867831449e-01 -1.015410088142902484e-01 2.963865323045198480e-02
-3.563996824254436757e-02 1.808713883705753422e-01 -3.546553715028925025e-01 -7.145889725240345269e-02 -7.609816596267469924e-02 2.841725000119182387e-01 -7.849850020641964497e-04 2.264716734198853332e-01 -5.757109415842660560e-01 -4.684592616079960026e-01 -4.106518334324311681e-01 -1.226901808117106113e-01
8.970665533994736096e-01 -7.079167048549593888e-01 4.839246714410895267e-01 -6.828726405641544206e-01 3.962461631188051586e-02 6.692379138471327149e-01 4.800491440696134093e-01 -1.452222436117388271e-01 1.769728570410253245e-03 -1.864571870918202701e-01 -4.091652790584106025e-01 -1.228175185012507220e-01
8.490601807396959133e-01 -7.711989843469886363e-01 -2.169123258834567691e-01 -8.312835433722647327e-01 -7.751076837348540582e-01 3.248808105142811931e-01 6.468705100697627053e-01 2.175054007343505402e-01 -4.315206571556715609e-01 6.078652488119160591e-01 7.848287507232608595e-01 1.239408678553870352e-01
-4.985787571861555884e-02 1.082793415561330019e-01 9.030295256485948441e-02 1.530978440301558052e-01 2.274689519521537126e-02 9.135019780455679028e-02 4.597390204119444768e-02 5.137069453280576070e-01 -3.975918026442886166e-01 -1.018641551329163564e+00 -4.612077827385418494e-01 -5.459670000533686784e-02
5.111435364840912765e-01 -2.860607489840096274e-01 -1.201158183347044162e-01 -5.590700214227687370e-01 -3.153275501633547306e-01 1.099111815334332665e+00 6.982132947915611343e-01 1.053149369443058037e+00 -4.205365679906972742e-01 2.531981978110297571e-01 6.166662402176694702e-01 2.331126705619798734e-01
3.449560300576904326e-01 -4.966304115187893387e-01 2.288989897314740729e-01 -7.744263058980110914e-02 -1.006609731409395248e-01 9.979526164715777359e-01 2.703613394699904138e-01 6.627719334725810929e-02 2.925720387715364246e-01 5.677597643641406622e-01 2.126838588373920758e-01 7.277210562777803871e-01
1.367026393830446940e-01 -3.411085901875517967e-01 -6.262351194810243937e-01 -6.767312186754104175e-02 1.272040001865214709e+00 1.440349817755119055e+00 4.174672990257712879e-01 2.681806630225218591e-01 6.236639857663143216e-01 -1.412223512126304092e-01 -1.143898445130921315e+00 1.575925867359679433e+00
3.237805890607382830e-02 -8.439923914258946891e-02 -1.462931271528221111e-01 1.035417591219927325e-01 -1.704289858572388683e-01 -1.279910212918964896e-01 -3.452506756400031823e-02 -2.357478044787954252e-01 -1.077429215550216868e-01 -8.074690431836621662e-02 5.319904664641651459e-01 2.938914562815652110e-01
-2.113302695386502783e-02 3.245832228601188141e-01 -8.506059834229175998e-01 1.913899715069884988e-01 1.295932626204433225e-01 -4.428750510006004282e-01 -2.161393503275153005e-01 -3.354684273444167864e-01 -2.169422711202328991e-01 -1.244848954165582583e-01 1.232025800408629967e+00 2.318600909533714560e-01
4.261859361122616319e-01 -3.373791258421212635e-01 -3.877192058517596185e-01 1.495489446228743802e-01 -3.677461938132778330e-01 -2.403727479962765590e-01 2.413361304309631639e-01 -3.653583375463175242e-01 5.578167892917079707e-01 1.699408417610696498e+00 4.615770336181158062e-01 3.011883093510689946e-01
-4.182895887350574632e-02 -4.336550864708683950e-02 5.556408903860503568e-01 -1.246492635482331773e-01 7.412442729589331369e-01 1.744735600928931096e-01 -1.292980425680430034e-01 -6.441379626303770367e-01 1.146011960132463647e-01 1.078371411093087096e+00 -5.781478419431649446e-02 -9.432342128709182427e-01
