-1.115789005658763600e+00 3.546215655751417950e-01 2.527219949448832881e-01 7.555127864761422840e-01 -1.149132706513558144e+00 1.243811346243058752e-01 -7.827607274342753829e-01 -5.377348722982349533e-02 1.504759857826950542e+00 1.559734669397910167e+00 -3.463974981258590158e-01 5.499522394012300586e-01
5.370043675800603156e-01 -2.016106067513624700e-02 -9.309097300772064543e-01 -1.987855656135145144e-01 6.519685351615364111e-01 -7.629441342988866337e-01 -1.191831821116807882e-01 3.194067725604416569e-02 -8.705115639460846155e-02 -6.575499500033126221e-01 4.077467497068174018e-01 -8.057899944001099823e-02
1.905963257930503307e-01 8.572873148759239115e-01 1.309406187295639179e-01 -4.876097538033438150e-01 4.252399167946561143e-01 -3.842796296172504289e-01 -5.929182127652474765e-01 2.867416234060359836e-01 -3.304833075527035535e-01 2.881821913688017434e-01 -2.388816435714686548e-01 -8.553981197927316982e-02
-1.838621473919724580e-01 -7.917394109858505447e-02 -2.162918492514263602e-01 -2.571891422824098411e-03 8.279128370259408731e-01 5.243610681173137555e-01 -4.936011170766252953e-01 -4.830799038309748217e-01 -3.950565117348325272e-01 1.401397643336756982e+00 -2.734216185462151061e-01 -1.472153539948698020e+00
1.944458015522650407e-01 4.619166280848850947e-01 2.639968145229227292e-01 5.208149843651517230e-01 8.430958476582081640e-02 3.559104647621508799e-01 2.189440324805412841e-01 -5.648762437991673435e-01 2.770731509232375878e-01 -5.857064938468428128e-01 -4.449352230840123990e-01 7.204700044854842056e-02
-2.173826760406778469e-01 5.102494914684282401e-01 4.421871639536056886e-01 -1.267241200588974381e-01 8.430592329523214912e-02 -3.948481644190489637e-01 -5.828755419361748152e-03 3.105854511880671853e-01 -9.282214343913337828e-02 -7.893485675064197682e-02 -1.870274834196397964e-02 1.088428286975824388e-01
-1.948878126479999459e-02 6.937950381072490735e-01 -4.091711002079163606e-01 -2.943255702179972677e-01 7.710911865815536226e-01 -4.970193649040948736e-01 -6.407240931006094042e-01 1.360895862327693162e-01 4.809567668760262871e-01 -1.941645642380546988e-01 -9.824212857025894918e-02 1.331684259862731201e+00
-4.555320619353604994e-01 -4.331499901163985422e-01 1.557450668742601796e-01 1.789332275153713847e-01 -2.581777879066474157e-01 3.233886745483530722e-01 5.995828227215267425e-01 1.582546217531914101e-01 9.120535572501174970e-01 1.178655593517792255e+00 4.224024066292997315e-01 -1.468199570996501002e+00
-1.730416542023601068e+00 1.151328542368311503e+00 2.455442579280061599e-01 3.656016619978201265e-01 -3.316216937320030644e-01 -3.039928499608406387e-01 2.881905116241313958e-01 1.830246958710320393e-01 -1.907585674467171755e+00 -7.315640704881185563e-01 -6.590985558890100071e-01 4.695787228752506537e-01
8.386925079479133904e-01 6.854102660841604466e-01 -8.245216266062775912e-01 -5.794622012664241151e-01 1.405853382299248722e+00 2.378833163110579962e-01 -2.621225153135126607e-01 1.842800725739406342e-01 7.680487981911832129e-01 -7.445766181455759636e-01 -7.763032270430282322e-01 -5.937298338876524362e-01
-1.732151540528630018e-01 6.509655790023333166e-02 -2.297930258340070697e-01 -7.114487675199865357e-01 2.647014276624927095e-02 3.580679994786396536e-01 -5.556942595631708670e-01 8.239259943614699599e-01 -7.604854902453556109e-01 -4.377704677506547570e-01 1.313388650387148082e-01 -2.388964110624932913e-01
4.578477186194664789e-02 2.807058545390234694e-01 1.275831958314528058e-01 -1.673139368587142073e-01 -4.350081236093669701e-01 6.476478633514285432e-01 -4.614233897374631632e-01 8.000151338141537893e-01 -3.389317154607445204e-01 3.675820047398178358e-01 2.294054973651431413e-03 1.870703480921819262e-01
-1.166688151864502254e+00 -1.499296249224778554e-01 2.815386092626615544e-01 -6.584132457104884262e-01 6.679975405106534092e-01 4.757243223362165874e-01 -7.347222310868860573e-01 1.360433392041161538e+00 -1.505469975001568317e+00 -3.170247640223089469e-01 4.812229895916755179e-02 -2.117382495919395147e-01
4.418300360020173401e-02 -9.114860757865056451e-01 1.573578360069039506e-01 -8.351205361738377186e-02 -9.498002308815108874e-01 -1.038053182775407896e-01 9.187103632381978802e-01 1.692434048230970767e-01 -4.603501585128706997e-01 -3.091077544069543159e-01 5.684182375349580152e-01 -1.159080434333955800e+00
-4.332628172013623935e-01 1.578900830546529632e-01 4.795094089515732350e-01 -4.033184777425682377e-01 -5.193815930331771025e-01 4.472804714770283185e-01 -2.375288363165487804e-01 8.631539279406652554e-01 -7.320561788098354228e-01 2.046152496814195865e-01 -7.887691935601974513e-02 1.684107208928783961e-01
3.844541995885312757e-01 4.812598448467744761e-01 -7.168108222339422686e-02 3.823417236451963075e-01 1.007330820259234871e-01 4.299388637494397369e-01 -3.751751197684390360e-01 -7.374284851875585467e-01 6.246999528629961773e-01 7.740886274857589067e-01 -5.542695351911685053e-01 -4.159055965118092502e-01
-2.844444290703418976e-01 -7.963654294437978731e-02 -2.992595119867242914e-01 -2.770593153501912931e-01 3.610551079564091603e-01 4.914283182754938251e-01 -5.467409583552476082e-01 -1.011462174515809914e-01 -4.374047951705686832e-01 5.912632594445069723e-01 1.381872347683554998e-02 -7.721202508633797645e-01
-4.711808689117192306e-01 -5.261186408370186474e-01 -9.804193115260502189e-01 -1.057432392815137699e-02 -1.592217453552512985e-01 1.231234210453189702e-03 -2.907554178815709434e-01 1.338630102193966720e-01 1.311767974531352242e-03 5.520491674248722419e-02 1.940424249785810407e-01 -3.399272904700529341e-01
2.362365116145841160e-01 1.720719452331620214e-01 7.651077750701547053e-01 7.601858668061689528e-02 -2.375157137442862332e-01 4.886150893216455182e-02 -9.347261220583268082e-02 1.279626024721115529e-01 -1.591683087931235474e-01 -1.949714633316515233e-01 -4.234681165443848205e-01 5.935197298830349188e-01
-1.259330509746366955e+00 -2.973634952155325140e-01 -3.525360917037270725e-01 -4.117919514108063783e-01 4.483953049156588766e-01 1.130557822791698808e+00 -6.693899740023488976e-01 -1.477262179256224051e-01 -1.080210110245503730e+00 1.823405451912724073e-02 7.060143171268320472e-01 8.681239498873043470e-01
-6.554511763473994668e-01 -9.454045865820500660e-01 -1.004241014515837860e-01 -5.925373451700077787e-01 -3.662647372067530660e-01 2.306872204690050554e-01 -2.044827055805716332e-01 -1.867095481126137824e-01 5.972757161141686172e-02 9.612526815965113380e-01 1.232841492170586140e+00 4.021661933012510293e-01
2.897415459538580929e-01 -7.303426783280083656e-01 -4.098981109162302960e-01 -6.122826793312524662e-02 3.446797135330001427e-01 5.637892254547021142e-01 -2.090813379602516064e-01 -1.263366880510447265e-01 9.535643759402813446e-02 5.022498635996127669e-01 2.195366950881904589e-01 -1.101532811325479644e+00
5.799564775144648854e-01 2.246023617276725337e-02 -9.938023319296208635e-01 -5.181467993009111761e-02 4.742999277569435734e-01 -6.858839969417291904e-01 4.494925692475930101e-01 -5.043941285244994965e-01 1.395647841156438806e-01 -1.317810086930661262e+00 1.543307575389307462e-01 2.048509142103165093e-02
1.792514128481742297e+00 1.683640393676530747e-02 7.257173764059937637e-01 4.268706899866726023e-01 -6.680120443152678389e-01 -4.788852713103401437e-01 9.358471955331787440e-01 1.804109535524010821e-01 8.722524144374437238e-01 -3.450139208320660705e-02 -2.699110106983388935e-01 -1.381650310161802730e-01
-1.388548303895533964e+00 5.699908579952178353e-03 7.016650646969881944e-01 -2.756944595995884373e-01 3.145511455072599882e-01 4.363096427366697228e-01 -4.562741658958185398e-01 7.203462184857868378e-01 -8.912480920514225247e-01 6.358526511066541209e-01 -2.861735031555669995e-01 6.737615200794997428e-01
9.086169431315829770e-02 -2.796970928515533084e-01 -1.847900892672261763e-01 7.637054834902847755e-01 -3.516870369895185866e-01 4.094840657872495515e-01 -1.500013571066171891e-01 -9.640893702383860481e-03 4.615022723037282004e-01 3.064343895571822185e-01 -1.339552265617872939e-01 -5.102129541718713329e-02
2.407298856536191911e-01 1.335814028533104936e-01 -3.425253546945127847e-01 1.595316146235074450e+00 -4.174709814538378194e-01 3.825392378041466701e-01 5.385780301579680129e-01 -3.900998278110084372e-01 3.806679034174129117e-01 -1.009897605842240864e+00 3.204527455771619820e-02 1.051237284473168082e-01
-3.346470755940137431e-01 3.766934485057500392e-01 4.237190414892829660e-01 1.275011064451057885e-01 1.003451090094955589e-01 4.238492585801524881e-01 -5.681854054322982295e-01 1.525853824998166519e-01 -2.012517603555133705e-01 8.053264786627953864e-01 -4.414059085791939840e-01 3.768748652845509139e-02
4.698296248785806262e-02 3.953261084426186178e-01 2.319042688320843704e-01 -6.183279439836574243e-01 4.513413329045488087e-01 9.832962214593043981e-02 -1.121163587269401685e+00 3.742604926224967765e-01 -1.440420422523284727e-01 3.566327434798499674e-01 -3.816102965442466632e-01 -3.489495401007323971e-02
5.165147601466305582e-01 4.347295063967540063e-01 -6.630952992703482707e-01 -5.814440043562135729e-01 7.050602461593130643e-01 -8.110808109608010907e-01 -3.292925277846797116e-01 2.535674976444742268e-01 2.517339933799507268e-01 -9.020156003353235752e-01 4.925797055596681934e-02 -5.541085993361417605e-01
-7.876221183181308927e-02 -2.132828823101815541e-01 -3.897440360784432817e-02 -5.227934874811031307e-02 1.835395949685737771e-01 -3.881048998691964957e-01 -5.147389361536883756e-01 2.952929560522176144e-01 -4.402917113726311227e-01 1.810658469399890613e-01 2.353190067416292275e-01 4.339807687829080884e-01
