2.781635365334016521e-02 -1.143732152578826461e-01 -6.537047278697408204e-02 6.413223588880729784e-03 -9.499997963671043266e-02 -1.422895198615901913e-01 -4.189216162870415538e-02 -6.435447649785136504e-02 4.177433367774922857e-02 -2.927953221529562555e-02 -1.974195247831376510e-01 7.634698321869691495e-02
5.363861880121882642e-02 -2.785247771535555653e-02 -2.175647403768796520e-02 5.765435209666149030e-02 -3.588262433063721391e-02 5.268394048257342595e-03 1.209142079341642972e-01 -8.949117346477239443e-02 -5.636813353614067434e-02 2.622328622772538212e-02 -5.189896355362344504e-02 -1.580938973686207144e-02
1.569704787732559975e-02 -2.559801467962337373e-02 1.462503211762276878e-01 -1.635316444120105475e-02 -6.041954324443364610e-02 -3.785983918867081958e-03 -3.429956776233744620e-02 6.285523224687908361e-02 7.555563657874125871e-02 -1.322833487130954389e-01 -1.117039271982070772e-02 1.651780940951025900e-01
1.901114680540718638e-01 -1.070007638626061797e-01 4.355252912872530080e-02 6.054754849281870910e-02 -3.379137296798673251e-02 3.479095869935392576e-02 -1.179937445000537044e-01 -1.110150058313442989e-02 1.268273669843142659e-01 -7.867023093269989720e-02 7.668675746863630460e-02 1.293294035475047177e-01
2.836721160964386299e-03 6.279179600125966987e-02 8.995874143988571991e-02 -9.159061895448794566e-02 -2.483958089342165609e-02 -2.339469204761220750e-02 7.050229533749488575e-02 1.309880742921247787e-01 -1.208268634885060295e-03 -2.006028937282244018e-01 6.896835898013153887e-02 -1.425257845538206898e-02
-4.793749303893736491e-03 -5.066729434609659743e-02 -1.967149582019740023e-02 -1.953934728223110859e-02 -6.627118849159754910e-02 6.962119604154100305e-02 -1.230187971387738423e-02 -9.653176315102254823e-02 -2.658656675367008365e-02 5.038623616902741104e-02 -2.632791829683283485e-02 1.283152763876391766e-01
-7.089126837172994577e-02 -2.271844639186742371e-02 3.190001288019409659e-02 -8.520958487370057510e-02 -6.013607897222750936e-02 -1.464514187797721634e-01 3.817792404049277083e-02 7.386641739326491041e-02 1.532048032350340552e-03 -6.031109806390588801e-02 -2.926258980954016264e-02 1.769124622020549209e-01
1.060980167483817210e-01 4.519432726008368317e-02 -1.332259118575625512e-01 -1.138409515108223559e-02 -7.553638468075368068e-03 -2.491227845372285046e-02 -1.235272960849710666e-02 9.552807814194487490e-02 -1.942755221112585362e-02 1.047847133944875414e-01 9.108856556355848788e-03 -1.647250743392913910e-03
7.465729332605927117e-03 1.392603637887476764e-01 -6.745973230983126623e-02 7.603521525066210540e-02 -1.876962140474584817e-02 2.035584388109338422e-02 9.709838659445910181e-02 -1.024025356648179397e-01 -1.023780116077150359e-01 5.106801307266374546e-02 -5.213374596360465137e-03 8.590253307782866332e-02
9.906226024952854980e-02 7.301043586157224263e-02 -1.102521256543868150e-01 5.882151633081721120e-02 -4.342497112036473872e-02 3.352047624513888879e-02 -4.137747447126117334e-02 8.375210339733846210e-02 -6.004372141653595285e-02 4.242510662713395997e-02 8.181386058793217730e-02 2.268971354984436473e-02
2.811413775938608611e-02 -1.460938451956937389e-01 -2.196670245424673651e-01 -9.753934760767453416e-02 6.538501216119371739e-02 5.901638796864887293e-02 3.329899620753051792e-02 2.400946714896278270e-02 -1.484359204829744372e-01 -7.457023120637937263e-02 -1.074613067347374162e-02 -9.706613256072162133e-02
1.349095476696740015e-01 3.181319577900069105e-03 -1.074298002465308155e-01 9.277581630548153990e-02 1.670468549681608517e-01 3.138289427329309767e-05 -1.264610500780905533e-01 2.261796564418377259e-02 -8.795329440752448769e-02 1.197358334776122205e-02 7.704195815666867175e-02 5.749080262039885786e-02
1.418378374147054588e-01 1.468388541655070989e-01 -9.245871999400734342e-02 6.313949925871472496e-03 7.538484501797376031e-03 -9.988989683302747224e-02 2.271405272911221612e-03 -1.287205451956502725e-02 9.359721088291418634e-02 -1.967501951525769260e-02 3.839557204405524143e-02 5.793627184812059211e-02
1.623623565226152143e-01 -2.261346152313504776e-01 1.656639403382261519e-03 -1.278363601927106630e-01 2.408361523363788392e-01 -4.360648567445799678e-02 -1.335059538471093377e-01 3.010455450232573174e-02 5.064339099086175022e-02 -1.547913769570964382e-01 -7.083318224728030188e-02 -2.167139256405908182e-02
5.207360285261228121e-03 -1.423556934338884306e-01 7.824096018126819319e-02 -9.285202342344199208e-03 3.368561375008571890e-02 8.125093284151892192e-02 5.719756168077196057e-02 -1.516450921145541184e-02 4.663644541673176575e-02 -2.681719906636844189e-02 -1.421433080099346880e-01 -4.088901958500786374e-03
1.885045663910379227e-02 -8.573930116412199764e-02 7.721655662882700999e-02 6.268157521500618279e-02 6.072845121817670860e-03 3.444578074689476355e-02 1.675291729442700550e-01 8.267845022959824375e-03 -1.534819773123654307e-01 -5.735429017567809928e-02 -3.944420861253225552e-02 -3.635971461832822327e-02
6.171429369529055770e-02 -1.365648069862477609e-01 -9.183372564837574692e-02 6.246948975851232544e-02 8.498309399892125388e-03 8.276074298787453043e-02 -6.323303421575407132e-03 1.252355628584553571e-01 7.224299905731614013e-02 9.505029638797447833e-02 -1.099520539170154854e-01 -5.491981697619190139e-02
1.762505534434233578e-01 -1.055347826290951030e-01 -2.012415897969957457e-02 -8.254967665307229308e-02 3.387589138652030013e-02 2.727487109698870441e-02 5.943786138450390423e-03 -4.900438231179865545e-02 6.516822750102475859e-02 -3.828461575259663706e-03 -1.019862093777902101e-01 5.576002748747480031e-02
-1.453649136688535126e-01 -5.570598753022502903e-02 -1.449249879338729285e-01 7.790240862003761091e-02 -1.503752232341910855e-02 3.923746522006155840e-02 2.381825582445350892e-02 -1.607594773088786844e-01 -5.151323268766232200e-02 -2.823182231108596965e-02 -1.085323410767120300e-01 -1.633357295893521077e-01
7.854118059249987072e-02 6.928518844247956443e-02 -3.578408502290695431e-02 -1.393137338362990642e-03 1.485492127224974368e-01 7.732030501883604967e-02 -4.701380947397593331e-03 -9.689536094937940824e-02 -2.142670361692077530e-01 5.904556015847085143e-02 6.172930712757454703e-03 6.763746561700512139e-02
-4.728348381991438754e-02 -7.269065851601082262e-02 -1.086999241149074896e-01 1.305777743256686559e-02 -6.079050959132487053e-02 6.423372012312554731e-03 -1.784089214836620529e-01 9.703487298989019183e-02 4.926561166577909934e-02 3.164098524982306843e-02 -2.154854789506353147e-02 8.473972578545420353e-02
-1.831068312866433734e-02 7.726817234158422920e-02 1.934431302970175681e-01 4.374638037718039940e-02 -6.946899932207603948e-03 1.150880374197652128e-01 1.437554126539162813e-01 -4.913070531975445576e-02 6.043399789815738282e-04 2.360047634324367594e-01 -6.776329769235692191e-02 -1.127417714442060549e-02
1.934839858253969980e-01 -6.884594197478530186e-02 -1.070865218072076797e-01 -1.936190632696969255e-02 -3.882206249872860448e-02 -2.126243054694825496e-01 9.388525424363794447e-02 -8.000892293381852566e-03 -1.220483235970697966e-01 -3.728500712245944038e-02 -8.691999856452721496e-02 -1.613836212048513352e-01
3.628631756655579382e-02 -1.846462924430847252e-02 -6.437639261932057155e-02 1.194234462380642028e-02 -1.963636314801982946e-02 4.034285371934197284e-02 -1.288247453683665812e-02 6.704946805081329897e-02 1.132074055717144367e-01 -4.254594153506999210e-02 6.000399868856098884e-02 3.688527300160815425e-02
-7.056425712437187914e-02 1.067532505811044918e-01 7.813842028460332712e-02 -2.168880019787253893e-02 1.387662026962719654e-02 2.362920893109825976e-02 4.100757216488690876e-02 -7.414536360971442364e-02 -1.040969227640955591e-01 2.888657044221307202e-02 -1.725736858585892874e-01 3.452083254662589862e-02
-3.242156539021877424e-03 -8.482096027964382279e-02 1.393456580663542943e-01 1.531928716730942414e-02 -6.145808290916281169e-02 -1.328654055898776110e-01 1.178977205360644126e-01 -9.725058857325172279e-02 -5.225837563881896575e-02 1.524664878524642220e-01 1.686934072155247821e-01 6.343589387974780947e-03
-1.275381016161419856e-02 5.217823592021784973e-02 5.054504456977702148e-02 5.690303549683375928e-03 1.280480370829462922e-01 -1.576831999824919797e-02 -1.687503660090822755e-01 -2.446702416305021957e-03 9.428867018974070036e-02 9.722849224294244364e-02 8.921806738422188854e-02 -8.587992869416215258e-03
1.429354553760547181e-02 -9.546411345260685799e-02 4.111403132682005940e-02 -5.824020642263536690e-02 4.332100106137552059e-02 1.218780388472784498e-01 3.544158797432758745e-02 3.910136706969920273e-02 7.757247854185667091e-02 -1.040145192590359313e-01 5.568347312915819525e-02 3.707226464650643927e-02
-1.608688783120076904e-02 1.798277252139663784e-03 -2.398165950878605041e-02 -4.072770205661749299e-02 1.128987301124976944e-01 -2.872766853302126389e-02 -7.109750173729340039e-02 -1.124641079733575966e-01 -8.592772829459252582e-02 5.220218517122245105e-02 -1.276974552361260229e-01 -1.271072824417885661e-01
2.896478510835055753e-02 -7.585489416411077268e-02 2.002309156051781253e-02 6.300922483115228845e-02 1.162514367431149998e-01 1.475284123867909303e-01 1.689654129413424230e-02 5.921843293991904678e-02 1.646056413457060857e-02 -4.605326285390631824e-02 -1.078051055155277577e-01 -3.003538035417950558e-02
-4.334049261634568412e-02 1.581188929369591739e-02 -4.774340433320493904e-02 -8.668068615173159241e-02 -2.237208646508267312e-02 -4.654205390847873658e-02 8.735136338970116848e-03 1.514163703626343095e-02 -1.260145349339252679e-02 6.854482921336969847e-02 -1.061611884011967044e-01 -1.108754360620046869e-01
