-3.414032426500538953e-01 8.705097934764240986e-01 -1.462103253864066033e-01 1.410261342939333140e+00
1.417971088943920099e+00 3.611711272095929209e-02 5.713049385328488050e-01 -1.109672728484368598e+00
6.369126376866030004e-01 -1.486973255530410043e+00 -1.003337751259487653e+00 -2.200354789839346556e-02
-2.470963159715109519e-02 1.272444260857716669e+00 3.964356738963243920e-01 -2.653526201353070477e-02
8.623104033469737306e-01 -3.668198461927498211e-01 7.391440101410262642e-01 1.823873216813984011e-01
1.069835344411183886e+00 3.887426633111105978e-02 1.738526234563658734e+00 1.272055278167721015e+00
3.757166241006629215e-01 -1.779130152370533846e-01 -5.604204680131658067e-01 -5.395636985929974649e-01
1.065439706314047941e+00 2.152273137679769910e+00 4.167397587742861509e-01 1.144366310297468381e+00
-6.378270957346024450e-02 1.355011965965337850e-01 -6.740175272284774088e-01 -2.021996095726000142e+00
-1.507794808145743459e-01 -4.079322863221695322e-02 -3.252773769429287420e-01 8.665976761274444273e-01
5.708234983693117465e-02 1.860201816828893184e+00 2.035962016075837655e-01 1.064598290356768784e+00
7.847018214032287498e-01 1.418185043068358464e+00 1.187297965608468786e+00 2.112174769882391168e+00
-6.979357269587352919e-01 5.678571511685418516e-01 5.850600865055068447e-04 7.688580428741587092e-01
2.885088821239094603e-01 2.632373962765087727e-01 -1.776759624926948777e-01 1.612917236925110576e+00
-1.208979229580607884e+00 -8.021127350683810997e-01 -5.390089516755041110e-01 -8.865159347923668998e-01
-4.285653995604163380e-02 -3.617569644601202339e-01 1.421941536709564295e-02 1.373903098958901836e-01
3.237046542354191647e-01 6.835784989052047234e-01 5.563503280156611996e-01 -5.477451959046122365e-01
9.270245707051630868e-01 -2.792472620107676051e-01 1.690112700265917089e+00 9.480931794256681755e-01
7.389873085859210988e-02 6.683727606137698229e-01 4.755871070311754045e-02 1.697306528947532422e+00
-7.549814736980130503e-01 2.704953023445089144e-01 -6.777794128424788900e-01 1.255650894751806135e+00
-1.226996426088519110e+00 1.263694205208869548e+00 9.219130997135287497e-01 2.665817723323490873e-01
4.396127382684756335e-01 -4.404864400350712583e-01 5.901841283556051865e-01 -9.838499517961981633e-01
-2.542194043933680425e-01 2.005323725238030430e-01 4.977367539344337843e-01 -1.006931638788803651e+00
7.927276048380138551e-01 -1.153694469143374590e+00 6.034698504248031670e-01 5.573297076468730626e-01
8.503964655093431135e-01 -2.068124331867893240e+00 -4.808336823426250239e-01 -7.174536875564794247e-01
1.297596753670996028e+00 -1.647423690626508508e+00 1.193346710751767570e-01 -7.994496524060619169e-01
-5.313052195507055320e-01 5.663556417001930354e-01 5.095567032648699035e-01 -6.745977145676671505e-01
-4.689207128519944090e-02 -1.802919842196236688e+00 3.282009312008548063e-01 -6.742283255842104195e-01
-8.530515177080337796e-01 1.075249251475384193e+00 3.967956980271052370e-01 -3.390813293883922497e-01
1.303696974031444800e+00 1.750774610078314364e+00 8.981678850886389842e-01 2.054722779487172080e+00
