-1.231493878381507284e-01 -5.395578647609253382e-03 1.650951603976618873e-02 1.524282169941983678e-01 -1.507451455624487513e-01 -3.269763097207840918e-02 2.034115699058982110e-02 1.136123207734643786e-01 -1.281725558490974526e-01 3.247029633106285340e-02 -9.790504169338919149e-02 -7.299760030286991941e-02
3.662480648902205482e-03 2.062184541131370161e-02 -9.607274628239348413e-02 1.032476390225100515e-01 3.013410697215387207e-02 -7.994001049752509983e-03 6.733571581773679406e-03 1.184705759109114416e-02 2.925449705176341730e-02 -1.098557643793887512e-01 -7.895988082617570736e-02 9.143609118171458494e-02
-1.698796369818287438e-02 1.323937781080818631e-02 -1.583778803582421360e-02 2.051917150736173173e-02 -1.832756522686676270e-01 -8.102016521588989439e-02 -8.177856566024684082e-02 7.756407797288757122e-02 -1.526299390594942629e-01 -5.806106223854794190e-02 1.374706728629948027e-01 8.670614785914859679e-02
-9.874818667178468512e-02 -5.646401031033169288e-02 -1.181878837896738893e-01 1.946729071837485087e-02 -1.205870354060233213e-01 -5.684488399919646051e-02 -3.404818625860409759e-02 -5.659009356164732690e-02 -3.014884325851077129e-01 9.753578217072179923e-02 2.240301036499537431e-03 1.109978133894091445e-01
-1.258507630285337076e-01 2.828044478566455952e-02 -4.993956010089247582e-02 -6.936629037439814849e-02 -8.642970964036113257e-02 1.848041997925638745e-03 -4.534271183498601171e-02 -3.525946642832453876e-02 -1.229760457757217429e-01 7.897523461912621390e-02 -6.784920114726060436e-02 -7.514193759779902448e-02
-1.907344128599507971e-01 -5.799328280973518185e-02 -1.489526053440805575e-01 -4.902850192669441082e-02 -1.353012955308785792e-01 1.023611742159849167e-02 -4.530734547876855839e-02 3.943203214015151420e-02 -9.633975164632571642e-02 2.870206485381622194e-02 1.330027419729151728e-01 -2.954624406561323635e-02
-1.599860231906662933e-01 -5.097557196268412937e-03 -1.164181438126644236e-01 1.566669193507665148e-01 -1.635503146081452031e-01 7.335092009151927828e-02 -6.147556163017332126e-02 6.234650401971849470e-02 -1.371042264067652561e-01 1.028701760906161472e-01 -6.719817166917867179e-02 -2.078924181722303227e-02
-6.617439960169586854e-02 -5.305861803445233345e-03 -5.170386499607978331e-02 1.219676307187907011e-01 -1.200945878686759810e-01 1.114377248261179745e-02 8.397701916960205459e-02 -1.222509861891601518e-01 -3.945763667167383887e-02 -3.254328787570192477e-02 -2.122391086214712314e-02 1.338497590027723418e-03
-5.741892877603797102e-02 6.769794818745973608e-02 -5.261189759680046790e-02 1.261626836979455046e-01 -1.942421641052655412e-01 -9.853895420060029831e-02 1.631330795284944291e-01 -1.377150598374048962e-01 8.952825828192262358e-02 -1.318072406490501947e-01 8.703331840656571006e-02 5.699573819522417428e-02
-4.434624236948910697e-02 -1.267719255852572079e-02 -1.233154080310647077e-01 5.818189950173548175e-02 -1.469991830570196722e-01 1.225795291768741746e-01 6.147339356333181987e-02 1.584263326635198532e-01 -1.466816098514878430e-01 -6.372709011492012909e-02 -8.473942695729906605e-02 4.159368075593525282e-02
-9.699073174331786229e-02 4.888570426515379506e-03 -9.061246293803168483e-02 -1.353341342184005182e-02 -1.747565190819156677e-01 1.446913051843012887e-02 8.334838280581947922e-02 6.784321643026498816e-02 -1.316314380378220406e-01 3.400669803166653671e-03 -4.227989866667675178e-02 -1.110743674472671194e-01
-9.889759158519874360e-02 4.741215447189808113e-02 -1.853243430776799205e-01 4.595067688001187173e-02 -4.613759029715537585e-02 1.124516706972727709e-01 -2.635163098223608849e-02 1.719395146613447722e-02 -2.629514969275353886e-02 1.654287196153428896e-01 -1.023898664695271216e-01 -1.886149651844986341e-01
1.279198439556313294e-01 -9.006830067213626723e-02 3.836301629696409893e-02 3.727121474428483211e-02 -1.559527911673768974e-01 -6.626812651102939600e-02 -8.457216567395120510e-03 -3.966122944411806100e-02 -1.679001995284446769e-01 -8.704900050358486963e-02 1.641951269833502591e-01 9.159223038301309017e-02
-1.307330313747903650e-02 1.881926293296272978e-01 -1.591119230021452724e-01 1.485247375617806953e-02 -2.454501677051386388e-02 8.717212295523826815e-02 -8.121111246212887880e-02 1.020924951012941589e-01 -1.018854922870564839e-01 -7.469738038863261986e-02 -1.942102588804788810e-01 -1.285972897829285866e-01
-1.026828225163785441e-01 -7.457597706975750695e-02 1.207015016846926247e-01 -3.833242757544209206e-02 -8.441956005394661566e-02 7.962160201963244810e-02 9.381665552119767409e-03 9.267941042284072103e-03 -2.110939506597200865e-02 -1.023494837712895650e-01 -7.223136785031632201e-02 7.753174278472266256e-02
-1.713650746661937729e-01 -7.890768222067835735e-02 -7.836120802916399231e-02 -2.590464001561796487e-02 -4.520753385551312675e-02 1.245346855613214260e-02 4.244621025843908074e-02 -4.044247288714620386e-02 -1.460263730563241269e-01 -1.329259921657804377e-01 5.977657743277255131e-02 -2.594879514763827333e-02
-9.915900244220716975e-02 -5.225457553971005892e-02 -2.476340304439490422e-02 9.051544942291506191e-02 -9.149043865882459936e-02 1.224861657540533555e-01 -2.572078275392449334e-02 -7.037485852701984117e-03 -6.924210633385180502e-02 3.288962441157762540e-02 -1.354967195802220803e-01 -2.714878709671880025e-02
7.714571685846750848e-02 -2.249172060837400233e-01 -4.593520028093966284e-02 6.794571246523117836e-02 -1.952861544120576276e-01 -6.264056732430534069e-02 4.332660699918595287e-02 -2.275143811234128788e-02 -7.224327486827343200e-03 -3.425262896099649790e-02 -7.946081481273604974e-02 -5.232158209728156317e-02
-6.465256104532531890e-03 -1.172956766243283405e-01 -2.840065323637605207e-02 7.248488996689947395e-02 -5.184446921924769358e-02 1.136057484819894270e-01 -2.825676698294090142e-02 -1.054998014029034509e-01 -2.868478952173479923e-01 7.797449732065774020e-02 -7.654259463309205300e-03 4.587648315247511155e-02
1.095569504893548068e-01 -7.015530839001639374e-02 -1.433023435136059898e-01 9.999558195088226187e-02 -5.479609925505879442e-02 -1.300087588252442708e-02 9.295796470938273715e-02 8.409410326090278887e-02 -9.906652051870339787e-03 1.291515874526887875e-01 -1.534384201461392108e-02 1.783652204514148132e-01
1.276154428843134792e-01 -4.268058013250378840e-02 -1.761015366426598172e-01 1.454001894745482748e-01 -3.143274148072570107e-01 8.910001813040976937e-02 1.680356542189780367e-01 -1.600231399256005910e-02 -1.330610935502938019e-01 -2.857378588181322052e-02 -3.013686806357543033e-02 2.391599392361262039e-02
7.147346766093988502e-02 -1.274390380048226745e-01 -1.023470528287940273e-01 5.406879262582272444e-02 -1.236077270595819094e-01 -9.516533935317195159e-02 2.040261238209712877e-02 1.394349510031352990e-01 -2.607974239079275530e-02 1.407466311635514611e-01 -2.345356117544891705e-01 5.727035797648241666e-02
7.308970869826780618e-03 -1.100139461973449612e-01 2.776309424047442367e-02 1.306875386310998588e-01 -9.471173809492129669e-02 -6.130523447663893677e-02 4.533312259869116262e-02 7.778445110208764141e-03 -1.414882165944255921e-01 -3.009367018376119321e-02 -5.270054887165723234e-02 -2.041861146101025398e-02
-9.593801021490499376e-03 -1.503350023245152711e-01 -4.077478582577368643e-02 -9.566905976608903669e-03 -1.142750772407196275e-01 4.712407010781454776e-03 -9.504200735234434594e-02 4.814151716401614961e-02 -2.479597005237794971e-01 1.239946757394982599e-02 -3.206661178283343183e-02 1.552242277430741224e-01
-1.283042275690961589e-02 -3.135995681135461330e-03 -5.345857117229144834e-02 3.945762709218728764e-02 -8.223843574519308641e-02 1.367192900367429076e-01 7.014026407776209615e-02 8.847634671641869952e-02 -8.621935879880868181e-02 -2.229375433151794747e-02 -1.013444671059043761e-01 -2.625562725257726132e-02
8.402664813943648559e-02 1.776672299477291828e-01 -8.649830778514205898e-02 4.250391350351053615e-02 -1.734215743179447211e-01 4.131023576695107280e-02 -3.446589937193254155e-02 -5.955447612726588041e-02 -2.019705695008228441e-01 -1.199230505277364273e-01 -2.728935170566849228e-02 -2.456585800583098445e-02
-2.063287274890949347e-02 -1.007035467640362697e-01 -1.397303061929676682e-01 5.644909264535877399e-04 2.025500778386277873e-02 3.559331028478753423e-03 1.437201474143666724e-01 9.033802591671348525e-02 -2.116641970750899049e-01 -2.112235717794587742e-01 -1.457556569936797365e-02 -1.324283645043426161e-01
-1.052961182929698786e-01 -8.654699652097909424e-02 3.776944352141479305e-02 1.209604625332246081e-01 -1.751029557812624204e-01 4.136979468915569225e-02 -4.873052724217314530e-02 7.998986653811683556e-02 -1.776430399147989336e-01 4.674637520008669521e-03 1.214669305988817366e-01 7.268823138439192699e-02
-8.101018148777767991e-02 -1.325987892872187157e-01 -1.866509942349306450e-01 -1.023978243058657790e-02 4.249103608489651629e-02 6.217451674934813821e-02 1.051457142767264624e-01 -1.291021790077668922e-02 -1.124932643639074969e-01 1.809303620237716001e-02 1.005839288621064448e-01 1.027655854431986371e-01
1.931135753024630364e-01 3.149475166178206109e-02 -7.498410037882322077e-02 -2.020068041715549628e-02 -1.538906474710715344e-01 -2.069889128451676552e-01 5.684409160144957701e-02 4.782692808804562407e-02 -1.325487589827663293e-01 8.448119536110886008e-02 2.479650158230455124e-03 1.871789605464424522e-02
-3.510192366672358795e-03 6.092792293320050540e-02 -1.280698443832145594e-01 1.174250272977301335e-01 3.233395599735756909e-02 7.215007767809158978e-02 -5.622631284557626924e-02 5.338123290884557587e-02 -1.907404699653196534e-01 -1.523213576246473244e-01 7.132730216215101005e-02 -3.301752209288686540e-02
4.490200571005175528e-02 2.203823279257554821e-02 -4.214236021289964260e-03 -3.422828527069363830e-02 -4.683447651006393542e-02 2.867035904910536503e-02 -2.370156076875461482e-01 8.083813575687086306e-02 -1.730238413381267326e-01 7.108478518817236413e-02 -1.623291393354906950e-02 -5.954936557754031412e-02
6.334699211634393923e-02 5.440303353997569952e-02 -6.653161797665566035e-02 7.102120681414730852e-02 -9.793740142176472763e-02 -1.232668124912182361e-01 5.641220325099632199e-02 -6.286743823906686124e-02 -2.371710975195123472e-01 6.337453783352396675e-02 -3.705860498823819460e-02 1.751840358076743598e-02
-1.096194114177227313e-01 -1.175469990392428860e-01 -1.025849948701662573e-01 1.553630322841827172e-01 -1.454571086738287999e-01 9.572129836351941923e-02 -1.981931899394659413e-01 -2.689978254450291900e-02 -9.312601887249416510e-02 5.981851464047702183e-02 -3.687969691619777390e-02 7.472646840048022265e-02
-8.848574078443079138e-02 -3.572442494096370602e-01 -1.064699092920921575e-01 9.135404076307451424e-03 -1.276855476427831426e-01 1.012388712916177935e-01 -2.263051068022497656e-02 4.629506294605629374e-02 -1.650412487811712403e-01 -2.274638854941462562e-01 -2.700442184349502450e-01 3.710048307250375654e-02
-6.300221539709288492e-03 3.575950869365104173e-02 -7.838139407396182978e-02 2.942569033670852999e-02 -8.853109218072512110e-02 -1.919227377173723659e-01 -1.670793689488550005e-01 -1.222560200620878418e-01 -5.021778811957077621e-02 2.106778728671092060e-01 -2.287925521607115931e-01 -7.586952419840142792e-02
-1.011031401415924819e-01 -2.804053591764329089e-04 5.317208361366109609e-02 5.878081834560602847e-02 -8.467278778652918836e-02 -6.539780101180320271e-02 8.243568424028498154e-02 3.265133512527541165e-02 -1.293908309718738991e-01 -6.008162801284507026e-02 1.955267952382210017e-02 4.675798498638654432e-02
3.179633358402274984e-02 -1.804197662569084482e-01 -1.757123242273495034e-01 9.070208945562857616e-02 -1.841258651853757422e-01 -4.570946577274447031e-02 4.263167954385672226e-02 -9.696730849893993309e-02 4.874881577949026490e-03 8.717836652546519238e-02 5.901231735052084315e-02 -8.286406295879279044e-03
-4.057621196974552369e-01 3.476310596998591351e-02 -8.626002958500156304e-02 1.136073085429778473e-01 1.233922999479317578e-01 8.240641581375673930e-02 5.063098687141038418e-02 2.183070419383391636e-01 -2.168725603093300119e-02 -5.485440697643630126e-02 -6.852611969278098181e-02 -2.650177578338973328e-02
-8.648956256923014119e-02 2.745332271986155107e-02 -1.863676102727313544e-01 5.147496512783893835e-02 -1.437391159190844203e-01 -7.066017768192570277e-03 2.579361804341532075e-02 -4.827456656582596733e-02 -2.175820739445546714e-01 5.904041042410777818e-02 8.178153332118330565e-02 -9.972954665305636124e-02
-1.624039627961363502e-02 1.163603166387072313e-01 -1.757058223161314311e-02 1.204135964530710229e-01 -1.286322290280930425e-01 1.158767265689354675e-01 -1.858894685691704907e-01 1.181311223870527144e-01 -1.296003469250638640e-01 1.878418508601628623e-01 5.207455993853130072e-02 1.955746486001317536e-02
-3.576829363447417975e-01 -5.272965429488404160e-02 -1.901379088861410160e-01 2.261287183858361194e-02 -1.497506077559416504e-01 -6.214872286863660361e-02 3.394266319052573894e-02 -9.466559084122148915e-02 -1.272393613273981317e-01 2.438605283966726114e-02 2.090450441718078589e-01 1.457744654095136372e-01
-1.298499418600948183e-02 8.031067002402915433e-02 -1.071970994154562151e-01 2.613294183738140708e-01 -1.682771157442655985e-01 -6.837361590106802445e-02 -9.833176730882249583e-02 1.886741695679394204e-01 -1.381852006011597290e-03 1.047182236510049019e-02 3.131301344716587703e-03 1.065589279066233019e-01
-8.949402378376404565e-02 1.157931622939786277e-02 -2.599149807721661820e-01 1.525245271436033445e-01 2.060629199516067749e-03 1.917636432549092718e-01 -8.847193859075232203e-02 8.402596978773325953e-02 -1.838068460549082961e-01 1.245797714592431354e-01 -9.334674317664517357e-03 1.654608728506466037e-02
3.503393736521923790e-02 -1.032202337220929945e-02 6.524439266820505900e-02 1.113218015578649744e-01 -1.393901660474215765e-01 1.152102512445118132e-01 -1.258845744582401949e-01 7.362922753052512925e-02 4.279782417154877686e-03 -4.060258577373583588e-02 1.049489305561289304e-01 7.222737155438371803e-02
-1.617044330899330418e-01 -1.787548800116660341e-01 -1.085887240180192226e-01 1.351289339264622087e-02 -6.297249088230268133e-02 1.654553461516021506e-01 -1.300385595735627509e-01 1.895697829645147381e-02 -1.270021301982922901e-01 1.011669346707069622e-01 2.318856298082017098e-01 -4.617421112371153380e-02
-4.058237435309402369e-02 -5.194705552112998531e-02 -1.020379125525870123e-01 3.527593954516996394e-02 -9.415780444700184992e-02 2.657761783715675841e-02 -1.221612434096287642e-01 -1.486315694662586617e-01 -7.970903662482886620e-02 7.373892827901788738e-02 -1.586336444052144704e-02 -1.024554165492905788e-01
6.753141771884772770e-02 1.550862097804111828e-01 -1.428194000804740571e-01 6.013531497757707012e-02 -1.718349902488653658e-01 7.777280041281234291e-02 -1.289579877566133237e-01 1.887052811908730005e-02 -1.832549515356154679e-01 3.963877676548692441e-02 8.329703929260247330e-02 -1.305981758459885123e-01
2.996583128415469810e-01 -4.199437802057769814e-02 -8.244036990579814428e-02 1.163589077924888915e-01 -1.836908083947630665e-01 -2.716773637830628609e-03 -1.383666433752513483e-02 -1.774531419670399152e-02 -1.319490165433044038e-01 5.350627391871268235e-02 1.184374691336498309e-02 -7.920519058199587681e-02
-8.621239570262807794e-02 4.167749231359558354e-02 -4.607376292515447808e-02 4.679488081063967186e-01 -2.114722460616741129e-01 -8.272859628048573333e-02 -8.852832376951245974e-02 1.171335938302348750e-01 -2.702607567371752284e-02 3.399450096650430408e-02 -1.035672461317409948e-01 7.214513914373163472e-02
-2.608342741387509878e-01 1.008946463645616215e-01 1.271112484435552303e-01 2.384944171201328067e-02 1.496124298414577315e-02 9.486513264487347885e-02 -1.177105335919480661e-01 -1.013664141882898578e-01 7.593903446564716567e-03 5.653668519072085896e-02 -1.886117485345368272e-01 -6.696071244893181396e-02
1.607600112662382940e-03 1.141042471217973558e-01 1.353313806204791206e-02 6.118964599965346501e-02 1.145604415519719116e-01 -1.623231881426077938e-01 1.562254521339669078e-02 1.807251573582698279e-01 1.978041951266328990e-03 1.430832243535127418e-02 -1.811741485258526185e-01 4.806226877658506536e-02
-1.239620382749641730e-01 -9.010503218096994893e-02 -2.875815714336795934e-02 -2.651297475101026604e-03 -3.959826883326773850e-02 3.155940740447561732e-02 -1.803994282764733170e-01 1.295588695758628783e-01 7.693043181992911816e-02 -4.437343962116925035e-03 6.629270679838279723e-02 -1.303537126671046875e-01
-1.987836482276238992e-01 -2.366113020695667299e-02 -6.852430357187695720e-03 8.272838603307566818e-02 1.023135297973763042e-01 -2.551308404166040961e-02 1.463150568798577966e-01 -4.671762552150759279e-02 -1.894691452484970895e-01 -1.467217710880085874e-02 -9.278315260421120259e-02 -1.153704879205680045e-01
-7.819449966652218531e-02 7.816972545120377813e-03 -1.230656979403136203e-01 -1.098234954113315454e-01 -8.961588086343914850e-02 -5.913771686659419387e-03 -1.239855743389762371e-02 3.466852505470448959e-02 -1.726879818527721488e-01 2.772807563881926271e-02 -4.719359458953507891e-02 9.927070380483549172e-02
-1.357235499641110676e-01 -5.962054242022344491e-02 -6.120812125508857948e-02 3.092577716956138728e-02 1.228324685419554946e-01 8.437520591969331629e-03 -3.314283226504941005e-03 -7.423562050089534126e-02 -2.591697952682563838e-02 5.843152810398367925e-02 -1.022147827563660988e-01 -4.402269658908256056e-02
-8.279478568716723552e-02 1.012503838503569092e-01 -7.077106229782151314e-02 -1.007266921608112042e-01 -4.813022243221441732e-02 1.161636725088820432e-01 -2.348528039786495006e-02 7.703582645842659005e-02 -1.416087670599636417e-01 -1.478574922841344730e-01 1.424594220446548376e-02 -1.600922012987808507e-02
-1.412005988020831881e-01 3.714622659733384652e-02 7.220193051623741143e-02 -5.145257475492035631e-02 -1.064421429604108099e-01 9.646325095702129593e-02 1.164141764479367097e-02 7.211275945987187519e-02 -1.839338996768922346e-02 1.321587738338331208e-02 3.390293041139079422e-02 4.833582445899289870e-02
-1.411289006742896812e-02 8.251050626046825542e-02 -1.492211416725117146e-01 1.332953343953946768e-01 -7.244544680301436002e-02 1.400015831355178875e-01 -8.822922037660636818e-02 1.939000129804496764e-01 -2.341839545705515502e-01 1.089760051261053214e-01 4.759866811801650999e-02 5.245001404870627826e-02
-2.609872943294893471e-02 4.840026993688533591e-02 -8.029609520270050704e-02 9.834210317657152145e-02 -1.444557412343547807e-02 9.506732425882284676e-03 1.197275106732277258e-02 6.574799968399223926e-02 -9.451742469406419073e-03 2.737243213403835543e-02 -4.201496464160484057e-02 -1.327313230389427223e-01
-9.019110146069460321e-02 3.053576153644543476e-02 -1.289634939110665957e-01 1.392191242984608668e-01 -1.720575749883542505e-01 8.406809798556078017e-02 -5.416703336446079126e-02 2.155002474144210312e-02 5.804164713993872210e-02 1.318317361347588479e-01 -8.042267101240906102e-02 -2.264268851340107969e-02
-1.092602964691933437e-01 2.858119715298617844e-02 6.393247197338254584e-02 5.031103462732058190e-02 4.429095094475375693e-02 7.787244585763522520e-02 -4.917449065896255939e-02 -7.555598142940388173e-02 -7.439898355336529989e-02 -3.293957640719086255e-02 1.911562137408216733e-02 -9.310237122691722433e-02
-1.879386485129590223e-02 1.369493392972944423e-01 -1.143992761252250884e-01 2.419895559117937744e-02 -1.988016751364788115e-01 6.274644927609107636e-02 2.669878710194361071e-01 7.008934589980575502e-02 -8.045663987105197701e-02 1.136727214610261522e-01 1.377746272929517013e-01 -9.358568314035983771e-02
-5.523647701156230577e-02 6.579336810479329001e-02 -7.429914350652214172e-02 8.334904386692021383e-02 2.666327775488351506e-03 -6.749177973580167134e-02 3.785626991924232604e-02 2.261111551408448526e-03 -1.771499201310793026e-01 -1.061259177986274699e-01 2.367944895941625355e-02 8.802449482524143942e-02
-1.630824928638147653e-01 -1.286248288925470884e-01 -4.535284686036302609e-02 7.838576061964297459e-02 -1.245899649524108838e-01 3.498805816710461036e-02 -1.151543933560648797e-01 5.859462553668303569e-02 -8.266917276935190073e-02 2.477445822074731893e-02 -1.510847317514168453e-01 -3.001405602209930579e-02
4.246234179121664322e-03 -2.159721558868426816e-01 -2.259379007558582897e-01 6.516355553056660255e-02 -9.810017543881706381e-02 1.063732255684096684e-01 -1.133142697431469142e-01 1.073002417207717801e-01 -2.723041668762524181e-02 1.030835546083435778e-01 6.751894642676166403e-02 7.590479664359886525e-02
-2.717207850223294675e-03 3.919026069375713267e-02 -3.342715271717599385e-02 6.415563126117582171e-02 -1.584414520587078823e-01 8.170413142278123986e-02 -3.857732834017443130e-02 5.517090552298731937e-02 -1.608020392854694058e-01 -6.165080785699471322e-02 -8.157055907161548866e-03 -4.371656016150762825e-02
6.207106963382112014e-02 -3.657841840295709274e-02 -1.723119373938599708e-01 8.385945376334527634e-02 -1.362253725440953078e-01 7.345588262389443623e-02 5.228394263880330878e-02 -8.088924445577976019e-02 -2.171929735241275583e-01 -9.748193333831099705e-02 6.056246283034343730e-03 1.142171611347881366e-01
-1.211203552630941843e-01 6.940998358596602025e-02 -4.845212192075443874e-02 3.791588867443360794e-02 -1.651981865185980503e-01 1.164835810574078312e-01 -4.638220641218674528e-02 -1.117778891285472337e-01 -8.561174751919808923e-02 1.588820718117899822e-01 -1.123030973803607474e-01 1.156882114763857841e-02
-9.746495664708983153e-02 -1.238258052323116115e-01 -4.163849602523590071e-02 1.023775395643610753e-01 -5.557000579107775062e-02 -1.097399009057072744e-02 -9.375758253129649888e-02 -3.724934573970132418e-02 -2.276217755587035818e-01 3.393476803900087602e-02 -8.510605568043573543e-02 -6.340035212270442311e-02
-4.842106162481175230e-02 3.354838881970247447e-03 -7.665418122766251563e-02 1.110168772800127768e-01 -1.511059160440545723e-01 4.165268489721729583e-02 -8.908019576966345887e-02 -6.439785068386728872e-02 -2.007281561303100592e-01 -1.076682193039448995e-02 -1.064955151017362572e-01 -4.425830448424108998e-02
-1.654286058413887428e-01 6.913125214998668000e-02 -1.315973110608416596e-01 -5.572104375028432560e-02 -7.599081003693007597e-02 1.172910222663912927e-02 -1.314635304794092505e-02 -4.546884027249281125e-03 -8.402675425956174227e-02 -9.595811279354314605e-02 8.743743553951789649e-02 1.356101945625366734e-01
-1.313704219691267938e-01 -4.196066958117631446e-02 -8.034361440511278429e-02 1.503192496168790637e-01 -7.239665870266130676e-02 -2.280097181954130608e-02 -1.039989350848020619e-02 -2.369415769464544314e-04 -8.914141161161392990e-02 -1.598681133819084277e-01 6.756662008133536290e-02 -3.671990181515707606e-04
-2.308899618169919093e-02 1.433636389976682690e-01 -2.704804038182679823e-02 3.514283478291652801e-02 -1.283339542020057455e-01 4.197282170687047231e-02 -7.646369773252327529e-02 1.114543892896627392e-01 -4.144866666347647027e-02 7.778069535535882262e-02 -2.825815232055971932e-02 -3.976328752538600686e-02
-1.711130358778843036e-02 -9.230312166643232785e-02 -4.090918861179482571e-03 5.469158757568580442e-02 -9.189588819742379455e-02 1.099949917384436537e-01 -4.550140851455936747e-02 -5.851346005692237978e-02 -8.021755754766307644e-02 4.952648350897251306e-02 7.423372717688421496e-02 1.400296621129064889e-01
-1.649513737274195813e-01 -7.161396054051415161e-02 1.090053795812148674e-01 9.452293260488797699e-02 -1.002058617390284428e-01 -3.062948617632340470e-02 1.385469664018877320e-02 -1.278551030121325982e-01 -1.065748440189329960e-01 -3.252760868944129524e-02 1.006048968844675331e-02 8.300022439067131219e-02
1.746725559193326727e-02 1.020311020390128470e-01 -1.168575233651247686e-01 4.002748622284036523e-02 -9.271331205569612044e-02 -3.656900292980382050e-02 -1.424725687598014656e-01 -3.750073911348359573e-02 -6.540026495340373058e-02 9.895578662493308142e-02 -2.704444285455028657e-02 1.210610529221468890e-01
-9.164993613847187415e-02 3.957097605446709826e-02 -2.897253516639361481e-01 7.687711097032304264e-02 -1.046971803623979597e-01 -4.723382169767072203e-02 -6.245033373675029816e-03 -9.344028628300503347e-02 -9.463467629340005516e-02 2.045515111176189962e-02 1.170253918057677506e-01 1.121295518834999894e-01
1.398546862100631949e-01 1.634826596739234750e-02 -3.039703410680335005e-01 1.736927085415649052e-01 -2.150555174648942913e-01 -7.690336247864937302e-02 -4.987554226958495346e-02 1.224499903223483059e-02 -2.424371413937077835e-02 -2.762729924126776024e-02 3.378344600731603142e-02 -3.720080638764795833e-02
-1.958338820331385066e-01 -6.980569171401786177e-02 -9.194686986262218253e-02 1.690232922180040231e-01 -3.367931284579088469e-02 -9.410660091403866279e-02 2.862183520878053625e-02 -3.566120205149427708e-02 -3.159351935796422817e-01 -4.124459860222430552e-02 -1.583208865030210633e-01 -5.062746152177640194e-03
-1.539098143298874288e-01 -1.391062204920033053e-02 -1.049481940661199930e-01 2.303992032435926152e-01 -8.875819820934534310e-02 -2.010089219231819130e-02 8.471731371902445351e-02 -3.485912121944565595e-02 1.373578125318602738e-01 -4.245087545779989424e-02 -5.775213150798171047e-02 1.165498149635102454e-01
6.867960059727919175e-02 8.082111586079966659e-02 -1.754812535866257517e-01 -3.589277097785197046e-02 -1.615530864632139518e-01 -6.738049515367453002e-02 1.238579151366237391e-01 8.686809020593357078e-02 -1.317901663405144641e-01 -6.645271894782232847e-02 1.147112360950294646e-01 1.455535574404827337e-01
-2.208275860539685165e-01 -3.933096663686892064e-02 5.671968340928115054e-02 -1.276432237575108319e-01 -2.253814095357145886e-01 -2.777069705882628803e-02 7.820859224649688579e-02 5.372644027958684704e-02 -3.379847751745835432e-02 1.167708023798164768e-01 -2.889051466510450528e-02 -4.575040185631774892e-02
1.034095519226946092e+00 -2.070078311764324275e-01 -3.220542584947642673e-01 1.066443779068867004e+00 -1.047316552261506745e-01 -4.950314098921330952e-02 2.271903716303673160e-01 2.173771951702476724e-01 -1.174132502501445130e-01 -1.447602803079318101e-01 4.168520762082425501e-01 2.316433307658800345e-01
-7.117648554566353980e-02 4.036511796137619984e-02 -2.828940903552245104e-02 -3.659155930779970367e-01 -2.172223030205239491e-01 1.767099496064971492e-02 -5.411561547364004271e-02 -1.973295190860645948e-02 -1.339213795014154440e-01 1.532121459052688817e-01 4.939612424476204355e-02 -1.034513859503035926e-01
-1.574235815312100550e-01 -5.994193164593544093e-02 -1.188338037801892413e-02 -8.462454506731759141e-02 -1.840443766812893400e-01 3.991940614030556334e-02 -2.816763459713030882e-01 2.256648357821610870e-03 -2.304479979069211926e-01 1.471221157281915048e-01 -1.313569048636100134e-01 -1.196105618813655680e-01
-4.035107453396373778e-01 1.034380180120055698e-01 3.799569072021288275e-03 -2.313760889725808012e-01 -3.643079661135968650e-02 5.548670922995890820e-02 -2.676005381436672229e-02 3.872442338371521325e-02 -1.219584627026983059e-01 6.098997653534556085e-02 -1.429127633455268831e-01 -2.123976164779204680e-03
-2.114862343977320092e-01 8.053734070658864763e-02 9.689673829728193133e-02 -3.009940017558488945e-01 -1.474908073751750870e-01 7.115807101883667163e-02 2.415736824094187954e-02 -1.017990058626027233e-01 -1.457956370320073469e-01 4.648113247834066708e-02 -2.373880153423063022e-01 -3.004797852653136592e-01
-4.936692551439184583e-03 -2.675839682295643937e-02 1.627658794423210153e-01 1.118296272418389629e-02 -1.806702405944508177e-02 -1.498313155817843911e-01 -7.139610626652499736e-02 -1.474187435776089239e-01 8.948714853357458976e-02 -1.060602202061433023e-03 4.083331516357215085e-02 3.886563998358785743e-02
-3.319379577782684970e-02 2.491363441112287927e-02 -2.386138249076609139e-02 -3.198544569557290607e-02 -3.125790973786929383e-01 -6.659376783562725999e-02 6.073334501175615269e-02 -9.142333684688162820e-02 -3.770502605694319581e-02 6.983147244798133813e-02 1.251881347228823438e-01 2.330929019289066512e-02
1.447044805067161377e-01 -1.076386839071853257e-01 -1.481777264639905778e-01 -1.219386839690824453e-01 -2.341273070366966247e-01 -1.419396874519429363e-01 1.475843942731414615e-01 -4.557486463341776234e-02 -3.977051073066042441e-01 -1.824715528281181318e-02 4.206532264381987463e-02 7.400489645197491639e-02
-1.440694412571098537e-01 6.119056157261077572e-02 1.291080695405976697e-01 6.394751489111671905e-02 -2.359143456503155212e-01 -9.979834370350715300e-03 -2.997364696491834971e-02 -3.456022090375628769e-02 -1.508573468828979525e-01 -8.681283967045179406e-02 5.769276435561467020e-02 6.938659224261872760e-02
4.354171724940542054e-01 -6.717333978574987485e-01 -8.746733649068975103e-01 6.871521783228277114e-01 -5.082556252210929104e-01 -2.097156944028376324e-01 2.543160486727504277e-01 -2.963072864622844360e-01 -2.782326340384472241e-01 -2.184200645703800459e-01 1.216907645291481904e-01 3.882230320237359256e-01
6.604382108777556715e-02 5.131125436184087382e-03 4.919069025990786131e-02 -2.116499629683117889e-01 9.063650219095302496e-02 -2.075614809421499896e-01 1.450363222292410381e-01 -1.189171689487576039e-02 1.875026933075600866e-01 1.578038785091983448e-02 6.471014832602865752e-02 -9.163833739703537706e-02
