-1.282203988894221325e-01 1.217328080240141081e-01 -8.984527519584206701e-02 -4.889150015550921408e-02
-9.848976953818962266e-02 1.976381878888782556e-02 1.439436019924050097e-02 -2.014040870319500909e-01
-4.235845753390857227e-01 1.620269512072256834e-01 -6.826167223352209296e-03 3.658066206493026939e-02
-2.328217497279826687e-01 -1.644471166728408984e-01 9.283005461928617308e-02 -4.233015818754423121e-01
-2.672284875043052232e-01 -1.200293119722538326e-01 3.417270776749414124e-02 -9.653131819653158752e-02
-1.341801086345795757e-01 8.118553113012626221e-02 4.674125721184174687e-02 1.011542778300555806e-01
-1.327084169229759102e-02 6.533629067234551259e-03 2.556689747443352534e-02 3.437300359670370509e-01
-4.871592564082752319e-02 1.560230031872440470e-01 -5.813822238869430226e-02 -1.020536228778849142e-01
-3.130784605223616186e-03 -3.869496639439034408e-02 -1.492794293595101351e-01 -5.637991682416595290e-02
8.443219409972624323e-02 -1.939209854937784527e-01 -4.042615521317398097e-01 2.562567517185314614e-01
-1.171790371222423688e-01 5.874442083205803217e-02 5.515704665436030885e-01 1.323255556264492927e-01
-2.208778740638497884e-01 1.987824252832577354e-01 3.522001723410559948e-01 3.234466657816517654e-02
-4.083295442130359110e-01 -1.305591778460034047e-01 2.126025262645326597e-01 2.859123013942557398e-02
-1.921223093215838618e-01 1.881834538157783898e-02 5.560435016454876728e-02 2.986942841745882440e-02
-2.037834889277818917e-01 1.241366243083121407e-01 -2.537787850077294904e-01 2.498084323802792113e-03
-6.079314106750171448e-02 8.347548062631517107e-02 3.179794246509450861e-01 -2.742579202781159631e-01
-4.182609481265320978e-02 3.310698281051192016e-01 -4.429006651337399347e-01 1.901866807651127200e-02
-2.042941193232831742e-01 8.061044061917975456e-02 2.422754687430291320e-01 -4.170452427992573097e-01
1.846532581652557681e-01 1.883474780104973101e-01 3.868550431390005429e-01 -2.731946485003606262e-01
-1.501682969847386029e-01 6.923569811923016570e-02 2.533177807588593011e-01 2.691922438760581925e-03
-5.715713910932472552e-02 -2.264982728323464700e-01 6.970795580043606110e-01 -3.435977707500824097e-01
3.807364115779902219e-02 -1.339741669128161061e-01 -9.237818613839816895e-02 -1.188764345609147760e-01
1.152584499257332529e-01 -2.688357541286581776e-01 -5.792962061142680197e-01 -3.134799509411748120e-01
-4.272725256045555309e-01 2.196397702011305131e-01 -1.743851348556694214e-01 6.210217831139627082e-02
-2.524903280509016579e-02 2.358806462116293801e-01 1.475470300520564104e-01 -1.687985678703231851e-01
-1.166099900668039757e-01 -5.346365950885505480e-01 6.483618495175456214e-03 3.289495025131669581e-01
-7.983100303285594473e-03 1.051894787460004449e-01 1.943050832487017432e-01 -2.054382044882029773e-02
7.548104420738843690e-02 -6.631806819086104310e-02 5.785073930723057950e-02 -2.506481513776200321e-01
-1.040719504218936692e-01 1.337433853121061944e-01 -1.212541518120575784e-01 -2.970968407719515314e-01
-4.693808790094957661e-01 -4.168842297324465429e-01 -7.606595031308761856e-02 -3.737238311512612876e-01
-1.073350394572290950e-01 3.141599725229840545e-02 -2.944104719622658850e-01 5.767879614113652353e-01
-2.757409077735885616e-01 2.425684350433840175e-01 -1.834801596244465816e-01 7.825054474851453334e-02
2.266734903292071945e-01 -3.777227346375078287e-01 5.959283004048700205e-02 3.791071455188182449e-01
-4.058987094277108909e-01 5.185634373143622744e-01 -3.928634574357268705e-01 -2.622456431700819768e-01
-4.285044038004092726e-01 -1.915615835548075963e-01 -2.817986211440300370e-01 2.476710457022937312e-03
-1.137740544832461786e-01 -5.624058579873834895e-02 1.103253842219990427e-01 1.082810690121955993e-01
2.467153304616434562e-01 -8.894624260501680924e-02 3.720262894214793059e-01 -1.968448141930759232e-01
-7.809429552602203950e-02 1.256868191626280828e-01 1.359780196961164200e-01 2.378849240026427725e-01
-2.919927398971492449e-01 1.634360537338774566e-01 4.164908590162399310e-02 2.610760581823731719e-01
