-3.599626060269380812e-01 8.647140036237077609e-02 -1.799578527732443867e-01 2.318872367803967716e-01
-3.728082754480437078e-02 -2.915180282186594085e-01 1.475871284848854770e-01 -1.499959240882327294e-01
5.127120070158841525e-01 1.831299626379500611e-01 6.294347467845413935e-02 4.269345852706409872e-01
-4.658645637631314562e-01 -1.678489586787301757e-01 -3.105404656037377142e-01 -2.280599846451001333e-01
-3.614173230911757462e-01 -3.381889831325761708e-01 -1.271677147569121556e-02 -2.671603956335295016e-01
-3.751488856030597563e-01 -2.729746693003851643e-01 -1.750719307493899535e-01 3.799900705744403695e-02
-1.488279275987219874e-01 -5.524378029274154001e-01 2.130588694272777806e-01 1.565932955602669097e-01
-1.664212674089515231e-01 -2.111881100398798616e-01 -3.105413617689813943e-01 5.802190808966251057e-02
5.054375023151443103e-02 1.061898070736517520e-02 2.663241642172814450e-01 9.640027424017040547e-02
1.812874459539254857e-01 -3.349986281229053731e-01 7.453687044959429915e-03 -5.987048627790335364e-02
1.715487575795040243e-01 1.132653031052212739e-01 8.453646345691782915e-02 -3.032780555989592619e-01
2.747876432119026324e-01 -4.104301384226440308e-01 -1.286330030147815329e-01 -8.913194794491620387e-02
-1.142181166164050327e-01 -6.740999461035033224e-01 3.599994470851863304e-01 -1.549319845747859081e-01
-1.427011709405596462e-01 2.034549586758409023e-01 2.813150099436307894e-01 -1.745713070307950143e-01
3.486738647857309803e-02 -1.608432354483954885e-01 -2.101178071692657301e-01 2.919579580319905943e-01
-7.743283993705895041e-01 -3.278223037539932383e-01 -1.569257711650419440e-02 1.209746836805950937e-01
-1.147913910872140897e-01 -1.837010241486843887e-01 -1.992537780120648416e-02 4.836157623519648369e-02
2.160332345847273960e-01 6.307617890146381689e-02 -4.926734106874960245e-02 5.802529358205290588e-01
2.517375285959654319e-01 3.040975609088831383e-02 -4.310548615549050083e-02 1.069061069637498168e-01
-2.208004711667623521e-01 -2.938185220727264624e-01 -2.760033093923665581e-01 8.634806598168739966e-02
1.470407053743634784e-01 -1.291743143041063080e-01 -1.466685110719947657e-02 2.705346067121182640e-01
-4.317151289479907728e-02 -4.461942331243394788e-01 5.624334656807707111e-02 -2.052222100612359768e-01
-4.156657597540814875e-01 4.298335266316723885e-02 4.499190520246399427e-01 1.598628252300078323e-01
-4.251219482401367711e-01 -1.167746516722771716e-01 2.525830726778758861e-01 -1.662460682851613913e-01
-3.874082374740190349e-01 1.030575579858175606e-01 2.973232177839485110e-02 1.437058645308952054e-01
-2.605759181774536803e-01 -1.762694696768905833e-01 -3.177740607953132845e-01 -2.189877821462303184e-02
1.133539617342647354e-01 -2.364158985262573009e-01 2.522905794593303108e-01 -6.887259204638495058e-01
-4.077005935206111376e-02 1.632538844835083186e-02 -1.483567829622713108e-01 -6.008039953562369778e-02
-4.453544991965022529e-03 -7.316508480696989891e-02 -1.933182162516548785e-01 -3.990136329600273424e-01
-2.511574788556624194e-01 2.431952661126243753e-01 -2.956895173611176486e-01 6.350137937715834291e-02
