3.334138840948308591e-01 7.980357375300169143e-02 -3.926150521012605754e-01 -2.905774730724928756e-01 1.566472167493729861e-01 -2.267675551660154609e-01 -1.153732782242654353e-01 1.858256665688164805e-02 -6.940507951570101808e-02 6.026358889211425734e-02 -5.026096069916872189e-01 -3.740984413503287698e-01
-1.129412556434053055e-01 8.656681288810827088e-03 -4.185662740115890790e-01 -2.290630366941985852e-01 1.383190039645042502e-01 -2.125729791037481442e-01 -2.336657537973635124e-01 2.477895544649093285e-01 5.779453649161812034e-01 1.952042948655968724e-01 -5.853176078713294705e-01 -5.342011407286864078e-01
1.529365720653477201e-01 9.845869455498777734e-02 -2.389067992552950104e-01 -3.348055238845809023e-01 2.367486436810753436e-01 -1.992004126903047234e-01 -1.145152595085727337e-01 8.368282714627535424e-02 -7.843988764862122945e-03 1.013375456518730844e-01 -5.903746528992656062e-01 -4.933954231601122009e-01
3.236611216121984547e-01 -2.342742911243160184e-02 -2.556649737898123997e-01 -3.449760005127643914e-01 1.999860339079719551e-01 -1.805619685972756072e-01 -3.099559951059725482e-01 6.464406443527985491e-02 -1.591553668876651284e-01 1.211172739042030017e-01 -4.667163513055317958e-01 -4.625251027851963181e-01
1.238136375812531886e-01 7.088637390001063798e-02 -3.873419455653432930e-01 -2.876341782500851374e-01 2.533569489912104039e-02 -1.323706227603300145e-01 -2.349670367212148003e-01 2.148270094241625655e-02 1.286249170256471841e-01 1.341541543233351619e-01 -5.418494720275208731e-01 -4.159168889779655265e-01
3.215792120879684690e-01 1.040018604225119297e-01 -5.926465055954776018e-01 -5.342347706073726776e-01 2.937293792001222092e-01 -6.138980922615952518e-02 -2.134223398329694044e-01 2.530081731579497673e-02 -1.825746619065465870e-01 4.514410805869292082e-02 -4.734337732000598598e-01 -3.423897964709224917e-01
2.787870553518866368e-01 4.517392460880095828e-02 -4.459781380900927905e-01 -3.111223423283476230e-01 1.710427063467853670e-01 -8.839700787472583310e-02 -1.067418653613160379e-01 5.372659334179361035e-02 6.438942330170077666e-02 -5.503509462516276846e-02 -4.548035029752292013e-01 -3.967425159492994347e-01
2.012366995596592822e-01 5.994502487307995509e-02 -4.766126797942094040e-01 -3.206293555922984928e-01 8.887496640121048119e-02 -2.444909615513158885e-01 -1.307171317659910070e-01 -4.031884344434960923e-03 -5.778212873273554789e-02 4.512571050355735497e-02 -5.388807504417406635e-01 -4.250300852995251288e-01
7.176461449208514087e-02 1.050671581243940028e-01 -3.432369781156502375e-01 -3.904713908403477651e-01 1.231686453162118833e-01 -2.221849043735041607e-01 -1.631055684680544349e-01 1.116588028288187789e-01 -4.874872018413362734e-02 -6.409168463419233353e-02 -4.488380204258037853e-01 -5.039036906227584156e-01
8.138792967562481773e-02 -7.246290272272111477e-02 -3.157815658959679528e-01 -2.790685940599385573e-01 1.919870610409178113e-01 -1.838943303328111900e-01 -1.826634599791532032e-01 9.423965817843426088e-03 -1.881072624798021398e-01 -1.037411467131357790e-01 -6.753656396228367997e-01 -5.313420923667714346e-01
1.983376105717976068e-01 -8.468571762615016707e-02 -2.114044438656610958e-01 -2.146325260302635041e-01 1.012534799291323201e-01 -3.285362669067508623e-01 -1.725225350597857366e-01 -1.582392654531283860e-02 -1.841107109731723868e-01 1.590244859314727810e-01 -4.743138364671891649e-01 -3.846588507353271291e-01
1.819382787693648584e-01 -5.612881139179412256e-04 -2.062185738974144922e-01 -2.671717188887122174e-01 1.855688291037430049e-01 -2.220938345796152624e-01 -1.023453925741609344e-01 1.275925584550632874e-01 3.080286759140861072e-02 1.101363728355369276e-01 -7.125697465621044779e-01 -3.770832910018154793e-01
1.511169209743189468e-01 -3.385866652743450833e-02 -3.258666225449787790e-01 -1.937305163490836701e-01 6.203343422387521539e-02 -1.459154705683990139e-01 -1.619084097564650049e-01 6.008669053390469639e-02 -6.423552196950033100e-02 1.069528302705661238e-01 -4.647587096145706642e-01 -4.548090938279060191e-01
1.710069961788099890e-01 -6.677674726318134912e-02 -4.719600338686390506e-01 -2.710986098015307211e-01 2.095139133526941755e-01 -1.030872371418642547e-01 -4.877998137695341990e-02 -3.316639515661230081e-02 -5.362999624723432252e-02 9.882415917874165512e-02 -5.433390469119638855e-01 -3.408203334459430911e-01
7.181938945341818925e-02 -1.637570335125750412e-02 -3.010775592016352586e-01 -2.780867939510854314e-01 1.252870787121674323e-01 -3.660610814304534610e-01 -2.988470482219635627e-01 1.119873994757542290e-01 -9.074245446986237140e-02 8.861190339002150695e-02 -5.552012637124628114e-01 -4.791768213957209310e-01
1.154289173801506252e-01 2.377357531550227873e-02 -4.120315233396838472e-01 -3.279326446335977807e-01 1.401052510846343968e-01 -3.719280198191264875e-01 -1.059509523566023875e-01 1.573862833482118917e-02 2.695482117970306457e-01 -6.101776151490449079e-02 -6.790961327427696981e-01 -6.936206846090867684e-01
3.011174126942866083e-02 -2.172550910209637698e-01 -4.886836038261779258e-01 -2.390619464248201487e-01 2.175411788237316402e-02 -1.322137566165056954e-01 3.956037133971353897e-02 1.343275353272476991e-01 -9.189383511520464454e-02 -2.394368973117505517e-02 -4.559437650182528445e-01 -3.855097689101305569e-01
1.094753539770891709e-01 -1.684393666533274755e-02 -2.402198815162621126e-01 -3.227543306900739761e-01 6.446977709528414757e-02 -3.636714606730854227e-01 -1.785427344827939244e-01 5.350563743476065282e-02 -8.076514107377526230e-02 5.501215801269352355e-03 -3.885758313393482544e-01 -3.507665923840215250e-01
2.108512088327122447e-01 1.048228374254264600e-01 -3.911288025498893539e-01 -1.975006702911579204e-01 1.371632818200679838e-01 -2.899503811639475570e-01 4.544830659796809252e-02 2.305553230762978634e-02 -2.823707173929182468e-01 4.727110524447652312e-02 -4.290161087131962869e-01 -3.796176668017229305e-01
2.518430785586174281e-01 -5.338730670198331418e-02 -4.595071359304591097e-01 -3.438836215876569513e-01 1.355564642774044204e-01 -1.879233675920634339e-01 -2.769690028864608133e-01 7.095431607853218414e-02 -1.121541827750899001e-01 1.857574582565840737e-01 -6.997938776636918323e-01 -6.544909369657004872e-01
7.311650362778639167e-02 1.428691802783883247e-01 -3.037496122119753839e-01 -3.309973211411448291e-01 1.814256176318857633e-02 -2.315424397423004044e-01 -1.988618974545746376e-01 -4.436242608787137331e-02 -1.184181849499786748e-01 1.353895859734278173e-01 -4.936713574879693089e-01 -4.802043520312193614e-01
1.933636952122359531e-01 -3.238414132816050395e-02 -4.564858742293197436e-01 -3.922306287916055290e-01 2.621441143508335125e-01 -1.860216305436034057e-01 -1.268257769896297960e-01 -5.448789228741460211e-02 -1.443077001827042238e-01 7.532208193721498524e-02 -4.401078567156431198e-01 -4.642828517320987114e-01
1.967945827382007185e-01 -1.223717256189434249e-01 -3.983522792734717211e-01 -3.754383978136153210e-01 2.037643763152160725e-01 -1.237805258500822708e-01 -2.031118760796271905e-01 3.178535174139442143e-02 1.685775101150814234e-02 1.128669302150189513e-01 -4.661966672839583659e-01 -3.295859010587200988e-01
3.688053865311387292e-02 -2.330100047630439056e-02 -3.768992372361670284e-01 -3.682906879571589687e-01 1.729307828075276610e-01 -2.804673480738151814e-01 -2.736819341102269543e-01 7.830535510960905110e-02 -7.454830817866003878e-02 -1.713004702223273196e-02 -6.393214806119077442e-01 -5.182776465425741330e-01
1.637617172603471061e-01 1.107994646161834969e-02 -4.260534058245920574e-01 -3.791745090366732684e-01 1.425392264965457123e-01 -3.101258184236840298e-01 -2.288759444733004800e-01 -1.790116887060861847e-02 1.049090926677737623e-01 -1.451703808796523942e-01 -6.010950856839286649e-01 -1.709918756622227642e-01
7.972197197604975749e-02 -1.427636367019428400e-02 -4.835020407647220297e-01 -2.422135799809602696e-01 1.912169648888828177e-01 -2.739889035450470689e-01 -3.621488925753578170e-01 1.788305814051725506e-01 -1.509929524944959162e-02 -6.658278962624843145e-02 -4.516682055612363245e-01 -4.660100200580128416e-01
1.882510339760231147e-02 -7.384466002914000758e-03 -2.728571910572649140e-01 -2.363006672307059741e-01 2.551236919958409510e-01 -1.926629704063389237e-01 -1.969468238601014554e-01 -3.815147141441818657e-02 -2.264914472259030309e-01 1.000287791325026043e-02 -5.972504373366293029e-01 -3.338179827456903004e-01
2.667969053801300672e-01 3.936100955701689330e-02 -3.660083364742743317e-01 -3.033300380953903308e-01 1.236593643158431788e-01 -2.137682603759879230e-01 -2.591189993710149575e-01 1.051927797109239032e-01 -4.721032850496660951e-03 -2.167430314832337335e-02 -5.965953386843150241e-01 -4.727584551791580436e-01
1.417954364376824428e-01 -9.863987154610108499e-02 -3.336913161670332917e-01 -4.133800403744437024e-01 2.173876290010690743e-02 -2.119849613633017216e-01 -8.552232960848334120e-02 1.634164329693749695e-01 3.533606582909911559e-02 -2.057893786683494264e-02 -4.584845137730446663e-01 -5.110431969726975110e-01
2.922618261588198485e-01 -1.637722937100256904e-01 -3.015297762038637863e-01 -2.716740922534218727e-01 5.422461425271173779e-02 -2.069568311208216105e-01 -1.360158509557720385e-01 8.750754330401071257e-02 -3.467984482581597944e-02 5.642898503996943843e-02 -5.756116251925572636e-01 -3.078877886358678539e-01
3.307416998167986288e-01 9.069938628667724434e-02 -3.456502259803807542e-01 -2.971743936820043230e-01 2.208920055335055199e-01 -1.194521682603941898e-01 -1.188251229558760086e-02 5.552240805013705649e-02 -1.176554478599122350e-01 -1.892585991446325139e-02 -5.968644829627829385e-01 -4.233003060462965372e-01
1.108120489425382521e-01 -7.471974000552898676e-02 -3.394476186140900076e-01 -2.490299525393137592e-01 6.855168692977275935e-02 -1.230121334991554488e-01 -2.805249337931022269e-01 -1.750095305611891472e-02 2.805499814215613522e-02 3.890383331705041942e-02 -4.586437649093190183e-01 -5.243801028447246937e-01
7.046836392673376526e-02 8.933909271334601609e-02 -1.788850839348803956e-01 -2.748683653413222516e-01 1.055738691868326473e-01 -2.189721426334986509e-01 -1.881384460540545256e-01 1.281555249459254420e-01 1.605325232728846974e-01 9.120575683794726607e-02 -6.532168025869141692e-01 -4.519802842881519567e-01
1.702788257379471704e-01 1.745598790700916836e-02 -3.077930134397809381e-01 -2.725705393284924560e-01 4.906107265220246288e-02 -1.985977830105948028e-01 -2.203170344487168919e-01 1.677063692087174540e-02 -2.700939181950557863e-02 3.570924042012676297e-02 -7.071269446747463494e-01 -2.504483935444052345e-01
-2.212256355565066918e-02 -1.556786873772853831e-02 -3.262155754414325370e-01 -3.586230764850140140e-01 2.378818486770586382e-01 -3.457737503155428049e-01 -2.315461195035502240e-01 1.349371608940169998e-01 1.663221533159381371e-01 -1.500641415262418329e-02 -5.475758158853190061e-01 -3.679748426511552095e-01
1.482734591411900560e-01 -2.851862903574771749e-02 -3.162110619638975884e-01 -2.745644462088574489e-01 -7.674157772629000562e-02 -4.887983925439778332e-01 -7.241170876985060512e-02 7.329895473710161535e-02 3.397451145763590863e-01 2.781965322947341224e-01 -7.491218021927663617e-01 -6.705805500661842222e-01
2.823713100934766018e-01 9.088966224604798361e-02 -4.175096194625647072e-01 -3.072056259353809771e-01 1.697999708474119962e-01 -8.197762408819241065e-02 -1.475791133544059608e-01 -1.530909625867962927e-02 -1.749756112431656296e-01 2.190256371732535734e-01 -7.032651846604345280e-01 -3.903006105544687410e-01
5.537846640218956062e-02 -6.473714023261468997e-02 -2.894426323190546491e-01 -2.450409625568280014e-01 1.791918028206967162e-01 -1.732159391039504170e-01 -1.075167627431523470e-01 8.454874638411886967e-02 -2.765605952702701945e-02 4.068231276861183215e-02 -4.161042855215026925e-01 -3.921728476934054353e-01
3.953806734736749207e-02 1.109665600521819867e-01 -2.825536384949813851e-01 -2.661375064940755819e-01 -1.308765794870499488e-01 -1.414404157381551341e-01 -1.249287421943869325e-01 1.351538824832192454e-01 -1.734337044072510881e-01 2.353395965451648975e-01 -6.923499672114492576e-01 -6.516793778526005498e-01
1.411030770210547902e-01 -9.108350936766838879e-02 -3.481049015680058867e-01 -2.695501438130075700e-01 2.565716799922560520e-01 -2.032744691622205002e-01 -1.557497196726320976e-01 -1.581720596081392927e-02 2.179705779154742298e-02 9.186954158496457579e-02 -4.743057230197980090e-01 -5.301130538559223337e-01
3.597140993711087087e-02 -5.888590117093087106e-02 -2.364020415585032509e-01 -3.644314019743364330e-01 3.713488294697195879e-01 -2.130831867293437806e-02 -1.745900989687786675e-01 -9.425574969171225670e-02 -1.131968198677633375e-01 5.766828188982729003e-02 -6.189666915221033738e-01 -2.858151842952845190e-01
7.592805338588402841e-02 -5.418591762336025242e-02 -3.820774648051588063e-01 -2.769897371934124664e-01 3.722164041850752753e-02 -9.128422540905063720e-02 3.773835962938768690e-02 -3.699823784362940571e-03 -1.079164307245847609e-01 9.686589675447782044e-02 -5.510632876364374155e-01 -5.648920400149025633e-01
2.388775130628942034e-01 -1.321603854151028046e-01 -4.099519635682988827e-01 -4.116441011833869013e-01 1.626566954525777708e-01 -1.227661135047819208e-01 -2.885767735964649972e-01 1.778862795490406823e-01 3.232095332998547593e-02 2.557253813019353533e-02 -5.169007243162678789e-01 -5.325007260158248767e-01
6.753486847651436753e-02 -1.164385199346485295e-01 -4.695411532506971186e-01 -2.194689109081996992e-01 3.591288842801629855e-01 -2.910077818578840191e-03 -1.588445362453425325e-01 -6.616686675829880349e-02 -1.670146259406135592e-01 -6.893710406846366434e-02 -4.635238211832883870e-01 -4.431270977719745652e-01
3.449171952778380679e-02 -2.014653319424574984e-01 -3.583331176952593289e-01 -2.371235616572177629e-01 1.385879671028993759e-02 -2.435861690769290100e-01 -1.354314300433852869e-01 -3.466143320587755650e-02 -1.336535480238696949e-01 1.366477615093833475e-01 -4.937730617377411590e-01 -3.808846690124002565e-01
1.026947391890272593e-01 1.991482375870391383e-02 -3.866765739628901244e-01 -5.061642622091507837e-01 2.130450428430413212e-01 -2.673872475212565325e-01 -1.388395781238437043e-01 5.320290714983538782e-02 -1.003516392190215711e-01 4.817188259842546810e-02 -4.811169665985709498e-01 -5.715381269208573700e-01
7.680570470893426094e-02 -1.164123884422576388e-01 -3.727461592133288759e-01 -4.789946038797753269e-01 5.866559512001051635e-02 -1.626140160662642442e-01 -1.743100173162487054e-01 5.170700897184403455e-02 5.948803694709420969e-02 6.934505155490616746e-02 -5.443788336400420258e-01 -3.516748696676500474e-01
1.106887173089323301e-01 1.317427953560655340e-01 -4.356673388563497840e-01 -2.722019654211235706e-01 1.949493860933385059e-01 -2.297098783150018642e-01 -1.102091351405563996e-01 -3.212771607860238215e-02 5.371384327721386714e-02 4.769316610937791162e-02 -6.019587429404003043e-01 -4.564051496602262725e-01
1.415812391994464847e-01 -3.054303815727934038e-02 -3.837176354743728757e-01 -3.854514884128474872e-01 1.011089336984668380e-01 -6.197260409691093819e-02 1.432167552816237810e-01 1.420130555795488803e-01 1.547460716014926740e-01 1.803097056427880457e-02 -8.117954151305502020e-01 -4.403746908431872553e-01
1.240408901690261412e-01 -1.245558334042121268e-01 -2.480795902849134427e-01 -3.540784633245325219e-01 4.865646361340609377e-02 -9.327063994889346621e-02 -2.029999117083431115e-01 1.433967379645923190e-01 6.254830208605731412e-02 3.433763056410357034e-02 -4.896980076692738493e-01 -5.578021140590839755e-01
1.907376229574163085e-01 -5.307472888911396458e-02 -3.937593767026756897e-01 -1.736684351284371597e-01 1.062357533176327556e-01 -2.092416724785631510e-01 -1.841204658885851886e-01 1.942231470178958086e-02 -1.346410043275997059e-01 1.780868358005813779e-01 -7.275549695944413253e-01 -5.121671024704662623e-01
2.967240947806670248e-01 1.460764939225730197e-01 -3.074449125356305546e-01 -2.742225278678656064e-01 1.669009450816232309e-01 -2.850708256879434521e-01 -2.746907930901655859e-01 5.022369689195202436e-02 -1.801590524826086614e-01 5.245125628700374881e-02 -5.870795513920011865e-01 -4.732267041687348019e-01
2.157270623248339070e-01 3.180984441683396696e-02 -4.010157460658728690e-01 -2.787905156346182078e-01 2.644678964417602751e-01 -3.294965615318661278e-01 -1.543497904233465945e-01 5.498215102780248942e-02 -2.444795486393833706e-01 1.388132820470885376e-01 -6.542273249143225611e-01 -3.811562329564235352e-01
-4.672901012436624785e-03 -1.745069250573374683e-02 -3.739146557791183101e-01 -1.816338279374439812e-01 1.165048350193421955e-01 -3.658339281866308523e-01 -1.411922027541191171e-01 1.116558364115172453e-01 2.194294792811031947e-03 4.847164454989350175e-03 -4.954206572350337012e-01 -5.160156931327524177e-01
1.048993359469621439e-01 -8.116673175237422433e-02 -3.824673282424291276e-01 -3.563157829546272914e-01 6.390068829214362589e-02 -1.980061582985286617e-01 -3.164618935482245710e-01 1.367855685373467745e-01 -1.977409505135380718e-01 1.454408237188549724e-01 -6.013306479296304241e-01 -4.326533446547964346e-01
-4.387779178726494700e-02 -2.609716596365328420e-02 -3.429003957859269036e-01 -2.042436954263240345e-01 1.609808632037727505e-01 -8.372050217978758979e-02 -2.525004626263521179e-01 1.197255731347661722e-01 1.283353260386858180e-02 1.058448179641596487e-01 -4.608845146600357712e-01 -4.269542986134334805e-01
8.125051635847545251e-02 -1.434420696081568913e-01 -3.690181206898593969e-01 -1.907397043908536372e-01 1.442072163322058453e-01 -1.097977726520223823e-01 -9.845173164223082474e-02 5.983660912188716596e-02 -1.820195674782249529e-01 1.458928367969676392e-02 -3.793558819270552718e-01 -5.468715257090449589e-01
1.933831174481849824e-01 9.788680334347278633e-02 -4.756056874709886362e-01 -3.715759156771987204e-01 5.106449123041514188e-02 -1.790514302533266766e-01 -1.093692147612328885e-01 1.206458403262184731e-01 -1.158011258813872527e-02 5.624082807640119058e-02 -5.605679854403547990e-01 -3.719049344457726614e-01
1.041332165085374767e-01 8.383080456920712076e-02 -1.674632920204053299e-01 -3.194817384042792363e-01 2.716102062777298043e-01 -1.166985271095589555e-01 -1.055753549118471774e-01 5.823907442693734837e-02 8.951471065337831406e-03 1.140740117483209359e-01 -6.276281764228848203e-01 -4.607197080548914858e-01
1.283666157390711549e-01 1.987701499784641154e-02 -3.734882946362289013e-01 -3.993033054011846383e-01 1.339691579140858124e-01 -1.802597782236423918e-01 -1.018242633166363958e-01 9.911721150688891646e-02 -4.143686238399153093e-02 2.129123323501849741e-01 -4.648304137136634040e-01 -3.819284877079345275e-01
1.182320572946757575e-01 7.134111811766057076e-02 -2.879283663128388016e-01 -3.264258172323383778e-01 1.696655996807864830e-01 -2.252107691643747966e-01 -1.065810791458961931e-01 1.221421104141081626e-01 -1.558436361426510097e-01 1.040668796862475876e-01 -6.010273930508641671e-01 -3.946225042123618909e-01
6.565646578279950296e-02 1.410058306478196855e-01 -2.251971250999224017e-01 -3.268194272917588905e-01 6.924425098547268287e-02 -2.125047100006434431e-01 -1.349649024035821931e-01 -6.184778847516253508e-02 -1.419408378168782181e-01 8.979647302931204750e-03 -5.657545723029305806e-01 -4.061139216224048942e-01
3.289580303731844124e-02 9.591424776270214558e-02 -3.646931256120412579e-01 -4.898435452622001973e-01 1.307312265213237956e-01 -2.342861436466147362e-01 -9.693846362044715448e-02 3.881392544580534176e-01 -1.477838487554336000e-01 -1.369689503112050399e-01 -4.610718018330131063e-01 -7.695450562379718695e-01
8.476087018879328860e-02 -2.955122076166250087e-03 -4.226735230363851681e-01 -3.835594719750897164e-01 3.893614443191142221e-02 -3.006533749690916135e-01 -1.884779091558612396e-01 -1.067490503029774745e-01 -2.331165045002456249e-01 -9.730008709784122162e-03 -4.381725544794087268e-01 -3.067879450429580324e-01
1.408224681317090665e-01 -3.899480750636882820e-02 -4.040374733655143213e-01 -3.786333642135397692e-01 2.743370154566829866e-01 -2.419002562506149812e-01 -1.699278292057182227e-01 -1.340311188963992095e-01 -1.017967628970828098e-01 2.789347879877393521e-01 -5.103592845732696226e-01 -4.660747509928293564e-01
5.833715240324106877e-02 -9.960806892569910864e-02 -4.001533525411036241e-01 -2.199588274773551788e-01 1.733670565550388121e-01 -9.178690646616204096e-02 -3.553289557190158487e-01 6.420581270262086526e-02 5.726407667775174765e-02 1.470860235194783039e-01 -5.052698171560733309e-01 -4.055405835082361854e-01
8.761577300905544485e-02 -5.287572019504799270e-02 -3.138207445262576334e-01 -1.563533902593875757e-01 6.024795953225661749e-02 -3.269945202680033525e-01 -1.615710222255307416e-01 5.419810219751759750e-02 -1.664030296509335857e-02 -2.291885053890489049e-02 -4.644234495432277843e-01 -3.622373327151544586e-01
2.199547977023376677e-01 4.328294440299590429e-02 -2.710397443956433783e-01 -2.564713115476445759e-01 1.035685415652920632e-01 1.143829168546537040e-03 -1.617908372001788664e-01 1.876702584749104508e-01 5.682656771113598487e-02 4.250647624111195816e-02 -6.919080394277302704e-01 -4.120681454904427943e-01
1.584881861356979837e-01 -1.414680387506155601e-01 -4.132849173825681177e-01 -2.334578894197738008e-01 3.214058211408190591e-01 -4.438888668380399638e-01 -2.424748475525082825e-01 2.161782926164266400e-02 -2.577257413522867757e-03 6.267380527965020487e-02 -6.561773042278603585e-01 -4.603407756283366403e-01
1.830058195810962962e-01 8.336129471491972309e-02 -4.202453862700461507e-01 -1.346817503543680794e-01 1.833039860478579419e-01 -3.228839216690004843e-01 -1.092795567163395570e-01 9.360869513218433857e-02 -9.145941380276280397e-02 -3.245587659076532017e-02 -6.047724783731357467e-01 -4.964873430475366112e-01
4.905022725792165250e-01 2.583216385668140377e-03 -3.038400020732346940e-01 -2.490017096374388950e-01 1.614380132009748392e-01 -2.533788844485851954e-01 -3.769621820887124053e-01 -7.907606045814958781e-03 -8.956416920671106396e-02 -7.107135239044230259e-03 -5.564911018700758882e-01 -4.501212848851084969e-01
7.228357257917077117e-02 -8.349223665830431129e-02 -4.346707678871253311e-01 -2.630602985630490220e-01 1.804867185847080363e-02 -3.352721689137760919e-01 -1.125212949920642164e-01 2.230783415708529061e-01 -5.401275981504920914e-02 7.359998356503949513e-02 -5.350562635895024233e-01 -5.791786956148593513e-01
1.771524057638220739e-01 -2.324897794864305700e-01 -2.795765851459899309e-01 -4.069894149821166041e-01 6.506590328275219104e-02 -3.435941180701856945e-01 -1.609791605549935889e-01 2.192182350251586642e-01 -6.547986851192972441e-03 -1.568620320180038469e-02 -6.911870250163053564e-01 -5.987167592151961815e-01
-3.808656585410135405e-03 -9.999743748626039805e-03 -4.425684802049530964e-01 -1.779238028268821381e-01 9.439472547192179208e-02 -3.470355016324278008e-01 -1.346240263486937205e-01 1.634760004672845546e-01 -1.086858394457205224e-01 -1.161863990985008699e-01 -5.008201183258597089e-01 -5.799788306335341703e-01
6.486680881887886552e-02 -6.414557659189142058e-02 -3.359056073699204781e-01 -2.014765994832719009e-01 3.110203519902774438e-01 -2.131098524444019204e-01 -1.898948698447533168e-01 -1.318869854415619935e-01 -1.457278223589759669e-01 6.616631498224606611e-02 -4.787282018368660408e-01 -3.893176696898019706e-01
2.227666426016651213e-01 -7.315517962329375068e-02 -4.378649634562680193e-01 -3.369607933163417113e-01 1.584477383555735197e-01 -1.764323686634541033e-01 -1.685712747395090305e-01 -9.866030293453710576e-02 2.547695144111589410e-03 -7.777064198880090373e-02 -5.936075244860835598e-01 -4.061342897554947040e-01
2.729570215415469958e-01 -4.163689236414964967e-02 -3.017399189224526657e-01 -3.129328402255183161e-01 2.783708957114092719e-01 -3.188571960010683215e-01 -1.409089013582160155e-01 4.415328508583925282e-02 1.575389824587901666e-01 1.307950137764501419e-01 -6.059551370261127001e-01 -4.016036467618397943e-01
1.095873457904854437e-01 4.987051642108122906e-02 -3.920858486496311412e-01 -3.317889800779192933e-01 6.075958180415125948e-02 -1.416560089219021934e-01 -1.014872953957836194e-01 1.274619433924824574e-01 -2.139534722004372488e-02 1.838911041042297634e-01 -5.623753744885394701e-01 -4.510131524427700711e-01
1.952351624976968458e-01 -4.896463960516488079e-02 -3.848964167820977389e-01 -3.036620770955099635e-01 6.000724087963996145e-02 -1.972872066460066021e-01 -1.420128234727778549e-01 3.609982852727086633e-02 6.059150727163325340e-02 1.941257876866860355e-01 -6.324285739186100708e-01 -3.597378317649837509e-01
1.376724242403135068e-01 -1.178922782486072247e-02 -4.330573296092729008e-01 -4.115300035090855846e-01 1.225931761739050135e-01 -2.613258017791935672e-01 -4.038888988328520058e-01 8.447456931525655632e-02 1.872797434586908061e-01 -1.031497569966796646e-01 -4.831488285609638611e-01 -4.322269951631144691e-01
5.116275594893802958e-02 8.773273300387825213e-02 -3.433659146644223448e-01 -1.428559678220367446e-01 2.065943248061850590e-01 -1.480304821143879901e-01 -3.207441698976175037e-01 1.105728584182686935e-01 1.048321525416871236e-01 -2.450649353400318614e-02 -6.915745098493031318e-01 -4.316220719593414357e-01
2.177854719651477547e-02 -1.212198444878498232e-01 -2.550246837617163309e-01 -3.634822105537257597e-01 3.505729751302206765e-01 -5.976104188155988498e-03 -1.869032458852253609e-01 9.003736448386114033e-02 1.004108857639368219e-01 -5.281639783224183898e-02 -5.050354897087259154e-01 -4.119946669025752461e-01
1.111797149468759377e-01 -1.418522621007076989e-01 -1.927061578817998999e-01 -2.831636331563740505e-01 1.096461758326564527e-02 -3.676945203309024413e-01 7.429229627306520312e-02 9.392868804909298985e-02 2.144705914964939106e-02 1.644735461377276331e-01 -8.109838729608525032e-01 -4.108439185090648760e-01
1.813768767258415182e-01 -9.219146197257418462e-01 -4.595292401990581643e-01 -9.353000026870279815e-02 1.168377300509035044e-01 -5.332428611431886400e-01 1.351713983493718907e-01 3.329931134492574718e-01 2.608100377234062184e-01 -1.772699163686277529e-02 -6.865082318117287086e-01 -9.302147904624086250e-01
2.976810239496096022e-01 3.346361571217061903e-01 -2.506680249385492831e-01 -3.089974341023061788e-01 1.611317053196197058e-02 2.168268751276607731e-01 -1.341071927965248600e-01 -1.584907792717924757e-01 -1.510937678995968869e-01 9.700465108274763937e-02 -5.525182625562415906e-01 -3.705626936365291613e-01
1.133251921506698984e-01 1.689002267095098542e-01 -2.735703178218038545e-01 -2.130897701346535777e-01 6.448495618560553741e-03 -1.185213047932659608e-01 -1.325457516239580136e-01 -9.515347872552745614e-05 1.435958743467488086e-01 1.770306763546727891e-01 -6.241291335620068326e-01 -3.628670993471976303e-01
1.475876024775044648e-01 2.831353758566944046e-01 3.746729868332770996e-02 2.644609342146715322e-02 -2.251682798488695569e-01 2.225126383536723262e-01 -1.098299535959799539e-01 -3.076682893233674276e-01 4.711863206080769799e-03 3.345461138019353159e-02 -4.109703267638328272e-01 -1.735840817145767045e-01
1.579622454896894568e-01 2.792014254437879539e-01 -1.557511874313017297e-01 -2.832677358038576676e-01 9.057197468261940498e-02 2.568150723934895518e-01 -8.567285062224259951e-02 1.175282340524648993e-03 -1.122280872113292360e-01 1.342430282964530708e-01 -5.124057409694776632e-01 -2.320770696510099651e-01
1.176604458126532388e-01 4.370013916187240333e-02 -3.508663347806544319e-01 -4.733972611545788078e-01 2.670310370356693275e-01 -2.276806520323640670e-01 -4.017413978857302115e-01 4.889788989360988047e-02 -2.295462337239001158e-02 1.139203868731930303e-01 -5.069564569857561986e-01 -4.733037956010025527e-01
8.711951305469257945e-02 -1.154295994039245127e-01 -1.655470295367346134e-01 -2.091467856999168484e-01 2.502970362621815825e-01 1.249776286210633469e-01 -1.942357219626318077e-01 -3.419645362978220027e-02 1.281113843942471020e-01 -8.321948214989102754e-02 -5.297360594009290491e-01 -1.625483077384981823e-01
1.348028718523807123e-01 1.140037733166497785e-01 -2.262751296241375387e-01 -1.702373146199048226e-01 4.523375593932795757e-01 -3.481239642583904004e-02 -2.476426535283229036e-01 -1.596855224633663139e-01 1.097004979121176116e-01 -1.041773372359872940e-01 -5.630063699960724533e-01 -3.849068741735789390e-01
8.053781440297998195e-02 3.155004333433768238e-02 -5.079242658870913862e-01 -3.610163270582855133e-01 2.550264746464512289e-01 2.708899642837660562e-02 -2.245638430886082448e-01 -3.332337410947365519e-02 -5.086059807237588298e-02 3.939928370379076200e-02 -5.843183729221610445e-01 -4.462846013944204993e-01
2.060458002542648881e-01 2.866482519899767323e-01 4.649920296529559405e-01 2.328595693438860192e-01 6.732375581709440504e-02 1.972035170352475497e-01 -4.964610655245142445e-01 -5.853751285469491750e-01 -3.390692021288411323e-02 -1.360211173831724074e-01 -2.636766869421626192e-01 9.192294250582281334e-01
-1.338782970962359986e-01 5.142672342089323057e-02 3.418753488275172447e-01 3.537779828357477951e-01 -1.905880376522885722e-01 3.035392812695799081e-01 2.143387422305139955e-01 -4.795692511065460101e-02 1.503480796990675494e-01 -6.137863151226654462e-02 7.266308082165131577e-01 3.389625945118248662e-01
