9.619906534863756908e-01 9.677226717199414185e-01 1.112622267741053550e+00 2.133193708964102875e-01
1.071505050430733075e+00 1.017704757571844754e+00 8.048410541872315083e-01 1.409211435535364210e+00
-1.603725438719087570e+00 3.312214302175334746e-01 -7.223765705769783496e-01 2.087243218824626212e-01
-2.105418572086120044e+00 -1.225258034244913308e+00 -8.373921950890532706e-01 -5.692790876294392399e-01
-8.281213029762354294e-01 -1.579676646959580211e+00 -1.070796295734520287e+00 -1.968392212985934586e+00
-1.281571733075886232e+00 1.916797371168904141e+00 2.785266548943662324e-01 -1.636733872340113694e+00
-4.519353309089059745e-01 -3.164367835874801194e-01 -5.793722251795233591e-01 -1.059544405373550546e+00
1.272300343731664229e+00 1.735312046535412711e-01 1.066713134704637467e+00 1.426638958255510792e+00
8.955573981856809196e-01 6.955691322805563903e-01 1.689277423165281400e+00 2.374943550878799936e+00
7.681412658815399697e-01 1.650509905621347473e+00 7.261377649144021285e-02 1.073510727689450883e+00
-5.669763140767589693e-01 1.951909640793639544e-01 2.730413127219365466e-01 1.256911972241623043e-01
8.360281626837783309e-01 1.083859367396825091e+00 3.438664888134764230e-01 5.019049639810329033e-01
-1.486671449896802555e-01 6.267788785623683578e-01 -2.777384924405976729e-01 -6.215595833280154192e-01
1.031211799450090671e+00 1.528038729102078053e+00 7.351010451637443044e-01 3.932313852111747332e-01
-1.141864084038709537e+00 -6.887911922517339081e-01 -7.577225806912295525e-01 -9.617772998292001274e-01
4.720555487626457158e-02 1.292366952869634433e+00 -6.432602177632866791e-01 -1.158164973569622669e+00
-1.255619286433199200e+00 -3.887880598828494794e-01 -5.729186997912868451e-01 -1.461169353002074622e+00
1.353499107227636111e+00 8.735174826154004091e-01 6.213133578269074420e-01 3.213298258484326708e-01
3.566282276776217564e-01 3.334698361435209923e-01 1.065381347920912880e+00 7.132138289115473873e-01
-5.249123752659087261e-01 1.369944800172794297e-01 -1.481452985676189604e-01 2.562272302000625501e-01
-1.005200392128103415e+00 -5.389091458821045899e-01 -1.098134969068716549e+00 -6.475720993172998652e-01
1.214296801735788162e-01 9.329139511338753188e-01 -3.299152456838421593e-02 1.184127151101649567e+00
-7.473371948578916291e-02 -1.244855131224775202e-01 -8.046522219056927161e-02 -2.714951477868914886e-01
4.066983793805925007e-01 -5.965219935759820125e-01 8.085660106259735525e-01 4.063072459245971046e-01
9.709637653083460496e-01 8.743985796435890245e-01 7.190924130342298826e-01 1.417946902022107825e+00
-2.051834489681571672e+00 -1.094885299034541681e+00 -7.526612589786750851e-01 -9.865792967872702990e-01
6.496280394141573655e-01 -1.536152280647982114e-02 7.404032714556745276e-01 1.009619107396951376e+00
1.772472037888891627e+00 1.687273725691439630e+00 1.014711448838945484e+00 1.898936648754402101e-01
-7.270218053770386435e-01 -9.180153479985710963e-01 -3.246029644440525108e-01 1.580507341329538337e-02
6.180811210730004224e-02 4.338989204473742839e-02 2.913883698361283137e-01 3.601307266174621491e-01
