-3.744188212489201611e-02 7.257089103190651758e-02 5.523159349206162999e-02 1.219908991243862373e-01 3.956312272628452475e-02 -1.414484153270903766e-01 1.313065446945871177e-02 3.336013531011023324e-04 -1.941277632919720039e-02 7.895791520573918268e-03 2.772190391303937067e-03 -6.275476697906921808e-02
-5.725717917584870892e-02 -5.900595686578798127e-02 3.899031826951380314e-02 1.987805226828475574e-02 1.112040192426935609e-01 -1.664660095903971737e-01 5.502113274607011578e-02 3.683606175609610567e-02 -6.431164284686075039e-02 -6.569254110029856819e-02 -6.226870346640111381e-03 4.154118770949450506e-02
7.858738272318639695e-02 -9.170829510276755359e-02 9.817235740186522341e-02 1.627244632300576532e-01 -9.409425869027494838e-02 -3.980357726295968845e-02 1.987912316678243363e-02 2.157493156168449888e-01 -1.359115726112116174e-01 4.534856895357445433e-02 6.094055951216344885e-02 2.967053537401141347e-02
1.177188726131761926e-01 1.951401941698395134e-02 1.876829611902085942e-02 1.285597609481556602e-01 -5.584920209886332088e-02 -3.574010388066863053e-02 -5.556256743702749773e-02 -9.690731112484085585e-02 -1.167254092996944381e-01 -3.351488201981784459e-02 6.415776777220008609e-02 -1.533777176827022248e-01
-9.215441320791535607e-02 -5.827790000690155625e-02 -6.159518690973920380e-02 -4.016489283879227240e-02 2.643426168676367427e-02 6.405219286059823935e-02 4.484485228169977217e-02 -5.806805632491321423e-02 5.503473705296432067e-02 8.736461357988917209e-02 6.901928520111013168e-03 -2.268827367315801591e-01
-6.161330876861099287e-02 3.603180486747492584e-02 4.185042389964061665e-02 6.366084152028153587e-02 1.510932377791427972e-01 4.125295626210158384e-02 1.469761414882732320e-01 1.018521615410201142e-01 -7.469340216561079493e-02 -5.148657502190685104e-02 -4.509593627496082113e-03 -9.373166063566538975e-02
-7.788800279962575235e-02 -1.113130102406378469e-01 1.639573781440630262e-01 1.600592212490826310e-02 7.284944688018633874e-02 8.600653677856975876e-02 6.291739155244562010e-02 8.500004011932218995e-02 -6.280461152535762870e-02 -4.174013273231102356e-02 4.875891206099929737e-02 -4.703445638209449026e-02
-1.283441649740507118e-01 -1.678715535083046828e-01 -1.679321458796424471e-01 3.197993366392567344e-02 7.247222998551380684e-03 5.261317589695785335e-02 2.096857947385310367e-02 -5.728678687656106605e-02 6.578907997216495995e-02 -4.141854717622924648e-02 8.872433893191741805e-02 -1.250422113744625516e-02
1.858800028882622935e-03 -4.283705581310350008e-02 1.186560127981692650e-02 2.180376236270024359e-01 -5.146589690937129584e-03 -1.604951346276099200e-01 -5.224796681096612744e-02 -6.288306027987641822e-02 8.851127638155728561e-02 1.599199540470015446e-01 -4.547508994128247189e-02 -2.973833300763453150e-03
-6.303602015560953731e-02 -7.321083632541215518e-03 -6.718391448282687306e-02 -8.397901496813162114e-02 4.452004903131126512e-02 3.913746547806155884e-02 -7.121808115473100831e-02 -3.838458748759494832e-02 -2.565926368537265953e-02 -5.023641005487067962e-02 1.669719976203715428e-01 -6.800087353618190777e-02
-1.307224096475630279e-03 1.039274747248489922e-02 7.375890708290236408e-02 7.904287366846216023e-02 1.528375436085299688e-02 6.803465743469078175e-02 1.974046118860512677e-01 2.234116279916975867e-01 1.518718261111949297e-01 5.223038151321970218e-02 -4.267724835107548215e-02 -2.159394246189744529e-02
-1.095224270343093248e-01 -5.949144869941684621e-02 -5.871864174798878573e-03 -9.364189403102682330e-02 1.360186648942712795e-01 6.892933129164105499e-02 -8.846675329721841174e-02 -8.117472233610448229e-02 -3.527672774965025931e-02 6.316709777973542050e-02 5.951614655234507140e-02 1.375067176707068031e-02
7.753724926709255894e-02 -1.905339145172035495e-02 1.723504669820228458e-02 -6.182258226012440211e-02 4.060167749947567184e-02 -5.250143665702998452e-02 7.436094950236009360e-02 7.890883069172779929e-02 1.445906362682944923e-01 1.672102864462967076e-01 -7.409021052427047782e-02 2.017426807526432123e-02
6.655742095547430293e-02 1.189414963777945949e-01 -4.586077122498862652e-02 2.887881886008553806e-02 1.050443560619423039e-01 1.137367265001281991e-01 -8.423814386188301084e-02 4.977401791944718878e-02 -4.705450540952454269e-02 4.858835084623815831e-02 1.499308277610635620e-01 -2.288230749474761683e-01
-7.338587429748096025e-02 6.641351181042874641e-02 -2.404501735685726782e-01 -1.617730604236783665e-01 9.598271025784629873e-03 4.514883598310573745e-03 3.279608118810271172e-02 1.643972054260905979e-02 -1.788378607599660705e-02 -3.395207524027427787e-02 -1.465080943049003881e-01 4.987436382976036947e-02
1.017550019027580882e-01 3.228455790618183635e-03 3.195017297043201837e-02 5.845314062284273117e-03 1.408025290339988689e-01 4.430288944378474314e-02 -3.173677664734646936e-02 8.436501848631891565e-02 9.529364754649315497e-03 1.728675950593491217e-01 3.920199822036796872e-02 -1.345251444883731884e-01
1.833520268600872388e-02 1.235279875348921225e-01 6.330007368862165806e-02 -4.588764860647141092e-02 -7.351605978302939992e-02 -6.927105702944577614e-02 1.328336929305017240e-02 1.339833875240377947e-01 1.377999608421191513e-01 -4.945749077130363186e-02 1.411901063965595171e-01 1.266358800029165621e-01
7.428785117487159140e-02 -3.027692148185549131e-03 1.507451094621132803e-01 8.435927935585542598e-04 6.137276224876490882e-02 4.751129964955116969e-02 2.728889537112480501e-02 -5.687385404768878494e-02 -1.550910262348094704e-01 1.804717540604437453e-01 -2.301273673978518342e-02 -3.282449161859078007e-02
2.345215929295377515e-03 1.529425586431714112e-01 -3.354840932599346265e-02 2.123190446283325372e-02 -6.596100696798933016e-02 -4.216920636520769816e-02 4.283627483503697070e-03 -5.006411827006231052e-02 -1.281038404516167684e-01 -1.565445824309998901e-01 -6.656702541989711897e-02 -1.352690149489746895e-03
8.158552927977315294e-02 -1.193065723206715861e-01 3.132028560521357696e-02 -1.374317948604089901e-01 1.744687196465200540e-01 1.748534773758771144e-02 -1.633241040613941097e-01 7.707001755421505340e-02 -3.420332922195023356e-02 1.221629762983245937e-01 1.458493600885477359e-01 -2.930379681251873425e-01
1.127165766619533244e-01 -1.130160609364999486e-01 -1.057451340507275239e-01 -8.660759881760052292e-02 5.495600213449573779e-02 -2.231801608562036798e-02 7.531535895712358764e-02 -3.387530790386595290e-03 3.975358616222025160e-02 -9.370403017118267286e-02 9.114735402507640610e-03 -7.242544242596387271e-04
-1.418806407525176061e-01 -6.312121064932596504e-02 -1.136558765208509764e-02 1.201101193264548228e-01 1.223659978120290523e-02 4.180849370959278098e-04 -2.786262632628098285e-02 5.924948164444632584e-03 -7.004162561660118302e-02 9.985285344651828598e-02 -9.194967421126512552e-02 5.616890817539945541e-02
2.427176345252397838e-02 -7.935772777341069950e-02 -7.336401484965288100e-02 1.405444859169329985e-01 2.476181137840211682e-02 1.511600105826367557e-01 -1.304898591299124277e-01 2.731697053097819627e-01 1.395347077413799410e-02 -3.285081396440440310e-02 -2.742541342368592233e-02 -6.316257903221882131e-02
1.332965824398399945e-01 -1.471413478500786520e-01 -5.105994878751321693e-03 4.640591280639846765e-03 2.359169009677131862e-02 8.200933362486348410e-02 1.491178658289219749e-01 7.267985420794667584e-02 4.129317489185230054e-03 5.654305425275060054e-02 -1.252222757701316330e-02 -3.124245609479375709e-03
-9.000766129317309960e-02 4.850122736560227854e-02 -7.156726303240612541e-02 7.185135063765688002e-02 3.000379738209520836e-02 -9.484498514781234194e-03 -5.733424576529232847e-02 6.233005024465795157e-02 1.165702745080504088e-01 -7.507226495401178069e-03 -4.937258134335437837e-02 -1.976232925670843299e-01
-4.491436349423006541e-02 -9.309297592757743295e-03 8.617813607006141741e-02 -7.480645518570441799e-02 -2.956231699719798905e-02 4.084146479984259782e-04 1.896219378386208854e-02 -3.879606859315273305e-03 -1.072459362923362525e-01 4.154148788421981216e-03 4.945880298523618740e-02 3.845603127228403723e-02
2.793613016352285844e-02 4.467582877608684833e-02 -2.392328202225636399e-03 -1.642630010159450843e-02 5.720457684102986384e-02 1.869839755873357323e-01 -1.098571297317831458e-01 2.300566551493532508e-02 -6.543974614008071788e-02 -2.188959029252467506e-02 -1.818305851254525540e-01 -1.984175905581665386e-02
7.558693884929711115e-02 -1.955384998414070111e-02 -1.064870043888374307e-01 9.274033140349469129e-02 1.200593728651925124e-01 3.457112051032453794e-04 1.161992139678697938e-01 -2.802313184480836189e-02 -5.861936859736065902e-02 1.721242481597645008e-04 -1.308688552873252531e-01 -6.809633170710528705e-02
2.386497409617724386e-02 -8.730707866644853155e-02 -1.053374703174451699e-01 3.389671203743389177e-02 -1.338770165677512572e-02 -6.425528405917126096e-03 4.862295720755367007e-02 1.637212629204180120e-02 6.249581512740499251e-02 -3.364794942567777419e-02 -9.482309783341369425e-02 5.962586895905132994e-02
2.447645069783877057e-03 -9.333771623231297554e-02 -1.588613018459718307e-02 -6.541819561825809592e-02 -3.786706757514259059e-02 8.064474027760440422e-02 -4.728884260004524026e-02 -8.585084222248712260e-02 6.235761244650477736e-02 9.989637628266659353e-02 -1.078975051018534748e-01 -1.098798920205607405e-01
-2.160247145885160064e-02 1.406946023567040571e-01 -6.279236007405646081e-02 6.574090567140408736e-02 8.783585291277005991e-02 -9.891315896374772154e-02 -3.961050994561130661e-02 2.954383850124921163e-02 4.865871273019199000e-02 -2.715436123809527799e-02 2.124443620934132471e-01 6.567884401936625871e-02
5.171494418928757747e-02 1.564778943997067739e-01 6.863647161164390664e-02 3.455896143945471483e-02 9.399109572842971605e-02 1.101845360947576770e-02 -5.319760138196339555e-03 -3.124715178318962158e-03 -3.359969935030442372e-03 -1.323260908059232799e-01 -3.128181643425731462e-02 6.313617147226280313e-02
-2.899130831195068092e-02 8.863487822071296207e-02 2.387563774003244321e-02 -9.826520851452927308e-02 6.086149883200760169e-02 1.156352975079976385e-02 2.981641408835806334e-02 1.177615766065993053e-01 1.615884084090021267e-01 -6.872071871063056836e-02 7.601643906990940280e-02 -8.713125797748373647e-02
-1.052050748958347909e-01 1.432126988708980475e-01 -3.566641140635793544e-02 -4.746570441233498999e-02 1.138092140238906730e-01 6.970902056326980234e-02 5.850976989749565732e-02 -4.186221262835326806e-02 3.954746800845384408e-02 2.074304912364567308e-02 -5.573120113367608514e-02 3.794523752200654881e-02
-1.872300365151857021e-02 4.615432660922506869e-02 9.332003095410210114e-02 3.213328785705332064e-02 8.273067790468759120e-02 -4.390540010659532699e-02 -2.909802201792207471e-03 -1.140498079184446290e-01 -7.690722334738639421e-02 3.537063343866662241e-02 1.634311778818539895e-01 1.653798973891774590e-02
-2.292633572254701175e-03 -1.155091737348317854e-01 -1.069424750868747942e-01 4.464989027039966557e-02 -2.480451084312591120e-02 -1.386158066496326509e-02 7.802696250800360278e-02 1.315753133485672854e-01 -3.627978075949641994e-03 4.572025440961060422e-02 5.094303306563565531e-02 1.328181562250979261e-02
-1.636268981034296743e-01 6.276318111845352599e-02 -2.073387355971224172e-02 -1.185691321127669839e-01 -2.268511386302792671e-02 1.544202891274053802e-01 -4.157460960580897785e-02 -2.879801270403813118e-02 2.382039586330719425e-02 -1.103664380879615901e-02 -1.218717740148130557e-01 3.732416731703273177e-02
5.874164256145918833e-02 1.740890475117045089e-01 -5.240084078710385146e-02 -1.552837736308103900e-01 4.818054056578627287e-02 -6.156491284805561126e-02 -1.027194091857438901e-01 -1.052847329996372261e-01 -8.842371263745604781e-02 -5.165156890995310085e-02 -6.194814376923265392e-02 1.427257388350672632e-02
-1.331628199514900412e-01 9.115648674782049488e-02 -4.979727758875884119e-02 1.363761156589442941e-02 1.769431870019554792e-02 -1.791006238426032238e-02 -7.901466249984641713e-03 -2.948384907502896168e-02 5.366006747772791158e-02 4.290045312967383923e-02 -2.499219185334552312e-02 -2.471501870600167558e-02
7.918705279071293346e-02 -1.122083585835908642e-01 3.563755151477242950e-02 3.056306373395560605e-02 -3.476030836356837350e-02 -3.998188069982756832e-02 -2.394758524305144048e-02 -2.060119360635549735e-01 9.063680338754367960e-02 -5.212529572653148285e-02 5.589103510647022016e-02 5.866922035512271184e-03
2.856669151517005761e-02 8.694317706124148060e-02 5.627323500024742492e-02 -8.587411283191281886e-02 3.458570563056202751e-02 -1.235383628711586856e-01 5.487768313646288615e-02 -1.026194499054109976e-01 -9.104796989218552627e-02 -9.376765449519086637e-02 -5.886736800098978442e-04 -3.551550946498278211e-02
-1.077132402380270998e-01 -7.188786292183406423e-02 -1.129813174559322897e-01 1.171930043406724520e-01 -1.774096282275093861e-01 5.163806173934087571e-03 7.824334728784828122e-03 -7.653307877414533555e-02 -1.434395647518222350e-01 -5.354542559556629139e-02 2.055683747516299370e-02 1.137479329780024390e-01
1.081845816401621335e-01 5.703695325216480427e-02 -6.898786816914001530e-02 7.146133463815831921e-02 5.004295272075254264e-02 -1.425274745944729859e-01 -4.572898227190420818e-04 -1.698439138481429300e-02 7.275336093334899834e-02 3.346712559283595949e-03 8.581767456272651473e-02 1.088903816825382426e-02
-1.642724694161197818e-01 -4.323516219574062569e-02 -4.826035912803317528e-03 1.877927513707376705e-01 -8.091354734124035775e-02 1.100797703998748489e-01 7.614225937317002646e-02 -9.278928228464913830e-02 7.261338964409760899e-02 -1.045378931679217804e-01 -7.984616765408078520e-02 -5.274416212401374787e-02
6.728106822066244608e-02 8.484173380689268018e-02 5.527049281582880474e-02 1.377750457314027843e-01 -3.392304957045675848e-03 8.515083328271264018e-02 7.108909786121130059e-02 -1.002201435881071578e-01 -6.137724324594961284e-02 6.029856537537211375e-02 -1.084655742030498637e-01 -6.824541275325023137e-02
-5.171127560281496734e-03 9.474463510436030578e-02 2.400273148696644571e-02 -5.954410931996690498e-02 -4.976633617051072489e-02 -2.208442095569893276e-03 -8.738287948063730784e-03 8.975456997357184399e-03 1.797131372945426006e-02 -1.200974269076449663e-01 -7.309655705552731142e-02 -4.161725035386170529e-02
-1.053332699543998302e-01 3.530835615943819783e-02 -6.544397481224084427e-03 9.155100710401234410e-02 -1.881898874249587905e-02 1.447829982736845433e-01 6.913130667145635233e-02 5.759651615490973472e-03 -9.365953132074383847e-02 1.247020874079331487e-01 -4.527201771414010589e-03 1.699163808074026782e-01
-2.456040459494292488e-03 -6.791263572305882013e-02 -5.684902939658662696e-02 1.108492105524546412e-01 1.413032322326750884e-02 -9.872811140498910509e-02 7.706914574434065024e-03 3.734631104197905227e-02 -1.188097315118201609e-02 6.950539286979667830e-02 8.277361084048023843e-02 3.838939268249106501e-02
-1.260544437090999233e-02 8.719667567312742312e-03 -1.406732345805489781e-01 2.496276490255239233e-02 -4.615138171769428421e-02 7.036939246950305038e-02 3.091653070212312809e-02 3.345232947303869442e-02 5.420466461321538781e-02 1.011438263955505568e-01 -7.099659028061416910e-02 -5.785188445416459407e-02
2.136121457087707121e-02 -1.653722477217792197e-01 2.514564269398388285e-01 -5.890478076188056071e-03 -2.771950032228504557e-01 -2.956747448156371583e-01 -2.238056728297514175e-01 -8.713167943650954039e-02 -3.736336961378717847e-01 1.232363022235650751e-01 -9.836252478041093705e-02 1.514566857128462063e-01
2.434853922543253613e-02 -1.635201380421406198e-02 1.024814722347406615e-01 -6.130480667597328764e-02 -1.161324168503024695e-01 -1.780487838568964032e-01 1.355279153537820302e-01 -3.998524617121949898e-02 1.682656072589677407e-02 -7.939219004146372272e-02 -7.362962392729879846e-02 1.327866475223754214e-02
-6.961078388233226701e-03 6.016952517390090731e-03 -3.692367484018731910e-02 8.600643697880921285e-03 -1.897401579344600298e-01 5.808790222303424067e-02 8.365226784902805857e-02 1.373576655517248224e-01 5.479128341632171634e-02 -3.432926262213604335e-02 -1.183570679482624788e-01 -1.209092314096042314e-01
3.202420065866141280e-02 -3.921239151406701040e-02 -5.187379886702690041e-02 5.443859342732066536e-02 -8.625931220637599040e-02 -1.857538682264237712e-02 -5.527879733089337971e-02 2.414559994970907897e-02 -1.491535109687189831e-01 1.197077574609630712e-01 1.658911137585893647e-01 -7.402068074666119657e-02
-1.364432478053646536e-01 -2.299746808809802548e-02 -4.058148944293828858e-02 2.549381802867193431e-02 -5.852166569360389703e-02 2.147382021473592806e-02 8.078902688707757795e-02 -2.998911609355767866e-02 -1.252679070990185550e-01 -7.552647980404283978e-02 5.999735584058072529e-02 8.902030824577437940e-02
-3.573476678466256523e-02 2.996769422975387523e-02 -2.918995314194714613e-02 -1.120879565687623036e-01 -3.512738854519062426e-02 -6.321781173720814051e-02 8.563574862190669046e-02 3.099021561022972243e-02 1.793465719260768920e-01 -8.601043177295525366e-02 1.618280467526145572e-01 -1.725517750594832492e-02
-1.301025906621643413e-01 -3.745337871987500233e-02 1.131362948538472135e-01 1.146130047676962027e-01 4.645095890128261851e-02 1.023658236396615684e-01 6.800563245379155630e-02 -5.203839249601313610e-02 -1.517603417776653731e-02 -1.336278546532374857e-02 1.385578054619830690e-01 -1.069013125874719722e-01
-4.923284182961621541e-02 -9.716517685548468897e-02 4.421604591490910924e-02 -5.250865488031789680e-02 -1.041195613477967491e-01 8.528930100261220004e-02 -7.809518451939710670e-02 3.209591341198367309e-02 2.227678569534694009e-01 8.893194857263939102e-02 4.276768267773480708e-02 5.415786393718075194e-03
6.244930758697120332e-02 -1.340132164482771837e-01 6.846986939690008489e-02 -3.484064938916513893e-02 1.491926282876587795e-01 3.742556193949034271e-02 1.167929967930863983e-01 -1.914979217001835099e-01 8.873533779222750328e-02 1.622618695111375034e-02 -1.331933770160149966e-02 4.653397910555451961e-02
-5.654585251843604471e-02 5.723998432672493253e-02 -2.411578386904843219e-02 -9.939806858559296909e-02 -1.174876777313681869e-01 3.757360468242273988e-02 -2.505364075517560463e-02 3.430301140905277213e-02 2.860846807751399670e-02 5.231370419114911990e-03 -5.802422035205703071e-02 8.569093790291749946e-02
-4.522303140276242445e-02 -7.873668978200788066e-03 5.424485293842724182e-02 -9.612910920205169907e-02 1.524827097774261384e-02 3.012887938214808825e-02 -6.282962445302990584e-02 3.005199319690038395e-02 -6.436152652118276585e-02 2.966632817176371659e-02 1.013962918001767577e-01 1.436139314919990251e-01
9.513453056487287951e-02 -1.187557234128239630e-01 -1.551650390265745666e-02 1.991967452874348482e-02 -7.999601960642500897e-02 7.453110345715385776e-02 1.149423339942300636e-02 1.406428258636070565e-02 -7.050941618062214755e-02 6.012348279248925370e-02 3.080541918664461004e-02 -8.550542007971949354e-02
4.274248698077710157e-02 3.063037113948694629e-02 -9.753295111627988123e-02 -6.193026411938321735e-02 1.399592966173212605e-01 -5.023278252814018796e-02 -2.427856257032660892e-02 -8.697402834505241209e-02 -1.043810691120364113e-02 3.674185302007901971e-02 1.480851175540367215e-01 -3.050119977160206924e-03
3.971506430268954002e-01 -1.707514781346011756e-01 2.151427673292712894e-01 1.391272227833771635e-01 -2.089488837415011124e-01 -1.526041546412531258e-01 -2.423757276053460641e-02 2.167778443486442774e-02 -3.672752091723004986e-01 1.603957937005890400e-01 1.988081383521536627e-02 9.196660930732970807e-02
1.262140651192614760e-01 7.435159645218765434e-02 -2.355059036189580124e-02 -1.363263063064481043e-02 -8.189235789132416621e-02 1.145463831147574552e-01 3.908777423239368637e-02 -6.828019304383678434e-02 4.103986552026295948e-02 8.742757299295286777e-02 -1.037225055042841904e-01 -6.721488613466995721e-02
3.940937141498294244e-02 7.139265977379281869e-02 1.743953895426639256e-01 5.960008068930380126e-02 1.492736371482576985e-01 -1.051843582530808674e-01 1.086175314018787003e-01 2.184660135315569934e-02 -4.429345110903819965e-02 -1.300860334780810090e-01 -7.326791621716499670e-02 6.478876853862268470e-02
2.196386783711023333e-02 7.659515353096067736e-02 -1.432036657646263561e-02 1.824101800576830024e-02 9.301345462003507425e-03 -2.126435237095800762e-02 4.071725144781813271e-02 -9.219592847699889862e-03 -3.449314319203995033e-02 -1.160209978711130019e-01 1.859736697120511345e-02 -3.070836905256761964e-02
-5.127432147451178174e-02 -1.033953760345747291e-01 -1.354053921045092826e-02 6.563496311765981694e-02 -1.466905748026395284e-02 1.146503143692554315e-02 -3.276193196728750638e-03 -2.349123785352428412e-02 -7.881364077438807181e-02 9.449735606631657139e-03 2.031472361031351481e-02 -3.910559632342155284e-02
-1.584466994939782714e-01 5.305875495433862166e-02 8.424181048809217809e-02 -1.447766560667250110e-02 -1.019882843983392490e-01 -5.001862450158009454e-02 3.753135543555755765e-02 1.642336458935353405e-02 1.923702357673944263e-01 7.760202291987675083e-02 5.221505600821061549e-02 -8.459593622954274250e-02
-4.073017175193122813e-02 5.361809829054683951e-02 -1.132163937474977289e-01 5.320652829343426767e-03 5.470470916798060579e-02 7.596948030924840882e-03 -3.987577739211068187e-03 -4.913246274811863823e-02 1.634313861562615711e-01 -6.171410848483031147e-02 -2.697708593030979235e-02 -1.366862155265231027e-01
-6.447873100888865637e-03 1.326937369659397445e-02 -5.641074864345358569e-02 3.464726326453280297e-02 -1.557322718226005764e-01 7.959641400668507338e-02 1.647096092580142279e-01 3.860591070004621046e-03 -6.212703244291162795e-03 -1.026381111355148257e-01 -8.399432843365587514e-03 -7.978694155521416642e-02
1.478235272629608264e-02 -1.318349431213582112e-02 -1.364702121677131147e-02 -4.753982073401256253e-02 1.122712721653698759e-01 7.458334724695983575e-02 2.674180576590896863e-02 2.071189753282205170e-01 1.024662438066382963e-01 -3.857969241845515124e-02 4.638061889285114564e-02 4.646380859234643806e-02
7.589453974858990926e-02 8.301907228126660654e-02 1.759319489830869776e-02 -6.544240124013878113e-02 -5.820260162586191055e-02 4.672711617961676500e-02 -8.666252743519954616e-02 -1.177762196910376868e-01 3.598886349099927190e-02 6.619249323392761841e-02 -5.350607604015653745e-03 -1.474709505800244902e-01
-1.501357447215534609e-02 8.108703797190201790e-02 -1.152790621865542597e-01 8.902828032063231367e-02 1.128842859899879675e-01 -1.014674473105054708e-01 8.236189284839946778e-02 -2.934887158168140303e-02 -9.789856529150686715e-02 -1.200517597120438762e-01 -1.122692998249458229e-01 -1.312901105598618390e-01
-1.075248458989833296e-02 1.139682093753120601e-01 3.695506508715187127e-02 1.318918254740899468e-03 -8.093497892530378268e-02 4.479723948075066409e-02 -1.552188951217118584e-01 2.042051443422996659e-01 8.363544261104655098e-02 7.133822013125348804e-02 -3.707248464117999902e-03 -1.331815272285317153e-01
9.979246916326602046e-02 6.915863596705611183e-02 9.022619852511973293e-03 3.353038805267282568e-02 -7.213615349911149666e-02 1.128566500042280929e-01 -1.099611498573642016e-01 -2.544303356250952192e-02 -1.561887122944418532e-02 3.736354831385398784e-02 4.920701909049766259e-02 -7.899993127900849232e-02
4.157845518198634467e-03 7.775292583170774485e-02 -9.449687367108067226e-02 5.306413802603437285e-02 -9.911947640318093111e-02 -2.192959618811920197e-01 2.798065006111243730e-02 4.388432765208172270e-03 1.141046022374898605e-01 -4.535515945552206357e-02 2.678256773448386974e-02 -4.814242705129644778e-02
-6.011711049899683829e-02 8.189756425043116794e-02 1.559783902350063145e-01 7.874101183008189869e-03 3.471792670182341500e-02 -1.082627922042491142e-01 -4.228769639261586305e-02 -2.942104424572328973e-04 1.848074757514573951e-01 -3.025826737511193645e-02 -1.850172220039523335e-02 -3.384770079084366973e-02
-3.154001721397974023e-02 -4.977460484368738391e-02 -1.426766616203404281e-01 7.600919382903775778e-02 -1.437185515390694210e-02 1.741177405575154019e-02 -1.103008401921745513e-01 2.472639262555929862e-02 9.041740165802714113e-02 -3.147228901894151554e-03 3.753326031025151083e-02 2.385755378212479558e-02
-1.678165498893604002e-01 -7.057689087265724137e-02 1.080932585553733283e-01 8.326603310966471105e-02 1.045175124548148454e-01 8.470785866049146406e-02 -9.007082606881787468e-02 1.045406972013863400e-01 7.128419530885546362e-02 8.755067778122713196e-02 7.543126878288047843e-02 1.201426537133153255e-01
9.246828249710518921e-02 1.476662527129140590e-01 -9.585812541932453579e-02 4.635602802126733563e-02 -1.611195631607571510e-01 1.476041382555014769e-01 -2.625319392225705997e-03 8.358479932029880266e-02 4.853612532675977836e-02 1.081797720476120050e-01 4.341987831488903354e-02 8.705235253207954356e-04
-9.891963196564328153e-02 7.867285842543138286e-02 4.331106856793369257e-03 2.139361012335502799e-02 8.722909365902144219e-02 -8.354172898897946342e-02 6.728629373106463640e-02 7.530456820280823083e-02 2.750492937520890649e-02 9.587506419804486812e-02 1.610517161977860490e-01 7.566695272666269139e-04
2.276198912346594216e-02 7.924053741436302978e-02 -1.557887825565025183e-02 1.532202456196072801e-02 2.199009659324229621e-02 5.477532806421761546e-02 3.113020451857727647e-02 -5.164481992717738501e-02 -9.477214004150444349e-02 1.385165817267808297e-01 1.755251800601887735e-01 1.412366033246124225e-02
-1.132892741803764175e-01 1.821308305593453136e-01 2.312460943163677923e-02 -8.126049600919363347e-02 -3.768462136897844650e-02 -3.290831465775657938e-02 2.669158677404658009e-02 -8.363475865825562017e-02 1.913455684634232101e-01 9.820836813974906376e-02 -2.508209163002463743e-02 4.003603398133995933e-02
-4.820365830967147103e-01 -3.653161302677134792e-01 -7.607400778473825120e-01 6.039326443796615429e-01 -2.711337250320630665e-01 -1.310482187935589626e-01 8.277988278886316831e-01 4.416161671000904954e-01 -4.605027558137122501e-01 5.504529731980383200e-01 -2.717399434396130520e-01 6.587110908106118545e-01
1.199465250912395559e-01 -1.384120132633096523e-01 3.004839434253533947e-01 -1.706960048961490839e-01 -1.528383329041236444e-02 -6.362278315972938469e-02 -1.254509219263409969e-01 8.614596056226594967e-02 2.448866439691793281e-02 -2.035015515722403689e-01 1.639495052824147814e-01 -2.428380130683648885e-01
3.375270707136374115e-01 7.214757113410234790e-02 5.970763633059075065e-02 -2.958362519155703918e-01 3.403426271417650528e-01 3.021297779803164968e-02 1.015631766544542874e-01 -1.332689349987943583e-01 2.617877274746302496e-01 -1.600369144729626436e-01 6.174185295049378769e-02 -3.528750169167352846e-01
3.005030424528765121e-01 -6.575289649882976040e-02 2.259814446104430052e-01 -3.057019447157379721e-01 2.532520583051830337e-02 -1.609482146081926690e-01 5.655613319326310492e-03 7.070246614087200010e-02 4.084646861515740107e-02 -2.881115157843898711e-01 -8.287194904164402187e-02 -3.610481394480914430e-01
1.418029747586770362e-01 1.093390038663296510e-01 1.583874524634279468e-01 -2.091800476585567725e-01 -2.648489660934143924e-02 -3.286284506297508512e-02 -1.399784106190282533e-02 5.831592636413092390e-02 3.037556123006463979e-02 -2.122061226893425245e-01 4.452719988367705856e-02 -1.307082995775317169e-01
-1.546901074692836886e-01 5.847317757468792343e-02 6.994888169021068296e-03 -3.969874084265496289e-02 5.348350667507144329e-02 2.905221667482654757e-02 2.197367596862857125e-02 -1.248291849130858840e-02 -1.504712714697842846e-01 5.599692853411105536e-02 1.136597449078469990e-01 -1.019747218380411963e-01
-3.858922002574834750e-03 6.509608188447076060e-02 -1.819314262159686668e-02 3.112581366049381459e-02 8.335432495939960884e-02 9.534497431879762619e-02 -2.601589663258152899e-03 2.185908922188802006e-02 8.188785760792932633e-02 6.977459527994084310e-02 -8.517674751668780075e-02 -3.892615599298115264e-02
2.098887241379866764e-02 1.891264524310394893e-02 1.483765464711753745e-01 2.442108094832245307e-02 -1.019903548397102927e-01 -6.677989074141116310e-02 -6.341597405709732682e-02 -1.478691933161246398e-02 -8.877283495220048004e-02 -5.204157476212376704e-02 8.271825903106799771e-02 8.946013155935066130e-02
-3.939441973188572560e-02 -1.518169041863391411e-01 -9.062657585875377730e-02 4.876068472644779633e-02 -7.520565862724741361e-03 1.915244252807226932e-01 -1.160648980119505930e-01 3.972358993540087146e-02 -2.907445410071326022e-02 -7.375961760219854058e-02 -6.777259263243210971e-03 -7.379902666178254911e-02
-1.591752208374005439e-01 9.480988563176011297e-02 -3.632639784834666430e-01 -2.117308146824722903e-02 7.422804218980398605e-02 2.018260270294992831e-01 -2.056262303893595378e-01 -1.262748806524288947e-01 1.168311069690847748e-01 2.801560657278248136e-03 -1.031070931331967699e-02 -2.544937599915328766e-02
-6.159263887832418932e-02 1.171160780916967181e-01 4.552154114910220845e-02 -1.563209860821387215e-02 -2.429616914464011873e-02 5.168573606531314674e-02 2.378294196667641580e-01 -1.298832670375412446e-01 -9.289843541164437279e-02 6.056716300606594661e-02 -1.251834776853160969e-01 8.286025496968481285e-02
