8.020586186270809229e-03 -1.230577068080487557e-01 2.587811233805881739e-01 9.236563932077052064e-02 -7.244858691250363227e-03 4.776534302294771495e-01 4.820723655612658282e-02 4.257687154722439304e-02 -4.672297843589866551e-01 1.715236033217799605e-01 2.446851005424671363e-02 -4.936520053599297575e-01
6.139394177132280472e-03 -9.192101163575858158e-02 3.493825774896732184e-01 1.420055114143811519e-02 3.859243950242430832e-01 2.239223478972792725e-01 1.605381830606109061e-01 3.343689335600615042e-02 -3.362872990538158247e-01 6.811677713706965065e-02 -9.679293541419900504e-02 -4.802618442741916072e-01
-2.900875985000119645e-02 -1.485264935679255771e-01 1.593390285201486956e-01 -1.225889888648622368e-02 -3.148470295260517166e-02 4.896442807315080081e-01 -4.169525094745685917e-02 4.925301370940352030e-02 -5.076684243731467427e-01 5.392512242180513837e-02 3.894135035249427640e-02 -3.837892025573166888e-01
-2.754722586569988141e-03 2.007272922760630074e-01 1.776304311284202520e-01 -4.260462344667464291e-02 -7.680591329275794632e-02 4.521924781925737435e-01 -1.894836596221233238e-01 7.625514709738237529e-02 -5.434599450215510386e-01 6.396530215778686856e-02 3.675013200252680995e-02 -3.380386822233392707e-01
1.225533455571398700e-01 4.444535244215981618e-02 1.979700071051405663e-01 9.454046121222443866e-02 -1.955423025297884643e-01 2.749115991900808464e-01 -1.671594620864412795e-01 -3.982288663656194730e-03 -5.534635631947181222e-01 -7.483373404515138161e-03 5.892873509189133774e-02 -2.957198563761754273e-01
1.451405225294589707e-01 -2.191115891740359478e-01 1.931691994928710909e-01 8.790584444013763155e-02 6.472477311625692009e-02 3.842355666448005747e-01 8.337084595431377976e-02 1.761534398234833598e-01 -4.336742732941012424e-01 2.675958145546363243e-01 1.805229746113593270e-01 -3.014364439612071123e-01
2.206566798014476805e-01 7.277124378832528113e-03 1.995228024563974745e-01 1.154440902161163046e-01 -1.575932048193649793e-01 2.727044498847295828e-01 -7.010020524671660425e-02 5.689285848810273459e-03 -4.567806180001595662e-01 -2.671372487487456288e-02 5.438703941213210435e-02 -3.505837195225521286e-01
1.948098166315309077e-01 6.244806839707868484e-02 2.899867448336181965e-03 1.238986042713645513e-01 2.893986143604133920e-02 4.504023413950111743e-01 -1.279098698365933040e-01 5.213623327324468093e-02 -6.256962718660695755e-01 1.548596616830378303e-01 9.652889817830750951e-02 -2.969563906363528738e-01
1.115599687598705508e-01 4.894832553802998254e-02 1.059577201314547829e-01 3.172792622462222711e-02 -3.072094418760431059e-02 3.292722397660648448e-01 1.249943169037849716e-01 1.127118624039009920e-01 -3.358197010529098137e-01 8.851118755088571710e-02 1.576014308510634010e-01 -3.089228351599105360e-01
5.216926661958017769e-02 -6.000900671672827758e-02 2.362182755214001229e-01 -8.844032545101944420e-02 -6.534642923351098587e-02 4.271683360356030024e-01 -1.125177432589344051e-01 4.984714670394878311e-02 -4.894171187120778810e-01 2.582183707183686727e-01 -1.191665619724507075e-01 -3.922089717143665277e-01
9.205390854004247281e-02 2.816416826591834274e-02 1.941365545481386623e-01 -5.509542347218768579e-03 -6.344145839073105086e-02 4.058311621103015132e-01 4.808293233713279574e-02 1.608140542050291028e-02 -5.408072214662574817e-01 2.148384367868431677e-01 9.747813966234764038e-02 -2.077910249280434107e-01
1.382815368360068853e-01 -8.051161878250057136e-02 1.340609984620871331e-01 6.524648536574487179e-02 -7.399824610646719980e-02 3.562698263490668427e-01 -3.690366285096201987e-02 1.736855759318815806e-02 -4.689269965335063350e-01 1.070904549684502660e-01 -4.632028302706114181e-02 -2.436873678166906754e-01
-5.022752791709810677e-02 9.027736370113717546e-02 8.584383149807996161e-02 1.128009955003980574e-01 -1.981021804019722846e-02 3.845780644252448366e-01 -1.859344489511555176e-01 1.059037503863537732e-01 -3.553519728657758003e-01 1.277848887094256702e-01 2.916008666073691136e-02 -5.086416896499731388e-01
1.499591993834786252e-01 2.954894873494338936e-02 9.544821286859912768e-02 8.842616732497443621e-02 4.235574543301250799e-02 3.416275706229448539e-01 -5.102208360652008695e-02 8.703213095367703933e-02 -3.717632034316593614e-01 -4.437643649800050369e-03 6.173476009431232842e-02 -3.865754057383921083e-01
1.806002350869063133e-01 1.495449901541154869e-01 3.538457861185014264e-01 1.252625788564329205e-02 -7.696444623783126049e-02 5.573245573898858440e-01 -1.902231438346920767e-01 -9.250606020015419984e-02 -5.773486400291333309e-01 1.345687814524303971e-01 1.013303585037406418e-01 -2.654268085124963927e-01
-8.199904221159026729e-02 1.268647772956242592e-01 2.270478720620885960e-01 3.996054689172932606e-01 1.192964748343174203e-01 4.096863291549696640e-01 1.466631083450759543e-01 1.412183602854486519e-01 -5.597265466351083463e-01 2.568027634218527644e-01 1.154444269198070805e-01 -3.186304552680506164e-01
8.348291476434074876e-02 1.920868695601477948e-03 1.924469438040659064e-01 -2.956062543308444687e-02 -2.126953050552063684e-01 4.640022445187522715e-01 -9.389766271805156939e-02 -7.333087979216196262e-02 -5.138328398002512953e-01 7.039363233415854570e-02 4.675487442078209849e-02 -4.188721329122044312e-01
1.156542239504874392e-01 3.911051219654231026e-02 5.924728366974781057e-02 8.551050852441162420e-02 6.543541869207368522e-02 3.638017288198638899e-01 1.760080722359955857e-02 3.097901480892704951e-02 -6.366230702884069226e-01 1.490644398467808052e-01 1.655977286869938503e-01 -2.618903296491203458e-01
6.098876808326879340e-02 1.399101942691263201e-01 9.007643618240167294e-02 8.716853123031186035e-02 -2.962897153988852117e-01 4.829289994434636801e-01 3.351624648933065886e-02 -1.039522477952985365e-02 -5.246318134511890330e-01 2.085298695385831569e-01 9.302509772382750244e-03 -2.992440269316767876e-01
5.764686179835953883e-02 6.130744194881664229e-03 5.265768679047098944e-02 5.858790229268642791e-02 -1.386695526693673408e-01 4.728732751495911546e-01 -1.333040520738225099e-01 9.136321947792400144e-02 -4.894304732913010714e-01 3.589198614454251063e-02 -8.813719967704411462e-02 -3.549304932087819497e-01
3.727583290662444399e-02 1.905264621627527633e-01 1.001811175289877703e-01 1.793864338018159588e-01 -1.198453745896078601e-02 3.746945219677582650e-01 -1.886413025854475900e-01 1.389750021254999683e-02 -4.896324462604974004e-01 8.223694165189668337e-02 4.223332119171196129e-03 -4.415649725589896324e-01
7.004656739526204934e-02 1.059808179503470282e-01 6.945728339268540663e-02 -2.558297198553726934e-02 5.638891442027296058e-02 2.818207534801984715e-01 -4.252841663595356009e-02 4.679654752135665487e-03 -4.851752269132374451e-01 1.839299275205431572e-01 1.984475055767967108e-02 -3.303421615635727115e-01
-2.737504032058343806e-02 -8.168542022131472860e-03 5.765581332887630139e-02 -7.038866758238636334e-03 -6.547382411607452490e-02 3.031358808101997648e-01 -1.221720931123156384e-01 -2.158777579603820412e-03 -4.669379772369824932e-01 1.436761737784567616e-01 1.744396501089081064e-01 -3.108946402978875478e-01
5.346023585777557457e-02 6.865504610992445578e-02 3.378366047926955607e-01 1.720972108354655306e-01 1.625447249281950293e-02 4.099292232356496202e-01 -7.298649087234822253e-02 1.055383125308418379e-01 -6.344121299230564004e-01 1.178245991931427261e-01 3.649483420943797768e-02 -1.493431823823072602e-01
-4.722155486415974962e-02 2.975570198170875494e-02 9.503955059952413909e-02 6.365134327759132404e-02 -7.086643351667847035e-02 3.310313599287084130e-01 -1.559867013309285122e-01 -2.843990873457860613e-02 -5.727789108652189265e-01 -3.904950537099112495e-02 1.098419220841334067e-02 -5.367676753246511945e-01
2.974550140261449788e-02 2.005945820162656837e-02 1.010154684264833042e-01 1.897634983577115410e-03 -9.408082948983152727e-02 4.243409573673229129e-01 -8.241627400029503947e-02 6.400259035137717545e-02 -4.527388959457152584e-01 1.231601191788681167e-02 1.332745280834092827e-01 -3.396841284637961977e-01
-3.616894387617526629e-02 -6.590043999069583429e-03 2.821112403093765653e-01 1.151786443632941831e-01 2.103154615730154844e-02 4.395874513922943816e-01 -1.595253963385798862e-02 2.174115764497861619e-02 -4.478935978277407415e-01 2.035369356087927128e-01 1.258218145379634036e-02 -1.431044894245827592e-01
2.360958751414984069e-01 -2.345214617841077584e-02 6.808358750262628878e-02 1.318195854282478430e-01 -1.309852506504864122e-01 2.915151852251725573e-01 -1.347420346620615828e-01 3.633452816948001818e-02 -5.218649222783641184e-01 1.511543684287654709e-03 5.345558561178074403e-02 -3.658819711410216668e-01
1.206274023721846805e-01 8.172664659530126663e-02 7.462272717397495925e-02 1.791886686868699452e-01 3.322610057530438893e-02 4.305060841681931927e-01 -2.731812142686422251e-01 1.808538439573189466e-02 -3.223033198347792228e-01 1.623778465823714212e-01 -3.838515143376236907e-03 -3.312580343895368817e-01
-1.044388176458884874e-03 -4.034672842789496783e-02 2.033117366271141035e-01 7.908736088703888223e-02 -5.247243796582409109e-02 4.451663817570736814e-01 5.371502813712766139e-02 2.282636115218588668e-01 -4.720162100413832773e-01 1.602005754721013697e-01 4.792636808501888994e-03 -3.638479047842094194e-01
1.234858628944583009e-01 5.277687789872290147e-02 2.032697083019980311e-01 3.569956568562935445e-02 -7.727786859257763930e-02 2.659737313475894482e-01 -1.970791792702499684e-02 8.619066704761768616e-02 -4.024571922914448319e-01 1.158147380979318575e-01 1.067375814391595401e-01 -3.542304063655877244e-01
8.185588645702285282e-02 -3.544730252791642583e-02 1.636534659167008243e-01 -3.638515379715957093e-02 -1.028819804703738211e-01 5.095057494454678926e-01 -3.489907893117812770e-02 5.602379942686913639e-02 -4.664157430672739579e-01 2.004691107390096372e-01 -1.530679029510467921e-02 -2.867500041086037954e-01
-5.684485212724941366e-02 1.029989709111583662e-01 2.782640452781161566e-01 1.648493869833252481e-02 -4.023802264756921182e-02 5.219119867560019221e-01 1.022241495738514666e-01 5.866259860324819775e-02 -5.058694401959890063e-01 1.249849975439415589e-01 5.682781097004825643e-02 -3.283809694546852564e-01
3.780460542254773099e-02 2.520600980350720111e-01 1.965946933622507720e-01 1.374322754301324778e-01 5.642465038657176572e-03 4.746813581964301476e-01 -1.357514782857208724e-01 7.708947653109399223e-02 -5.529693194416672730e-01 1.575062874744073693e-01 -9.683932628725777647e-02 -3.826225759398076409e-01
-2.013356536185744242e-02 6.104534988574415039e-02 1.427548464484403867e-01 -1.814271273293585618e-01 1.923160589354769023e-01 3.860922327657941300e-01 2.137366129608191806e-02 1.580476022573865796e-02 -4.817447206654462688e-01 -6.808918658135074131e-02 -3.009336138268011232e-02 -2.049983850171850919e-01
-1.343226045454269657e-01 -6.663393950667402532e-02 3.823304377422424571e-01 -7.697595175842568416e-02 7.620940323877077593e-02 4.098961285406464428e-01 8.611399055416650572e-02 -9.360823103323567818e-02 -3.934636323954954218e-01 1.968196073247679978e-01 -2.904632175522861015e-01 -3.246756669435689191e-01
-6.023275063925242340e-02 1.020164043546437638e-01 1.903253938433693282e-01 5.438833899547403788e-02 -8.972627647342117096e-02 5.475810307078844419e-01 3.990133960982139572e-02 1.373807721142409136e-03 -6.437307146877390140e-01 2.052052074456336972e-01 8.507658834399092762e-02 -3.329010584623450231e-01
-8.405617019198488582e-02 -7.161276641035083101e-02 1.721358660508114369e-01 8.902159709357685205e-03 -1.431301241881954012e-01 4.686179678486226963e-01 -4.072368998883043462e-02 3.267966344862693884e-02 -5.698809231981839529e-01 5.307547276960183913e-02 -1.043001058559908101e-01 -2.908537162774212370e-01
8.919551655534355920e-04 1.494653177351115692e-01 2.158162583571184845e-01 -1.123344753419964620e-01 -4.149291399123881258e-02 4.215979262796907823e-01 2.897597518527579574e-02 -1.553512069916501148e-01 -6.037734153430452944e-01 1.054646655881735506e-01 -1.653777319108068189e-01 -3.781908795117904787e-01
1.021023434931709883e-01 6.848211229279785317e-02 2.110084260669299883e-01 8.128874155552799630e-02 4.709027540785296756e-02 2.383367703803523086e-01 -1.049124320240924640e-01 1.751664806760341309e-01 -6.223542774540576916e-01 8.645624956226546920e-02 2.187539528710515102e-03 -2.814849008622175019e-01
1.375460047919494777e-01 9.808081293659695610e-02 1.935268818294698101e-01 5.700190357190686868e-02 -7.140296790166279772e-02 4.350456297061751632e-01 -5.078784083799623567e-02 1.267862875542163370e-01 -5.202147993073803489e-01 -3.090793739878505892e-04 7.482370612331434856e-02 -2.831103436283413655e-01
-2.086773539038553477e-02 1.201134833693869863e-01 1.452414597231893034e-01 -7.581424929691953085e-02 -3.636589902635309346e-01 3.330221277524971213e-01 -1.094230080000721667e-01 -1.492231907789283614e-02 -4.081347436637384751e-01 4.508763304430020435e-02 -3.244474957523669351e-02 -2.434337919366553749e-01
-2.983107499127742729e-02 -1.814661580057843129e-02 4.230285951765867108e-02 1.448372633088331751e-01 9.667873625028285123e-02 1.520643154848090317e-01 6.130205664685938610e-02 2.355549945905088382e-03 -3.620824982038672868e-01 2.371218727440120855e-01 -2.689984265506080163e-01 -1.185625649478929122e-01
3.631050858605785331e-02 1.163431749730026304e-01 1.308331726782207549e-01 9.711742290013029855e-02 -1.713129890487456730e-01 3.120547438405688045e-01 7.208721825557604101e-02 9.425983659850778462e-02 -3.897801907071922756e-01 4.372502711489378857e-02 -6.582644670423998257e-02 -1.973354618852677378e-01
1.086453302679028787e-01 -1.068306547270400919e-01 2.577905228554771000e-01 1.562043286004660414e-01 -1.443794677072047505e-01 4.324272727397284743e-01 1.238390052050540729e-01 8.059218001369972129e-02 -5.954118075816031697e-01 2.651838561205659139e-02 7.174083651840404419e-02 -3.421594962609019741e-01
2.136642005215504125e-02 1.322705303753444750e-01 1.456348938984762253e-01 1.345490371567344967e-01 -3.179763403997790117e-02 5.371958381102795999e-01 6.102668868563849210e-04 5.688596909555464209e-02 -5.306831585545493946e-01 1.320762431409468474e-01 1.129470358645085493e-01 -3.628331263442866050e-01
4.527137369737730538e-02 8.793388224873419090e-02 1.828867313476070788e-01 -5.922582204654572996e-02 -4.456795922091332657e-02 4.760154723717535674e-01 1.811433575209877092e-02 -4.034143739917421534e-02 -4.345771943923480984e-01 2.046666049054235992e-01 -4.748226785807798528e-02 -2.667506135862046102e-01
2.628154247693855194e-01 -2.535948502041561817e-02 1.622490710301609518e-01 -1.450918357494561661e-01 1.365236306272725984e-02 4.692173988206161939e-01 -8.417912289398328529e-02 3.021240558990397757e-02 -4.757289048625695793e-01 1.821348816953963223e-01 1.628333823119575141e-01 -3.315203933572660744e-01
-1.153154882557831384e-01 2.394026251424496640e-02 1.879330269019128807e-01 1.351958568630000357e-01 -5.400721893564077586e-02 2.158294121470730187e-01 1.122049264747241731e-01 2.904432860804723876e-02 -3.872221839356599915e-01 1.846569876893958129e-01 -1.421651893771849473e-01 -4.077566233001040930e-01
-1.256428888407004896e-01 5.451862558949676502e-02 3.117971208712815856e-01 2.250444244376317293e-01 -3.044537310691125195e-02 2.697631704922063833e-01 -4.357905756810339509e-02 6.371551184172052906e-02 -5.108516498922809346e-01 2.104610325289039685e-01 6.375257263597150503e-02 -3.013578964788156678e-01
5.441031599410944136e-02 -3.644001400616812131e-02 1.949784678311031194e-01 4.374625148177902390e-04 3.598084479691578130e-02 2.935617154045427335e-01 -1.820175417367247278e-02 1.097360022589266293e-01 -4.027986712946921566e-01 -8.200506729864623368e-02 5.231837200073511523e-02 -2.610362251302121295e-01
1.746220749241872983e-01 8.084480104640515141e-02 2.490929853139415284e-01 2.042553956908194635e-01 -2.778607855549958608e-02 2.162291079923910064e-01 -2.243657644448781574e-01 -5.782121469707615646e-02 -4.913282712559994270e-01 1.843784302806498743e-01 5.033737024062739929e-02 -4.098428034230102712e-01
1.796323953716394417e-02 1.275614721249527794e-01 -2.928481363314679869e-02 -9.322548178511099945e-03 -9.878501279058075901e-02 4.099754651652649518e-01 -1.580679259507996592e-01 -4.073308569571553427e-03 -4.179147510842593505e-01 1.920577860909686296e-01 3.971889239060705408e-03 -4.332188931313394331e-01
-1.398467748433648741e-04 -1.017055369385189978e-01 9.044385238908243807e-02 -2.339829303821605241e-02 -2.077538047846782046e-02 4.744693277841772749e-01 -1.696361799784139035e-01 1.153108607876417724e-01 -5.549995624687994455e-01 6.032513406837801406e-02 1.096840126753202138e-01 -1.771072024575661152e-01
9.218483949359823626e-02 2.384320209918471337e-02 1.905063124451625844e-01 -1.109283581592269974e-01 1.195527006077156257e-01 3.463690866421266779e-01 -1.156640021274967789e-01 9.713008660233587999e-02 -5.099639742053548863e-01 9.628402915965636466e-02 -3.137248706944868043e-02 -3.991847829217112786e-01
-3.349506041871991996e-02 6.705627281610182511e-02 2.311403240874851939e-01 -1.038497685202595666e-01 -2.425035171593283301e-01 4.942168844970196706e-01 -4.403811244938194563e-02 -2.774440216167115003e-03 -5.159276878962278934e-01 2.775358417467107403e-02 1.918071976004654192e-02 -2.725534260400869768e-01
1.191826212396716704e-02 8.694876068540316472e-02 2.120337198272303492e-01 7.653386060703757862e-03 -7.982352648798425598e-02 5.244410232151658358e-01 -1.207079575351751310e-01 1.707730116419024780e-02 -6.644557669609930661e-01 8.956672866628137553e-02 1.467945046935498210e-01 -3.477191906005964728e-01
-6.938994396365764927e-02 4.277526535611453351e-02 1.478314810313335337e-01 4.333370851206851809e-02 -7.140720970742135687e-02 3.546887084762983533e-01 -2.082079324464874287e-02 3.417388179692412709e-02 -4.945430148765729284e-01 1.054203525386019635e-01 3.384276878449126585e-02 -3.485498247007256523e-01
1.634026648493872858e-01 1.981428852918616368e-01 8.299057179989914601e-02 1.443636744688024942e-01 -2.810999813011389944e-02 4.464878840865911247e-01 4.424301688356833961e-02 -1.204787437254739406e-02 -4.634661556750233613e-01 2.435665184166200398e-02 3.666528253246479491e-02 -3.301452278926804706e-01
-7.738618402432681509e-02 3.525421211593181281e-02 1.398958743410116945e-01 2.398734744853361911e-01 1.825696552585972772e-03 4.453368645524219405e-01 -2.330553070838242702e-01 1.732570348607754412e-02 -4.540824410533236266e-01 1.986574083254308842e-01 1.384424407511440636e-01 -3.955057480172741169e-01
9.611723024653526237e-02 2.850431495656892064e-02 1.714175538523466935e-01 -7.660121183834965250e-03 -5.043422765545275271e-02 4.370418741894567249e-01 -1.739821632229599513e-01 1.137931095106846646e-01 -4.656105104351054846e-01 1.991077213566448956e-01 -1.766237227134546256e-02 -2.458871939697815090e-01
7.576675879055128071e-02 -3.818811904254266337e-02 1.841126842013526832e-01 2.576566569924268815e-02 -6.015430444641328527e-04 4.852476569536610662e-01 -1.771847921133362647e-01 8.532784815800276146e-02 -5.185083287973660804e-01 1.649502451285257409e-01 4.912691267392185063e-02 -3.996680607405758701e-01
1.618627468645998380e-01 -4.695649506603755130e-02 2.877791922188873142e-01 1.408818818316965038e-01 -3.055688344615943852e-01 4.056458427806012845e-01 -3.494478187348520337e-01 1.708137902280185139e-01 -3.706411200419494900e-01 1.523216281222556368e-01 -6.649503736607774960e-03 -2.596579437156195103e-01
1.645466911147195621e-01 5.033635866254622393e-02 1.992469630806234515e-01 -4.266515736437775236e-02 -1.642910799004993622e-02 5.000780519270732194e-01 2.211565743377665733e-02 -1.124422065599472997e-01 -4.535103516039774574e-01 6.285124150817859856e-02 3.937626103068383315e-02 -4.858240969261838349e-01
-1.467990183428294869e-02 -2.937503650979484196e-02 2.561958665784611067e-01 1.129381327145338593e-01 2.012878631991904879e-02 5.642406241665104405e-01 -9.567620683535500714e-02 2.079620366658629926e-01 -5.374388471656627031e-01 2.398730388377756095e-01 -2.399689258451940047e-02 -2.926337362638211093e-01
1.412557004323228838e-01 6.144941194158468761e-02 1.180302039566001743e-01 -8.479290508606569798e-02 5.842004589819253801e-02 2.456498211032654144e-01 -5.587812608302398371e-02 2.175373933818568195e-02 -4.363251811973044569e-01 1.223652832273305346e-01 4.414946504058698401e-02 -5.485557732811691123e-01
6.535794465671382683e-03 8.056558094335272702e-02 1.087320895168453067e-01 -1.127459716108633429e-02 4.944289286809800538e-02 4.275973442665046420e-01 -2.755551836483626296e-02 4.058354617104734628e-03 -5.112386800327796132e-01 1.618841573902780051e-01 1.050286735291151297e-01 -3.128202727801164262e-01
2.456023358892819586e-01 1.539039716210024999e-01 6.259854374517982711e-02 1.528848381113777355e-01 -6.454261721862757095e-02 2.936626411596161002e-01 9.994754386271191560e-02 -4.622024270772194521e-02 -4.167016605332997115e-01 1.244176689095061739e-01 1.989343042130624697e-02 -2.963510086886954054e-01
-7.200050812940052281e-02 1.028003005542127979e-01 1.161522671455037375e-01 8.943291857245232179e-02 -6.716607236872747244e-02 3.983937863487681530e-01 -5.632114602993211483e-02 9.890958648752551374e-02 -3.879195875605792043e-01 1.356965279657250667e-01 3.562722816310292303e-03 -3.302784349460161084e-01
5.330198240560141826e-02 -1.701473414578317037e-02 1.833451042509195994e-01 1.377709688922750253e-01 4.823762622270872519e-02 3.728861778839787644e-01 -6.812417049216247522e-02 2.212680071039443974e-02 -4.556656372200814653e-01 1.282141262071768706e-01 1.872509366130748962e-02 -2.627694972975301302e-01
1.310583862372227126e-01 8.220210973741063840e-03 9.441423141513528849e-02 1.295842874223335391e-02 -4.544163657814651730e-02 2.975196923238330737e-01 6.058993565170122525e-02 -3.023717082573419007e-02 -5.952297907654721110e-01 1.351779828547831075e-01 1.534449287631338248e-02 -3.807781672345305068e-01
2.141842362207095063e-01 6.694193634695827511e-02 1.728545383865952578e-01 1.492192484861967483e-01 -1.723726329468086294e-01 4.921096040416929607e-01 -1.347188835516873254e-02 1.103603372324570009e-01 -6.135346760228385099e-01 1.021407991510907831e-01 2.383595465822242396e-03 -4.361693283762047568e-01
1.023396634228790347e-01 1.489415645430261503e-01 8.166420275104281645e-02 -7.019743035667587450e-02 6.523215850597278986e-02 3.716144551838096999e-01 1.374435884208186631e-01 9.980063224219509754e-02 -4.480996840793474156e-01 9.441132966624798950e-02 1.051804445573648883e-01 -2.763673273577332279e-01
6.709601895654856984e-02 1.091076445395053329e-01 4.163147781324671309e-02 8.349025011523775186e-02 -8.589037897483471629e-02 3.656164715687663658e-01 2.192463965940391873e-03 1.456311965915603295e-02 -3.810833770890893479e-01 1.464574269455797828e-01 -5.876120556284306767e-02 -3.006925475188665930e-01
2.823845310388305163e-02 -1.120497920670075753e-01 9.077163415397894453e-02 -3.910526707519151185e-02 2.854863224051709669e-02 3.491902039523687162e-01 -3.508442230203225737e-02 -1.086926510549172074e-02 -4.500594627195235731e-01 8.916349690201680334e-02 1.274633052031521330e-01 -2.411807370264532902e-01
-1.268973797019245543e-02 -4.224904387243931525e-02 1.315100148681384862e-01 -5.435122729889192011e-02 -1.297048988094851307e-01 3.687144179143653777e-01 -3.490751205133618370e-04 1.201106303580034007e-01 -5.004204605809033923e-01 1.821541256062529923e-01 -2.504972583251849697e-02 -3.068536390151293536e-01
6.542340200904858682e-02 -4.700088723838517606e-03 1.933965063739165879e-01 2.068700761996728268e-02 -1.342817357450862004e-01 3.392671246324646117e-01 -9.262023203993414999e-02 6.044038107314862740e-02 -5.543308180220333226e-01 7.049563208494669109e-02 1.343134543066664410e-01 -3.746218669284389624e-01
8.523082914777610486e-02 1.153827427716236365e-01 2.247010953707728187e-01 -2.019885966219614817e-02 -4.378237256786191717e-02 4.528279860168814008e-01 3.691847466086645158e-02 -4.368790572239628078e-02 -3.675049108137884435e-01 1.259441545307376231e-01 3.576443065314059977e-01 -3.326510806642447027e-01
7.023574418080383297e-02 4.397133251856977232e-02 4.282666300777756008e-01 1.086262271145738562e-01 6.288610873225909670e-02 3.000964067616138098e-01 8.693749035912105502e-03 2.241972790343178534e-01 -4.458462762148533987e-01 2.294771975420586974e-01 5.185201700639932750e-03 -3.626003504585615933e-01
4.985463599537504759e-02 1.422581599282843161e-02 3.254873431925571770e-01 1.072961144980875275e-01 -1.811540901821529215e-01 3.552202107975330203e-01 -4.296503727794822453e-02 7.324371018243958087e-02 -5.908382719717265585e-01 2.592381825497466208e-01 -2.605860477941976741e-02 -2.755293068173607085e-01
-2.440321422630852000e-02 6.171481688954333356e-02 2.460913329378210390e-01 -1.027366356165873018e-01 -3.711745801160219044e-02 5.234688863871858056e-01 -3.246955732057319605e-02 2.867046280504606526e-02 -4.116017328832012323e-01 3.854952224952076234e-01 1.269060966886826070e-01 -3.847431127819328500e-01
5.257365124648453319e-02 1.401753215326909628e-02 2.793329742367234858e-01 1.619195745137837483e-01 9.396353799778246751e-03 3.969498560694442735e-01 -8.538099106152595430e-02 2.750921225440196294e-02 -5.055414177808631448e-01 3.890975110074786081e-02 3.313275403418405318e-01 -3.045189022204421447e-01
1.275411946537451380e-01 -2.404652459571160125e-02 2.653494186070453620e-01 -7.377985991376896646e-02 -1.250155283899102854e-01 4.643454074161150746e-01 3.134446356502190029e-02 1.313618991848346414e-02 -6.128282648935231558e-01 2.884647068013718174e-01 5.894678758079185954e-02 -3.734126406740088666e-01
1.603152782494463857e-01 -9.999058341459210464e-02 2.751729531405098794e-01 2.999401655621069043e-02 -1.031815861456659988e-02 1.749325781446424977e-01 2.913899597949353715e-01 1.096460727097011978e-01 -3.675768610489182908e-01 2.461124088217955808e-01 -2.914889527266357749e-01 -1.418540821199346658e-01
-1.758655123624967287e-01 1.125614054331418312e-01 1.453220175742666043e-01 3.602840941064827662e-02 -1.715823316101157958e-01 3.861079440737398838e-01 -2.051152609389720327e-01 1.227518855940210873e-01 -4.297831712746773558e-01 1.272755100315690613e-01 1.462270669972370041e-01 -2.738972695213853226e-01
-2.488654372565128059e-01 9.242601603474437377e-02 1.468684267147550293e-01 1.319972677618727885e-01 -4.152513303405477212e-04 4.049783906134483691e-01 -8.624248598673352195e-02 -1.563739576622411587e-01 -5.274088068499162008e-01 8.980502937846901457e-02 5.211499601685454924e-02 -3.978592391368233616e-01
-9.353386895864718165e-02 6.835248339504060300e-02 3.324384605919646352e-01 -1.039495059865239435e-01 1.898141325848464248e-02 6.039262750224175802e-01 8.554598467159123254e-02 -2.066714385918946850e-01 -6.292771469417001162e-01 -1.396845111607685841e-03 1.166976283776857276e-01 -4.611240204580188684e-01
-1.054176696910242850e-01 9.434621693946004806e-02 1.623087699563237618e-01 -1.786832320951320940e-01 8.561301364756325840e-05 3.886055167254523490e-01 -2.245230180670749337e-02 -8.784560221795467694e-02 -3.773192634405456714e-01 1.301186489322262163e-01 1.505664314805655324e-01 -1.863503798442934789e-01
3.554929613656201276e-02 3.947691241582827748e-02 1.827586963753327076e-01 3.988896352633141545e-02 -8.350200151627971967e-02 5.270957952121889667e-01 -6.618020821923507879e-02 1.239140556171708929e-01 -4.251356348358651394e-01 9.495786345712464716e-02 1.411784247180502549e-01 -4.306904982826005313e-01
1.211397017310686802e-01 4.852348021726921035e-02 2.328429091877592394e-01 1.538916783780999720e-01 -1.351426162742438153e-01 4.448220168769908556e-01 -6.480430437335983618e-02 3.980831604238210808e-02 -4.393068875649390748e-01 1.892708702847036295e-01 1.292861395459285745e-01 -4.116952741890627654e-01
-5.549747321359541768e-02 6.447926998098660323e-02 2.942258896631326226e-01 -2.084389126037399995e-02 -1.558474617357386849e-01 3.713084596815111049e-01 6.216084426754506925e-02 7.420399415503359242e-02 -4.585770721312031339e-01 8.902554777785087747e-02 8.023434924177458294e-02 -4.012043376261661964e-01
-1.376600502261380622e-02 -6.698589989711561422e-03 1.303614112426703386e-01 9.484248997307527171e-03 4.686668306037074759e-03 3.360766024972078880e-01 -1.437279688016698809e-01 1.066498629429703804e-01 -5.369582626974710449e-01 4.119097848214524349e-02 6.563638681446726242e-02 -1.847481546478417780e-01
4.414544805340281375e-01 1.406344001030591651e-01 4.197200961720163881e-01 1.498812707150256052e-01 8.864243438186359108e-04 5.205068781282303769e-01 -2.469622980157841485e-01 -1.627851793635446964e-01 -4.640114603350722344e-01 2.277902240675725165e-01 -4.008190966114945353e-02 -7.283008476556659394e-01
-1.475589678384004733e-01 -2.682280324847864314e-02 -2.362210922006875435e-01 -8.914542567100360027e-02 -8.446628219245562452e-02 -4.175866046666297793e-01 2.317891081936546832e-02 -1.982968924918094566e-01 5.944834844243338523e-01 -3.765371630317275453e-02 -7.584411233178454947e-02 4.538196813113780648e-01
