3.245550368842891609e-01 -2.548552434210665449e-02 -9.799395674973601991e-03 -9.912150971121483911e-01 -2.062632253790902814e-01 -7.386171904059372073e-01 -8.829372116096240175e-01 7.553471514235068351e-01 -2.003503771288257518e-01 -9.211803536524924008e-01 -3.744183289706068951e-01 4.062318625366078684e-01
3.784749393779683890e-01 5.285822783480736975e-01 3.686549814140729353e-01 7.126297421259163434e-01 -6.234598540982799753e-01 -7.698273095096525021e-01 1.447351037062422519e+00 3.476906328476524477e-01 7.828341978864310491e-01 -8.960273515542089839e-01 1.735750474742196570e+00 5.337515176615570400e-01
1.244020128118691781e+00 -6.114490839311325088e-01 -6.282869636184419682e-02 6.018090104482787250e-01 5.003572734799790478e-01 8.435765203224118158e-01 3.110752461019989368e-01 -1.345108643624769673e+00 -3.492518868328545745e-01 1.924686009380124352e+00 1.298600248520614953e+00 2.872173048225937220e-01
4.042644333712194227e-01 2.079634850865814608e-02 2.262469238285904627e-01 7.816918610156521341e-01 -2.690797070587094830e-01 -2.864369386480530300e-01 7.640675641829282050e-01 5.431257009423033910e-01 4.059002427743090835e-01 3.037063665521290701e-01 2.057480881373646486e+00 3.210109900453715359e-01
9.616798998661109099e-01 -2.739382159940890321e-02 -5.057138964317931668e-02 7.859628896370508544e-01 -2.372185810658643257e-01 -1.658125722082783859e-01 6.283049435324659093e-01 1.020736564243380329e+00 -3.820873665313418571e-02 -1.895118909602587776e-01 8.712327694703771996e-01 4.221409058451839336e-01
-9.549464011207507985e-01 2.809620287691250162e-01 -1.564719633552477118e-01 -4.683342638977957412e-02 -2.184035485726798953e+00 -1.297346911603157460e-01 -1.244183673951552604e+00 2.023941063857034095e+00 -9.740276727329992834e-01 4.053482718279016739e-02 4.524536114229703587e-01 -1.534450985696568681e+00
-3.073645641389623484e-01 -4.275160390210623884e-01 5.037852138231276866e-01 1.152840333089506064e+00 6.035467354830976738e-01 1.580799861056771727e+00 1.968949550566428119e-01 4.346304165877232784e-01 -4.506611230352982611e-01 -2.761984564437944267e-01 2.680167148198709937e-01 -2.977370634754167855e-01
-4.979787606343719641e-01 4.322013583337088599e-02 -9.488137079152357822e-01 -1.244244668138067000e+00 1.730099268428564763e+00 -6.674777727373799874e-02 -2.675768330247951354e+00 -1.713247335878261834e+00 5.884415772436476511e-01 -2.187111788749664498e+00 -8.598626595530771410e-02 1.066190075540514925e+00
-2.497694198945863697e-01 2.179133955145682866e-01 -4.384773236018584819e-01 9.004086650758942323e-01 -4.468673220210695601e-02 -1.139236795248512318e-01 -7.293783847105933527e-01 -1.673889969466832439e-01 -4.174249729339796211e-01 5.566303229173202860e-01 -3.984560705429450178e-01 -3.459284083114543273e-01
-1.667219156121088897e-01 -7.914324465624731353e-01 -1.051660962106941433e-01 -7.358721140407739059e-01 -9.102272181270798512e-01 -3.522483229889161738e-01 -2.327447667913505047e-01 4.323940859048595042e-01 5.488501676739694357e-01 3.000881396159420511e-01 -7.519120681463269396e-01 -6.979235259840291250e-02
-4.700387902151610398e-01 3.104689886542817412e-01 2.182947842139508141e-02 1.192799588669193556e+00 -2.548956713671334806e-01 1.153679300763724713e+00 -1.490591842888390750e-01 1.964210093875856211e+00 6.601167381163498549e-01 1.404577742947320962e+00 -3.357447147330892556e-01 -6.810347210429557041e-01
-1.702378990099853162e-01 2.411239432023940255e-01 1.308559808519305978e+00 5.752905788122969488e-01 2.192705706552598999e-01 1.192638521026311516e+00 -2.565930481934541318e-01 1.179944920887277204e+00 1.371733083221945704e-01 2.736711008717536142e-01 -1.434049675560955972e+00 6.825540296147761810e-01
4.735864920798688593e-01 1.554355581629968786e+00 8.793477345118051736e-02 -1.468877233989908770e+00 -1.404765922064657113e+00 -1.365439335276252608e+00 -4.411287352072314483e-01 -2.642885211714343985e+00 -1.356891636633515974e-01 -2.764049302310165324e-01 -1.340595147965280232e+00 7.216422189604290161e-01
-9.121804488687395018e-01 -1.643255446723501656e-01 1.304582645390148565e+00 1.113706324825222582e+00 1.826527348538419471e+00 1.354321180959246140e+00 -5.671583246791130906e-01 1.532690491372142416e+00 -4.800896605464105571e-01 5.323826334390784343e-01 -1.669151998771178480e+00 -2.513675339754380733e+00
-8.162090639183040564e-01 2.061553753634274844e-01 6.349969050897731615e-02 3.875046947264311203e-01 1.134108149920041830e+00 1.198776229213453171e+00 1.868770552690283360e+00 -1.011544104709153791e+00 -2.381668119828546093e-01 -5.391570363078799222e-01 -1.451387477171376617e+00 -2.161702610946573955e-02
7.302791566934538903e-01 3.770739984671119815e-01 -5.284948262336919278e-01 1.094934728321226958e+00 1.098971139947927833e+00 4.394346476382795519e-01 -1.156118680801620169e+00 3.217876791398468495e-01 -4.494117336450597633e-01 5.731752463763254424e-01 6.570747529412604981e-01 -3.074397684773148565e-01
8.017078188332811273e-01 -4.259450375142964651e-01 2.527126261047749067e-01 -1.045395267681224372e+00 -9.136847203096387648e-01 -9.597919053041282789e-01 -8.476743361849646829e-01 -3.980056013780158830e-01 6.934378330677017921e-01 -2.120864427259285256e-01 3.894403696186448660e-01 2.290040859458636613e-01
-7.190399079022081752e-01 7.057034315073313913e-01 -6.894690557152788335e-01 2.782134918107867505e-01 -1.941490224546737475e-01 -7.260282119891474650e-01 4.983365185228131322e-01 -4.244280809394661569e-01 9.067642406955050971e-01 3.424013057548103145e-01 2.231089062709541160e-01 -8.978706469525607123e-03
-1.284956376906809083e+00 3.403148028559771499e-01 -1.722371427658089038e+00 1.578544679529407135e+00 1.778652196511754380e-01 5.850867157803181229e-01 6.531520060685112039e-01 -4.631641591410905201e-02 -9.498289271090754049e-01 -3.363492695618089945e-01 6.683448581977796676e-01 6.292997346111932622e-01
1.294995144483467975e+00 -1.224214570913822048e-01 9.326635411153315625e-01 -6.782647378276947248e-02 -1.453816041967078032e+00 -2.068504113297708544e-02 -2.677897741524064568e-01 7.552034514938456011e-01 9.483429550765793969e-01 1.804475620220470644e-01 1.320951767900228724e+00 1.324265895369011736e-01
1.242412731296522299e+00 3.617014885205769859e-01 -1.455189699271686399e+00 5.456334603346432166e-01 2.286888857721557144e+00 3.312068450553157795e-01 -3.353549516495458072e+00 9.564336671369129128e-01 -9.944497327571930612e-01 2.688735416058312122e-01 -1.145444728369932719e+00 6.759178478043499361e-01
-3.715688654745436664e-02 -9.389909867331000526e-02 9.304178612003357607e-01 5.222519322916889806e-01 3.339431727037319719e-01 6.073405521419900088e-01 -3.855048093649242058e-01 7.256056061629089227e-01 -2.882306255579495602e+00 -1.409038405305644170e+00 -1.273355790059786719e+00 -9.847698721617731410e-01
-1.059099145734054170e+00 1.973318761226131590e-01 5.092515142372017189e-01 8.476318286522074308e-01 -1.631183902585501500e+00 -3.114042503169564546e-01 -8.865174893162290903e-01 5.082921685851331528e-01 2.948980143293973843e-01 -2.239697783235474193e-01 -1.160884430281524216e+00 9.909350101659373244e-01
5.729246659873061809e-01 -5.447108838941202569e-01 6.390480962184114100e-01 -3.529953150644188353e-01 1.691990111207489558e-02 4.852070792676305838e-02 1.089514455897697465e+00 -6.804874630704695893e-01 5.562910703067188711e-01 3.043304554039355861e-02 -4.852861337068478664e-01 6.600613531800061384e-01
-5.651696216160940756e-01 -1.539708282329085742e+00 -4.053445960347502597e-01 9.402217258343762429e-01 1.539053499318531637e+00 1.305230914212574866e+00 -7.405814200635693068e-01 -1.621889469221631241e+00 3.512919715780357111e-01 2.769826634295832424e+00 1.136373791529134980e+00 -8.423294135492170875e-01
-1.369890946930100384e+00 2.583737977606420877e+00 -1.688326714487518032e+00 -9.242578843828678226e-01 8.328669298480126937e-01 -1.798923849243879935e+00 1.190071563190122639e+00 6.766182750990360484e-01 1.444024832546676684e+00 8.391608321816371174e-02 -1.263780434274544895e+00 2.317418747447737848e-01
6.829220418582818697e-01 -3.472617570117540464e-01 -6.121241560754372979e-03 -3.251311167013810066e-01 3.108729345432047209e-02 7.922612973175083284e-02 -9.275347212559046373e-01 1.083141552993554635e+00 4.779748788718359287e-01 -7.861333213497602168e-01 7.145121639194422780e-01 3.745862974314000948e-01
-6.274245608277062569e-01 1.742892386980225972e-01 -9.565911178990531560e-01 5.422240307042253127e-01 -1.554192907275393498e-01 -4.088247019635430357e-01 7.607301287250153310e-01 5.402932601537208113e-02 -1.744574048471378702e-01 2.731186857937569101e+00 -1.626499357515563293e+00 -7.759867894994493254e-02
-1.508321346424118747e+00 -1.833096867123507404e-02 -9.322797349347674567e-01 8.788441884027717865e-01 -3.407832079594860231e-01 -9.795634090853838627e-01 -7.962047832664583824e-01 -6.766997446605871325e-01 1.202359080153123962e-02 -7.128941153440124245e-02 1.292991156904107486e+00 -1.585372568586629338e+00
6.600666865998611188e-01 5.111471352468506257e-01 -5.447404595545042305e-01 -2.082681314408802165e-01 7.789705767861228036e-01 -3.374988940545805560e-01 -5.198143780848528753e-03 1.807739206915092434e-01 3.395135693787183079e-02 -4.170640588908544610e-01 -7.393821105798342730e-01 9.171751487651700341e-01
5.523460578403998067e-01 -2.217364394816122852e-01 4.496344778745845483e-01 2.093682311076042746e-01 8.270795253957844428e-01 -6.569609214742653247e-01 -6.447961545146145834e-01 -7.184136958301806652e-01 2.447581358039959409e-01 5.427285277923512424e-02 9.293161700354215515e-01 -3.771874641658686245e-01
