-9.887047269542739714e-02 -3.457291091989105926e-03 -8.510525406723551400e-02 1.264436178236095012e-02 -9.349441145859280211e-02 2.025609242088347584e-01 -1.852907475453272890e-01 2.505621505957470602e-02 -6.819835008303801183e-02 -1.639452578524919213e-01 3.069597728717054358e-02 2.239650791046444989e-02
1.203370712803341208e-01 9.497341036446210749e-02 3.676741878364717109e-02 1.963779032648345704e-02 4.607971503670729718e-02 -1.538896300170795040e-01 5.807779117010303249e-02 -3.709696887699771156e-02 -4.390232352451157311e-02 -8.770075238291553943e-02 -2.664823891598891437e-02 1.583031058582297645e-01
4.007811770657628697e-02 -1.378412142315737013e-02 4.448889298003894793e-02 -3.851435406542139117e-02 8.326281966561825676e-02 2.138087918412334698e-02 -4.703065785464417836e-02 -1.122566096190784624e-01 1.920603617014527559e-02 9.186827552719639689e-02 7.489733459865531573e-02 -1.048847375372901070e-01
-7.486871659730423567e-02 8.785564298771680880e-02 4.664010551636550705e-02 1.336168859648294988e-02 2.037284651964640231e-02 3.464352212115197772e-03 -1.323604296783887357e-01 3.885122246336043111e-02 -7.335195813726888905e-04 -1.337788611449500231e-01 1.458965887688963292e-01 8.982633177731627616e-02
-1.553935088435684786e-01 1.167268680094299960e-01 -2.475106785866216033e-02 -4.553718949935554872e-02 8.584155598379888952e-02 7.336171845091275789e-02 4.294662907756953418e-02 -1.322065415559076085e-01 4.538891185442392451e-02 -1.496687733005870879e-01 -1.462029658180435433e-02 -2.331957460770033713e-02
-7.817875684510104672e-02 5.176152739607643716e-02 1.790362065493830146e-01 -1.614840963097041726e-01 1.347303947098298926e-01 -2.949502024315973220e-02 1.674335661780266063e-02 -1.115428008039313565e-02 1.104661245664273206e-01 2.596426443333277323e-02 -9.684107674550548883e-02 -2.070257366608075494e-02
-1.496593953769966012e-02 4.810515433291413095e-02 -2.249294191411384952e-02 4.779550734205571805e-02 -1.062371015876910352e-01 -2.303151146285922074e-02 -1.353683222609251835e-02 4.691124873967515013e-02 -1.568774503038288803e-01 -6.966642198634995231e-02 3.649025907391179047e-02 -2.015966488156675784e-02
-1.468725496899244143e-01 3.245525868947874999e-03 -8.702389491570514113e-02 1.029870160938968215e-01 -1.619169331481569996e-01 -1.741562536909109227e-01 4.156112406726968620e-04 -9.901868265248334189e-02 -5.907785828061316857e-02 5.936000657211090714e-02 1.566132361548991936e-01 -1.656656538624121100e-02
1.177688339402558071e-01 8.868632780236521650e-04 -5.793139694643099219e-03 8.686730598951415694e-02 -8.588698957177610949e-02 7.622229123172119536e-02 1.941619768061363799e-02 9.422206259609058887e-02 6.468131397571682401e-03 1.122521804604775103e-02 1.169740494746147746e-01 5.934284846853375012e-02
-9.294206324067416647e-02 1.589023580716353301e-01 1.641809083757693813e-02 -4.847763721259316233e-02 3.410950834131606241e-02 7.245388349977308073e-02 1.355846620054192431e-01 9.979154648734459010e-02 -2.735458019367789130e-03 -8.181115794537849317e-02 9.706025293083286876e-03 -7.427250779879678022e-02
3.984705836892218911e-02 7.725791228036815728e-02 -1.016662228860507888e-01 -7.500048401400166709e-02 1.168996334780350310e-01 -5.581748314085569623e-02 9.302250605924507199e-02 4.694154499730016777e-02 6.219456335818346338e-02 1.010272279875415111e-02 5.042398572148130975e-02 2.432626800069130624e-02
-6.443408504112935198e-02 -1.307647375547555391e-01 -1.325403601009268184e-01 5.929823986481357057e-02 8.001820774688107873e-02 -1.107377439574477396e-03 -3.733605062135250674e-02 -8.197977854850498070e-02 -5.945535498371835176e-02 2.826248897132525861e-02 -9.439248314729567491e-02 -1.379236662233698785e-01
-3.752738735701151296e-02 -5.088547773177183597e-02 3.956556483358054238e-02 -1.708289234771418613e-02 1.145097576087221805e-02 1.343268056170939251e-01 5.360394817717762522e-03 -4.623174324913962435e-02 6.746980589323697819e-02 1.611604746403688393e-01 -3.484763485813935358e-02 -4.247195879853483264e-02
5.890799978978060458e-02 -8.653760926305947843e-02 -8.742594596838135224e-02 1.338083766460018871e-02 -1.016735484011866142e-01 1.615217755783937559e-02 -8.246791267232829459e-02 3.382513155003639450e-03 9.294782463043567422e-02 -1.764498334532309531e-01 1.501597958258584636e-02 -2.407502951917636635e-02
-2.126923500996748609e-02 6.884390094447527531e-02 7.504615658443851596e-03 -2.670211003468088255e-03 1.313830124242292875e-03 2.451699409756607009e-02 -1.002887033849814702e-01 -7.483101948326036090e-02 -4.199235297170067494e-02 1.103161930782498024e-01 1.391684594471890024e-01 7.780399723066974693e-02
1.088043823548812961e-01 -4.792023158614864414e-02 -4.534775425168890983e-02 -6.375104932735378704e-02 -1.415448434144310763e-01 7.577051845122337315e-02 6.386898753134173656e-02 4.233025469499987481e-02 1.303519666531669213e-03 -7.227522201001695956e-02 2.650098358448379349e-02 4.794794377729459656e-02
-6.016406764986530209e-02 1.316100975043916210e-01 -3.613983546862212237e-02 1.638733884511044125e-02 -5.659136608262774898e-02 1.254348303180617130e-01 3.749867072045008631e-02 1.315964480757175802e-03 7.352842885317908972e-02 1.746505123987104197e-02 -1.120796922610875664e-02 -1.720795015332939742e-02
-1.781066478702625355e-02 3.800312139691973401e-02 -5.383993698406162182e-02 -9.518192541413228458e-02 -6.644507414769849907e-02 2.017290882926504186e-02 3.892136534447781376e-02 -7.212645086755109514e-02 1.077082664579223359e-01 6.075059268533301166e-02 4.744347611921449596e-03 9.972486164020097354e-02
1.249226883955398548e-01 -2.027856144010460604e-02 4.001558846593884777e-02 5.158568528489988064e-02 -1.494079547410492592e-01 -2.214692790867431038e-01 1.003885484177191589e-01 -7.576536166273946382e-02 -2.204781897617176870e-02 -6.575613267840013654e-02 -1.076356356807064464e-02 -5.451706967098749607e-02
-1.040896744381643035e-01 -5.952775256135603432e-02 -6.057883284682046010e-02 -8.885972165492583841e-02 6.964644194746463790e-02 8.942735391303131831e-02 -9.365033527461731622e-02 2.670110671259137008e-02 1.521086060951560848e-01 -1.648482941895101916e-02 -1.897752572287124406e-02 -1.461140054330265503e-01
5.925138309189612040e-02 2.538301834873079449e-02 1.343472503859279021e-01 -2.253881887783833540e-02 9.334464250182246403e-02 1.929911139506351736e-01 1.935340528562805307e-02 9.554557170217803375e-02 3.510063170377737685e-02 4.500925172888049081e-02 -8.121918481267687007e-02 7.286631906155517820e-03
5.773520161574689086e-02 9.250719001652846218e-02 4.805506632611410145e-02 -1.215118578553155138e-01 -3.734888623753769999e-04 9.797120612272704199e-02 -6.439350265826268051e-03 1.034211977165411245e-01 1.298195219962082203e-01 1.796753595175076823e-01 4.785525624040284920e-02 4.022590912797199825e-02
-5.897758524028326454e-02 -1.835320811468015567e-01 2.460141117720670081e-02 -7.824366999016335936e-03 -8.566232693602068848e-02 -1.095167872152522960e-02 -6.746603928315322851e-02 3.519473936814687676e-02 4.339781329057868647e-02 8.510262186433360798e-02 6.762313977869059689e-02 -7.647965714833079853e-02
1.010620112706263757e-01 9.752820765273487180e-02 -1.384224784595565819e-02 3.511925793054802847e-02 3.526940666518389028e-02 -6.304623468306204404e-02 -9.384255901458606053e-02 1.592813838050225611e-02 -3.440022379480182219e-02 -8.411838138626784311e-02 5.730345012213328149e-02 8.261132406661104988e-03
8.055901654993775918e-02 -4.389792344810695274e-02 -6.769064822784318092e-02 -4.328175056785664443e-02 5.604955037855608585e-02 -2.244310779309869469e-02 5.379325932426016338e-02 -2.615352740559391889e-02 -5.933335424117256590e-02 -1.174196110614466049e-01 -1.121981808516574197e-01 1.110024540077075433e-01
1.587158399931179811e-02 -1.644183290343897985e-01 4.434577710521477034e-02 -5.689816759254657380e-02 -1.038526185676924146e-01 -9.798907397476203096e-02 3.722951590548981976e-02 1.107627742174539104e-01 -1.217228038902074330e-02 1.960685531131702714e-02 -9.078813845443496622e-02 1.189765333569704625e-01
-2.150408421790809543e-01 -6.360053677739274658e-02 -7.098082125540419729e-02 -9.565971007857744512e-02 -8.460252613213289918e-02 -5.711916580745999422e-02 8.055379021395631112e-02 4.551339459147320243e-02 -1.896000278547239556e-02 3.061892072657292074e-02 -5.038554763543343085e-02 1.179053275523537364e-03
-8.692962941959699041e-02 -4.317241408006109241e-03 5.972248472124678381e-02 1.303270359593373673e-01 -2.638470931701526745e-02 -1.125019957244963349e-02 -1.349444610469279111e-02 1.461635628181006397e-01 -1.454669994363989582e-01 -6.509667115179058883e-02 1.525266868592331515e-02 7.724155783965543087e-02
-4.696482693516351725e-02 -3.800814454984743906e-02 1.162140660475952381e-01 -7.598788833321198921e-02 -4.649717526084652663e-02 3.884043493196175090e-02 -2.016266819566673489e-04 7.347968918273431113e-03 -8.636548023051285328e-02 4.251519787038885584e-02 5.437483313679154773e-02 -3.751550968581554568e-03
8.073603218804246973e-02 -4.555063062856313724e-03 1.313314605564833981e-01 -8.898042967316992236e-03 -1.505640274308036597e-01 -2.832758698905502026e-02 -1.021112215046402066e-01 -1.868454472233845726e-02 -5.415597966829030496e-02 -5.810170665656133604e-02 -8.276080547333111714e-02 1.333888695406920955e-01
-4.831093260735724523e-03 -1.036305083658015241e-01 -8.943565444978510137e-02 -2.782698824746871261e-02 3.564408937890839457e-02 -9.119967431010872483e-02 -1.719813666037774136e-01 9.893249667181869267e-02 9.218118668348536382e-02 8.395988462918931028e-02 -4.824979723149371014e-02 -6.099770247970640047e-02
7.069251792947177024e-03 2.802864744098365613e-02 1.578875311269322540e-02 7.924163770422767983e-02 5.163979832331042075e-02 1.567808274135158442e-01 4.622445577971182745e-02 2.328455537594959629e-02 -2.158540381161790957e-03 4.355574222393435169e-02 -1.455382100500955123e-01 -8.135313736466184831e-03
4.660081987800494818e-02 1.731199987671795670e-02 -8.470004366704184107e-02 1.028400784535794983e-02 -2.198432860097316102e-02 -1.644891906061927978e-02 -8.963493583321170688e-02 -4.652562821663214741e-03 8.267655059562446784e-02 -1.193282328056903194e-02 -3.720636698055754255e-02 -6.476512609281226407e-02
-2.943866953096898123e-02 1.301550014702606006e-01 -5.572092057341224147e-02 2.449899541821274479e-02 -3.969521802451635856e-02 -4.545985959379373470e-03 1.645528120655454507e-01 -7.323887026029686498e-02 -1.216624905126772738e-01 -7.257329423485614495e-02 4.876149308584936878e-03 -3.372162251960900831e-02
-1.427049635667171912e-01 -4.448723254608462352e-02 8.371846328051152364e-02 5.805525595504687497e-02 -5.925975916646573222e-02 1.350303978174236252e-01 2.398464573981144710e-02 -4.348973212297641000e-02 -1.215219684528694027e-01 -6.350583632651588158e-03 -1.595942455211394606e-01 4.071361261291196916e-03
-1.279973835811892835e-01 8.892335500247469660e-02 -1.186209778431399631e-01 -5.769210637871552416e-02 8.409001406450440641e-02 -9.002107459193188499e-02 9.016586282661015472e-02 -3.723815863229551493e-02 7.275276940492356181e-02 -1.219185380833370941e-01 1.161441902759685792e-02 -5.321330309013020538e-02
2.275218684987107345e-02 3.670423001359065553e-03 1.737095242652973437e-01 8.712870902213193380e-02 1.881566714880796853e-01 -3.029782318639790209e-02 6.359149862999917413e-02 -2.104618543103532746e-01 5.844270035705767703e-03 -3.458326549542021372e-02 -1.222811080057353839e-01 -8.005592908023140275e-02
5.838127219687497607e-03 -1.271172759159229781e-01 -8.439609917269735861e-02 1.205761202474991967e-01 -7.614173655636485849e-02 -8.524676152073049074e-02 5.040374267707566081e-02 5.972396415869148101e-02 -1.508625258964255145e-01 -4.372814472945184272e-02 6.953380984944987060e-06 -2.915719958406676193e-01
9.260677567746289363e-02 -2.317609611039743167e-01 -6.179290249031194754e-02 1.296724796444546999e-03 6.060527304651294744e-02 -5.385339999551406326e-02 -1.622787513392700276e-01 6.067515161782802841e-02 -1.154847471709081475e-01 1.608492017319670675e-01 -2.311887490505714488e-02 1.121479419946120118e-02
-3.446486577241152094e-02 -5.178005348674794700e-02 -2.938493461714664426e-02 -1.845377457003698207e-02 -7.363444984281075634e-02 4.493416319353869814e-02 -4.990239621004997905e-02 1.505938552727741683e-03 6.588287666108191831e-02 9.869743047802553848e-03 1.694428435952066159e-01 6.112961898464139288e-02
1.271507872684209950e-01 2.417274823779623841e-02 1.942028465428504228e-02 9.167320884264251735e-02 -7.597738643120244273e-02 -5.129983844833070628e-02 -5.168100044521290598e-02 6.253791861092747317e-02 -5.448934838440609718e-02 -1.097626317436608823e-01 9.937794946183173272e-03 -2.149592932319928720e-02
-2.795403700752827764e-02 -1.244101960587374600e-01 1.631650777204161906e-02 7.601459792137799099e-02 -5.691508312894325711e-02 -3.443001389577786397e-02 -1.341323832107729243e-02 6.881683348643988229e-02 -1.953321848674033634e-01 9.852941467950350474e-02 -2.208515298520697390e-01 -1.021566717698114413e-01
-1.305948557061684112e-01 -7.206603958399290799e-02 -2.575724267760143293e-02 4.341764724740400372e-02 -3.460570243629619569e-02 -2.076580888026660354e-01 -4.818506688271143035e-02 7.915573754149163310e-02 1.617195904390768268e-02 -9.885616142184930344e-02 -4.713211505880050833e-02 2.364344909529070629e-02
5.308313287411961512e-02 9.933828676963568638e-02 -1.546251081564792851e-01 -1.014737766056574564e-01 4.905697572605585699e-02 2.638305950727311625e-02 -2.361646516108413529e-02 1.002642552521050556e-01 -6.940158671707176430e-02 -1.167032687830064919e-01 4.890557658702580565e-03 1.555342164220336332e-01
-4.729495150357611311e-02 -1.804394612941940743e-02 -4.362005228237950810e-02 9.619470141490141235e-02 6.814581595310374718e-02 -1.379414733880684474e-01 4.862743600491073090e-05 8.822184724889065022e-02 -1.409861578448223518e-01 9.593670925427057183e-02 5.804031491086744654e-02 -3.229223869408140435e-02
-9.000474337134495295e-02 5.634315119249078130e-02 1.919701307845138663e-02 -8.923738949865342267e-05 1.233427891070310208e-02 1.156523960317308031e-01 -3.492556768011308155e-02 1.575459289363791981e-01 -5.290278383702298748e-02 6.817494755976886978e-02 2.272667383562922486e-02 -6.576482819944054481e-02
-4.445871520768071572e-02 1.162288142757350734e-01 7.274720545483011336e-03 1.400293190210902261e-01 -2.653724048148404374e-02 6.642485408700074707e-03 -4.443769884748395571e-02 -1.968210721127105489e-01 -1.784992551322164139e-02 4.214093074588619314e-02 9.973373308303529194e-02 -5.633778644496988119e-02
1.244104897473947285e-02 -4.244920246697473504e-02 -1.991425777471109992e-01 3.552540573238983229e-02 -5.726502729870309311e-02 9.018550841030799348e-02 7.112590560394764505e-02 -8.269333736427070258e-02 1.032052760933898361e-01 -1.893707741020283358e-02 -7.948763787088225508e-02 1.412069491727749038e-01
1.903106504594333920e-02 -5.535211054147683163e-02 -8.621418715439566061e-02 1.253024207523373845e-01 -3.557543087420313166e-02 -5.020700967830458300e-02 5.318227654721720266e-02 6.117891478885060380e-02 -5.781791994020003128e-02 7.371923092634904973e-02 1.641363676611643785e-01 8.081491266099870979e-03
6.974520493070773819e-02 -4.863151273515526479e-02 -5.144957890679845158e-02 3.090471345963741179e-02 4.538580172154846326e-02 -3.042824748556580486e-02 4.122755768181311786e-02 -7.510294047329513223e-02 -3.883816245362444602e-02 -1.112271126249733122e-01 -2.849440460252145382e-02 7.792777464673356080e-02
-4.471094814560047648e-02 6.972270428873028614e-02 -4.522469379480082569e-02 -4.937771613735944531e-02 1.286279585169496642e-01 1.237038150831566430e-01 4.027789025322915661e-02 1.048988781883499893e-01 -4.020927536750496661e-02 -6.685565372506978299e-02 2.009000923071700001e-02 1.665066728625499981e-02
-6.351912055416258918e-02 7.284405945149020900e-02 5.577410390918130512e-02 -9.459833439410525457e-02 2.686014612356620382e-02 -6.012780813886656195e-02 -1.260104730371363890e-01 -1.172963035626341244e-01 3.569725078475212421e-02 7.365298620155202522e-04 5.349254667314537470e-02 8.705258057231363145e-02
-3.479322692686950824e-02 -6.954785967199340890e-02 -1.018669902992977716e-01 -8.320713865802040199e-02 1.016731007110021762e-01 -2.306209062851320973e-03 1.853444807801103433e-01 -1.582153968131586874e-01 -4.116738736622626432e-02 6.430622356227906969e-03 -2.398951964102210080e-02 -4.311002563851966396e-02
-2.270678875163389260e-02 1.123549047256263041e-02 -3.785104099557182883e-03 -4.404276826685630392e-02 1.041356771281141264e-01 -9.296239976226111645e-02 -3.445838442037066351e-02 -9.082509824586748604e-02 1.705355668714716999e-02 -3.932273530554111080e-02 1.327503639714134320e-01 -3.125733523532900349e-02
5.123757390495818631e-02 6.571810313965420480e-02 8.992465964021925662e-02 -6.137093284920185077e-02 1.584965947659954244e-01 2.420686709058565700e-02 9.033172555938369461e-04 1.333898321099705186e-01 -2.308987922263785325e-02 1.097125362568060064e-01 -6.969499340197340964e-02 -1.125084505098418626e-02
3.564777256290142804e-02 -1.381858257687403058e-01 -4.675638823053899357e-02 -5.175480649654617959e-02 -1.172084406746591034e-01 -9.551387899263183434e-02 -4.364844944248300745e-03 4.043610898989560831e-02 -8.797725423635445463e-02 3.535402857999896814e-03 -3.561661287018288991e-02 -3.833379420082286965e-02
3.740816670510189318e-02 -1.086377876881591820e-01 2.133861829645830599e-02 2.021177261840811576e-02 1.205306850185760142e-01 -1.010319219388309958e-01 -6.766607319753274730e-02 -1.771473608119214505e-02 3.183347400339972544e-02 1.609206118229766780e-01 7.159798240551221160e-02 -9.379493548864001329e-02
-3.245641419675915351e-02 -8.081597234951992670e-02 7.548557607353392762e-02 -1.095023652085593269e-01 1.468046687981363618e-01 1.906457653962148058e-01 -7.911414744714283589e-03 -5.655941085425653103e-02 -9.562995441342087011e-02 -1.148047872584481190e-02 6.630102572206272860e-02 -5.578955586634462560e-02
-4.539332053923971280e-03 -1.147060920251338767e-02 -3.391014033613976714e-02 -1.585281955085641181e-01 3.657050774102005991e-02 -2.748093466135942756e-02 -4.927365899584944036e-04 -2.569002735027229450e-02 -5.791786591244386939e-02 1.023082253994221091e-01 7.030854892832971714e-02 -7.030224255187474125e-02
-1.774619076065482859e-01 3.405897124476010146e-02 -1.052009472619411939e-01 2.668834227223608468e-02 -1.169336487392288494e-02 6.961050405752232384e-02 -3.621531585436364026e-02 -9.284026091582065626e-03 9.754119225131629989e-02 2.874711031230408470e-02 -1.190653672087954307e-01 -1.703063329987008524e-03
-2.716837229074566679e-02 8.348648186375724756e-02 7.292742927291787081e-02 6.540047471295903914e-02 -6.091727109557730502e-02 -4.832542979534611149e-02 6.215726450186879505e-03 -5.194740143416940598e-02 -6.281585985739320151e-03 -2.998811859699449314e-02 -2.115456051077000688e-01 5.709997686959100704e-02
1.264948733964528782e-01 -7.389195312222663833e-03 5.378866522963508118e-02 -1.977313986712318783e-02 1.268871385220884385e-01 6.121018767948600836e-02 7.188192949768257289e-02 -1.866243027695179690e-01 -2.200631649116641386e-01 6.222688417657210730e-02 -4.688399329611173116e-02 5.892940262237594817e-02
-6.617491624073021383e-02 -1.617320043189841893e-03 -6.242809745086631140e-02 5.687610759693087492e-02 -5.871435720523087744e-03 1.620798360062125076e-01 -8.407156807550392186e-02 -4.810930142603315335e-02 -2.181959917713823804e-01 9.329123860118977707e-02 1.119685480881398368e-02 -3.822056382481408415e-02
-1.396754850075455634e-01 -8.678771431141504931e-04 -7.862102813211822860e-02 -7.648226243123578717e-03 3.480492118174496191e-02 6.378532554129549836e-02 -1.286139972464075687e-01 2.243229717572207960e-02 2.792358140527215898e-02 1.138931735053309857e-01 -1.178569034047115272e-01 5.086650945084915387e-02
7.852098961609381422e-02 -7.101377679834644518e-02 1.906617011536106479e-02 -1.122502609202009061e-01 -1.105005262654889658e-01 1.667358622949699776e-01 -3.507540816525910737e-02 1.005959264686427657e-01 1.091071088296131641e-01 -1.679842526679957704e-01 4.464289603524086714e-02 -1.471897782872069044e-02
7.195761422763682913e-02 1.031317226760941445e-02 1.802930661017296612e-02 -9.660594040177858388e-02 -4.419486037942414042e-02 3.937065938635272294e-02 -1.675547046448763039e-02 -1.316483752242142511e-03 1.349370984081048053e-01 -6.532033182843813290e-02 -5.089592692662768536e-02 1.059318436978703565e-01
-2.130444088394824187e-02 -6.799825649797347493e-02 1.254373999509037496e-01 -7.869486786053087046e-02 4.425960687723823686e-03 7.148497080420304281e-03 -2.154241064612371151e-02 3.168311086458709958e-01 1.108803023007427779e-01 1.606954291679545468e-02 4.076315349812523192e-03 8.765424660179896299e-02
-5.459782183562299218e-02 3.987698979301114444e-02 5.502863950808057486e-02 -5.160657821944776569e-02 -1.747171411451947098e-01 -1.847868241989578672e-03 1.020749403165820551e-01 -9.514820753959828820e-03 -2.512625507380175094e-01 1.085383820639450499e-02 -8.981530992371156152e-02 1.803170562222603523e-01
-1.093792898984912720e-01 1.089064736133510403e-01 -1.444001119267155631e-01 1.726879324002145166e-01 -1.075216483602087908e-01 2.710262169207628205e-02 2.356126449047786786e-01 1.459283338206994185e-01 1.235047828162698785e-01 1.057970369366926511e-01 8.104738795983872091e-02 -9.426428923485707934e-02
-1.503187136822424774e-01 7.891598921434792718e-03 1.039737488424565259e-01 6.845534932592429837e-04 -2.048870502229682266e-03 1.577296575655020572e-01 9.778015847882438882e-02 5.176663704837929092e-02 3.033303812928047488e-02 7.162172799895530351e-02 -4.158238927739576346e-02 1.281411704318790451e-02
1.143616820157656311e-01 -1.796537638765516864e-01 1.544687980069959499e-01 1.031500981211275758e-01 5.533769711645054878e-02 -3.302225564920115847e-02 -2.279972910951460346e-02 -1.531809546675122480e-01 3.301149298025387452e-02 -1.487268372705101149e-01 -1.218622445251156955e-01 1.301693443820467755e-01
5.972254598371735945e-02 1.176193709240149800e-02 1.978930592775589650e-02 1.846642546323571180e-02 4.140720759942050078e-02 6.523277721491932413e-02 -3.201232406109123796e-02 1.228924810155149344e-01 2.359641736881985547e-03 -3.170542991380007058e-02 -5.428902671253570122e-02 1.070511643345050529e-02
1.162323255646524785e-02 -4.005301839963779087e-02 2.513583934713501181e-02 -3.171795220429763501e-02 -6.883671974893229573e-03 9.405488825340410641e-02 1.023366731148207115e-01 -5.954822432943433774e-02 -7.473216286176636615e-03 -7.020958588684984847e-02 -1.517669457798750954e-01 4.020982406229212103e-02
-9.203592959808262752e-02 -8.535920981198902302e-02 3.278976745360502598e-02 -1.654269924112029833e-02 3.607018422766731375e-02 -5.717264864694615589e-02 8.112791899580701349e-02 -1.771710494487756526e-01 -1.914303737616828427e-01 1.992488211890663594e-02 1.357062737352022347e-02 1.589951967451769255e-01
2.769472302081241871e-02 -1.630068378094440551e-01 1.570628238379967456e-02 -3.307535304162978473e-02 6.606429260735749431e-02 -1.445929647444313577e-02 3.124659915976595384e-02 1.257967687919587553e-02 -3.782198874056794807e-02 1.073073287291811395e-01 -4.469316391744890954e-02 -6.237625184617119622e-02
-2.181300190218513416e-02 5.829171710269083484e-02 6.042906436126606329e-02 -5.911170556265971793e-02 -1.256563273892605942e-02 -4.191903529771741355e-02 -1.619554943006820957e-01 -8.583678186177026714e-02 1.130954870539835899e-01 -4.609192291019430232e-02 2.893449000312993749e-02 -1.812376441441664321e-01
-8.205029796299809913e-03 6.497475789396332801e-02 -1.948336190919129074e-01 -3.539091744626983449e-02 6.208196248453422272e-02 -2.808734761359947974e-03 -1.632321822136890282e-02 -4.771055760255897560e-02 9.615431337628216335e-02 -1.917556074293338686e-01 1.441902638295684130e-02 6.396775515495678466e-02
2.955440993719164744e-02 -6.677902878600086578e-02 -1.521774995670952535e-01 1.221133266286556981e-02 1.012994665560860708e-01 -1.424937986840393300e-01 -1.845136264912891622e-01 -1.762863093385526672e-02 7.533227437262170201e-02 1.042714016234717739e-01 -1.427211365367201945e-01 1.796973323112968646e-01
-1.224791703194804821e-01 5.506331977018798229e-02 -3.829544837320282558e-02 1.031405943495348476e-01 -4.221652840945561147e-02 1.331716872873267045e-02 3.567699841238142211e-02 1.459564049816390596e-01 1.076198997725349438e-01 -6.610389416872954060e-02 5.037147865468394499e-03 8.798433874402061816e-02
-9.499620394680402535e-02 1.037175910026538750e-01 3.662766252513023103e-03 -2.816178447819484357e-02 -2.081086363371900064e-03 7.909572861617450434e-02 -8.591147208273957475e-03 2.510147298289220133e-02 -2.904265465703697452e-02 1.017108699204894579e-02 4.925913405281441559e-02 1.504896544648333112e-01
-3.801782924314191237e-02 1.306168313958301075e-01 2.877795767421729729e-03 1.124795424314197212e-01 -4.385993143247630954e-02 -1.090493507900403142e-01 -1.124518256961946384e-02 -2.175952028423714379e-01 -6.860464602415441981e-02 9.081201069388630809e-02 4.416081014741893122e-03 1.490311989772028500e-01
-8.972610946401379795e-02 -8.962029242575953944e-03 -3.887988560678388300e-02 9.578297106966629504e-02 -7.267902766111090929e-02 2.292895448882823622e-02 -2.544035070212707222e-02 -2.935552256416474118e-02 -2.767386180828679612e-02 2.540887581670570397e-02 -3.809340239794314908e-02 1.021558564585321738e-01
-9.849175248038384914e-03 1.827061986505602031e-01 1.242808097665998035e-01 8.570301137957332671e-02 -1.447403740329449295e-01 4.400222447650666002e-02 5.124121028139316109e-03 -9.708257864716693733e-03 -7.989343333643640632e-02 -1.066819344016272861e-02 -1.622116613592780032e-01 -1.172218028866840595e-01
8.377733565257353132e-02 1.555621501694704756e-01 -1.306318469049592979e-01 -8.350144507021955986e-03 1.387916302615151698e-01 1.762906510236374874e-02 -7.765485155684782870e-02 -3.847655367927761694e-02 3.632248096919182129e-02 -3.485515348392929924e-02 -1.526404238251821421e-01 1.140469519200872917e-01
1.245807238887910728e-01 -8.727778855787285406e-02 -1.341547568261384771e-01 -8.205083644200322768e-02 -1.628897433546783180e-01 3.178371925026353406e-02 1.907282914120276424e-02 -3.856914984969194663e-03 8.640447851442052685e-02 -1.211468916679073193e-01 7.047832876635663768e-02 -2.351551749740274713e-02
2.076090865437705754e-02 -3.772424274035552499e-02 -1.500742186597265881e-01 1.436923393878415667e-01 -4.319845664647504330e-02 -1.232777376064169150e-01 -3.346593325103393302e-02 -1.180852185675471261e-01 7.995571378621929570e-02 8.003163027996779144e-02 -4.462010794136737901e-03 -2.742138858891862707e-02
-4.638188396629175370e-02 6.806147340781622257e-02 -7.100107589136886443e-02 -1.225102801104865635e-01 5.046296295023372513e-02 -3.640677822957185533e-02 6.639841625402441438e-02 -2.943229218512537562e-02 7.007819654748684290e-02 -1.976127637485765309e-02 1.018310375167726101e-01 4.107563557690985245e-02
-9.790543922478966987e-02 -5.960487596149785516e-02 1.158412209536481274e-01 1.856661518074065667e-02 -3.750801201353148873e-02 5.083984610778028573e-03 8.246941648948600406e-03 2.272537724565322492e-02 -1.722680141286626609e-01 3.044808585684426541e-02 -8.161010608646904196e-02 1.555771578689046919e-01
4.061243349249643586e-02 -6.796806112765399477e-02 -7.840904952334748490e-02 9.524726972902611277e-02 6.702215145200285384e-02 6.598488154646725556e-02 1.374269738046208500e-01 -2.322674106461752319e-01 8.948354468234037684e-02 -5.333278124803418618e-02 -2.227953980916258861e-02 4.100162662602765962e-02
-9.282498004673429837e-02 8.621611238049566028e-02 1.229046413487076550e-01 1.514717129684133856e-01 5.425263550397586149e-02 -1.767530996419139355e-01 -1.015471860509651048e-01 -1.257780158002861359e-01 7.682845531901166813e-02 -1.610283337078285276e-02 -4.153998437845261849e-02 -1.012627635310239388e-01
-1.101079638620283963e-01 -7.862102717202736069e-02 -6.433186223006250211e-03 5.221175485899244573e-02 1.731638814042539554e-02 1.526618174819448781e-01 -2.838046532579287587e-02 9.437396388944165049e-02 -1.402880268503746974e-01 -9.367948775049252108e-02 -1.169125517405182335e-01 3.439903972852745295e-02
7.597364986004089037e-04 -2.552107429523218368e-02 -3.989470752461918984e-02 -2.300624875675039427e-01 -6.535026692341186494e-02 -1.042318684584034316e-01 -1.078349319549732066e-01 9.297629398755882790e-02 7.876362405813436274e-02 -7.359093717877927820e-02 6.222249702002262406e-02 5.552238290433384599e-02
4.477263290155848036e-02 1.032793134705417559e-01 9.845408205004825553e-02 -4.272421969291096550e-02 1.317034284887373154e-02 -6.065742758842141563e-02 1.019826967638760851e-01 -7.529527950861973629e-03 -3.251390792447438234e-03 2.245974613660891434e-02 -1.139159649090969034e-01 4.073459084095518851e-02
1.009911278525205264e-01 -1.401169643448375163e-02 -3.279532974440589610e-02 4.786525037145878542e-02 -4.502505221188188821e-03 1.613626086662843795e-01 -1.761168626081650174e-02 1.074741070925944522e-02 -5.362034191927919635e-02 1.072654088051228950e-02 -8.797429178861410071e-02 5.627781332089548672e-02
