-7.873170245576119330e-02 -1.972761281236120462e-02 -6.285326831869327002e-02 1.871756348323437222e-02 -7.814383832041238431e-02 2.093829800640591154e-01 -1.929871145426745038e-01 3.048613463470863788e-02 3.076402004546884006e-02 -1.619750493417046189e-01 1.866610432647746731e-01 2.653733730551912501e-02
1.404758415199981181e-01 7.870308864408992466e-02 5.901940453218745830e-02 2.571099202735649056e-02 6.143028817488964399e-02 -1.470675741618551469e-01 5.038142417275670581e-02 -3.166704930186427236e-02 5.506004660399320405e-02 -8.573054387213364935e-02 1.293168270616174564e-01 1.624439352532763281e-01
6.021688794624158875e-02 -3.005444314353077767e-02 6.674087872857904780e-02 -3.244115236454597068e-02 9.861339280379868844e-02 2.820293503935041371e-02 -5.472702485199147648e-02 -1.068266900439476391e-01 1.181684062986530642e-01 9.383848403797827309e-02 2.308624005762621723e-01 -1.007439081422428495e-01
-5.472994635763917676e-02 7.158532126734462597e-02 6.889209126490612733e-02 1.943489029735625054e-02 3.572341965782845075e-02 1.028640806734020322e-02 -1.400567966757357008e-01 4.428114203849506381e-02 9.822885054713474673e-02 -1.318086526341619991e-01 3.018616547465152178e-01 9.396716117236353361e-02
-1.352547386039042177e-01 1.004565462890588678e-01 -2.499082110121828883e-03 -3.946398779848243193e-02 1.011921291219793073e-01 8.018377430613748968e-02 3.525026208022206953e-02 -1.267766219807784922e-01 1.443512819829304017e-01 -1.476985647897997855e-01 1.413447693958018725e-01 -1.917874521264851390e-02
-5.803998660543347593e-02 3.549120567570396984e-02 2.012881922979128380e-01 -1.554108946088354759e-01 1.500809678480076181e-01 -2.267296438793352589e-02 9.046989620455787515e-03 -5.724360505260135332e-03 2.094284946949329096e-01 2.793447294411617599e-02 5.912398923210445550e-02 -1.656174427102930641e-02
5.172830701964563523e-03 3.183483261254273222e-02 -2.409561655733570421e-04 5.386870904293036139e-02 -9.088652844951061738e-02 -1.620945560763373608e-02 -2.123319922343872013e-02 5.234116831480990772e-02 -5.791508017532296521e-02 -6.769621347556699364e-02 1.924553250515187441e-01 -1.601883548651520175e-02
-1.267337794502607362e-01 -1.302479585142489286e-02 -6.477190916716239755e-02 1.090602177947744833e-01 -1.465663600099793018e-01 -1.673341978356865656e-01 -7.280755756673754769e-03 -9.358876307735251865e-02 3.988451184789291309e-02 6.133021508289184659e-02 3.125783021325146405e-01 -1.242573599118948838e-02
1.379076041799195129e-01 -1.538345844234872625e-02 1.645884605389681676e-02 9.294050769039224891e-02 -7.053641643359556679e-02 8.304434708694580225e-02 1.171983068326684814e-02 9.965198217122141211e-02 1.054305015260790651e-01 1.319542655683015979e-02 2.729391154522194385e-01 6.348367786358077858e-02
-7.280329300100801815e-02 1.426320363512509626e-01 3.867007658611854026e-02 -4.240443551172038555e-02 4.946008147949967904e-02 7.927593935499782640e-02 1.278882950080717784e-01 1.052214660624754133e-01 9.622691210913934812e-02 -7.984094943459667248e-02 1.656710912706850780e-01 -7.013167840374689987e-02
5.998582860858744231e-02 6.098759055999571077e-02 -7.941423713750998814e-02 -6.892728231312442166e-02 1.322502066162098422e-01 -4.899542728563052035e-02 8.532613906189757957e-02 5.237146457243492537e-02 1.611569334866891912e-01 1.207293130953706294e-02 2.063890516990875001e-01 2.846709739574630055e-02
-4.429531480146355754e-02 -1.470350592751410168e-01 -1.102883743523854071e-01 6.537144156569080211e-02 9.536878088506151041e-02 5.714678415650810590e-03 -4.503241761869965221e-02 -7.654985897337417133e-02 3.950701514478790338e-02 3.023269748210925117e-02 6.157258283031422780e-02 -1.337828368283207059e-01
-1.738861711734598567e-02 -6.715579945214630864e-02 6.181755058212004550e-02 -1.100969064683982902e-02 2.680154889905466201e-02 1.411488614723179491e-01 -2.335972179628084070e-03 -4.080182367400488064e-02 1.664321760217420398e-01 1.631306831511561695e-01 1.211174311194692654e-01 -3.833112940348117753e-02
7.904677002944679454e-02 -1.028079309834316057e-01 -6.517396021983808130e-02 1.945403936547348070e-02 -8.632297526300619639e-02 2.297423341306507535e-02 -9.016427966967578700e-02 8.812432730136819312e-03 1.919101947589412771e-01 -1.744796249424436507e-01 1.709810455601908363e-01 -1.993420012412475822e-02
-1.130464770303000067e-03 5.257357922410480638e-02 2.975660140698504347e-02 3.402990697405869000e-03 1.666440326242449657e-02 3.133904995279344907e-02 -1.079850703823289487e-01 -6.940109990812924623e-02 5.697001715680509448e-02 1.122864015890309569e-01 2.951335254248008133e-01 8.194482662571697662e-02
1.289431525945475554e-01 -6.419055330652162494e-02 -2.309576850314882385e-02 -5.767784762647755470e-02 -1.261942702762532398e-01 8.259257430644798004e-02 5.617262053399262045e-02 4.776017427013456995e-02 1.002658897950392120e-01 -7.030501349923486132e-02 1.824660495620860634e-01 5.208877317235014598e-02
-4.002529741019963255e-02 1.153397757840133042e-01 -1.388784972008169465e-02 2.246054054598366559e-02 -4.124079294444425725e-02 1.322568861732858758e-01 2.980230372310367637e-02 6.745884055890312078e-03 1.724907989816837350e-01 1.943525975065379940e-02 1.447570967514955065e-01 -1.306712075827757072e-02
2.328105452638258490e-03 2.173279967654701689e-02 -3.158795123552179951e-02 -8.910872371325406771e-02 -5.109450100951616613e-02 2.699496468449196981e-02 3.122499834713018257e-02 -6.669653129242060496e-02 2.066706365864279804e-01 6.272080119611370130e-02 1.607094135895240639e-01 1.038656910352481200e-01
1.450614586352035607e-01 -3.654888316047685132e-02 6.226757421447857987e-02 5.765888698577557175e-02 -1.340573816028713949e-01 -2.146472232315187745e-01 9.269218142037168040e-02 -7.033544208760859895e-02 7.691455115233707118e-02 -6.378592416761567907e-02 1.452015024095343332e-01 -5.037624027593225889e-02
-8.395090419849809971e-02 -7.579807428172932737e-02 -3.832684709827989533e-02 -8.278651995404801012e-02 8.499701508564505570e-02 9.624940976825588357e-02 -1.013467022719648086e-01 3.213102628772590563e-02 2.510709762236580378e-01 -1.451462090816824264e-02 1.369875402547373056e-01 -1.419731760379796537e-01
7.939015333156226872e-02 9.112696628356379072e-03 1.565992361344572537e-01 -1.646561717696455943e-02 1.086952156400028957e-01 1.998131698058595307e-01 1.165703828828132567e-02 1.009754912773088570e-01 1.340630018322759298e-01 4.697946023966369927e-02 7.474588116493348366e-02 1.142746130120751366e-02
7.787397185541303224e-02 7.623686829615627936e-02 7.030705207465511031e-02 -1.154386561544375606e-01 1.497708427580642966e-02 1.047932619779516072e-01 -1.413571726317273784e-02 1.088511172916719477e-01 2.287818921247134485e-01 1.816455680282949847e-01 2.038203222180097751e-01 4.436673852302742277e-02
-3.883881500061780317e-02 -1.998024028671858965e-01 4.685339692574809478e-02 -1.751165298142654068e-03 -7.031175379784027069e-02 -4.129622866299383251e-03 -7.516240628050190054e-02 4.062465894328101679e-02 1.423601834190847404e-01 8.707283037511549806e-02 2.235882057562978420e-01 -7.233882775328379089e-02
1.212007815102930930e-01 8.125788593236268897e-02 8.409737902584878827e-03 4.119245963142297018e-02 5.061997980336743752e-02 -5.622417882783616733e-02 -1.015389260119335529e-01 2.135805795563557041e-02 6.456214633370459255e-02 -8.214817287548593916e-02 2.132685160997405682e-01 1.240196180171294210e-02
1.006977867896039491e-01 -6.016824516848041232e-02 -4.543866247930192226e-02 -3.720854886698245906e-02 7.140012351673880042e-02 -1.562105193787334881e-02 4.609689232691283056e-02 -2.072360783046055949e-02 3.962901588733344638e-02 -1.154494025506675320e-01 4.376688512595316299e-02 1.151432834027537599e-01
3.601035423897881033e-02 -1.806886507547741660e-01 6.659776285375475224e-02 -5.082496589167308926e-02 -8.850204542951198294e-02 -9.116701811953745183e-02 2.953314890814334043e-02 1.161926937925846642e-01 8.679008973949021988e-02 2.157706382209982621e-02 6.517692752317620630e-02 1.231173627520174840e-01
-1.949020719394172485e-01 -7.987085849776612290e-02 -4.872883550686296639e-02 -8.958650837769929764e-02 -6.925195299395253690e-02 -5.029710995223477671e-02 7.285742321660883258e-02 5.094331416660792533e-02 8.000236734303760311e-02 3.258912923735691330e-02 1.055795183421737449e-01 5.319882670575181056e-03
-6.679085917993049515e-02 -2.058756312837844993e-02 8.197447046978796614e-02 1.364002376602065636e-01 -1.103413617883351912e-02 -4.428143717223667446e-03 -2.119081310203901197e-02 1.515934823932303666e-01 -4.650462930789484028e-02 -6.312646264100645055e-02 1.712177346635282427e-01 8.138238723470264668e-02
-2.682605669549891977e-02 -5.427846627021997578e-02 1.384660517961246451e-01 -6.991468663233446623e-02 -3.114660212266343736e-02 4.566249078718708637e-02 -7.897993679303013867e-03 1.277788849340658582e-02 1.259688989799445484e-02 4.448540638117174512e-02 2.103398991143983765e-01 3.892784264699477984e-04
1.008748024277086597e-01 -2.082538478322867176e-02 1.535834463050127496e-01 -2.824841266443488610e-03 -1.352134542926257121e-01 -2.150553113382877232e-02 -1.098075885019876990e-01 -1.325462514720524530e-02 4.480639046021581140e-02 -5.613149814577726021e-02 7.320426050428020803e-02 1.375296989357384092e-01
1.530767697892868560e-02 -1.199008300861736931e-01 -6.718366870124319046e-02 -2.175378654659576236e-02 5.099466251709190712e-02 -8.437761845488414569e-02 -1.796777336011246284e-01 1.043624162469495159e-01 1.911435568119910222e-01 8.593009313997120036e-02 1.077152687461132019e-01 -5.685687308465128126e-02
2.720802203261307381e-02 1.175832572060943847e-02 3.804073886123486570e-02 8.531483940510692365e-02 6.699037146149394717e-02 1.636028832687402013e-01 3.852808878236453627e-02 2.871447495108300080e-02 9.680382974734540180e-02 4.552595073471738668e-02 1.042685592751653456e-02 -3.994484341414712876e-03
6.673959011766952831e-02 1.041678156344159065e-03 -6.244805791849940974e-02 1.635720954623111692e-02 -6.633755462791226208e-03 -9.626863205393316331e-03 -9.733130283055919929e-02 7.773567534699374728e-04 1.816389207241289050e-01 -9.962614769786515626e-03 1.187586989970504936e-01 -6.062429669775699220e-02
-9.299899291304555490e-03 1.138846797498838104e-01 -3.346893482487230120e-02 3.057219711908540707e-02 -2.434464488633197518e-02 2.276069895845813252e-03 1.568564450681982081e-01 -6.780895068516699931e-02 -2.270012038417032474e-02 -7.060308572407426875e-02 1.608412152861873334e-01 -2.958079312455701160e-02
-1.225661933270541237e-01 -6.075755426645735452e-02 1.059704490290524354e-01 6.412845765592503633e-02 -4.390918602828225437e-02 1.418524536726476770e-01 1.628827874246491919e-02 -3.805981254784165935e-02 -2.255959832436245371e-02 -4.380375121868436937e-03 -3.629179543527235111e-03 8.212190656342824996e-03
-1.078586133415233295e-01 7.265303328210251377e-02 -9.636899209459871829e-02 -5.161890467784199105e-02 9.944058720268483809e-02 -8.319901873670731973e-02 8.246949582926267619e-02 -3.180823905716201327e-02 1.717151395334282626e-01 -1.199483295725587567e-01 1.675794850052008678e-01 -4.907247369507499596e-02
4.289095708953700320e-02 -1.259989871901374091e-02 1.959615100138268340e-01 9.320191072301003965e-02 2.035072446262574108e-01 -2.347576733117210171e-02 5.589513163264964168e-02 -2.050319347352235477e-01 1.048066401642131357e-01 -3.261305698463869834e-02 3.368395797187682256e-02 -7.591509968518517226e-02
2.597689745935341174e-02 -1.433875976363050697e-01 -6.214411342415447626e-02 1.266493219483759425e-01 -6.079116341818460723e-02 -7.842470566550591160e-02 4.270737567972834881e-02 6.515388373382215159e-02 -5.190015576792164631e-02 -4.175793621866894650e-02 1.559720193585873438e-01 -2.874311664456083992e-01
1.127455459171291807e-01 -2.480312828243561030e-01 -3.954091674177084847e-02 7.369926497318450911e-03 7.595584618469392035e-02 -4.703134414028899840e-02 -1.699751183366172425e-01 6.610507119295876144e-02 -1.652237704240242661e-02 1.628194102427543977e-01 1.328461910725504957e-01 1.535562359451347197e-02
-1.434739802832377988e-02 -6.811996140426379576e-02 -7.216964254083253760e-03 -1.229697432691284099e-02 -5.836995056417934591e-02 5.210047282688629738e-02 -5.768900190941343709e-02 6.791759209719342230e-03 1.648209872582045987e-01 1.175131854771912891e-02 3.254566812065173287e-01 6.523332808580548092e-02
1.472895575080847286e-01 7.902426517421684213e-03 4.167227040282622808e-02 9.774641054352062319e-02 -6.062681329302190003e-02 -4.447778259310552346e-02 -5.937736744256004451e-02 6.796783818605840743e-02 4.447302174409998449e-02 -1.077924232328790616e-01 1.659028609237852558e-01 -1.735509992814770336e-02
4.385962187535101357e-03 -1.066078612675691040e-01 1.051168770057959861e-01 9.625347104069742477e-02 -8.033821980459712742e-02 -1.557321753756820415e-01 2.864527786638386420e-02 1.070533575768971707e-01 8.437774051552352980e-03 1.304990460728714108e-01 -6.938144408725380186e-02 -1.651860883531607316e-01
-1.104560854665028458e-01 -8.833636130436534062e-02 -3.505256929061078934e-03 4.949084894827842501e-02 -1.925512929811374827e-02 -2.008360329474417061e-01 -5.588143388005861745e-02 8.458565711662245634e-02 1.151343291724158530e-01 -9.688595291106742724e-02 1.088329509188065702e-01 2.778427849034567632e-02
7.322190311378592997e-02 8.306796504926361457e-02 -1.323731224079482960e-01 -9.540057490477929503e-02 6.440754886423918912e-02 3.320511536249969725e-02 -3.131283215843055218e-02 1.056941748272358789e-01 2.956078341143505289e-02 -1.147330602722275023e-01 1.608556236363049563e-01 1.596750458170801967e-01
-2.715618126391174461e-02 -3.431426784979275252e-02 -2.136806653383957477e-02 1.022679031157792129e-01 8.349638909128409558e-02 -1.311194175328431466e-01 -7.647739561341479128e-03 9.365176682402147346e-02 -4.202378771631989918e-02 9.790691776505246191e-02 2.140053808884748165e-01 -2.815140929902945621e-02
-6.986597313167861034e-02 4.007282947211777274e-02 4.144899882699250304e-02 5.983964311375190859e-03 2.768485204888548531e-02 1.224744518869554932e-01 -4.262193467746033804e-02 1.629758485115088973e-01 4.605958629148315664e-02 7.014515607054970514e-02 1.786917398132316648e-01 -6.162399880438473171e-02
-2.431994496801476516e-02 9.995849255536423672e-02 2.952670629402412428e-02 1.461025207219592559e-01 -1.118666734330219827e-02 1.346454126392560013e-02 -5.213406584483126771e-02 -1.913911525375808498e-01 8.111244461528820116e-02 4.411113925666908936e-02 2.556987990606394701e-01 -5.219695704991473423e-02
3.257981921440638445e-02 -5.871952418734670970e-02 -1.768905919985814812e-01 4.159860743326456584e-02 -4.191445416051961526e-02 9.700756426553255873e-02 6.342953860660051346e-02 -7.726341778913987934e-02 2.021676462218955361e-01 -1.696686889942015247e-02 7.647742810672636393e-02 1.453477785678214396e-01
3.916983528560929323e-02 -7.162243226185158185e-02 -6.396220140585232028e-02 1.313756224532090511e-01 -2.022485773602058709e-02 -4.338495382307940712e-02 4.548590954986994617e-02 6.660883436398136459e-02 4.114445018830585610e-02 7.568943943713089817e-02 3.201014336387793535e-01 1.222232066115169768e-02
3.411863201321298916e-02 -1.088270029755983581e-01 -1.795110627968510841e-01 4.739131434142345584e-02 -3.896379028474949990e-02 4.884162021698579964e-02 5.415099593940686171e-03 -8.194200959208707002e-02 9.870255459614309113e-02 -2.788556942406927308e-01 2.054142108112440579e-01 -4.929588812727015400e-03
-2.526121443765342103e-02 5.406229290810258409e-02 8.591208825270384500e-03 -7.650400464661716304e-02 1.465344267818288748e-01 1.609184349145651727e-01 1.607547188247871600e-02 9.668493626393852292e-02 4.297985117278018546e-02 -8.614666632323454698e-02 1.583499848367152518e-01 4.565586321141853338e-02
-4.567286773925983284e-02 6.151357422471281922e-02 1.091862526659011928e-01 -1.227653609999497103e-01 4.191659276627399122e-02 -2.433572272210582019e-02 -1.506180704880684396e-01 -1.208063335441547786e-01 1.118089575547971531e-01 -2.220252220115124381e-02 1.939359267270719389e-01 1.159660164207701183e-01
-1.037819573226191235e-02 -9.619243950462869064e-02 -5.410451442531026556e-02 -1.122538813139388747e-01 1.176132937289779412e-01 1.229270752342061582e-02 1.648553624758071490e-01 -1.678227224614250723e-01 4.999243854020717082e-02 -2.784370871972450395e-03 1.115121213002228384e-01 -2.184142367394673739e-02
-1.984645697218057406e-02 -6.617548082321862224e-04 5.656558960488139443e-02 -8.736743852579056946e-02 1.155951155084044557e-01 -4.939237309618483424e-02 -6.331331492116110127e-02 -1.100762062588111628e-01 9.524558261130182391e-02 -7.349304501722768446e-02 2.712849584617385013e-01 9.256368226487877993e-03
7.402093015294208822e-02 5.593953853408411420e-02 1.205298993452716821e-01 -5.650264206950162543e-02 1.801104616836785577e-01 3.973990966464798630e-02 -1.542548526087612025e-02 1.387788515271405620e-01 7.595178771393469586e-02 1.022731888821264562e-01 8.210342518774924048e-02 -2.543557200440930022e-03
6.737804895222640478e-02 -1.441019983846709984e-01 -2.116193520136722128e-02 -4.111315073626265609e-02 -9.399260575622828129e-02 -9.093438532923528439e-02 -1.751518539226217669e-02 4.555011043324562470e-02 1.221776201513600536e-02 6.369552843623694886e-03 1.197174897700433172e-01 -3.076750106117103617e-02
6.778727025931763350e-02 -1.134712825475502895e-01 5.074238827573941679e-02 2.949469583245377738e-02 1.479089495195254345e-01 -9.566230900180394681e-02 -8.094575830550714002e-02 -1.349597646570447652e-02 1.301778818745327748e-01 1.620154127975700631e-01 2.255095468797104763e-01 -8.500685999218360323e-02
-5.021367203997970964e-03 -9.070365623436602021e-02 1.047247981841441106e-01 -1.042926777314329978e-01 1.714569936972912823e-01 1.966949588930146098e-01 -2.022887418612154958e-02 -5.096090886407331211e-02 3.233944602978772696e-03 -9.626122801438536172e-03 2.204955650548143242e-01 -4.815873564882237196e-02
3.089553923863149962e-02 5.743047086168581207e-03 -1.323837333062627582e-02 -1.206369045193601691e-01 1.178468449025590892e-01 -3.348088989402045901e-03 -5.488260237454117840e-02 -4.484303595482465321e-02 4.876309829596602030e-02 8.087435572377581205e-02 2.296087468241855833e-01 -6.999506531629187678e-02
-1.446003649458282581e-01 6.766395772411881726e-02 -1.121050071207580906e-01 1.076904446152551209e-01 7.068893075211155064e-02 8.752135587137943595e-02 -7.978455007934280585e-02 -3.728612803834491229e-02 2.161925335412966942e-01 5.508809969087658139e-03 7.922222678237161864e-02 -3.677611693420931166e-02
5.183420276682323101e-03 1.183888950594614575e-01 1.714256811261213875e-02 1.453625075701553138e-01 1.153090989543487967e-02 -3.270789470094381118e-02 -3.431601394800737337e-02 -7.382259329489464228e-02 1.042533742607448938e-01 -5.417010479216858437e-02 3.867934429528367690e-03 -1.333480858305337996e-02
1.533878129941166624e-01 -1.307289046206877407e-02 7.434918011950870931e-02 -7.632752798826839338e-03 1.611311579291735407e-01 7.394044528885079792e-02 5.535484439809597312e-02 -1.852498151023314332e-01 -1.199245683632350207e-01 5.533186856745311161e-02 1.103897061458649909e-01 6.090187848975810864e-02
-2.702293468723181435e-01 -2.042623071658982992e-01 -9.406281911661097672e-02 1.113395123315781728e-02 -2.250818703801654164e-01 2.989447885414265871e-01 -6.927351633178499210e-03 -9.733895684012207339e-02 -1.917249632215681232e-01 7.224109862565626650e-02 1.815729274184352815e-01 -7.500350167352412556e-02
-1.195367147678796649e-01 -1.713819886348640770e-02 -5.636904238357662300e-02 -1.575024542249867793e-03 5.015549431992856466e-02 7.060738139652017464e-02 -1.363103642437545615e-01 2.786221675085556737e-02 1.268859515337775745e-01 1.158633820161118350e-01 3.810816257289906944e-02 5.500733884590187223e-02
9.865975985576000418e-02 -8.728409851871926639e-02 4.131815586390219508e-02 -1.061770592193231610e-01 -9.514995312730853416e-02 1.735579181501943069e-01 -4.277177516260634305e-02 1.060258460437735889e-01 2.080694789581187809e-01 -1.660140441572084680e-01 2.006079620128472518e-01 -1.057814843366923843e-02
7.467679658324016811e-02 -1.948575477292267821e-02 2.937233093507683745e-02 -1.263728835413164553e-01 -4.874837087075518938e-02 6.011227603513762813e-02 -1.753340844983885399e-02 2.000759353168243132e-02 2.329974601786992672e-01 -1.010165358318974721e-01 1.035799357256056430e-01 8.490609640285087800e-02
-5.059975213522096421e-02 -9.489544966911586665e-02 1.139497791221987660e-01 -3.645335691776151882e-02 5.727989945927059075e-03 2.899807237474147717e-02 -5.090010734945669968e-02 3.231409235335286900e-01 2.113762256487510260e-01 -1.186298918605209647e-02 1.681284652313074224e-01 5.154348416403074090e-02
-3.775919261013462730e-02 3.344557380416900844e-02 6.225820007564442093e-02 -6.117419167587124368e-02 -1.703381511293502459e-01 3.609111858344905138e-02 8.490109589509096943e-02 2.644828012786421684e-02 -1.582274646653915040e-01 3.483278468314920939e-03 6.880621881242821036e-02 1.569623381659789318e-01
-9.694269364953822521e-02 8.856892570316021729e-02 -1.326632331021993516e-01 1.860669442710722599e-01 -1.037105540108750334e-01 3.932924472020734447e-02 2.439043507832316104e-01 1.769722208455113133e-01 2.247344353741246858e-01 1.108181653510086767e-01 2.433851166917191944e-01 -1.008415481672312319e-01
-1.426938038589423419e-01 -3.258824443383999403e-02 1.174003321899734081e-01 -1.598923524124528425e-03 -3.152738576872426979e-02 1.695174806808379120e-01 1.034159800374554045e-01 5.376031167933538468e-02 1.404491387058373064e-01 7.673945905235048104e-02 1.204787673944939796e-01 1.224432792551390439e-02
7.356410806291385773e-02 -2.180896056271158512e-01 1.830435718881760487e-01 8.033123194473806850e-02 1.223765006817787750e-02 -2.917718887377498613e-02 1.059219683994579338e-02 -1.268967468407154187e-01 1.201916635780864301e-01 -1.449580844116684364e-01 2.507647379234382440e-02 1.413299450413183500e-01
4.098668380438214714e-02 -3.967444712782166455e-02 2.641738437177825610e-02 2.299242595734460673e-02 2.102611048137214764e-02 8.209729150533959241e-02 -2.917099595523930944e-02 1.361827098567649219e-01 9.781072152171503553e-02 -1.641488096862458307e-02 1.033989325487086608e-01 8.707036579796569725e-03
4.458444154045314994e-02 -4.562860434453871322e-02 1.428811679697877292e-02 -2.954969667983277717e-02 7.511285360416797285e-02 1.265441138386189102e-01 4.606864597674310835e-02 -1.025204981203093751e-01 9.978167795256466521e-02 -1.155402073604995666e-01 1.206380549344896608e-02 2.269109295583401908e-02
-9.461815022257516472e-02 -1.007853302662075901e-01 5.407770442890169615e-02 2.530846591534122517e-02 9.497662040118265425e-02 -2.126156499339902292e-02 6.133680108579420143e-02 -2.123103821611760089e-01 -6.891041896783030307e-02 -3.781460997280273323e-02 1.601064737207287259e-01 1.259602078240900092e-01
1.220887410558691051e-02 -1.857398888254521430e-01 4.960483633944112736e-02 -5.415199551218169427e-02 6.343449078236143568e-02 -3.907210490287569594e-03 2.724289784616648613e-02 2.351459821728849649e-03 6.456071791214353095e-02 7.690358951072177873e-02 9.137893822070178307e-02 -4.946840464911777396e-02
2.687402931199207520e-02 7.498494857823145843e-02 8.685521932291022373e-02 -3.674672031052059890e-02 9.907877785846808116e-02 1.723381283112373694e-02 -2.511162744413284464e-01 -1.296736879232524842e-01 2.326947498988697904e-01 -1.145728850444882735e-01 1.768637510522056977e-01 -1.773924236413553790e-01
-2.390037541513767919e-02 4.064869839130200863e-02 -2.064098624450100283e-01 -4.446097749797140591e-02 4.685671267137365981e-02 2.596869711260003499e-03 -6.109752323283996339e-03 -5.538699934368675193e-02 2.026278540608284495e-01 -2.220857446425226478e-01 1.687956627208641036e-01 1.653947995258399362e-02
3.131860736953752389e-02 -6.316758397440129513e-02 -1.322223981780305258e-01 1.841155208483850544e-02 1.226383084868837847e-01 -1.327787650890568105e-01 -1.901520175595739770e-01 5.366210717395816093e-03 1.862932557660770261e-01 1.272099214336297468e-01 2.400436931661896478e-02 1.871752117169513396e-01
-9.218425480785233384e-02 6.371598975726729119e-02 4.686831955961513752e-03 1.249135693360031163e-01 -4.004788743181354749e-02 2.547668343991562126e-02 1.669989813693414232e-02 1.281159723282145058e-01 1.930360747419036516e-01 -4.795210117957608015e-02 1.657816753469834037e-01 8.624785737035117750e-02
-5.228843129874539281e-02 9.836448225056682038e-02 5.378219568779228632e-02 1.514053975831764799e-02 2.389039316442198926e-02 1.051468106004628256e-01 -2.638934460233965940e-02 8.459019164721246972e-03 9.934091766106260823e-02 1.515958778161512720e-02 2.025837819985511490e-01 1.314952223637712581e-01
-8.843321362026176913e-02 1.805604218441876074e-01 5.246997329087170481e-02 1.574290855787166821e-01 -2.106841953037167162e-02 -7.883120628371798055e-02 -3.816340832160955432e-02 -2.093646566631820749e-01 2.522663118098703028e-02 9.489080592537831038e-02 1.407639396331210602e-01 1.894094670024163429e-01
-1.093663921452636412e-01 1.107950600136901609e-01 2.731634896863660740e-03 1.696171919854637389e-01 -4.254214284664369072e-02 3.256818839137599203e-02 -8.990325012512097314e-02 -5.587274111085317740e-02 6.691600400530327286e-02 5.336419553465401172e-02 1.076156405033033281e-01 1.427248443775105402e-01
-2.839057493471815533e-02 1.720328057193955262e-01 1.784248538591026167e-01 1.152508793378404783e-01 -1.262635462482034621e-01 6.985117926436473779e-02 -2.597484793678123127e-02 -3.910521176567912337e-03 3.049558331989681709e-02 9.924731415029414486e-03 -1.627217844731942975e-02 -1.188216350832054791e-01
5.349525751888292158e-01 7.354378290712313415e-01 -2.261920866258352314e-01 3.958821450480845550e-01 1.077574257120811563e+00 3.273742452819382587e-01 -5.306973213506578357e-01 -2.049369789644611417e-01 3.047652394833353928e-01 -1.949994295554091372e-01 1.343782332432875426e-01 -9.743425067680588914e-02
2.800587574547919179e-01 -3.563768040806059023e-01 -2.304588919913228562e-01 -1.482415426286680382e-01 -3.379321970830206912e-01 -2.070728354061092957e-01 3.242163109429165302e-01 1.579788466949565706e-01 2.135538811049261243e-01 -1.459590724555254355e-02 2.684230914614030294e-01 -1.192457016949150239e-01
-1.602047273766407307e-02 -1.834837458639035079e-01 -6.323011111916800042e-02 1.449774955389861730e-01 -2.439087645181273745e-01 -3.127918705723554682e-01 1.165478545067617638e-01 -1.048446251587262928e-01 1.826331317754066874e-01 3.610618591416051015e-01 1.854492915363307182e-01 2.122811046352148651e-02
3.016542707449932151e-02 -3.153726786178062680e-02 -7.362763717187419121e-02 -3.109205329558025199e-01 -1.175107589674324049e-01 -1.425877665311707509e-01 2.106629760585878308e-01 8.293394043375036662e-02 1.008737307612315032e-01 -1.248648721488523732e-02 2.351079332654101295e-01 1.622545920629697019e-02
-2.089733776545714752e-02 -3.166521448828008012e-01 9.835374027446814812e-03 -1.605673436784418526e-02 -2.434680272225664410e-01 -2.367406958871731970e-01 2.219142743754299596e-01 1.360050110367532206e-01 -8.103567664266371484e-02 2.285707720547503763e-01 1.066418356817273594e-01 1.501230346166679275e-01
6.075120373216204989e-02 -8.423838284802639964e-02 -5.615706377480583766e-02 1.013204714299039688e-01 8.237272459018302184e-02 7.280693740169158490e-02 1.297306068072737462e-01 -2.268374910710455328e-01 1.884459148108457716e-01 -5.136257273725160916e-02 1.336855261684444240e-01 4.514245602108301475e-02
-1.148488583668296481e-01 3.945106427340289851e-02 1.644301071604523656e-01 1.617813634562483560e-01 6.953080165065023133e-02 -1.818127752745570536e-01 -1.558982794814395556e-01 -1.209913605511962614e-01 1.821361260683423411e-01 -1.096019632047244043e-02 1.458687723896049948e-01 -1.007138214997170267e-01
-1.134592845732862176e-01 -1.121249821556547788e-01 1.228041216197700049e-02 1.380331220681639548e-01 4.857221029815721181e-02 1.594037738719003838e-01 -6.859138786751813044e-02 7.608388512563397932e-02 3.082061994818666162e-02 -8.713086406748436763e-02 8.597424656039007185e-02 -1.397160944686319864e-02
2.089850673826551195e-02 -4.179139601560483835e-02 -1.764272177607904141e-02 -2.239892858666337749e-01 -4.999969378522937935e-02 -9.740981260317885249e-02 -1.155312989523202133e-01 9.840621356268965114e-02 1.777259941866380366e-01 -7.162072866799758242e-02 2.181875629976293696e-01 5.966321229938321286e-02
2.860278941161629174e-01 2.178381571687803275e-01 -1.939031637581929701e-02 7.845933716909603284e-02 4.331665354049207828e-02 -2.924572765145785347e-01 1.945805760287744601e-01 1.719714600390354342e-01 2.155824318240061599e-01 2.751768239800102545e-01 1.476682974875805909e-01 -1.516310188901885403e-01
7.861471647511623917e-02 4.066438810376272507e-03 -5.751975835389728370e-02 4.111724848159865192e-02 -2.155869759694634819e-02 1.537825466049252410e-01 -9.060167374875671351e-03 4.714166736889515222e-03 -1.635785309509579510e-01 8.537420312975206940e-03 -2.612688095415083289e-01 5.167689177083516910e-02
