4.416508827623416011e-01 1.786913838534222865e-01 3.605857363923310466e-01 -1.614667230832312894e-01
1.019617754332748039e+00 3.882575433052012359e-01 -1.756716992372007666e-02 3.774710919896654970e-01
3.577923330404095825e-01 1.362140015886404987e-01 1.037291936971732609e+00 9.919346830977878726e-01
-6.981284848101043661e-01 -8.733546732203528729e-01 4.268262606131595915e-01 -1.401590796458220822e-01
-8.460964568385725970e-01 9.197395095683876809e-01 3.633479166626065737e-01 1.117595421303101966e-01
3.074724123474948390e-01 2.070978095712691314e+00 7.449925282386066216e-01 3.657895979341969084e-01
-1.134435237870536017e+00 1.857581212460148457e-01 2.809733605518937583e-01 -2.115132880670638482e-01
5.165341138725401127e-01 -1.093395599816665120e+00 1.087502254432710869e+00 9.889485893916603043e-01
2.983063165690736929e-01 -8.504237709053221739e-01 1.284427404282007412e+00 1.150443995168699551e+00
4.663270926470672317e-01 7.578705549780658801e-01 1.486986957091129602e+00 2.243061173150309617e+00
3.924625534297801477e-01 -1.497937534876996546e+00 -1.013814104367264157e+00 -2.107163043517314982e+00
-7.811223266669583554e-01 7.477852300531948604e-01 -2.511645165755107545e-01 -1.607765537251540922e-01
-7.302715140116379511e-02 4.378996818128699231e-01 -2.771053953799435584e-03 -1.493787501352161762e+00
-4.618566046150737736e-01 -1.195610540819120216e+00 -1.710795341436233352e+00 -1.141860616556322761e+00
-4.100430053632088678e-01 -8.789026854421368995e-01 -9.220358910571535560e-01 -6.147785858907661716e-01
2.013824531026665518e-02 2.977743349583508170e-01 8.336817251780085369e-01 -2.466513425046101549e-01
6.099584726497092428e-03 -1.864296767204653538e+00 -9.359918810225305308e-02 -1.179375067139066813e+00
-1.306629168923110651e+00 8.104575760559652453e-01 1.014601576063055566e+00 -1.359438311053869867e-03
1.463312353486000417e+00 -2.038326216918371625e-01 -9.107643201267876520e-01 -5.288871011528317734e-01
1.216768293696512071e+00 4.262126383733188528e-01 5.769492417880639490e-01 1.580714444158386911e+00
7.371789753143747070e-01 1.855105081692802305e+00 1.302244380320537465e+00 1.699046735850068490e+00
1.391453459978805096e+00 -4.970728670642103886e-01 -1.446411770327995061e+00 -1.752523722387777649e-01
2.522050652772637180e-01 1.929538221064227788e+00 4.182112808985111174e-01 -2.158763079124834811e-02
2.503971082195768916e-01 -2.017370049017363220e-01 -9.221300011629838256e-01 -2.151335058338290362e-01
-7.853947525518530925e-01 1.266161429890166890e+00 9.903646308320324110e-02 -7.500859883254878957e-01
-8.718450436505978951e-01 -1.657850103555548182e-01 -4.796155653854824452e-01 7.063124492057074599e-01
-1.551245789601375658e-01 -8.802261018926472724e-01 3.028615133289204175e-01 1.420215472081729768e-01
7.248369514055472695e-01 3.659051961556616939e-01 2.567884441373601834e-01 -2.935912403649733049e-01
-4.644872410945207197e-01 -1.442952173839927577e+00 -2.945041947514548952e-01 -3.556370632708045765e-01
1.047580281370927013e-01 2.837031401091767990e-01 1.183182359582885868e+00 9.942380633876667095e-03
