-1.740791144113125188e-01 2.895095257125563926e-01 5.145769163679959901e-02 1.500383555984800277e-01
-3.009817905306732544e-01 -6.024965448894699371e-02 1.766966182214379233e-01 -1.886473276097671015e-01
-3.896118655562476052e-01 3.674542965624650326e-01 8.621347586518547657e-02 -3.312703620387515979e-01
8.093693455475679810e-02 1.540318407543801449e-01 -1.318809879021419669e-02 -1.890344795309638060e-01
4.412269840831454376e-02 3.791897410860755047e-01 -4.465751587745916962e-01 2.955226783110546651e-01
-1.247657056364524092e-02 2.987877497498291901e-01 3.197321777322158498e-01 -2.205869451741957477e-01
-1.535520957399255093e-01 -2.362977831270193507e-01 1.721072244936195927e-01 -2.040873067267505725e-01
-9.181791720782343791e-02 3.266646541364967571e-01 -1.247803246058197674e-01 6.302706400250918106e-02
-1.660081711521263770e-01 -1.906589902033684891e-01 -2.936353712439487840e-01 -1.104458954826701284e-01
2.233914282040414256e-01 1.902254262453338673e-01 1.064748312206071634e-01 -2.894088353470424257e-01
-1.773742217077549366e-01 4.910445654984309238e-02 3.656574535460054287e-01 -2.648934247583559221e-02
-6.748335722637700818e-02 1.028383945413615386e-01 5.361747632235770028e-02 1.632121968603260920e-01
-3.853316112579039387e-01 1.104967057481543169e-01 2.982436594962599163e-01 -1.288434089194705201e-01
5.841981014060369619e-03 -6.441573482934918882e-02 -1.258704769564092107e-01 -2.380987627304259335e-01
-2.575605259669270716e-02 -2.754849046856640560e-01 1.797847047403556831e-01 3.513497144615683743e-01
3.784847609374886179e-01 4.274292112653587661e-01 1.484359074392067324e-01 6.631806615017669937e-02
-1.707185705720433155e-01 2.241594719350660601e-03 -8.854086693977440692e-02 -1.600626084880299727e-01
2.275067641024328124e-01 -3.250139582143439787e-01 -1.332988309619258238e-01 -1.207705636314439640e-01
-7.797919538982217569e-02 1.560737470470135446e-01 1.949725803143641245e-01 7.464959726733975953e-02
1.770116124356113929e-01 -2.016794389499746570e-02 -7.245314284222018064e-02 3.252784465960826821e-01
1.243750485785982407e-01 -2.794552217674221017e-01 -2.953851637778999173e-01 -3.564668449301874875e-02
3.197689382382692402e-01 -1.822557097955835037e-01 1.405796195186594100e-02 2.067436059252044933e-01
-5.420164478247460060e-01 1.266522273599967330e-01 2.479290388567079728e-01 5.949959418168415670e-02
1.002541145779378348e-02 -2.221686638764991950e-01 -4.565046482535731892e-02 1.586335073683645402e-01
2.941790727035928921e-01 7.058930725572147569e-02 -1.572013688714562485e-01 2.270161951737763306e-01
2.720273177377520168e-01 4.392037618715154412e-01 4.873454806375828591e-02 9.361010503749536693e-02
-8.234236547939166595e-02 1.234231879663335862e-01 1.154485179370995651e-01 1.375874592515962669e-01
-8.500683231362789194e-02 2.586706867692748490e-01 -6.536237013302838295e-02 1.596185046309556432e-01
-4.019924984956269043e-01 2.296201924141239026e-01 5.263322301952633869e-02 -2.949941558498727634e-01
-2.431109264983533080e-01 1.401713916146025696e-01 2.507079581566367676e-01 -3.714700331748852502e-01
