6.870764286137508448e-01 5.716134443520634045e-01 4.139164226229478660e-01 5.022975131810851757e-01
-1.368019077249128967e+00 -3.941174188167318460e-01 5.524039965365474814e-01 1.423587752909788971e-02
-5.713556104784197620e-01 3.671817423784321521e-01 -3.213785219056794484e-01 -1.176460668472476323e+00
-4.786806730502963791e-01 -2.041136839772901557e-01 -6.440318226494571308e-01 -1.837751370732370493e+00
8.181986586865898081e-01 4.109976745518430508e-01 -1.028014919998351928e+00 3.346586042676427675e-01
1.016179373262552588e+00 2.142273158371492681e+00 2.179344904261525162e+00 1.786989106396374982e+00
6.436124591544005735e-01 1.151611782297032427e+00 7.462187878020524190e-01 5.208741162421413051e-01
3.871163072051495568e-01 1.876904064316188503e+00 1.551678673031842592e+00 1.434265341212410894e+00
9.106613733461235149e-01 3.906966754520686813e-02 -1.268569026625815666e-01 7.710341599102686627e-02
1.005218927455630018e+00 9.407062829410339777e-01 5.841143555550292188e-01 -6.673998164561099067e-01
-1.251708267071814040e+00 -3.340712545017852642e-01 -2.337134239865966967e-01 -3.556446537409367892e-01
-8.011492642096462724e-01 -3.142144746567132052e-01 -8.166800473143073780e-02 -3.362253612710007222e-01
-1.014916562831815305e+00 -1.350043101187937689e+00 -4.896625310816127841e-01 -1.126761492765687711e+00
4.638851952559662206e-01 1.183047774082507247e-01 1.376318982271286517e-02 -4.382114616490273007e-01
1.266459321455717602e+00 8.059694209410739330e-01 1.897394037922427668e+00 2.245693313337446817e+00
1.572480381677691594e-02 1.449705949751363798e+00 8.794680921105029192e-01 7.642206637575668648e-02
7.954588143546864609e-01 5.916760712140520795e-01 1.107936419238762404e+00 4.195312704037038598e-01
2.060307768141594054e-01 -1.708757004614511077e+00 -8.934012300234556170e-01 -3.384150106395482638e-01
8.766077157203970849e-01 8.927413514793360871e-01 1.608691443493471152e+00 1.529407359045738435e+00
3.943850349354339341e-02 -2.204037531205088829e+00 -1.097807155401022472e+00 9.685463785337292686e-01
1.140983040637935764e+00 6.420905510949967976e-01 3.225217443659384592e-02 -1.634930211166963909e-01
-1.358040402017139381e-01 -1.000224790018993781e+00 -1.048494792948429621e+00 -1.660388589138955373e+00
-1.108692009359252939e+00 -2.508023851967248752e-01 1.292445088539834197e+00 8.095440270189012688e-01
6.406358045721100014e-01 1.053333292766499563e+00 9.233623134290144252e-01 9.498614335248946050e-01
1.426952092223620072e+00 2.836285266292681850e-01 3.598663363622617295e-01 5.875680560211972159e-01
1.345166125425492520e+00 2.092471785984659327e+00 1.698860291052831428e+00 1.839015231114988769e+00
7.549031560766205073e-01 1.326110682503313321e+00 8.551053556054935001e-01 9.876538742041408581e-01
-1.258414053980079661e+00 -1.409294044137569646e+00 -6.962427078106018241e-01 1.443424665920739702e+00
-1.500678433494972541e+00 9.113927395535688369e-02 -1.078188566038392054e-01 -5.612806001808825496e-01
-1.243611106095525054e+00 4.206791399861428346e-03 -2.837057871600422443e-01 -6.119431573559586113e-01
