-8.501454213365151613e-01 1.904405540495393012e-01 1.348804666645161410e+00 1.595047062638348112e-01 -2.603664942816742989e-01 -7.298427886922227437e-01 -6.596524544838512361e-01 2.689578092081084115e-01 3.790834176807482692e-01 5.511629575626009192e-01 3.262419337684807075e-01 -2.164410073465007078e-01
-5.046186420284050067e-01 -9.921596844937532467e-01 -2.937414911160343700e-01 1.012487754325591016e+00 4.869008865768314487e-01 6.976812288003959583e-01 1.451113948457609215e+00 -1.046961596697520536e+00 -7.295105543336656562e-02 -7.569500014231379525e-01 -7.944334475884677893e-01 -9.803961577509225089e-02
-2.156831733523401906e-01 -3.015137539739455308e-01 8.230401121990845725e-01 6.576186747770086383e-01 1.555531376681126066e+00 1.545871879104845359e+00 4.434788892083380563e-01 -1.927949540457709887e-01 -1.928805686130255603e+00 2.904126727340474168e-01 -2.049085182829388341e+00 9.923775540095514103e-01
5.286240960410857337e-01 8.273086988209195705e-03 1.519307745744943317e+00 4.829221102071144106e-02 7.622318014680256049e-01 1.086442901278666717e+00 1.070080605167790105e-01 -2.125588497012552980e-01 -7.659849843716258766e-01 8.277527273945880504e-01 3.958801260924403320e-01 3.338104213675673893e-01
-1.476807043880628667e+00 -1.234422596417467766e+00 -1.280734001126162314e+00 4.549357417563998918e-01 -4.506690516034837501e-01 -7.620026902183178741e-02 3.569595249758075739e-01 -1.225577644529631138e+00 2.093137628450006393e-01 3.019871818848722245e-01 2.447312008440331588e-01 8.567677331999773438e-01
-9.769220442137089844e-01 -3.615260433244036342e-01 -3.514974789505599939e-01 -7.236992391725466378e-01 7.205550010140454598e-02 4.971624430835255848e-01 -9.516578449549405183e-02 2.715290451762404911e-01 1.782819215157005699e+00 5.216153066177259268e-01 4.691406970911186636e-01 1.006925200765132894e-01
3.792434055761519374e-01 -1.004494079404337492e-01 2.017091130993735160e+00 -4.070639490051720100e-01 9.434792735801492136e-02 5.275069040925713937e-01 3.514505988176885171e-02 -6.886491218803960646e-01 -2.350713387041857561e-01 -6.332888787054619106e-01 7.694987407362900711e-02 -1.905028219813298174e+00
4.984421247062085780e-01 1.100896459511479186e+00 -4.264493645060538074e-01 -2.830221491540524936e-01 -7.369262547067724489e-02 -7.330170155415313138e-01 -3.607561518995913707e-01 6.639312506264962721e-01 4.999429489554077510e-01 -7.084840844548545569e-01 -2.683154526882454149e-01 -2.845107340215243807e-01
-1.547308582622253237e+00 -3.101980849627141157e-01 -3.767196558029235476e-01 -3.643068869576721047e-02 -2.036517467269888249e-01 -6.731308395188203564e-01 1.877237690617073948e-02 -3.428994813420704335e-01 3.961789313779899568e-02 7.212257239968529188e-01 4.870799327216771557e-01 2.921349303651969986e-01
-2.366382340260472006e+00 -8.380363592975942355e-01 2.654396949390193661e-01 4.046864880105910944e-01 8.875626160426821620e-01 -1.845784656071891350e+00 1.374332382244109751e-01 -4.581634635653282772e-01 1.572661653573210749e+00 7.977786265006149291e-01 -2.101622575066353638e-01 5.871011781451273004e-01
-1.239190645846187655e+00 -6.238404790119923549e-01 -8.024688935044596017e-01 -9.638296730605314111e-02 -1.434344454870366825e-01 1.778895790160373025e+00 7.850389872782717049e-01 -5.661309397760023732e-01 -4.656314786497663394e-01 -8.844711587863055557e-01 -4.843797706347079957e-01 -2.004467220037584596e+00
-8.001532939767054264e-01 -1.949207358267288914e-01 1.733905077216678636e-01 -2.298766542317454697e-01 5.647673518762198752e-02 5.756003439144327105e-01 -6.060334140173054968e-02 5.395737186444444777e-01 2.018866181815486827e-01 8.570800047076131412e-01 -1.041420107870616590e-01 -2.793724955001138932e-01
7.617099616268688811e-01 -3.543075231526753854e-01 4.887600966001677261e-01 6.745419575792879208e-01 -7.696586235030685071e-03 1.711803690249753318e+00 5.690268016203601231e-01 -7.009984813344520838e-01 3.921636613910961522e-01 1.476283160929023168e-02 -2.029386147450795708e-01 -9.610121949002237152e-01
-2.268376310803028872e-01 3.648924623075480711e-01 -7.752444192435604675e-01 -9.220247652729570698e-01 -2.488992243378302494e+00 -7.063411760715708754e-01 -7.667736163622906886e-01 -1.641088784114149712e-01 6.320605633531555245e-01 -6.192245133253531097e-01 1.277544729789853228e+00 -1.482645633190687873e+00
-1.271009426459432934e+00 -1.153399901737512945e+00 1.739656354998296850e-01 -5.031192607138599282e-01 -9.393110218738373041e-01 8.706024731659571803e-01 -1.757416917079968610e-01 -6.733458234358596917e-01 3.189634763479796686e-01 1.270281298785208568e-01 4.609912575376381993e-01 -8.923803674731840552e-01
-8.884024086438913059e-01 -4.170985054393538949e-01 -3.168606892632159361e-02 -1.405350130838727951e+00 -1.832472184148932481e-01 9.816420948369473098e-01 -8.860855704165705449e-01 -5.204846068797427394e-01 1.371534283938224963e+00 5.470938553657884729e-01 2.857198643940784266e-01 -6.696938562074704615e-01
-1.726891511566353454e+00 1.164516553626326889e-01 1.105481063498948702e+00 -2.214598262883191171e-01 -1.994154372768605299e+00 -5.115180774486723925e-01 -4.082667533077378175e-01 -4.783031269457544976e-01 1.311625479485662771e+00 1.823308904786567763e-01 1.120285721289247416e+00 -1.545513831102447444e+00
-1.888160113414828478e+00 7.272355830742203986e-02 1.871781356734171231e-01 -2.655732697477234949e-01 -2.512083530618476335e-01 1.659376178302125249e+00 3.653996661055936013e-01 -5.134410076621501173e-02 -4.838825848660835427e-01 -5.074207289118285447e-01 -2.699259768032498119e-01 -1.250403372274619285e+00
3.953269620607596790e-01 5.208899559100576004e-01 -4.939124429798244509e-01 -3.910545957667572181e-01 1.139741418053231481e+00 8.937637130404553210e-01 -6.956880161946347174e-01 1.254482330126571954e+00 -3.482286129085914936e-03 1.591794989816314732e-01 -2.415196523899645897e-01 7.600136970152855387e-01
-6.938616168358909819e-01 4.414808860512035582e-01 -5.044027844234275637e-01 -8.778700777840092728e-01 -1.911912511206597873e-02 3.540892207679552928e-01 4.349253681420902073e-01 -1.679313197715874284e-01 3.774749126764962229e-03 1.517825106159150228e-01 1.852400837890666729e-01 -8.724335465763632946e-01
6.043121551174289730e-01 -4.337016836107352447e-01 -2.428321205830572815e-01 4.199717217896419275e-01 -4.581433983499886842e-01 -1.115113221039424785e+00 4.966670036700538970e-01 -1.922318145633691577e-01 -6.888961772078997514e-01 -1.717380538103773002e+00 -1.621859953530403742e-01 -3.492539006469739804e-01
-4.844942905252459520e-01 -1.322294430192493264e-01 -3.554690423598354521e-01 2.027258026155376591e-01 2.352200481529960197e-01 6.525390676271050072e-01 -2.973251672669398604e-01 8.251265855014784378e-01 7.188547808444963882e-01 1.876084400863983759e-01 4.466143010154455806e-01 -4.797301766852426486e-01
-8.123020412226281683e-01 5.096603146250984206e-01 -1.621367759327602576e+00 -1.490481150931760368e+00 9.517157699374856339e-02 6.152834378942853011e-01 -5.244329568862147184e-01 1.456092615684055902e+00 -2.832918979156447969e-01 1.425709315488186801e+00 3.699951412697211062e-01 5.403993410832176325e-01
1.099747479386270210e-01 -1.096039624243343308e-01 2.133580361498970679e-01 6.852572809690159472e-01 -7.688715114911323090e-01 -1.903948968870889380e-01 -2.714010824129993171e-01 7.021081250773768545e-01 4.931718759475596237e-01 -1.425478153855564978e+00 1.654376508136688739e-01 -4.291938143935433020e-02
-2.902005443491049164e-01 -3.133908380272230620e-01 9.277329947035611868e-01 8.246574100045972466e-01 -2.360940355899154020e-01 -1.550650002607106170e+00 6.855007566879010028e-01 -4.151364693397563976e-01 -4.235210312602734062e-01 -7.019951606571779301e-01 -5.133238941473016181e-01 4.290762688244946776e-01
7.955683810228349542e-03 8.489277465676657863e-01 2.065796666798577874e+00 7.905677649601475787e-01 -7.023293353462781718e-01 6.576546024097662535e-01 -4.829064358792301559e-01 -7.809802157527416799e-01 3.068959106735025810e-01 -1.162893692099634446e+00 1.443006222016900986e-01 -3.287135424389669436e-01
1.491836831612014524e-01 3.992717557926607763e-01 -1.863651355655243647e+00 -9.975066080951475178e-02 2.211021497268290392e-01 5.053761245689964987e-01 -2.513906700934374627e-01 1.601774647203987878e-01 -5.929178948011911698e-01 -1.970234355812637908e-02 -7.874904860163185749e-02 2.691187096997711414e-01
-1.202603010504636194e-01 -2.189047053600164383e-01 1.020344720415356649e-01 -3.820537457837721584e-01 -5.101617536643169304e-01 2.197637195106114660e-01 7.647649035064599254e-02 -5.938627373967404477e-01 8.902739957369120512e-05 9.081428369721953470e-03 4.444941696466545022e-01 -1.034352753328109387e-01
-1.897108109448944480e-01 -1.012168281970580314e-01 1.607677510912275398e+00 6.325703359923726676e-01 6.960545483330783378e-01 2.578442624024648300e+00 -5.468901920136607503e-02 1.342376485926100704e+00 9.633343482310080530e-01 -6.010694480796723305e-01 2.987558152763953451e-02 1.472038320129102296e+00
-3.737330042995093415e-01 -8.816493591662050155e-01 -7.848001443750211026e-01 5.686183457199968094e-01 -2.231668841697782013e-01 3.222940469957019105e-01 8.290865684062133090e-01 -1.298211987936145340e+00 3.827742698573516900e-01 -7.918773064759150326e-01 1.207691645638490074e-01 -5.004392742965896312e-01
6.158846084081693872e-01 -7.546761272626550943e-01 -3.232985136717431845e-02 -3.354765438326596239e-01 -1.461464624921571254e-01 -6.011731729129797808e-01 -1.529304228370884922e-01 -1.435163538870858069e-01 -7.146933083996641622e-01 3.392102084631055670e-01 -4.061000412438557361e-01 1.232463376903960572e+00
