-3.689320021777045544e-01 -7.608307760632827543e-01 8.158768498837363214e-01 -2.572083312804365640e+00 1.127627656043835858e+00 1.737641308448320654e+00 -1.957424505609393350e-01 -7.708320122525564866e-01 3.021645854751587312e-01 -4.726940519082754033e-01 -1.686076688862537809e-01 1.530790631948569569e+00
4.346764194225145178e-02 -6.056927921691573902e-01 -1.757060965189004287e-01 -5.681330140792683059e-01 -6.467769808341509163e-01 3.976846072296521539e-01 -8.437369082283407984e-02 -5.057594337835495668e-02 6.743462029727728124e-01 3.412073637241178070e-01 -2.484535571754283023e-01 5.176943433904769298e-01
-1.710509209654074297e-02 -1.025390174514917652e+00 -8.188370776182546384e-01 -1.307516855636843500e+00 -4.627240106932803410e-01 7.772510369239071792e-01 1.751405853240705301e+00 -4.314373196926461762e-02 -2.413388051795299638e-01 1.073953301891263701e+00 8.284025705422463082e-01 -2.282258726759250345e-01
-1.761768244970808084e+00 -1.679653738086684944e+00 -1.297086972176746400e+00 1.223414207757486549e+00 7.171780087028443162e-01 -6.456049693578255755e-03 8.283466788118462043e-01 -2.270878205091306334e+00 3.620076646177271262e-02 7.495400603126790851e-02 -5.004468645043846919e-01 9.264982058381524554e-01
1.762318488093841395e-01 8.632480286199117891e-02 1.775387354626369207e+00 2.245643262232251747e+00 1.317152687698341484e+00 -5.609965673163911370e-01 1.448516320972491611e-01 8.108930131986040735e-01 2.295919577231488873e+00 2.762935723974667135e-01 1.781793766800370271e+00 1.108081706066420091e+00
-2.511862512196507136e-01 5.188017438929836134e-01 -3.782661813958167474e-01 4.255573350595372450e-01 -2.905654663231577173e-01 -3.628037019328358981e-01 -2.467136514931653479e-01 2.594299761243444857e-01 4.146922874515467372e-01 -3.943960177935441624e-01 -2.269973326993554863e-01 -1.903155117896868365e-01
1.121809585690028088e+00 2.672592852656831219e+00 -9.706306546005981639e-01 7.288666174435525225e-01 -1.078970851749130544e+00 2.288675230140509720e-01 2.936216326968817958e-01 -2.351257934891652912e-01 -1.065044180799940010e+00 -8.073502546932570523e-01 -1.139221568341273416e+00 -1.527475835305277752e+00
-1.988131596931464351e+00 1.066906869058472651e+00 1.403910193702209153e+00 -3.257926119594321546e-01 -1.513580332143589002e+00 2.681830535741773214e-01 2.142586794010028495e-01 6.394841888882626391e-01 -6.265803620135373952e-01 2.124895061310828837e+00 1.255841630987944102e+00 5.429915373464958561e-01
1.491048810708013594e-01 1.021674039788076138e+00 -5.644077684210895285e-01 5.271150279593433963e-01 -9.602668573227228777e-01 -4.498658211285533337e-02 8.704089342132370621e-01 -1.307094704980043820e-01 4.815410549675421814e-01 -9.545407945187509569e-01 -1.095807394419644337e-01 -2.132105804011468653e+00
-9.363736756367146974e-01 -6.879056883992282767e-01 2.535433199263747994e-01 -8.690463880404017405e-02 3.355140777508815956e-03 -5.233026196957818454e-02 -2.299690679128040816e-01 -1.529874269889085203e-01 3.825519573116913374e-01 8.355178984709517032e-01 -5.328030813050218389e-02 1.016177966082325801e+00
9.476442319839012418e-01 4.540676074672924528e-02 -4.748351799004735807e-01 -2.488892912151669801e-01 -2.598137660095708679e+00 -3.756718546093291700e-01 1.219532124815838170e+00 -1.284910317319889028e+00 6.208214512201161162e-01 -3.245231743379434763e-01 -6.769375189107261770e-01 -1.718134127940090239e-01
7.790083548608625064e-01 -4.018474330340768286e-01 8.768724316377705108e-01 8.125545189206565544e-01 1.713755909195256333e+00 2.936579542622136385e-02 -1.452880500856599033e+00 -1.290247753244612605e+00 1.353819029427895337e+00 -2.789387027048377821e-01 -6.773692996825942947e-01 7.388089322189901331e-01
1.222583555914027675e+00 3.027098368086512670e-01 -2.206195671461844143e-01 3.845395605634002179e-01 1.807882613214174983e+00 -2.272595548107563534e-01 -9.269391853037318718e-01 1.939428269515849068e-01 4.214817647613355867e-01 -1.332255541967841017e+00 -2.052359886393671784e-01 1.037046010685471531e+00
5.469911883311084910e-01 -5.402697975737855707e-01 -1.784729964931660862e-01 2.771619325738514106e-01 -2.630566134094130426e+00 3.135935342602453463e-02 1.287756044679060352e+00 2.015706176918357073e-01 5.374204315092105944e-01 3.859644843076400766e-01 2.757910555070768321e-01 -4.730887885083908673e-01
-5.810488650652200215e-01 -1.237213102852690039e+00 -3.150372293050163197e-01 1.035856746164390829e+00 8.921029727595067849e-01 8.614422612312506722e-01 -1.113716805434116441e+00 1.006738101913855710e+00 1.704474969758867475e+00 -2.403350180642265521e-01 -2.082688795777025148e-01 7.617189313450648536e-01
9.245677982736030254e-01 -2.088434990283853654e-01 -4.919030840140381500e-01 1.752368988324560228e-01 8.267017738763340340e-01 7.467202539814560280e-01 -4.817808176331870862e-01 1.185601307325847564e+00 -8.177395633784474427e-01 4.270958211217556477e-01 9.510101145432767189e-02 -2.336743644505388795e-01
4.876890428724044435e-01 4.298676088562782271e-01 -4.158185755467275757e-01 4.620382059856691925e-01 -6.195141203364510352e-01 -1.525177501590935014e+00 4.901745428301012564e-01 -1.625768884175079754e-01 5.120924908180185531e-01 -1.378891256284661138e+00 6.097947000560228759e-01 -1.237997432700556899e-01
-5.010785386241439765e-01 -7.516489844576018653e-01 -3.576487315570956449e-01 1.048971725403208960e-01 -6.647916730936694885e-01 -4.172294739894692739e-02 -4.373608574638428448e-01 8.763736272710301867e-01 2.152492461135022239e+00 -1.210660362402421697e+00 -2.921014820270114720e-01 -6.379720360074772612e-02
-6.469213874931765140e-01 -1.168218707635395592e+00 -7.110497147697268927e-01 -5.405156768636072417e-01 7.017927066500007083e-01 -1.550716423576822822e-01 4.649629798613630349e-02 2.994357931830735065e-01 -1.036937861127302900e-02 3.514668852838739310e-01 -2.526625759192338005e-01 -3.428090865902919671e-01
-2.373045292498732473e-01 -5.837423555938221487e-01 4.034140602575302381e-01 -1.793129695286045600e+00 1.618157710518595360e+00 1.732307033663267992e+00 2.782395870896938184e-01 -1.850749693104889682e+00 -2.047154479971308449e-01 -3.638026847441636846e+00 -7.431798305850189079e-01 -5.985316290342360679e-01
8.496351031717558344e-01 1.100681133823239399e+00 -2.290946116976696256e+00 -8.334093723006080756e-01 1.051684531688064528e+00 7.237647716086946792e-01 -2.936834176951256259e-01 -1.493427672836303621e+00 8.699737985979001387e-01 -3.874329212274365553e-01 -2.275906441941469183e+00 1.179760130825618231e-01
-4.614093895654476640e-02 -4.425603854158899342e-01 6.312522887531865079e-01 1.203618982315089389e-02 -2.008244191473874674e-01 -4.301126325985478449e-02 8.459306536062042303e-01 -5.900388953473768572e-01 1.603972781118544910e+00 -1.450820943474775693e-01 -9.825531034206408387e-01 -3.767291751713365833e-01
8.989011965860961295e-01 1.579326635713617089e+00 -1.020956943728799526e+00 1.366077857880273694e+00 -1.999286624065264861e-02 -2.098739322747879221e+00 -1.397056254189106062e+00 6.461754385623788011e-01 -1.660273464359129925e+00 -2.061991527784439449e-01 2.554841943498816215e-01 2.141244808930942156e+00
-9.407713824828717319e-01 -9.303303450295111743e-01 6.087455999567035203e-01 6.449369982934530787e-01 4.731327919340296839e-01 2.139735494168570007e+00 -9.115914598917733425e-02 -2.464723515025669109e-01 1.911193840721875814e+00 -8.104060241943136234e-01 -7.683269222790350961e-01 4.851571363476161330e-02
-5.713768557117812064e-01 -7.297492977222878041e-01 -7.934695738894798067e-01 -2.299964868886380798e-01 3.411281022482314240e-01 8.388215004117908213e-01 2.107506469603165122e+00 -9.959872825437620092e-01 1.126584879013960983e+00 -2.555606960460696797e-01 1.205356523928539057e-02 -2.283998297732957317e-01
5.964797483398222022e-01 9.538747286379536394e-01 -4.976550181292233033e-01 -1.161526771785946099e+00 -4.668529104487769699e-01 1.998394209404498412e+00 2.013411021442000626e-01 -7.384798762082318557e-01 6.684985295940083505e-01 1.984019467675380399e+00 -4.677176850487348853e-03 1.232138924784471401e+00
-1.227538424791679628e+00 1.211686851398603881e+00 1.897486231677579516e-01 -4.574245946305259825e-01 -8.119878177544106457e-01 8.064872136738451824e-02 -6.991872110424884879e-01 -1.473798980325633223e-01 -2.742434276479316368e-01 9.800275341343605007e-01 8.098115420612340687e-01 2.214358281303028253e-01
5.292934026125888369e-01 -3.007730487226019378e-02 -6.170299108121634069e-01 -5.492009630383778429e-01 -5.632937218139586477e-01 6.518952280617773543e-01 8.332850323642361223e-01 -8.422334778756393470e-02 -7.231494402944039779e-01 -2.648207300941300968e-01 4.446704703513872370e-01 -4.612258694296139105e-01
1.816486136858966871e+00 -1.009837223938612860e+00 5.462303760648161699e-01 5.265253228105847283e-01 1.343107900754648698e+00 -1.593356038724548895e+00 1.108948195653698621e+00 2.231987057548933395e-01 -6.563464882408536205e-01 -6.137571350931234626e-01 8.996615770547047308e-01 2.704658129434193703e-01
-1.113515366234406390e+00 4.178591893851557604e-01 1.704739564364628479e-01 1.289758719992835090e-01 -2.622289215514392424e+00 -4.405050255423954564e-01 -5.657174270630932478e-01 -1.247193453884015424e-01 -7.876854295876005718e-01 -6.421990421325229903e-01 -3.835034205852446698e-01 6.101927303866758745e-01
-4.071768485085874856e-02 -4.060728272716381260e-01 6.296624568938069544e-01 3.820531898274947546e-01 6.464029247692845148e-01 1.156995940199731232e-01 2.519457379717351397e-01 5.988085962797186079e-01 4.230346477710762998e-01 6.359217503932058646e-01 8.706540235652202586e-01 2.393174587451952773e-01
