-2.083789237027353081e-02 -2.813341361316473721e-03 -1.068098047834227099e-01 8.201354042024944224e-02
-8.967177925974316455e-02 -4.208736828281020581e-02 2.514407085790214269e-02 -6.226440433036158073e-02
-5.289761094311695028e-02 -4.545038074634247249e-02 2.757270222732121842e-02 1.146104006407478865e-01
2.076969649920172925e-03 -5.589627225567583846e-02 2.695291602903944483e-02 -2.980798499032335028e-02
-9.565248260575738440e-04 5.875006097501455499e-02 -3.739354746469312346e-02 4.512625486662562172e-04
-4.390539466201710123e-02 -7.821708519231182488e-03 1.282852260006478277e-02 -4.943895243848109300e-02
-1.694109830145981710e-02 -1.180920154263006422e-02 -3.188275062421506295e-02 -5.938061431926421746e-02
-7.106086136520634033e-02 -7.674759783847457176e-03 -1.345284801080067622e-02 1.115683394443302279e-01
-1.217383788260522071e-01 5.636325240832446189e-03 1.852222683316171251e-02 6.798169313362981137e-02
2.509286033906566599e-02 -4.221068519149309695e-02 4.880735798046740091e-07 2.711762860745145498e-02
-1.567540984967044290e-02 3.855058690347057393e-02 -9.340453272818817487e-02 8.655923329902340257e-02
7.338390052867065083e-02 -1.678386692619237425e-02 3.056703897868586969e-02 2.398529593409418764e-03
-4.145676445073893934e-02 4.385510920416570667e-03 5.001829432753475413e-02 -1.905462587576749883e-02
-1.878347115394968236e-02 -3.723538144699049379e-03 2.167481650382854438e-02 6.391896151359341416e-02
-3.173396525896812065e-02 2.541981213417159047e-02 1.080580031318410100e-02 -9.293061930617488309e-02
-2.096582410763444398e-02 -6.616444921837168203e-03 -1.978511984680285298e-03 1.630017166934903325e-02
-1.020161524364357614e-01 2.312776157084845460e-03 -3.388377886640207837e-02 -7.197195133693090607e-02
2.621482150051743232e-02 3.676397880326012779e-02 -3.266251338960178552e-02 4.212281407856700854e-02
-1.907582408825431175e-02 3.324450457307243350e-03 -5.493694734980282546e-02 7.922435281978382204e-02
-1.329724728191744310e-01 -4.572631144532907088e-03 3.475598025234957061e-02 -1.016733273061306841e-01
-9.473463235619041314e-03 -3.860933267647857856e-03 4.123515027184908310e-02 6.241064602985170462e-02
-2.019461346689697609e-02 -6.922593332679324862e-02 6.836177119635622468e-02 6.089428165281451921e-02
-2.310026740766902426e-02 1.754442470438731527e-02 1.909331170633484995e-02 2.831377207212280867e-02
1.021039894570559964e-02 7.033481208306852084e-02 -8.689797521922840162e-02 5.204119766953644449e-02
1.902359851075002481e-02 -1.085676343724396864e-02 5.867657492474767644e-02 -1.171801595499981086e-01
5.807607453703864803e-02 1.930390238017972923e-02 -5.665666368384913304e-02 2.165462773283454920e-02
-1.520432194006578024e-02 1.292647434032274667e-01 9.176663614324125084e-02 2.203449362075548049e-02
-3.596269207133386686e-02 -2.917072972895037863e-02 -1.625248141908930410e-02 -2.801172531188985196e-02
-4.511230340352509471e-02 -2.954861377347227369e-02 -1.380897461253689090e-02 -2.584419468662934108e-02
-3.492949749681943661e-02 -4.644459622619095951e-02 1.275219117939830060e-01 -7.365866238999428661e-02
-5.107073652610332609e-02 2.161978504898031186e-02 -1.617900350382619687e-02 2.119123539329403547e-02
3.995899975175076779e-02 6.313068316624101395e-02 3.759824246074403020e-02 -4.968804915592954508e-02
5.545716406808240406e-02 -8.824588641378777742e-02 -5.721064851506033749e-03 -2.490870969608792798e-02
-5.303995181652160218e-02 2.958332603638395147e-02 -9.162828688979067840e-03 5.099273646846186336e-02
-7.412327389113354537e-02 4.231559459210398888e-02 2.489700741834104114e-02 6.325208765325312371e-03
-7.094052755742671912e-02 -1.258870591849120361e-02 -7.733373056322082051e-02 -1.041325967872474695e-01
1.639872700555699836e-01 4.854306600201366284e-02 8.962964261991419879e-02 -2.145066592549224604e-02
3.480989898057153253e-02 3.487081361384647415e-02 3.007579068335998820e-02 1.829745357234687062e-04
-1.141237790970171459e-02 -1.034806131332725310e-01 3.050720432033287091e-02 2.117484502214363878e-02
5.589433667254209426e-02 -1.371210444317629701e-02 8.709060942361171453e-02 -2.237504380963228900e-02
-6.277136091729292044e-02 4.690818356370721198e-02 -2.341731297791159461e-02 -6.273601535564274356e-02
6.241182319292226839e-03 3.782510715262761558e-02 1.207198144208461790e-02 2.487128244623686146e-02
2.054346311902600641e-01 4.105604386559558172e-02 7.658801581584781526e-02 -9.929228868963226040e-02
1.825267582204203459e-02 3.870410167023494857e-02 -1.822395458063292770e-02 -4.379897388326974006e-02
1.982600793433543507e-02 -1.573087178279655371e-02 -2.968777914413035096e-02 5.747502838589912261e-02
6.677830841703609466e-02 1.513146680890495137e-02 -2.271139273580551413e-02 2.571853587327243076e-02
4.147292153066969855e-02 3.153109836385601522e-02 -7.266821748283944227e-02 -1.690088886781139152e-02
1.795666658969022680e-02 3.111102072339664432e-02 4.803909724216140487e-02 3.791851735833848269e-02
-5.671592415153092065e-02 -3.537104437818933828e-02 -6.107145825478842854e-02 9.022383207898629354e-02
9.020490345577317562e-03 2.765821370789060818e-02 5.165145329638107241e-02 -1.645012173503531544e-02
-5.755014720705742270e-02 -2.132612354276348238e-02 -7.407359558865088400e-03 7.507184576282889543e-02
4.347990987724725115e-02 -5.435452874212207824e-02 3.321107066978150335e-02 3.674423338704759651e-02
-5.306828719654191340e-02 -5.425841195949224552e-03 -9.252019868957382653e-02 1.652440319994600768e-02
-1.578466051513868415e-02 -6.750010513327722728e-02 -3.490854987914464302e-02 1.199755991364432131e-02
-2.764747197816111099e-02 1.497634065900791712e-02 2.763318478020995381e-02 -4.202215062457484440e-02
-1.561353348293218792e-02 1.072339044555518650e-01 6.055279078916432633e-03 -4.234143759709467492e-02
3.023122450145604434e-03 -6.692944399342615203e-02 5.663730379666741949e-02 1.851524213736200838e-02
5.429032020110483719e-02 4.510896977202950159e-02 1.951482249053810430e-02 4.877547061142825657e-02
9.578682330388903557e-03 -3.311045058971244515e-02 -5.117574923990151486e-02 -2.240874116721843293e-02
-1.252729066037197581e-01 9.129972285673346177e-02 -8.570337055480165001e-02 -3.831978199868446653e-03
-6.587836348770187422e-02 -1.012796795917293435e-01 -4.112268751656516196e-03 -1.523332924248285182e-02
-7.986206506069322766e-03 2.744732799113094521e-02 -3.091877425438394750e-02 1.893972328534873628e-02
2.566257221546665301e-02 -1.674220627288592819e-02 -1.417597581816554091e-02 2.692121313953095563e-02
2.862547326055529372e-03 7.954424332510976955e-03 -1.187201342033126911e-01 2.925996764033568769e-03
1.882729555170205293e-02 -6.773988215159106561e-03 1.679541975546798571e-02 9.521879545901265618e-02
4.268221671132512406e-03 3.326671389611133428e-02 -4.249977513575330101e-02 -4.261708983442089038e-02
-2.399925557663254785e-02 -5.098245497379647745e-02 -3.800569206647829985e-04 -4.669153307084467075e-02
-8.749842186737999059e-03 -7.185717161153898358e-02 -8.261001456207904547e-02 -3.378308945004152020e-02
-5.335335618916615952e-02 -3.264655725691394117e-02 -3.060473750839051363e-02 -1.756312305463864770e-02
5.227389938192527480e-02 6.845080122004841561e-02 3.626766296785292887e-02 -1.797372295725150476e-02
7.484758947612429880e-02 -7.655555537962201174e-02 -1.011681969503926970e-01 1.339862882393157151e-02
-1.103222704830860888e-04 -6.964594138431295239e-03 1.628273465624569460e-03 -8.202801124024208801e-02
-5.783495852590708058e-02 6.170173406822875711e-02 5.140924495780718750e-02 -3.609398630549516540e-02
9.665784831745388717e-02 -5.353981628185867925e-02 -2.856908039416213366e-02 1.462160336649677775e-02
-5.974999474624417828e-02 -2.439652720959323978e-02 -8.653558261273742655e-03 -1.976732005834042072e-02
4.354203823041046667e-02 2.964033983905623587e-02 -5.496486545642120802e-02 -3.407653222320128350e-02
9.003334246760651832e-03 -3.346552199825862054e-03 -3.938747701596503198e-02 2.123768361376456373e-02
4.099425582671917256e-02 -3.155593412925480901e-02 3.945298242911567804e-02 -8.108369014906655070e-02
-8.052496292554815749e-02 2.499698819850237896e-02 -4.172576036927391069e-02 -4.984798435370890041e-02
-1.316940385252441184e-02 -3.386802458715370417e-02 1.635335190093684110e-02 -7.276797224891244642e-02
-1.857595621779040487e-02 1.580482984772941801e-01 5.497550641037914944e-03 -9.567616091485427188e-02
2.999102147291110576e-02 2.746922327295849009e-02 6.918905174347010634e-02 7.417462170074298929e-03
-3.267707220172732380e-02 7.044169919812373615e-02 3.560306137129265469e-02 -9.003580203929607839e-02
3.737994708896338891e-02 -1.164485005243885013e-02 5.553226401570624665e-02 -1.866694064682337950e-02
3.930730349116439565e-02 9.708434782911411209e-03 2.931020488603830465e-02 -1.019364588603982429e-03
-2.072042987646478124e-02 3.365670617601087752e-03 3.158994618921832226e-02 2.087963652631319791e-02
8.075881342558188791e-02 2.128031055466654553e-02 3.176818788687307132e-02 1.051114633726284442e-01
3.306320841725135084e-03 2.677791752917849100e-02 -3.015703960789957797e-02 2.097881459849666383e-03
8.209573187359735236e-02 1.558488533311104020e-02 7.255849498907582240e-02 -5.324639400393567368e-02
-7.004227274057805985e-02 1.537627633486305691e-02 -6.848193363131342692e-02 1.335168622399847127e-01
6.242251490099885031e-02 -6.228632765271752136e-02 -8.358438717519000097e-03 -2.883054651425173351e-02
2.080108745338812848e-02 -2.892363132095007033e-03 4.659436789461560147e-02 7.341660663598247039e-02
-1.106604713656460237e-02 -5.865778107213919651e-02 2.813345390646789304e-02 -8.225752864672778927e-03
5.724276880003044410e-02 -7.605884340040819543e-03 4.148945229425541475e-02 1.680329758249292024e-02
-9.452202573287611653e-03 -2.246643003581622056e-02 3.567622238505600840e-02 1.264867437106723669e-01
4.188078969830105747e-02 -6.584120162592204187e-03 3.537964330204695917e-02 5.702693896367939941e-03
-6.404475889713352743e-02 1.549231386923756448e-02 7.741453469813390498e-02 -1.579140215861844776e-02
-5.629518903487029657e-02 2.442483329692101551e-02 9.154733284923141645e-02 4.700879963688644331e-02
5.093585234465539818e-02 1.151189144271175108e-01 8.105464888365528087e-02 3.563416367397490014e-02
-1.043518145562573156e-02 6.880899565248045635e-03 -5.167608415033754510e-03 4.241752834491785418e-02
-4.415627805569512232e-02 7.726934132359243590e-02 7.292003657191067217e-03 -2.000530282385791850e-02
4.076030207186882165e-02 -1.037461182581384256e-01 -4.172186952720573910e-02 -3.288592235537673297e-02
4.102821661154131688e-02 -2.445785006303125356e-02 7.124835170260028494e-02 -2.234289483853720004e-02
2.605547154882818794e-02 -3.540971900915005494e-02 5.777652948144421097e-02 -1.272652296722523446e-02
2.594624620811914611e-02 -2.464974557272716846e-02 -5.432740764420043722e-02 -1.154587486405490512e-02
5.490050193790810273e-02 -5.089390251609779425e-02 -7.646956777481089818e-02 -1.539938683741295423e-02
3.903771780113383244e-02 -5.279198192829068215e-02 -2.719416906849150481e-02 9.215086969917933232e-03
-1.653379217437887794e-02 1.436041010800404374e-02 5.947640684521665611e-02 1.060077392856004002e-03
-3.270484016953770570e-03 3.830579517675477413e-02 -3.081754231102479518e-03 -4.764485760633294098e-02
-5.072315317600818718e-02 -5.576319815188107709e-02 9.563003392453878204e-02 -2.263160156603204534e-03
2.884548589030912213e-02 3.589028475631132059e-02 -4.694994988694374538e-02 3.143879035998251026e-02
-2.822467160307888523e-02 -1.043903731144362190e-01 -1.075250658375239907e-02 -5.375142819673705413e-02
-1.689860746822161378e-02 1.716063660982741074e-02 1.141269819773856331e-01 -2.478894241072472637e-02
-8.198141616979737201e-03 1.858110806301824583e-02 9.326075999300645347e-03 -7.921461209422001742e-03
-5.414647785985474832e-02 -4.783127600324669354e-02 -9.168836752826571568e-03 -5.799034481383039813e-02
-3.288841812244593793e-02 -6.257242031571640106e-02 5.622414303462371088e-02 -7.489199027538093190e-02
9.510086116502683429e-02 -2.901915190273593112e-02 -5.274578371749534533e-02 -5.913786021574107127e-02
3.897400271867489802e-02 5.132989752825224683e-02 -4.243330005503313102e-02 1.657698240534451542e-02
-7.479567632394922352e-03 -1.212203000658520179e-02 7.559858765846525115e-03 3.825347404812345919e-02
-9.583152595045607569e-02 -1.113670646148731402e-01 1.033449486907500256e-02 -3.543817797911570904e-03
3.423799844744547516e-02 -8.537695252755465869e-02 -4.932848324644210913e-02 7.717681695517848717e-02
-6.551352644739076581e-02 1.817169859397935183e-02 -3.974362222814676465e-02 -2.026431334096151504e-02
-6.888789657480476336e-02 5.930243378431829943e-02 -9.519105714714656830e-02 -5.990701891585389904e-02
-4.550328213112769110e-02 5.882270963415980880e-02 1.496053348113353734e-02 3.396335890120032869e-02
-8.830339995224746347e-04 1.180204614571243177e-02 2.470179354676284300e-02 7.731388229338219398e-02
1.234287542334037979e-02 -7.343878996436409290e-02 5.735499712059706490e-02 4.777849225593709323e-03
-5.537193631378185821e-02 -8.814307062654930247e-03 -4.913778332664359150e-02 1.043341363748884476e-01
-1.723118353409383574e-02 -1.001039616573378005e-01 1.516172164543659606e-02 -4.149374223552026314e-02
6.443847034309382882e-02 6.746273108547000928e-03 -8.893003206624211510e-02 -2.503957447577270790e-02
-5.440807844006337324e-02 -3.789277766097337574e-02 -3.218724500784066883e-02 -1.004392263723706269e-01
9.813144704082982228e-03 -4.379481850074758154e-02 -4.468046045400522054e-02 3.759511775851667736e-02
9.484661217761285179e-02 -3.145395753992531740e-02 9.060427635642662181e-02 -1.028132870368519552e-01
2.813524435576877925e-02 -2.910353787271108966e-02 -3.700148743704307665e-03 -4.932481819873205109e-02
-2.973612494595345365e-02 -1.574059213556567791e-02 -1.734702658971491035e-02 2.057217581691857949e-02
1.163195450560591260e-01 -3.170265638182277745e-02 -7.720498117905713956e-03 -8.746444019061405672e-02
-1.259789648184439503e-01 6.955812137096907544e-02 -6.646732212522604710e-02 -3.727982071263099412e-02
1.063042490471338827e-03 4.554587574323715193e-02 1.576380409199198626e-02 9.331041026315069209e-02
-9.124881163783944357e-03 -9.141331697569549108e-02 6.947785863028264029e-03 5.972508233252639062e-03
-4.094496000582843742e-02 -1.663196324237243423e-02 -2.931939777384791335e-02 8.672581722025245188e-02
-3.063757788332848245e-02 -6.967210085005379194e-02 1.397168782724361562e-02 -9.111156342204185243e-02
2.135087287777377024e-02 2.034938745560497045e-02 -4.221541203077657650e-02 -2.799100564639420835e-02
-3.002602027046607017e-02 8.074366185316292355e-02 1.974766101898267623e-02 -6.019067347223619469e-02
-6.237362158056698747e-02 -3.877312481427667643e-03 -6.669875675435049927e-04 -3.841616247966620629e-02
1.456170050003222777e-02 -9.866547406236327381e-03 5.384148247650932112e-02 2.187051159303963696e-02
-4.659893316304368135e-03 6.781570802803577741e-03 -4.413544107870912003e-02 4.423720971006839253e-02
1.916022317300324421e-02 -2.084970744376617863e-02 5.889827487766592998e-03 -2.683426544187559465e-02
1.243592287665823970e-01 -2.256805271753254891e-02 2.594180634557366472e-02 1.822240025731625135e-02
-3.991743645249023337e-02 2.828898565709520073e-04 -1.604673539161940304e-02 1.247567748671482568e-02
1.281541957886150190e-02 3.838125412525643376e-02 3.915100436701191705e-02 -2.035315234069062437e-02
-2.624458335600988318e-02 -2.949043417077886267e-02 -4.312655430633231812e-02 -8.714364521212590586e-02
3.018357303013135748e-02 -3.980672601099826367e-03 -1.056363457145037543e-02 -8.288673722166138569e-02
-7.505200449037671695e-02 -1.257719728072096144e-01 -5.148051563054975750e-03 3.346145146201530418e-02
2.971545785204897372e-02 -3.905366869288175256e-03 -5.393697441927950559e-02 -4.490814728439216155e-04
1.179667161790995877e-04 3.528762691252562006e-02 3.829337294193643770e-02 -1.331183689980902640e-02
-1.734268300060752034e-03 3.480968762185023685e-02 2.285942604091004138e-02 -8.535077555859487200e-03
-1.084309249451636259e-01 -3.325900830420848442e-02 4.193564927540313625e-02 7.491397502170333428e-03
4.765887001479233304e-02 -1.726209824944735169e-02 4.013530915490204874e-03 3.967622979303588732e-02
3.439120794604536707e-02 1.958414321601189764e-02 5.444292329707034472e-02 6.676558759156575595e-02
6.951730050545044948e-02 -8.258397998957146824e-02 -2.431592903421609178e-02 -1.642842349982532452e-02
-1.823075013992160945e-02 -8.188071918233302826e-02 6.505602112771967371e-02 -5.006525765664468497e-02
4.974963266059963772e-03 -1.202113026413361985e-01 -2.535369011255502944e-02 -1.290247131105173861e-02
-4.679344571634922595e-02 3.677052307307338702e-02 1.190242230215705910e-01 -4.377906650292243129e-02
-4.326049821083308156e-02 8.759090807355618402e-02 2.810205687950739772e-02 -1.580470139171974084e-02
-6.397784419252586230e-02 3.663250067069361710e-02 1.065793389729250557e-02 7.762567168370804183e-02
-4.354760567001613597e-02 -8.678069322637678787e-03 -1.539676946304073014e-02 -1.084156322631119225e-02
5.288172852150534869e-02 4.211846724995652047e-02 -3.202094548134605534e-02 -4.616164472012324049e-03
-1.154065040556268712e-02 4.445611589442210326e-02 -8.812303326252745803e-03 -5.589809253168584458e-02
-1.726541277406671779e-02 -2.388856934549572677e-03 4.586102388397378382e-02 6.379134504094058356e-02
6.453839809218547829e-02 1.820543092409076386e-02 -2.589671620767865223e-02 2.906431200246680988e-02
-9.546228232764757474e-03 -3.126267590559366621e-02 1.446262678501309545e-02 2.001487434244391891e-02
4.317660503278644701e-02 -4.524409400484859234e-02 -8.368179927279274788e-02 2.495921787738099307e-02
