1.724778729553307424e-02 6.795573228577381775e-01 9.689023943178581844e-01 7.476848790741108530e-01 1.099078007035735605e-01 7.190922757767004292e-02
4.535711166210790179e-01 -9.101102840993974263e-01 -1.436914478636822423e+00 -1.069444389744290902e+00 3.366567525304199893e-01 9.804120672834122988e-03
4.875571836127905179e-02 -1.772834912395744034e-01 -7.061045924707018417e-02 -3.635091924674034858e-01 1.130773204766055556e-01 5.197875049079105081e-02
-1.699182174300910841e-01 1.305738084279489231e+00 8.857341673858711850e-01 7.460402633616162182e-01 -1.128399211355752690e-01 3.085270716054748508e-02
-6.177266485340945357e-01 -1.561408330442417780e+00 -9.807043477417910493e-01 -1.305597027988553371e+00 -2.809042584906524809e-01 -3.822823820287350738e-02
-1.663751505529852126e-01 3.834653586002735315e-01 -8.562678671939947250e-01 -1.593889035546196098e+00 -1.114847582312780833e-01 -9.039507183501674370e-02
-1.040595246069128788e+00 -1.025534710284217832e+00 -1.652181707814041944e+00 -1.265618746473077927e+00 -1.081534681424135780e+00 4.407212035756690599e-02
-2.288159927167378316e-01 5.259386954345466464e-02 -3.145676898195230997e-01 -1.874941986682847339e-01 2.123190555444834926e-01 4.107448850793393724e-02
1.053895250154484597e-01 8.765790499135019120e-02 -2.157325670060181722e-01 -1.627834521766195752e-01 3.493874660975922475e-01 -3.157377709817364708e-02
-7.524279444494855751e-01 -9.010199915749238508e-01 1.937464331247246985e-01 1.643026248721597971e-01 -6.363453715544615807e-01 -1.907112985275431771e-02
3.491412070269888919e-04 -9.770308551106814399e-01 -1.313916374686349586e+00 -1.379344995460095813e+00 -3.082946628692390667e-01 -5.885466862356555223e-02
-7.780423824731089177e-02 -1.213847372736252650e+00 -1.373300832493486334e+00 -8.366728414442209383e-01 -1.446728769030312667e-01 -6.162373758096147125e-02
1.440248948355253189e+00 -1.057159945080570429e+00 -1.216634655818782607e+00 -1.037494081675600865e+00 1.140290309192454776e+00 3.741517888668239450e-02
5.602355272355230564e-01 3.534684650106660331e-01 4.863664535920811938e-01 2.126981807016734838e-01 1.024669703699687018e+00 5.129438464515548302e-02
2.720256693909899048e-03 6.198014746528032193e-01 3.610040619599980682e-01 8.226704591154232471e-01 2.889928835394932685e-02 5.718753989944352911e-02
3.017314938596419860e-01 1.155305985097104582e+00 1.355641610277806608e+00 1.653610261508113188e+00 5.110658293554922738e-01 -5.386553871626570400e-02
-5.012396624411415980e-01 4.936805594215006310e-01 6.657904837970056722e-01 3.477925169848898879e-01 1.192222987737992790e-01 6.293430407941663640e-02
-3.447745109634462457e-01 4.688674176371999125e-01 -5.323627174282059560e-01 -8.568713673716950030e-01 -2.188200342419058808e-01 -1.611842212020483597e-02
1.040744892885020478e+00 -1.341117651552023171e-01 -8.319934625380315252e-01 -1.009405431193437952e+00 6.627404310128057752e-01 1.597778914778584525e-01
-3.254826158174764505e-01 4.298723406141561898e-01 -1.636003666758082120e-01 -4.144180945508720293e-01 -3.337148815850174421e-01 5.393213178226519480e-03
2.986893236044969036e-01 1.142648867549767022e+00 -5.182073444478745294e-01 -3.607462406299121183e-01 2.177861921150135022e-02 -1.836357535841826732e-02
-2.864234854655387519e-01 6.413563477872062935e-01 1.040154768292855803e+00 9.451069762424909593e-01 -4.843386399914221818e-01 -2.017814028077265578e-02
3.949362081907478172e-01 6.243785649418595041e-01 8.226346413157018533e-01 4.316489591846057738e-01 2.157610429557091369e-01 2.413632591192377275e-02
-6.309574467616166360e-02 -4.977406914847444797e-01 -8.898170294777210110e-01 -9.030102694013811826e-01 9.014001381895492271e-02 -3.377145623460245383e-02
5.375519466523939194e-01 4.674877106917179059e-01 -3.273177024795598244e-01 4.281272646817673166e-01 4.234129663742691174e-01 8.439866668166473573e-02
1.059354814640663112e-01 3.774464765074612149e-01 6.770562477017857406e-01 6.319897087299019001e-01 2.823088656980306532e-01 1.177833902200133530e-02
-3.727716957048129442e-01 3.697795849733933049e-01 1.179708610824171444e+00 2.004069745686029247e+00 6.267644989791936946e-03 5.166932758110481111e-02
-3.034125117372708513e-01 -7.410790866631257190e-01 -4.609062356225666901e-02 1.817035242323918401e-02 -2.951454225463994718e-01 -4.308956145629688067e-03
-1.019968553782615583e-01 8.158893175437015310e-01 -1.497588276011963260e-01 2.386305655722138763e-01 5.209652100162039806e-02 -4.251803050446821552e-02
2.134616340354702213e-01 -7.645753281549895197e-01 -7.833896399285615875e-01 -6.670681328134625554e-01 1.786082271588702863e-01 -2.115260410627092975e-03
-7.094824444025647769e-02 3.553059159845498027e-01 -2.686377442625578413e-02 -4.191619438177429102e-01 3.987430790140074344e-02 -6.837347140442447124e-02
-3.035749425269070323e-01 3.577247360983917823e-01 2.492122725531294436e-01 6.156356643777474158e-01 -2.896940718030668327e-01 1.076236246846268285e-01
3.271871624853295302e-01 1.561301444672350547e-01 9.181546969732199415e-01 7.087372685462545174e-01 4.219483922043701929e-01 4.051379440361640299e-02
-1.361789450013903002e-01 8.744262849082133915e-01 8.280189651043448062e-01 1.045260853761310615e+00 5.390670604327754689e-03 4.938900494300997243e-03
7.891800249129028444e-01 1.687754303443472770e+00 7.265867248708771653e-01 3.310487122038133223e-01 6.503025459135979292e-01 9.890622827220954538e-02
-3.634648672265746172e-01 1.582001596023713486e+00 8.589476682513352834e-01 8.285788396268205513e-01 -2.996435976481116592e-01 -1.697971278912304913e-02
-1.826365087507559049e-01 9.046499726069131553e-01 1.026104511788487494e+00 1.369742551974711287e+00 -2.124290683152395554e-01 -8.549365315262877352e-02
-4.179028084489944117e-01 -1.629859397421380862e+00 2.180444394431260147e-01 -5.312872363915683849e-01 -1.902497958955287338e-01 -9.257726207151895093e-02
-2.523350520789772178e-01 -9.431031696035694356e-01 -7.647417018260737054e-01 -1.608040383135368456e+00 -3.067141557881574720e-01 -4.347993326835949968e-02
6.295314562669676040e-01 -2.423261184046599237e-01 -3.986994096836410373e-01 2.549184620888951813e-01 8.589724034073408232e-01 9.759137906998209544e-02
1.557799648787088487e-01 -6.628022876079592285e-01 -3.759615825493490826e-01 -9.644554712557363851e-01 -2.520036318853915436e-01 1.281380617241714877e-02
7.611905794758283550e-01 5.398328233509736007e-01 1.759155193681835039e-01 -4.251588653425116687e-02 5.790728517530462360e-01 4.033087561906981838e-02
8.322729244021992434e-02 -9.120414593602566011e-02 2.460586433191760125e-01 -1.092060504150957234e+00 -2.104954935835437191e-01 -1.976716853299422330e-02
1.060219158916321514e-01 1.058157796906021159e-01 2.328813390609830447e-01 2.279932924981089570e-01 -6.628755428545712869e-01 4.273910137381346439e-03
1.734187002862961902e-01 -1.824546874883730962e-01 1.098226593765116110e+00 6.470532695947266433e-01 5.307856974989852983e-01 -1.577785003910826041e-03
9.272749015345138623e-03 5.749118593450525810e-02 1.478091380240624808e-01 1.020497634472141035e+00 1.552365241015670749e-01 3.589963980001027732e-02
4.101290189428778987e-01 3.322858739258245375e-01 5.674021465152854216e-01 3.268642698707601157e-01 4.751631332985429834e-01 6.703003021221652646e-02
-9.380390610995908984e-01 4.254886587487389238e-01 1.870691886823795391e-01 1.251183778494591725e-01 -6.987755425807727905e-01 -2.132784300055017013e-02
-1.057072466199494132e+00 -1.662258936177579027e+00 -4.364399377349759690e-01 -1.390030598022097830e-01 -9.065654872833560640e-01 -3.268997628366909075e-02
1.464056939729340145e-01 1.881230696241924516e-01 -1.429642441279980192e+00 -7.209733843451011648e-01 5.652361184734467497e-02 -3.795207811571613826e-02
9.555216443764934509e-01 -8.741305586631221702e-01 -6.985939068565903964e-01 -9.513740709513313076e-01 1.060636923012397759e+00 5.212560419212178969e-02
4.167901578268425333e-01 8.195299675332106126e-01 -5.923337781942640268e-01 -3.097792128844389925e-01 1.580377330527925894e-01 -7.157497572714852097e-02
1.464688112050991919e-01 1.248946535729662299e+00 1.116095204990098289e+00 6.526732328091787716e-01 5.094407588714078977e-02 -2.637674795747003281e-02
-3.924242278932829620e-01 1.682366474726640915e+00 2.661211463841391955e-01 -5.277999983088254438e-02 -2.005755311469263336e-01 -1.033229025319063604e-01
8.891796190500783625e-01 -9.687648327818065841e-01 -9.480579129761731449e-01 2.562480331205362338e-01 6.788455382209966915e-01 6.811477427156770181e-02
2.034188403061113273e-02 3.409140685970733775e-02 8.396270593390157133e-01 8.438924917327130792e-01 -1.463114850651480725e-01 5.039995014177595795e-02
1.872112252042670288e-01 3.685553381026509534e-01 1.675365002652645929e-01 -1.377620699356358058e-01 2.117630686591277234e-01 -8.029066945846349834e-02
5.698760354186770405e-01 -1.970001439871984950e+00 -1.945870604515325564e+00 -1.308512172456529399e+00 1.963304119801751457e-01 -1.264622645444362682e-02
-1.803598607039824386e-01 1.581126323719307392e+00 2.010722663427142898e+00 1.283557957699986041e+00 1.390218071930945931e-02 1.954329348762035706e-02
-1.986899441237106323e-01 9.114055105656807543e-01 1.535405342681195773e+00 1.596275809284986247e+00 -5.570311624163847702e-02 4.736978372777714275e-02
6.887708464769021210e-01 1.195427212515723703e+00 1.230438809567940606e+00 9.120145033302186066e-01 7.622138684489003779e-01 3.749793072509498976e-02
5.333116847888483836e-01 -4.639452397787688920e-01 -1.087474323543179633e+00 -9.136143880121410099e-01 2.309967494040886526e-01 3.148195465834594670e-02
7.328478292839623043e-01 -9.558020202873043214e-01 -6.177340877514808648e-01 -1.424874400085567760e+00 8.269651962427680969e-01 -5.168269123889727285e-02
-2.153354578656766494e-01 -1.688186053322204561e-01 7.135848755610079142e-01 1.697282238279729460e+00 -1.160917076095387829e-01 2.171004411208260487e-02
2.139311018265418751e-01 -7.247161986972330272e-01 -1.075415155312605675e+00 -1.531875899568590826e+00 1.060959456494267317e-01 -1.610009945811105916e-02
1.223706311286163750e-01 -6.442939770872997685e-02 -3.220647202995060021e-01 -5.331060234945073084e-01 -9.962724049751391364e-01 5.304316064188569629e-02
2.614084521222322099e-02 -7.886148855492205664e-03 4.070650573897351965e-01 2.465922688267100094e-01 -4.181655925818292263e-01 -3.243853931206389096e-02
-1.654041184670262676e-01 1.176124649931711730e+00 2.665898400152642567e-01 5.897729155187787786e-02 -1.670555167385981699e-01 1.332925493476960488e-01
-5.147558658907773477e-02 -3.988609248763738679e-01 -3.006701560008273599e-01 6.326587625061589337e-01 -1.708218040368512380e-01 -2.042275758037924611e-03
2.590450177408937238e-01 -3.483260823236745268e-02 9.552376667610938676e-02 1.840506673330280854e-02 9.406090695997808282e-02 3.240462659568209974e-02
2.682504541922237778e-02 1.173155034425248378e-01 7.477740502117902199e-01 5.109115345203115721e-01 -4.167371724373399311e-01 1.396810187987301659e-02
-4.225925435000089103e-01 6.503667379593683906e-01 1.166101448444568645e+00 1.880700885246591389e-02 -2.960041206748681430e-01 -1.401667604815360624e-01
-3.393157632293988257e-01 2.296597612159701207e-01 -5.582345482367228051e-01 -8.848509827289317009e-01 -3.819437741299244182e-01 -3.375863386602110522e-02
1.296323962408913733e-01 6.363848196861837669e-03 2.743620933206391554e-01 8.609972386428438318e-01 -6.996304342110462038e-01 -7.414059483781262894e-02
-3.398401114368906351e-01 -7.037831077417849857e-01 3.623399032575596590e-01 -4.407138758589005945e-01 -3.144429746979192641e-01 7.555164332168125274e-02
3.279193814315487510e-01 1.220125843915842223e+00 6.668184789016740055e-01 1.011742343399661292e+00 -5.053149483732152086e-02 -3.010727359302162176e-02
-1.408160893859788376e-01 4.824601952229137236e-01 6.594982094287823449e-01 7.074611479734550512e-01 -1.579892126943147068e-01 1.739042969552354956e-03
-1.825829756445124519e-01 6.232305443476326978e-01 -5.780835734558945616e-01 -5.019718043269002505e-01 1.254638082629131457e-01 -2.984476900414143388e-02
-1.155413574341991767e+00 1.288368991010728992e+00 1.144462844624519748e+00 1.341903917796273049e+00 -9.151065373665224767e-01 -4.687796638918162559e-04
-5.556854525341718976e-01 -7.258797620008738960e-01 -3.615744306114753726e-01 -2.698013052910876453e-01 -3.922506667089838972e-01 -6.757796322223315333e-02
