-1.550906736489715776e+00 -8.047832442369601269e-01 3.908016905432851740e-01 1.600410500430344551e-01 8.136809289173640991e-01 9.933572888329248451e-01 4.077406806640059278e-01 -9.651536372569438083e-01 4.293207270236144013e-01 -5.557483897254810179e-01 9.867810756589695531e-01 -2.782478572732232092e-01
-1.384433870535249911e-01 1.022458451481835340e+00 -5.167999342496311099e-01 -5.565969534551905296e-02 1.088952619964810520e+00 -1.010961200435916529e+00 -2.375148956017296420e-01 4.462513123783029556e-01 1.876942894378787752e-01 6.638616445107347053e-01 9.803519948702319464e-01 -7.868663325445895973e-01
7.533716398913686829e-02 -1.940345425071889673e+00 7.001065453413933548e-02 1.266499314149911015e+00 1.165983589693751155e+00 -5.070569780026570328e-01 -9.645284851600300913e-01 -1.324239207651516592e+00 3.848903088970564434e-01 1.415443684564029747e-01 9.652006540307381810e-01 -2.020515244085346662e+00
4.172875391204673989e-01 -3.219190376394148734e-01 4.356035648333760890e-01 2.556455558093176372e-01 -6.053416579331332148e-01 -5.716385156896052200e-01 -3.829608137286603237e-02 -5.952197067485240911e-01 -2.052375140998727657e-02 2.398270628094394119e-01 6.704099549511809419e-01 1.214623795620642377e-01
1.495744819549903737e-01 4.442500968355818369e-02 -1.081285822450057388e-01 -1.835035030145142076e-01 -1.395904594893422335e-01 -7.407631080515277022e-02 5.706097118850400607e-01 -2.340425639960899418e-01 1.977222626785891946e-02 -8.203346456883983673e-02 -2.192294818040061988e-01 -1.971761623227201166e-01
-1.029774948046420779e-01 -1.932860966222397225e-01 6.551056039726151914e-01 2.429126896137231428e-01 -7.544331782349102955e-01 6.489995016237930514e-01 -1.732540865966447907e-01 2.017076373845854698e-01 5.920034733203114463e-01 2.973480447974137797e-01 -6.417866797496822873e-01 -5.051135057956177565e-01
1.012232192506089312e+00 -6.831098550858766272e-01 4.626133581824957708e-01 6.947709120037133257e-01 -7.640456229402970978e-01 -7.035379898237151819e-01 -9.023682322656250143e-01 -1.995579495760957389e-01 6.715031071459054424e-01 1.740804029827786037e+00 2.104467630493808139e-01 -6.347197183940357368e-01
-1.059532950789758843e+00 -4.332447355279781531e-01 1.418792672798344201e+00 2.956443967123097982e-01 -5.209437974452711950e-01 8.880691350485728219e-02 1.365532382740606510e+00 -1.737793406678542762e+00 1.345586088392118906e+00 6.177706071372979224e-01 -8.045215038408670694e-01 1.084464244684433920e+00
-1.938571263585904481e+00 -3.410944602453523378e-01 6.081173081795570035e-01 1.193771892565499648e+00 -3.929835945093884675e-01 -4.103479239535100520e-01 -4.547012864050423153e-01 -1.385245309686913728e+00 2.263969306263306433e-02 3.511502573099765656e-01 -5.434776375536067849e-01 1.291776878797207484e+00
2.404875927146566672e-01 1.573090108484787475e+00 -7.063695783363520553e-01 -1.296199064060240547e+00 1.067439238374608079e+00 1.142686185754051120e+00 -7.359730385627863414e-02 8.817463270674915643e-01 -8.942587768909865398e-01 6.652217708993026779e-01 3.861405812998505716e-01 4.608191310562931853e-01
2.932035806590568838e-01 1.887854888729967595e-01 1.664172021062356954e+00 -6.254736301035089818e-01 2.905537552130694756e-01 1.006555439235989668e+00 1.872473494565783658e-01 -6.019815487842918866e-01 -2.709011106497274390e-01 -5.998737345491288175e-02 1.555577007893944375e+00 1.826685852052179593e+00
-1.176784926845053647e+00 2.818104875489098604e-01 1.069723768429891697e+00 -1.698489246658905216e-01 -3.212251719068801581e-01 -8.153873635118402685e-01 -8.755602506172751598e-01 2.069513498299156706e-01 5.796126229768452376e-01 -5.843674865228997151e-01 1.914393640545998254e+00 2.136494034565032951e+00
-1.118772548873294026e+00 -5.416589187643325864e-01 -9.499455953743768388e-01 -5.812907969916150108e-01 5.541604812062937702e-02 4.863639237079324662e-01 3.045496461326671067e-01 5.472279210345561973e-01 -6.743020125880986315e-01 9.496030411491988843e-02 -1.045243036509049261e+00 6.160576520846694493e-02
2.416706420714494208e-01 2.276091001233847777e+00 -1.901001563664351801e-01 -1.408394272718955786e+00 -1.088981106386628372e+00 -1.025232264305820706e+00 -7.493452885585540901e-01 6.957517264638086729e-01 7.295875142465632068e-01 4.011309865112931972e-01 -2.319063502681215916e-01 6.825588842396653755e-01
-3.023383694821562551e-01 -1.714218669015718177e+00 -1.311733009171077713e-01 1.539606597077091132e+00 1.209407164331220003e-01 3.452749679332661192e-01 -8.554092446158447771e-01 -2.268393224438423894e-01 6.463467168956249509e-01 -1.289684590170684375e-01 -3.703832996373542796e-01 -2.287739348951344232e-01
1.289741808719360172e-01 1.204708981746978491e+00 2.921448704371080729e-01 -9.726375028510668708e-01 4.870113649828753943e-01 5.430748521606060253e-02 2.278659420612008546e+00 -1.298280631027988741e-01 2.054427757364960805e-01 -5.464697119569062594e-02 -4.330292809069911097e-01 -9.482030840968707075e-01
-4.323459811415291676e-01 1.129367085014287841e+00 1.248098125111547274e+00 -6.301921997710575596e-01 2.665003963965567602e-01 1.171842211781007892e+00 -1.308178651995132613e+00 -1.784325452018755254e+00 1.540285564565247567e+00 -1.324713557438628397e+00 9.594398665232976020e-01 -2.448020956073397314e-01
-8.796863149452467667e-02 -2.912026083949017033e-02 -5.609179903313706861e-01 4.832623568704925154e-01 -9.303224089740705915e-01 9.618373530966745077e-01 1.602326088167446372e+00 3.322376596794987536e-02 -4.800444782924452869e-01 -6.733892539177773751e-01 -3.656231143055042043e-01 -6.854303676462750738e-01
9.608196612902190903e-02 1.825555383034307144e-01 4.609812275174475227e-01 -3.056298803421017007e-01 3.717699629463711020e-01 -6.060695732926314472e-01 4.704592243392238110e-02 2.161560734620669444e-01 -1.338190625405569545e+00 1.881028170042124525e+00 -1.316218767501837195e-01 5.257734486007265007e-01
-1.232455379032082243e+00 1.247619398018523507e+00 1.217001547583898224e+00 -4.625409371060464903e-01 -1.526453058656904949e+00 1.734881225266111382e-01 -1.082636785908253962e+00 -4.625021926323998889e-01 1.212500390474373080e-01 -2.522436656859666781e-01 -7.803908395672862763e-01 8.348176763339831830e-01
3.780077018751179518e-01 -6.156320317497133709e-01 4.073715639391832788e-01 -5.463093966163519166e-01 8.699767469742125670e-01 1.130894166961872394e+00 -9.691905307997036312e-01 -7.297527328233357480e-01 -4.906914019091558332e-01 -3.968631127490653276e-01 9.816076906155212223e-01 3.782577042198407846e-01
1.591963929261976718e+00 -1.810465097224615905e+00 8.399406808481405529e-01 -3.445221103097801940e-01 -8.822038681342899702e-01 8.904833127660370939e-01 1.617451284666290068e+00 -2.277139656224641762e+00 1.661034991981071851e+00 -1.219137078154726161e-01 -1.092238400725307895e-01 -1.562651963438133340e-01
3.843048556428789730e-01 6.529077035603945145e-01 -5.353887028408708115e-01 1.704146763204641202e+00 -3.971813581558711337e-01 1.267121290465662020e-01 -7.083435586173155718e-01 -4.987520679453090189e-01 -9.224268972001846700e-01 2.203147844871448380e-01 5.452137250141643188e-01 -1.474741425594003452e+00
6.353182317380989819e-01 4.006519464588705337e-01 -3.191464397046899631e-02 8.752407822240568236e-02 3.595243019212530644e-01 -6.408934273956151673e-01 -2.381079009180444572e-01 4.134823897651587754e-02 -9.931562600741212776e-01 4.898353194995384574e-01 1.764848116370060505e-01 1.383290130611186219e+00
-6.535867804766369860e-01 1.070801094534812092e+00 1.480365843733802145e-01 -1.105512106627299929e-01 1.017833571312003693e+00 1.209181601446570387e+00 5.894372399478897684e-01 -5.158058722820899750e-02 1.279013606726801644e+00 -5.516339745043127296e-01 -2.203075131668731090e-01 -1.341174005374712985e+00
1.316284430346495171e-01 -1.175608154059274879e+00 -1.336599276699086847e+00 -2.138847048149882524e-01 1.982565614749543237e-01 -4.190088541758120178e-01 -1.362786923504730463e-01 7.471522540509615284e-01 -4.363714297083967075e-01 -3.479397991458180184e-02 -9.094800128653176552e-01 2.950343535290884667e-01
-8.765657196434373244e-01 -4.317524548670055307e-01 3.359247408544620006e-01 1.145000264438841703e-01 4.473498758531353064e-02 2.300137270688164259e-01 -6.319615971976405566e-01 9.599108388390531488e-01 8.278602519854355579e-01 6.066451770537831800e-01 -1.563287159788731451e+00 -1.512236256868531026e+00
1.333345157042965079e+00 -3.799380090501138785e-01 9.685050448338511364e-01 2.598463653597198331e-01 -1.206933326775708748e+00 8.756388954476528041e-02 -7.414166609579785350e-01 -2.022265395473577254e-01 -3.108557356118992754e-01 6.855696676739105877e-01 5.723822910622746729e-01 9.786251805922908664e-01
1.268199061757019352e-01 -3.689068232665358438e-01 2.378410433006220293e-01 2.609665950556157576e-01 3.480744957375003223e-01 -1.752444886733236951e+00 -1.902769761762384756e-02 7.976872802586132405e-01 4.529937277677963947e-01 4.345285307138417874e-01 4.410635053156863883e-01 1.143560643911403635e-01
3.342431673893876964e-01 1.447435211711903535e-01 -3.256060874973653596e-01 -3.276765058805246600e-01 -7.920184756875917609e-01 -6.473066559086070315e-01 -2.732456931228428032e-01 -9.481730550065245455e-02 1.903536886349655177e-01 -4.706496848165011432e-02 1.933781374252737939e-01 5.958812645758507776e-01
2.717123310847651130e-01 2.313467835054189986e-02 1.402516488962168850e-01 -1.593720538763913619e-01 -3.589040335701960127e-01 5.750104109705346245e-01 -4.786576341448613992e-01 7.576669978790616378e-02 3.717313281833433680e-01 2.824680698345628099e-02 5.935499408183236847e-01 9.322800370053550001e-01
