-1.204944803381704954e+00 -1.491766046450747840e+00 -3.361195114422154129e-01 -1.890521684094955024e+00
7.085204248671784777e-01 -2.061986152968151298e-01 -2.230107239507483907e-01 -8.361882385373995419e-01
1.239788349446437676e+00 1.479157446616936378e+00 1.721011962574904519e+00 9.922819219959110315e-01
-2.050642904941994527e+00 -1.511113641057210133e+00 -1.274256336014924162e+00 -1.839135229388031867e+00
-1.170328200733655732e+00 -9.414464504114063992e-01 -1.482532141160164851e+00 -1.523081787328389058e+00
1.077124737494999929e+00 7.923401763703932232e-01 1.490448083874085450e+00 2.609618760027364037e-01
-1.087292190505490419e+00 -1.646872300687555413e+00 -9.716029844669223925e-01 -1.294902637099177856e+00
3.490721592458872480e-01 -5.059336097188549264e-01 1.590510548542528046e-01 -1.448369176466154595e+00
-2.029506755178203115e+00 -1.743900432705778103e+00 8.979977871358609809e-01 1.061670227501271491e+00
7.561041159567563619e-02 -2.070070454353150513e+00 -1.533037228695564691e+00 -1.376089663180039002e+00
-8.089937211837724407e-01 -1.654646224790234488e+00 -5.758406430998601611e-01 -4.700348526062951282e-01
3.962014071593057962e-01 1.027419122911283011e+00 -5.709128021476288228e-02 5.564659283467779938e-01
1.240972221271000375e+00 -2.244303603667576308e+00 6.435911658591910722e-01 2.867567205289654364e+00
-1.209549959287525150e-01 1.247503899998422705e+00 3.850683359426290142e-01 -9.528951757861119365e-01
-1.129202936971418936e+00 -9.864915253483853563e-01 -1.217325745174953289e+00 -1.218554418160959552e+00
1.838902303133908567e-01 4.740754417582230817e-01 1.221464940840166769e-01 -1.995653704498454029e-01
8.244296682403498208e-03 1.854341427934704578e+00 1.158172254474203910e+00 5.078496962194332248e-02
-2.471684418239525338e-01 1.498392270626102141e+00 1.197355400449816587e+00 -2.351156393131210304e-02
2.113538453996047117e+00 -2.316699941728622925e+00 9.441215340037305559e-01 3.534572729663710611e+00
-8.997157364727537132e-01 -9.969391725188516684e-01 3.856173791204818291e-01 -1.923234983444044088e+00
1.287652286615689201e+00 1.881128652825950320e+00 3.095076281940427609e-01 8.091920918888797498e-01
1.313192664227891548e-01 -1.796786427917983042e+00 -1.519643596069457203e+00 -1.199389819663033929e+00
9.277378392461650414e-01 3.411910078462292994e-01 7.433361160980365145e-01 -5.335032809667638043e-01
-9.977934216872765827e-01 -8.572387811429019178e-02 -4.115729460267289475e-01 4.156652560773437671e-02
9.218385205773792501e-01 1.290318654507949914e+00 8.557820574925276702e-01 9.866469322964395161e-01
-1.912398552660129702e+00 -1.682373336113536233e-01 -6.143283170235701585e-01 -1.013750929434362735e+00
-3.061891504327712843e-02 1.098951127621331292e+00 5.835518833190149746e-01 2.814466530638936259e+00
-6.514220679476016018e-01 -1.087084081612144093e+00 -1.842503148826004911e-01 4.043269713399761378e-01
2.272164020659332428e-01 5.986369885765597809e-01 7.130097786375669822e-01 1.182074153142664175e+00
-1.006510443956586176e+00 4.067304420342577886e-01 1.234546667433681133e+00 6.926055675743013618e-01
