6.164972217501335505e-01 3.068413610909042077e-01 3.723112980683092599e-01 -6.480405720240944856e-01 6.568409431014449185e-02 -2.165822672474925492e-01 -4.749832260407551021e-01 -1.739975195021931098e-01 -4.189745849731211225e-01 -2.371357607053937444e-01 5.496485508472850334e-01 2.375547548350905591e-01
4.929790920107412870e-03 5.642493094211880056e-01 1.556941862541191268e+00 1.424970859226249720e-01 1.065970717844347687e-01 1.483084014279813234e-01 -1.237346026952422795e+00 -2.249310691539522900e+00 -4.143349058971682042e-01 -1.665496437252579787e+00 -1.885286936446047834e+00 4.899037892314982434e-01
-6.853993223006328295e-01 -9.108084290373317238e-01 2.817697511772550012e-01 5.747936941523523746e-01 7.259614944017083182e-01 2.127165706866708028e+00 5.041069148231612784e-01 7.511763821261085994e-01 1.374145835408886462e+00 -9.380239133510273053e-01 -4.154522546794152116e-01 -3.043613997669922244e-01
1.184260234140205537e+00 9.532541179553143118e-02 -4.055909607621383528e-01 3.664130151023782256e-01 -4.080498178445633450e-01 -8.434939332373707632e-01 -1.172386738333286160e-01 -1.902283648296045418e-02 -1.628789627907959225e+00 -1.622474143702024307e-01 4.662686577224904316e-01 9.220654354486271242e-02
4.511436424468819872e-01 1.110255542381654026e+00 2.313768500903202324e-02 7.685654567147393035e-01 -8.103155599866650183e-02 -2.343851482048966983e-01 -7.804061299258673312e-01 -1.772796634356101908e-01 -9.476569134888581866e-03 5.099055185132843615e-01 -3.894656255274580592e-01 -1.214724301920273586e+00
-5.030234618955419235e-01 -1.311926510158806680e+00 -5.189488340810425315e-01 8.998428697438243251e-02 4.879402580429064162e-01 -2.728837594815778367e-01 -2.807048928893050577e-01 -1.473216239354533608e+00 2.344185739562478776e-01 -2.868435434332274880e-01 -6.790993238969363910e-01 6.798228532846467553e-01
2.546936627190503621e-01 -4.250610780985303316e-01 8.445921711815507216e-01 -3.080262036040845031e-01 -3.031830596245251863e-01 -2.486939261192224193e-01 -1.088906520690997165e-01 1.131167952169478824e-01 -1.195392773571669481e-01 -4.007328183866684101e-01 8.321464139157263018e-01 3.798868268826172123e-01
5.853479855399750242e-01 1.794270760162682832e+00 1.964310975038077833e+00 -1.193842027906107939e+00 6.352367324205640542e-02 9.358399427423907957e-01 -1.623420961272979079e+00 -1.330770917629426231e+00 6.537549557442319248e-01 1.697647025707227017e-02 -1.327363288087139541e-02 9.944387354345485264e-01
-4.778412825107762885e-01 -3.342598975202044076e-01 7.369893797545408812e-03 2.871883386390775561e-01 -1.167766773051477580e+00 1.470347741618295290e-01 -4.823010700129496398e-01 -5.827414244502657770e-01 -6.908466115490582427e-01 6.536342024915174909e-01 -5.378132339783586735e-01 1.057098684705271019e+00
8.756743281569308035e-01 1.405314510164860364e-01 2.414203560594529174e-01 -1.118784155781988865e+00 -5.023236905098515948e-01 -4.235675461493582650e-01 -5.170606162238521319e-01 -6.663649474081624613e-02 -1.158411199290169391e-01 -1.623268472170172338e-01 3.468593822888487166e-01 3.822351977536523893e-01
7.666820036107850900e-01 8.841938508811097996e-01 -8.304092234948778906e-02 4.128254608004241349e-02 -1.712889943488661970e+00 -1.022572173926720174e+00 6.927367974144983398e-01 -1.816010666352521341e-01 -1.411018673187630357e-01 2.213427140174472896e-01 3.596579145467617700e-01 1.027384967763724788e+00
-4.770130420880600713e-02 -5.580854601312990049e-01 -5.212850734508543971e-01 4.448459857937243633e-01 2.293197767451065350e-01 1.339401362596572345e-02 -6.600370965119074507e-01 -3.559932696834761101e-01 -3.453212829429429531e-01 5.420471400303229076e-02 -1.673540751848531016e+00 -7.635552551055071469e-01
4.224697401969810251e-01 9.871470361313174902e-01 -1.890967886631710893e-01 -2.152652171691346941e-02 2.784182793997160288e-01 9.104107730499889639e-01 -2.388472832498597098e-01 -1.537111170672876614e+00 4.403450670335425088e-02 1.429646289149936501e-02 1.086108395133783766e+00 1.074021807189647681e+00
7.828715553141706307e-01 -8.724660290840701160e-01 -6.272338284703506961e-01 8.564737957202812613e-01 -1.460834356846631155e-01 2.243834738527001327e-01 -6.979087462532289621e-01 8.336455776465706569e-01 -8.483812359063227504e-01 4.148149898596346641e-01 7.253894578870692667e-02 3.626951293823408862e-01
9.612566191836668938e-01 -3.939167175874216387e-01 2.033166938052662687e+00 -1.185256736770547770e+00 3.601009423904171225e-01 3.071390818156346514e-01 9.440714286506395325e-01 6.612288991036345542e-02 6.401973345101119595e-01 -1.036603810826153049e+00 1.039227345103061806e+00 -5.363325075853733748e-02
8.137841083399638409e-01 9.308080896908832447e-01 -1.893294023685817007e-01 -8.907520140448449419e-01 -7.281571533231819826e-01 -4.352906307903700589e-01 -1.339326147878910911e+00 -1.584411589480203553e+00 -7.774593564325020800e-01 -3.560601703041392507e-02 -4.466577583730586554e-01 1.249654803281384341e+00
3.101392553208536240e-01 -2.090819689615827925e-01 -9.500075616293121028e-01 8.492765035329266077e-01 1.086068743910499068e-01 9.729534273284133616e-02 -1.465549594116179355e+00 9.219656462257828089e-01 -1.053485648432081895e-01 6.548554443448957596e-02 -7.008893322403402237e-01 4.255978472428471604e-01
2.762835484361946259e-01 -1.065375186940110019e+00 -9.135382961949635172e-01 -1.806243100278325520e-01 -6.361920778271100696e-01 1.990649601742149610e-01 -1.195681675050491721e+00 -9.267852253433685183e-02 2.061757618827085026e-01 1.341043848196667998e+00 -8.601865992749410106e-01 1.270124066088654580e+00
5.727717677369590366e-01 4.103563940820812439e-01 -3.832456864736561442e-01 4.360827075959177596e-02 1.484338133626483147e+00 1.382589595617561340e+00 -7.616826057841650233e-01 -1.766616959529105690e+00 -1.121129341308516603e+00 2.294948840361704379e-01 -1.279312050538965906e+00 1.002948740453036836e+00
1.848062212258455350e+00 2.133540559943355730e-01 -4.777335663088837503e-01 -7.630611543640605232e-01 -6.426355869314904767e-01 -6.148523194353058274e-01 -1.922778623691858702e-01 -1.002249668407074745e+00 6.141689313817710882e-02 -2.647031071074275668e-02 5.443901528149603930e-01 4.094805793543224715e-01
6.157937089321537799e-02 7.457340818289359685e-02 -4.714408184399850321e-01 1.370308300634972776e+00 8.866671435948862978e-01 9.616198272228970723e-02 7.023141944495282438e-03 -2.470608478923591034e-01 4.149113739054369199e-02 -9.044812936946200477e-02 -1.896317567036291674e-01 -1.710967659840314375e-02
7.467903999154549277e-01 -3.226403938842420382e-01 -1.482882690067838904e+00 7.814600295085042392e-01 -1.448881982752175945e+00 -1.090036766649050914e+00 5.009871028247347979e-01 -1.678296990806694700e-01 9.653044213859698353e-01 1.618633169213591627e-01 1.000906264054146622e+00 -7.398422010082203459e-02
-3.753693544155711215e-01 -1.941729852687351099e-01 1.350699908090138734e+00 -2.711719093008415626e-01 -5.426379207157901174e-02 4.364348116686395662e-01 -1.049837586861962047e+00 -1.809551153885526675e+00 6.785262407977877830e-01 1.983231180690062934e-01 -2.450041992014967973e-01 1.063789398469058733e+00
9.013588022189732429e-01 -1.996385261510458475e+00 7.586524632358273568e-01 4.772439949173031687e-02 -1.091527486781512568e+00 5.956090744759042765e-01 1.161399642255913772e-01 -4.469231629015791851e-01 -2.340802757908976295e-01 1.091935623577864195e-01 -3.091856736246810511e-02 9.547776666077696373e-01
-5.184359887496864383e-01 -8.473063264318368981e-01 -8.081204929236570633e-01 -9.888003179489452954e-01 2.942795904232886062e-01 1.402039726774957640e-01 1.813833098146507394e+00 -1.773977789725841525e+00 -4.524721608307337717e-01 -7.605095170893680923e-01 -1.008344787572089896e+00 -2.375111576124734614e-01
8.569191532632736141e-01 -1.317531612483243464e+00 6.219787698995169478e-01 -6.727254747465838403e-01 -6.935292122925871272e-01 -1.277594950377642091e-01 -7.501495017070861637e-01 -1.455335606100002011e+00 -1.220463084596038694e+00 6.806358279597557459e-01 3.867797049822965239e-01 2.832358922007719437e-01
1.616758036901323747e-01 9.876775499845473483e-02 -4.038466917375234666e-01 6.796493971846692128e-01 -5.243609403449235595e-02 -4.679386110140586474e-01 -5.328182922678927902e-01 -6.387110070327430833e-01 -7.573090477354916805e-01 1.174673520898887658e+00 -2.022308798227815951e-01 1.331920300839989635e-01
4.583588374426331713e-01 7.206507783769574571e-01 1.825176841939287198e-01 8.358944905571185080e-01 -1.049411371333555942e-01 -4.694236055806242369e-01 -5.883960482897545585e-01 9.408083775007624050e-01 -3.671389891236467862e-01 -6.366115119753995577e-02 9.095245120216570722e-01 5.224007559489116659e-01
3.464025807530510953e-02 1.194313617477291478e+00 -6.200322081243885286e-01 -8.341347921517605624e-01 8.677582409533116659e-01 3.477855414867056516e-01 1.165178964549447027e+00 -2.105467359108801062e-01 -8.947420463285290504e-01 8.479988596513764465e-01 6.753487781582349081e-01 -2.249040264350383178e-01
-6.981105069059185819e-01 -7.778092100245941228e-03 9.328853773565543017e-01 -1.652193082103075306e-01 4.827916076963775088e-02 6.541837247136390587e-01 -1.242617199155845231e+00 -1.724745814869581284e-02 -9.060428372525811680e-01 1.514837641580811245e-01 2.088970252380963899e-01 -6.470409800345282292e-02
-1.913882252905578785e-01 7.594288414731210635e-01 7.166315097950803903e-02 3.309716237506338948e-02 7.541048112581304197e-02 4.988878861047629787e-02 -3.255547126105942657e-02 -2.643864468484355967e-01 2.694691064118284740e-01 9.069792828733846957e-02 2.984066274253975304e-01 8.479426309480525559e-01
