1.654439674285375639e-01 -3.755568887590246541e-02 3.743570882247442694e-02 -1.216159238328626824e-01 -1.358133480547526750e-01 -6.503430866528443766e-02 -1.261594210882521078e-02 -1.268483208487068969e-01 -1.066788389500380324e-01 -1.783271737879370544e-01 -1.149730542220305934e-01 -4.064018430601352289e-03
1.372074884500273928e-01 -1.496599307622238917e-01 -3.157327936818859343e-02 -5.559219631550497281e-02 -4.657636850808719725e-02 -2.867844886495393153e-01 4.702112940793450740e-02 -2.149655619250429028e-01 -9.650742251706638519e-02 1.007035054312337488e-02 3.734736517719632748e-02 -1.797163043317417108e-01
3.217756144411599295e-01 -1.846988333939300619e-01 -2.517471926330961188e-02 -9.466766703654411197e-02 -1.575796778429609801e-01 -2.517687432981279283e-01 -3.181948229597079264e-02 -2.798408516636309296e-01 -2.172165157810063696e-01 -1.983838437120973852e-01 3.021066043261187023e-02 -2.422280213307897723e-01
2.395689401835333077e-01 3.455612762121225423e-02 8.539585243793076583e-03 -1.553543199084111634e-02 -6.967546525852022499e-02 -2.773673034790352654e-01 -1.318763196810555649e-01 -8.617074551550024664e-02 -1.053319189516121607e-01 -6.617523134210420710e-02 7.609183242539359349e-02 -3.701647352117011791e-01
9.275009556121148468e-02 -6.399891166542816257e-02 -2.628994040904502824e-02 -9.663198132619157943e-02 -5.231299072768178654e-02 -2.010783240761182256e-01 -4.541905986980187410e-02 -2.077054341377700397e-01 -1.125179465586691047e-01 -6.654054627869843141e-02 -9.854477090855283394e-02 -1.225675397859082860e-01
1.976660737029157788e-01 4.559146329556475197e-02 -5.955457094047469230e-02 7.948627246104483790e-03 -1.577687952543720684e-01 -2.747346438533289081e-01 -3.368178505443805010e-02 -3.792246142732335068e-01 -7.502541117912110702e-02 -9.475318821035705330e-02 -1.319577727485004015e-01 -3.012141829415563854e-01
2.775429262448000922e-01 -2.107147704316954528e-01 -5.680735569513101907e-02 9.967458085193059425e-02 -7.439952742231889342e-03 -2.513041030092603156e-01 -1.449125948052256696e-01 -2.609315254637171178e-01 -2.027008515761054008e-01 -1.139217434801488849e-01 -5.297796689359641348e-02 -2.348252454397478928e-01
2.370920313172224514e-01 2.823627028653730858e-02 7.197397110573236501e-02 -7.588768643285850879e-02 -8.728542712928211156e-02 -2.621847771643650571e-01 -7.938094426206949994e-02 -1.838521622287891399e-01 -7.178993238007309874e-02 -1.302545631400949810e-01 -2.666097925639659277e-02 -6.256657643063955054e-02
5.806699402569173718e-02 -2.658257039212413853e-02 6.791031841999961571e-02 -1.668632579214874845e-01 -5.618395786586715540e-02 -1.708813201141590465e-01 -2.871435815881667186e-01 -1.942369909096677838e-01 -1.361753536550193155e-01 -3.071939402020941803e-02 -7.359648488167354341e-02 -1.458282589463918699e-01
1.780780371443833610e-01 -4.087799754593147983e-02 7.872465786841835109e-03 -1.372045764656903422e-01 -1.083342183180969753e-01 -3.561690067047453834e-01 -1.539471476104918857e-01 -2.114379622397631886e-01 -1.098656570491247236e-01 -2.072094815119224220e-01 1.211400914569250725e-01 -1.712200144472388053e-01
1.865679286454910990e-01 1.648345191455289488e-02 -7.181279248045152608e-02 8.457119460946935230e-02 -1.380021589785101199e-01 -2.383638136009177122e-01 -1.092264873327033897e-01 -2.578507158200151750e-01 -1.883860852981393275e-01 -1.458658268404278147e-01 -2.608158920400409364e-02 -1.569898903795942935e-01
1.004741784051246950e-01 3.738711976591894970e-02 -1.095070547133906447e-01 -4.852015311856878316e-02 -9.310017654428034972e-02 -3.691492234127372596e-01 4.182509812775737218e-02 -1.039668219377059555e-01 -1.791419620325032658e-01 2.310149973415108818e-02 -3.064507221705559115e-02 -1.365869782780353703e-01
1.345345889636694325e-01 1.001685834563069942e-02 4.367210073525610442e-02 1.555932329844386328e-02 4.430356452614567925e-02 -1.216918545950490399e-01 -2.799134676388778317e-02 -1.735673260665349105e-01 -1.262152942739390160e-01 -8.188171488590817448e-02 1.979034039793479451e-03 -2.362234418350290521e-01
1.928511955093258901e-01 -3.511926925077699102e-02 -4.740549748514529677e-02 -2.046318980951227634e-02 -9.024951773235079244e-02 -3.110907435895148287e-01 -2.098783403123770652e-01 -3.430468842767010473e-01 -8.341933132956884378e-02 -1.481198561304465366e-01 -1.059866928393516233e-01 -1.706531641423174317e-01
2.923564246958278434e-01 -2.744059750571400946e-02 4.154418409151181685e-02 -1.119864283378719239e-01 -1.192541495049395661e-01 -3.809001650300876118e-01 -2.217673650973675178e-02 -2.620989866446243877e-01 -5.662776368475521543e-02 -3.250760218738812934e-01 6.692214954883680955e-02 -3.162636425682438523e-01
1.071612030719242686e-01 -7.937024370638674775e-02 -1.661314314641775813e-01 -2.113388688539581395e-01 -2.453303381753489110e-01 -1.531177174753803605e-01 -1.639885274596233899e-01 -1.402730550412446542e-01 -8.913522205990022373e-02 -2.872986354022604230e-02 -1.832672227796741660e-01 -2.367908704541097642e-01
2.087909215831910692e-01 -1.743618164168119766e-01 -9.236952459890568345e-02 -5.445332698835501223e-02 -2.160766232600913883e-01 -1.635831253753396719e-01 -8.320991831193004507e-02 -3.180989565031681066e-01 2.298396913385261642e-02 -2.711844258107744612e-02 -8.699282959744496224e-02 -2.206105741474119475e-01
1.523137343953901990e-01 2.235682468628778785e-02 1.864326995881564475e-01 -1.299333515956617724e-01 -1.223661486314612801e-01 -2.955365574182720056e-01 7.463326325570028563e-02 -1.337189182957396194e-01 -1.628825045820878059e-02 -9.632757478176806609e-02 -8.308656808596347199e-02 -2.971459312587842461e-01
2.363143987102135357e-01 7.531347296416461556e-02 -1.198902165135376507e-01 -1.426342010281687056e-01 6.189788627626279655e-02 -2.372261022841490596e-01 1.435923076642402207e-02 -2.902382450150552406e-01 -1.894104636621321558e-01 -5.878709372244065624e-03 -7.093898672092223412e-02 -6.545803070695810355e-02
4.845908501115372968e-02 -1.356688352320878921e-01 -1.050611802724771837e-01 6.367527746898768437e-02 -6.402576307549256995e-02 -1.517389729998859516e-01 -2.410775192235389275e-01 -1.174151519322496617e-01 -1.566957994084311467e-01 -2.464294353935044812e-01 -1.023393686040960787e-01 -1.523968434337755473e-01
9.482534988423797773e-02 9.485937126299819055e-02 1.056319189041831919e-01 -1.569387743319703432e-01 -7.056584986806138660e-02 -3.613175447946687102e-01 -6.243852868337563394e-02 -2.409289750825223675e-01 -1.311611054024284795e-01 -1.901874306591324060e-01 6.644958859168102749e-02 -2.978346832807519662e-01
1.455763693077432586e-01 -9.943147996071773076e-02 -4.396951818598208300e-02 -9.175760578932440348e-02 -1.475074946068550552e-01 -1.731078032287143020e-01 -2.104872016549918026e-02 -2.223301704031403481e-01 -1.135570143035560947e-01 -1.907245471029455075e-01 8.877942188944921986e-02 -2.062484210092843939e-01
2.173296998564016591e-01 -8.105645970700454950e-02 -1.258875697702830365e-01 -6.893227072188590210e-02 -2.379690369924144719e-02 -2.034395037633859038e-01 -8.885886792376911092e-02 -2.629489642447038200e-01 -1.668070786513517478e-01 -1.082038815093433748e-01 -2.552803123424279841e-02 -2.755705615465449676e-01
1.958263132341030999e-01 -3.674073905006977614e-02 -1.614925174983011455e-02 -2.433466651318948182e-02 -1.405905355150498248e-01 -1.923319651471541991e-01 2.382826317816949882e-02 -1.783470298852972702e-01 -9.235161102648666021e-02 -4.414870946028905813e-02 -3.723962075354773221e-02 -2.849206237545762188e-01
1.923887961866474483e-01 -7.423603704470253806e-02 -1.064216793678419981e-01 -2.468575011229673377e-02 -1.076770368049159710e-01 -2.031046171522985777e-01 -1.288812549621266013e-01 -3.449423853771879100e-01 -1.485066020792631392e-01 -5.870208504644517516e-02 -5.951342834865771397e-02 -3.212675881721900883e-01
2.350612408411554832e-01 6.086388438499100439e-02 6.200244785773727924e-02 4.838064857772090763e-04 -2.458167307988992356e-01 -2.257381045778110440e-01 1.318492029966394918e-01 -3.091005029424065409e-01 -1.042383232743318983e-01 -7.062991119122213890e-02 -7.841197749246407722e-02 -3.838799429778165240e-01
1.476543144747430869e-01 6.688970607935997015e-02 -4.342102953789474945e-02 2.095070069882491726e-02 -1.581090967647286460e-01 -2.157349305317280141e-01 8.374414208495666034e-02 -9.349112379977789211e-02 6.962107320722940107e-04 -1.244903254278242194e-01 -3.664978041135618508e-02 -8.340317051115894720e-02
1.503968427803446528e-01 8.758747267436602091e-02 -3.357159778557926022e-01 2.124012425220692807e-02 -1.113043160724729308e-01 -2.438777335362849741e-01 -6.308711140188318078e-02 -2.464318405573897863e-01 -1.812888735589533451e-01 -1.146303444207779770e-01 -7.456868737040427131e-02 -1.682413238122611177e-01
9.378664843322186140e-02 2.209063206428912157e-02 7.018932115334822197e-02 9.653966818301001895e-02 -4.243855718841230834e-02 -2.749692669264093281e-01 -3.891616279713753374e-02 -2.331982584958151583e-01 1.116701414051370946e-02 -1.476152683672793953e-01 -7.648783098580937134e-02 -1.369839537415740438e-01
9.980964996991580074e-02 1.236777201904165450e-02 1.021397408950540098e-01 6.090663905360858138e-02 -1.854659977547360172e-01 -1.447235570602456167e-01 8.897154317012957725e-02 -2.482168082653526398e-01 -5.331471074635488888e-02 -1.991487493408757373e-02 -8.494916301161438421e-02 -1.108348486121503440e-01
1.318500399737725925e-01 1.386646708189221422e-01 -2.311105581333490824e-02 8.213368392814182628e-02 1.871762205587564412e-02 -8.427009495053451593e-02 2.577371926496905066e-02 -2.481788147846155368e-01 3.376090129236091614e-02 -6.852093924668423153e-02 -5.646938070356031375e-02 -2.860453584778804292e-01
1.295053228292012415e-01 4.239488722323647707e-02 1.008250164636408930e-01 -9.894568468196215938e-02 -7.128464445210438982e-02 -3.279586002837371339e-01 8.071878160138004632e-03 -2.492184590886795392e-01 -2.758100329614117663e-01 -1.172652984811924370e-01 1.301978490093074758e-01 -1.881213229255462027e-01
-2.416960259794784932e-02 -1.259601937302083918e-01 2.545684247120149624e-01 -1.578459522736974652e-02 -2.178225406017262611e-01 -1.410460548746319820e-01 1.151562033471057594e-01 -2.194115020585226117e-01 -1.184052086905658802e-01 -8.819800413975650843e-02 9.253579370232955029e-03 -1.719204972593945946e-01
1.510523543233432964e-01 5.182295498412237134e-02 -4.280078942033056083e-02 -9.088565565877632091e-02 -2.633074155716952913e-01 -3.280802633384278799e-01 -1.336824338263727929e-01 -4.264420196727015666e-01 -1.380989721212967369e-01 -1.388883898652487625e-01 5.680430455334544576e-02 -3.779025759031175852e-02
1.790431537696858255e-01 -6.186587179948711823e-02 -1.032375621427989165e-01 -1.867492622411329184e-01 -1.400107948414162917e-01 -2.189452913423314551e-01 -1.063779210075731646e-01 -1.295846234879849401e-01 -1.245229013266802576e-01 -1.639718917870214843e-01 5.096300756756210609e-02 -1.255048956684220729e-01
6.039691426148174891e-02 3.926887185055000229e-02 1.501146618498750123e-03 -9.812210190919742892e-02 -1.866885892366210997e-01 -1.944108042528236158e-01 -3.662759040800541571e-02 -1.595772356146573645e-01 -2.562741294817654780e-01 -1.776066100997293340e-01 -9.213175930433893657e-02 -1.860572347229385859e-01
3.500629017523615993e-01 -8.307177971876418543e-02 -5.153436386515369144e-02 -1.423954501130179628e-01 -1.332902564860762584e-01 -3.050610908978829139e-01 -1.202167587213768402e-02 -2.730832448030897641e-01 2.105285377019954635e-02 -2.738688441185986866e-01 -8.961552171195667771e-02 -2.826109559953377537e-01
1.763764865669281701e-01 6.148537460913849895e-02 -1.027659725208746322e-01 -1.112623632374412641e-01 1.757578420371276942e-02 -3.204846881594025643e-01 -3.543770296463601838e-02 -3.722982264850095424e-01 -6.815797696624324720e-02 -7.585680347206744112e-02 -1.942653859154822027e-02 -1.732679528856963247e-01
2.315757859191944767e-01 -5.296558907931557536e-02 -3.777583698001771989e-02 -1.450276922022504800e-01 3.362604981261462650e-02 -3.042153513174173929e-01 -1.707705683473050851e-01 -2.675498285929720499e-01 -9.546202564036286586e-02 -8.245302508508886574e-02 1.242925217426031452e-02 -1.753932356866732822e-01
1.502507853287990414e-01 6.192599374344917584e-02 -1.301142935238457365e-01 7.277947050275018759e-02 9.065307546240823286e-03 -1.063763488018294040e-01 -1.737494506273557504e-01 -2.438773210021298876e-01 -5.953540808562312464e-02 -1.787224623828209680e-01 -1.537389263897999125e-01 -1.938842659058651330e-01
3.000941916079355454e-02 -8.243966614723745312e-02 2.455180205331195312e-02 -1.443746657569774938e-01 3.749145797073404757e-02 -1.637908319397613222e-01 7.900689471687712129e-02 -1.282338862041959016e-01 -8.540235059038440990e-02 -1.513783156223079684e-01 -1.441194678289800524e-01 -2.305339019381665577e-01
-3.287254028165915998e-02 -2.561044237851589633e-02 1.143038255575188622e-01 -6.786995437208726001e-02 -1.599544611985969922e-01 -2.019934257596989469e-01 -5.147453447958216105e-02 -2.309136494138802620e-01 -2.847884679791924945e-01 -3.953667453697817108e-02 1.191564533828550800e-02 -8.451525691583164357e-02
9.904647428267089604e-02 1.335403696886918179e-01 -3.512091380174226646e-02 -1.815702712357778470e-01 -1.414284315532105263e-01 -2.301852021317686570e-01 -7.340166846361738384e-02 -9.765997935231143789e-02 -7.937653186866096278e-02 -5.069707962094311543e-02 5.406457788455292651e-02 -1.903237482907008948e-01
2.856724538443223271e-01 -1.320115188394788697e-01 -1.486851871303279671e-01 -6.955039751863276165e-02 -2.441264341401444202e-02 -2.791842843713152611e-01 -4.693473789297900739e-02 -2.968224912118435643e-01 -1.296286401599070458e-02 -2.243596832745208339e-02 1.520953058814747960e-01 -2.434570823555003150e-01
7.343272836407287174e-02 -9.554624550846176068e-02 1.187119391805187552e-01 1.294282464707982028e-01 -1.712318458207682526e-01 -3.635870911730471056e-01 -9.947707469411710968e-03 -2.698864422431492827e-01 4.801963994652767159e-02 -9.164530979516069542e-02 2.711346708487806945e-03 -2.281948725452046245e-01
2.364224310169198429e-01 3.682104688216764066e-02 8.069516381721019913e-03 3.158439507500479526e-02 -1.564616030151912141e-01 -3.762832168622589624e-01 -5.772981182660569949e-02 -2.102691442364118535e-01 -1.665727529333989043e-01 -1.579906704965968189e-01 -1.176105280098438573e-02 -2.551484584314002713e-01
1.809265139157149593e-01 2.976011592475517192e-02 -1.548498640969766527e-01 -1.765507836788428597e-01 -1.329343480005022726e-01 -2.092080308451618464e-01 -2.151732308255375758e-01 -1.370836887213182087e-01 -1.262060437053481032e-01 -1.272363551012476446e-01 -2.001522184293909323e-02 -3.237733598566696069e-01
1.243562739432924336e-01 -9.249447179961957713e-03 -1.954309476757484787e-01 -1.133111070277510735e-01 -2.681926673261644800e-01 -1.828977209818454519e-01 -7.406014898708178362e-02 -1.772583089864828154e-01 -6.687121037765365872e-02 -3.081246547223737142e-01 -3.346784923479250579e-02 -9.928426365604850479e-02
2.405122515830410701e-01 -1.707608760199227360e-01 1.667135036750703667e-02 1.823519369743604665e-03 -1.842890170127890193e-01 -2.084397798622895925e-01 -7.425004270037925680e-02 -2.299432320016537856e-01 -1.150088148138455751e-01 -1.654028642690738016e-01 4.693616461360530095e-02 -2.276554832434007636e-01
1.457023122226908107e-01 2.704165929897033027e-02 1.287030798059444758e-01 -5.740251976084725233e-02 -1.017390911297980371e-01 -3.122745135506663772e-01 -6.573380034879838796e-03 -1.951353071660009708e-01 7.857721107494402071e-03 -6.723115996276396444e-02 -3.090232944744503163e-02 -2.933736584561403293e-01
3.504044265505396605e-01 -2.309014880539315695e-01 -1.515358613271773902e-01 -4.620040802311422418e-02 -1.244527724460202239e-01 -1.119251280436960386e-02 3.370434003003339868e-02 -2.676519193695119370e-01 -2.103637664464584334e-01 -1.963789429130122777e-01 6.441149474330980229e-02 -2.394064998682099710e-01
1.777371892221204508e-01 -9.775846029345176824e-02 -1.085196843712044612e-01 -4.995067734264491827e-03 -1.282488559942516482e-01 -5.142312014807760845e-02 -1.725885405175372686e-02 -3.220539422065841206e-01 -1.742081878869825018e-01 -3.583288472321290857e-02 -2.732510733328867569e-02 -2.126598601518196185e-01
1.569304962200466225e-01 -5.007756060039514345e-02 -2.130409770999246513e-02 -1.336035714527584739e-01 1.419499325063409111e-02 -8.482317913807423115e-02 -7.318772926407032114e-03 -1.709055253241480860e-02 -8.301519496903168871e-02 -2.420107876072387088e-01 1.635719337768580806e-01 -3.627343685287289649e-02
2.178423557827979251e-01 -1.194151179958362757e-01 -7.167883687323906017e-02 -1.506751711750100586e-01 1.456224449496156537e-01 -1.041913032800267230e-01 2.740386259835436624e-03 -2.859100816279297463e-01 -1.028660238038406199e-01 -4.754880912433389478e-02 -2.810363812439241327e-02 -2.646150404455345773e-01
-6.182021393511727761e-03 1.267670135190397396e-01 1.990432072438914120e-03 -2.763153544242419879e-01 -2.491786501500838635e-01 -4.674400887580619779e-01 4.948057952953665434e-02 -2.286663191570284526e-01 -2.105893361394443053e-01 -8.598464759644638966e-02 6.805050993132182036e-02 -4.657084401528391315e-01
5.047053538471282796e-02 5.000360309515278212e-02 -1.483995174829706443e-01 6.780325554027788471e-02 -1.064206666205915197e-01 -1.907254616888777454e-01 -8.559767744748068841e-02 -2.838627686144097328e-01 2.747130436241948526e-02 1.361737922665199252e-03 -8.246547424769708201e-02 -2.129069276485259510e-01
-2.355451363900177425e-02 8.183663671060150899e-03 2.649301171167909880e-03 3.884570570595965305e-02 1.914390112540825459e-02 -2.713826422902706481e-01 -1.207132543203476424e-03 -1.738792927614462580e-01 -1.897801853628827140e-01 -1.085228734266651396e-01 -9.974942522422765301e-02 -1.666217680300303428e-01
1.443054220575641922e-01 -5.836063247746361982e-02 1.690688411818067616e-01 1.578029113987088755e-02 -1.270973208543695609e-01 -2.526296056067821594e-01 -1.626281964433048607e-02 -1.876473158493558446e-01 -1.305602215107224962e-01 -2.233667457376419807e-01 3.890246638650148719e-02 -1.699515337382544733e-01
2.166199408278799421e-01 -1.582798141240436551e-02 1.612253249238452812e-01 -4.142410949434643247e-02 -1.960349018465823712e-01 -1.640267974840158016e-01 4.368309290304268205e-02 -1.375865724265875611e-01 4.245212167132616371e-02 -7.206409501446844890e-02 -2.093388924854883842e-02 -4.390091581579038116e-01
1.582921944862049068e-01 -3.605601235295897988e-02 -3.869824062633774736e-02 -3.874403494583932711e-02 -6.112536211702022243e-02 -8.190510496391255335e-02 4.830555769773984404e-02 -2.037802465021955056e-01 -1.639004992686790008e-01 -1.683952846565443529e-01 -2.540283690592746307e-02 -1.979919764688488348e-01
8.186746207941876519e-02 -1.634266595718324444e-01 -1.529367949496245570e-02 -7.330417555904100713e-02 -2.287296531072141315e-01 -2.452873614323303475e-01 -2.686418988553712726e-03 -1.685778917064515992e-01 -2.533299742644171126e-01 -1.293335452299784194e-01 -9.923349017148357099e-02 -1.331734050155799209e-01
2.759189091007427375e-01 -5.912784979524524087e-02 -3.131212536545886077e-02 9.507621755847833755e-02 -2.638615991158701091e-03 -1.647069338844441566e-01 -2.192120850490298159e-02 -1.961988167510674286e-01 -5.105949767230188313e-02 4.784461126883806509e-02 5.313040710743951317e-02 -1.834300146690628630e-01
3.172819402159670621e-01 7.205744860638503557e-02 1.603553281906764383e-01 1.261834784773840090e-01 -2.093581488229606935e-01 -3.661015979992934266e-01 1.200404453664035559e-01 -4.179220807216782463e-01 -3.187885823551264014e-02 -1.529435368621027136e-01 1.350940259737298983e-02 -3.269306394782503511e-01
2.149644243186636938e-01 -3.341693940013422404e-02 -3.625507381414758840e-02 9.487880521310784743e-02 -5.507596357066290443e-02 -1.156352186325362713e-01 8.408452897688668826e-02 -2.647288173704361869e-01 -2.272242586761515359e-01 -9.892914068200320266e-02 -9.355301247005008702e-02 -2.178030005098708088e-01
1.567595027448268064e-01 5.348243169779058614e-02 1.643724891179963454e-01 1.475701141265518129e-02 -1.744492842096651841e-01 -2.771434430152611705e-01 -1.543644392631314810e-01 -1.572584853950327877e-01 6.180301667412211458e-02 -1.874935656177654231e-01 -1.844122268303983736e-01 -2.642223746852292998e-01
2.238031235128408181e-01 -1.573126473375276863e-02 -1.698139397741760606e-02 -1.746459919391084997e-02 -5.363462237465779076e-02 -3.098240763356489014e-01 -7.797261251970154239e-02 -2.694282496222898393e-01 -1.607081805545002018e-01 -1.379076985141748368e-01 1.591861990865398729e-02 -2.113356481075779614e-01
2.026098752419197013e-01 -8.153545469384758382e-02 1.298217690295372928e-01 -7.749018767225096527e-02 -5.737321998429033981e-02 -2.699243560044117807e-01 -1.094326216230128851e-01 -2.297479758019483342e-01 -1.788854777592541190e-01 -1.524917374692762451e-01 -1.910079802574267127e-01 -1.853352785164249228e-01
1.517060508513874417e-01 -1.580689794522269209e-01 -1.231070325888789785e-01 -1.851062806652783999e-01 -1.425141565048857750e-01 -1.605697548548294107e-01 -1.200879824765127418e-01 -2.316506713698985864e-01 -1.214074603034849958e-01 -1.235444613790425417e-01 -1.822156612597921055e-01 -2.608817529976432126e-01
1.677200915383831314e-01 -8.437183753001499531e-02 -2.055390524731360094e-02 -5.642569753696332485e-02 -1.297914628677847848e-01 -1.442209845510331323e-01 -4.248586029990198548e-02 -1.617805650666798711e-01 -7.879574499013729943e-03 -1.666821556229207690e-01 -9.383041380953847932e-02 -1.838732828196224800e-01
1.523835987289348104e-01 -1.264161975134675542e-01 1.542180601999855738e-01 3.462291047255258020e-02 -7.378928270548346102e-02 -4.864739363393274507e-01 2.944422216064230755e-02 -2.201610319498490953e-01 -1.986579370359297658e-01 -1.702949037309210434e-01 -1.859521777395291009e-01 -1.293382979142669031e-01
1.808970771265646094e-01 -1.759220988900552785e-01 -3.282467668268116562e-02 -1.695769504395501504e-02 -8.924994099209265785e-02 -1.244076085655988484e-01 -3.589222217071178639e-02 -1.733214595436839978e-01 -1.363827147866871203e-01 -4.521233601502316207e-02 -8.990763596582036776e-02 -2.297140181505832046e-01
2.425737896858780884e-01 1.426113929932897463e-04 -1.336113973815116207e-01 1.168622663785447713e-01 -1.368672186999765616e-01 -1.439050887832211967e-01 -1.149473849470189352e-01 -1.629785209110043986e-01 -1.301410030219983249e-01 -1.463557070772208979e-01 -1.375966355839605693e-01 -2.437214317238380612e-01
3.563872497435274789e-02 3.159441060206634455e-02 2.742299124599960683e-02 -1.118944561669445725e-01 -8.365922872234726748e-02 -7.577202378304591368e-02 -1.036125207211687910e-01 -2.650002407440050778e-01 -6.567735812364076942e-02 -1.159823620729063670e-01 4.983187706258414978e-02 -1.209641965486732140e-01
1.713121650584772948e-01 4.026941279572784915e-02 5.669239824633039854e-02 2.642006361961342538e-03 -1.398187236927663502e-01 -2.925572859801767178e-01 5.102827304713592610e-02 -4.109263853909619346e-01 -3.009658069378721296e-02 -1.361086208823996876e-02 -1.455310166424746421e-01 -1.400595978594441349e-01
2.738432833242701592e-01 -2.032219192066333502e-01 3.719337978487789048e-02 -3.251319071160643087e-02 -1.274865341663718732e-01 -2.310093597136885502e-01 -1.375983017448818013e-01 -3.409076360936658112e-01 -3.661001472214334834e-02 -1.220902780165234319e-01 -9.013093637960502280e-02 -2.066346727772811198e-01
1.235839690193103607e-01 -5.250246923548174127e-02 -1.454812405572923351e-01 -2.398998607600571348e-02 -2.261540961327541954e-01 -1.134949447456303356e-01 -9.995454321286963151e-03 -1.926540417869664901e-01 -1.945063742047631883e-01 -6.228646494995890986e-02 8.745378528772282736e-03 -1.697051571997154895e-01
3.281335396711632657e-01 -2.201732459961463356e-02 2.337657020800892327e-01 -9.986509556588085701e-02 -3.391105855999885371e-02 2.187893428527556972e-03 -2.020381861895919062e-01 -2.235476639070487770e-01 -1.141859378012147069e-01 -3.172030074696226970e-02 3.534424551638565976e-02 -5.764607534365865510e-02
8.248776576671219829e-02 1.201148028810307272e-01 -3.349932684360127505e-02 3.373839882034638041e-03 -1.279774512383468899e-01 -1.979101401897108425e-01 -3.872959074501652194e-02 -1.129627576713196357e-01 -1.081299003186798474e-01 -2.110863310550723515e-01 -3.184676630356336052e-02 -2.959376964538484311e-01
1.805061979206933342e-01 9.569301075394910649e-02 -7.795301174324395510e-02 -5.833463508981993201e-02 -1.466809211086399223e-01 -7.619734206493329609e-02 1.076385833535538489e-01 -2.873973563839931078e-01 -3.594687715127251743e-02 -5.411165663107445761e-02 1.031655157539574513e-01 -4.622698749251578643e-01
2.998503650914367546e-01 1.393699103311771270e-01 -4.240124912827093057e-03 -1.228533474589094121e-01 -7.584031977724114970e-02 -1.637467986493353067e-01 -4.730552209108759149e-02 -1.990364764734678382e-01 -4.368415937050868642e-02 -9.680397256583606058e-02 -9.523165957914854485e-02 -4.225002824967428183e-01
9.811047692440462431e-02 -1.266493322458964177e-01 -8.414651483748059047e-02 -3.307550206489557471e-02 -2.751249076765452731e-02 -1.534714864974209003e-01 6.812285039888539562e-02 -2.521346710144457548e-01 -5.681876494652268782e-04 -3.478927385167134706e-02 3.310746063699459424e-02 -2.790707516817009792e-01
9.228039289916280252e-02 -1.428372176495612371e-02 -8.566801813563351686e-02 1.036936713459132853e-02 -2.295444891707601187e-01 -1.229550958093294372e-01 -4.443048814449061107e-02 -3.246950956402687716e-01 -5.832091301954745594e-02 -9.740143397555750537e-02 -9.420683767387397559e-03 -3.244431627549946850e-01
4.908426148301935077e-02 -4.804759661686491823e-02 1.238359923483948501e-02 1.250856934487233618e-01 -1.847315213650211618e-01 -2.584591338697660445e-01 -1.213267355442943646e-01 -3.311455517054833209e-01 4.545778471089156197e-02 -1.650469917296684338e-02 3.218516952252071378e-02 -1.016232779607581238e-01
5.819030796843767117e-01 4.920295437253488502e-02 -1.621399994071973799e-02 7.645390502153157075e-02 -3.259978531521418588e-01 -2.556596146806697778e-01 -1.802118474413569316e-01 -4.284007536463472210e-01 -1.729425027167728057e-01 -2.833229499999898593e-01 8.120460443916584226e-02 -9.806226879926669415e-01
6.399946390866885493e-02 -1.557212646674759338e-01 6.204092368332556756e-02 -1.663677797458430474e-01 -2.367448726134219472e-01 -1.606827600491302632e-01 -1.149167006288556031e-01 -3.500330182738473628e-01 -3.085751839508731886e-01 -2.865457175812499147e-01 -6.892050136917364511e-02 1.610249584673777712e-01
7.840681242489118408e-02 9.507182878511823143e-02 2.070889575177071572e-03 -1.145398620741963081e-01 2.103750722875513332e-02 -1.099795576858578344e-01 -1.373044214237080229e-01 -1.040973750461462880e-03 -3.398159371364079528e-01 -1.584506698254098955e-01 -2.999522532609409931e-01 -1.340891246360010614e-01
5.638783689663094678e-02 -4.027059507884329925e-02 -1.116456303381595239e-01 -1.607161410785247768e-01 -2.063377716764156211e-01 -1.975108814921400224e-02 -5.842403160620258246e-02 -3.514351400159084760e-01 -3.250969034100268940e-01 -1.202106001278155784e-01 -5.687031693836631235e-02 2.028198012154543151e-01
7.842097620258343948e-02 -2.569193165424751291e-01 -1.458118979658093450e-01 -7.992532546036060226e-02 -1.579891377620690485e-01 -3.211760792476648918e-01 -1.857866020844962107e-01 -1.186794638544930863e-02 -2.395526503692722575e-01 -2.100559942362436039e-01 -5.872916670123313337e-02 1.494698620511716036e-01
1.422532257707485592e-01 -6.882952349501393619e-02 7.594977862882909547e-02 -7.186384851268512453e-02 -8.107451551718920443e-03 -1.556384741273170447e-01 -5.205011095982257224e-02 -3.072878206612965624e-01 -5.257401930393566097e-02 -1.525218037963952944e-01 -7.870764066073292209e-02 -2.671032709615236284e-02
1.373753916512778228e-01 -8.553501754577187699e-02 5.278939120756511588e-02 7.493613276116783961e-02 -9.784870326328606871e-02 -3.884385900150575388e-01 -6.858536326396437455e-02 -3.451652669413373120e-01 -1.856905598407413427e-01 -2.631603891459916023e-01 2.704805965530875794e-02 -1.310640614103518453e-01
6.849735734598415282e-02 1.730822863075967555e-01 1.653360169092037979e-01 1.397484688213789655e-02 -8.047993455907478944e-02 -2.723513658724819875e-01 1.915261902494164170e-01 -2.944567710776817560e-01 5.498636062736875912e-02 -8.301800626790051263e-02 9.570808820046559917e-02 -1.499825961638525940e-01
2.555872266167804052e-01 5.715473615093309701e-02 -8.175051136122446493e-02 -2.267046072250558653e-02 -1.599494813837107621e-01 -2.058273072703684370e-01 -6.239966291014430178e-02 -1.870697723051157335e-01 -1.875742579407871924e-01 -1.903471545221256944e-01 -1.644112572074312162e-01 -1.996912912466091983e-01
7.132883756994105873e-02 9.946041480503518828e-02 1.068900644937505473e-01 -4.776513038915548154e-02 -2.401571632445682336e-01 -2.992699712929296485e-01 -4.062495853140096064e-02 -4.050911600056458228e-01 -2.617600755558924797e-01 -1.374585385965865214e-01 2.212795973278020023e-01 -9.784765587724089664e-02
-3.134773560143577220e-01 1.367993931738050450e-01 3.146820868170432939e-02 -1.120739566548269034e-01 1.707511374066105203e-01 2.970780371116564789e-01 2.048404240066938053e-01 1.400180720763168629e-01 2.167306997331777396e-01 7.024090183364520290e-02 1.463985720961688830e-01 3.915145119577965738e-01
