7.631909749301611645e-02 -1.632032972126700177e-01 2.479748750323136075e-01 -2.868896687618668895e-01
1.371564051220144041e-02 -4.150212864509766203e-02 -4.586170762319086852e-02 4.841858998422254173e-02
-5.817460875488618122e-01 1.744343752855974095e-01 -1.588971827211032792e-02 -2.769305023486413608e-01
-3.219550231517978589e-01 -1.833277238400140285e-01 3.251034181533233314e-01 -2.931000706497481900e-01
-1.986459591744714134e-02 1.664568777249783235e-02 -2.049989299437762758e-01 2.640909671659387725e-01
-1.273428782497200151e-01 2.265939734806037553e-01 1.492387613616374675e-01 6.699345311663161551e-02
-6.823115349704973742e-02 -2.023368257264042958e-01 -3.175726561462108299e-02 -2.297607527526718263e-01
2.626882349635298319e-01 -2.226299193592768677e-01 2.177733955641365793e-02 1.024452398764284372e-01
6.498385353025230848e-02 6.729907493745550529e-01 -3.768412301868511727e-01 -5.703248466619619261e-01
-1.232765011422755630e-01 -2.302728505042148377e-01 -2.298569800599079282e-01 2.225065720600451769e-01
4.240447830898914222e-02 2.285299743287341756e-01 -2.060497147941035001e-01 -7.402118976727188604e-02
-2.215378532374957521e-01 2.961286603904302317e-01 1.422838847947750784e-01 -3.711120347623725335e-02
-3.122210784634141256e-01 -2.495085030829380934e-01 2.100843423594363560e-02 1.424551983536774535e-01
1.310521396284673457e-01 -3.238377891497842276e-01 3.942404366624738948e-02 1.027839274156456956e-01
-1.831288980158802815e-01 -2.361421171222701509e-01 4.054913933909738977e-01 -3.296719712762672533e-02
-2.676859974542890597e-01 -8.200752135154065758e-02 4.709846516611597422e-02 4.842938597298219183e-01
-1.722161743652724508e-01 1.027671449954345312e-01 -2.968929388506558742e-01 -8.023869703565152112e-02
5.219830431239811386e-01 1.324691059670392301e-01 4.195485459018027941e-01 1.039924169020314704e+00
2.001394647815197547e-01 3.092226558952188009e-01 -4.437889956263094127e-01 -5.873845068858887103e-02
-6.132431024567137623e-01 6.232793816152830402e-02 5.482584351217947849e-02 -1.257543775880853032e-01
-4.523549909129109814e-01 -6.852771986387402869e-02 8.479290672315528687e-02 -3.879301300203573666e-01
-5.590388018418069108e-03 -1.768725687344880615e-01 4.480814590196413039e-01 2.546993434752461427e-01
-1.309402258596076007e-01 1.624228086039961397e-02 -2.929136055826689344e-01 9.646828776786794957e-02
-1.468852275307654942e-01 -2.899544126435857905e-01 -2.636392442403945879e-01 2.869625923570436749e-02
-3.165729970949943128e-01 -1.679996476303824982e-01 1.635794997662892714e-01 5.698832954278954671e-02
7.121401867214738335e-01 3.362296683053104390e-02 -1.333617455060915891e-01 4.694517971084977148e-02
1.591908300269265220e-02 6.414922622840650845e-01 -3.960400774487899955e-01 -1.149720519129242835e-01
-1.006230540490358483e-01 -6.333128119306485199e-03 -7.741465340112302362e-02 2.475239805976829285e-02
1.437025746686217131e-01 5.088088900961299510e-01 5.422919819648365225e-01 3.071713597213360236e-01
5.559481220984896499e-01 1.288048461468964123e-01 -2.489689657531300726e-01 8.918596383803797933e-02
