2.415557118744384169e-01 -1.762548521606323582e-01 -3.499933784257772823e-02 7.376716011171423337e-02
1.805359585958169755e-01 3.385869845176380649e-02 -1.898809507101160143e-01 -1.530613296885306451e-01
-1.921114717314349185e-01 -4.844965865801699467e-02 7.291243009251852092e-02 8.053915026059657589e-02
9.914447056543672365e-02 -3.463220523073191059e-01 1.047790339925692565e-01 2.508022208516480500e-01
-1.592728132046960232e-01 4.555957903042558155e-02 9.655699860594875450e-02 -9.115475190854796517e-02
3.452817327401185715e-02 1.287428519116231782e-02 3.450638927055831862e-01 2.117640650081185349e-01
-3.711918093533857904e-02 4.201332588908357479e-02 -2.833314711045626377e-01 2.430017519818995775e-01
1.071913408146279445e-01 3.690274935165168135e-01 3.965898264059248279e-01 -3.649216981290204220e-01
7.914304801744895257e-02 -1.361844812904686175e-01 1.941429751160007530e-02 1.437933970026088063e-03
-1.933433328429269571e-01 -6.899217499449997182e-02 -2.912522310413479532e-01 -2.619980338407692511e-01
-5.443135051146730935e-02 2.351184132471753896e-01 -1.773848352143901630e-01 1.552527804847326776e-01
-4.408890906751032901e-01 -2.227632531006329408e-01 1.497197748358446434e-01 1.123741781178084487e-01
3.520577878567349162e-01 -6.654336869526814580e-01 3.904304632493876270e-01 -9.420858104156047685e-02
-1.350229067771174518e-01 -1.320375321722223882e-01 3.380239047570795519e-01 -6.487957983044997934e-02
2.440585751012880333e-01 -8.109304469888060918e-02 1.502209686810914713e-01 1.136543633863920100e-01
2.530860390253638625e-01 -1.684195713760684443e-01 7.803200088117662192e-02 1.239362054243933337e-01
1.966030046681529683e-02 3.274661324504422599e-01 -6.117654093996223175e-01 -6.193268698055373611e-02
-1.826762177714804647e-01 1.778786075226677921e-01 4.076768949498058570e-01 -2.040519290403964292e-01
3.182556420596068664e-02 2.121799394772493075e-02 -3.958538992452385608e-01 2.308461003453234767e-02
1.091846245405785933e-02 2.085048483241778716e-01 1.261927490609152103e-01 -1.931519523933004079e-01
-2.516809492127377590e-01 1.985131431494485954e-01 1.670421837022193282e-02 6.906213541963598934e-02
2.301280706176981605e-01 -2.488031873240828529e-01 -1.209859663521137552e-01 6.348131135237029821e-02
4.128313505187258259e-01 2.202428147519287227e-01 8.300748679545898179e-02 1.211584552457658226e-01
2.438125014509235911e-01 -3.179438355821627149e-01 -2.052519173744535297e-01 4.253612214310076300e-01
8.071965721777761560e-02 -2.075161716348771779e-01 1.335732377062524845e-01 -1.815744513294108298e-01
-2.265484200889981703e-01 -3.706441055585196764e-01 4.277871312322752417e-01 -3.421752439537215085e-01
3.049680920119207106e-01 1.317957252712934346e-01 5.724950917777237303e-01 3.503767661866248606e-02
-1.865289148522447996e-02 1.327314479646150847e-01 -2.497624488252822850e-01 -8.506364186417340878e-02
-6.820500898970243142e-01 -6.811197573847815878e-02 1.097606848806956074e-02 -1.963658551315315970e-01
1.472641681815959336e-01 2.542216170544155385e-01 3.514202583029482074e-01 -6.818959712760307157e-02
