4.524038842137883543e-01 8.459599859898861984e-01 4.354667756686635971e-01 3.580469048762028539e+00
-1.528582295947910730e+00 -3.063653613103655804e+00 -1.942387749488373894e+00 -2.656209161461928758e+00
1.697575212863724925e+00 2.691412958253402099e+00 1.909213951156041977e+00 2.695696399438034963e+00
3.182836512839118726e+00 2.648453597697339124e+00 2.527425502153320291e+00 2.020395435108443216e+00
2.078709599748463699e+00 1.409990658635644101e+00 1.332142530400725944e+00 1.404942463124251084e+00
-1.941728581608720638e+00 -1.553930985120614672e+00 -1.530188536092284002e+00 -2.275014335744851568e+00
9.515108159418613765e-01 2.372377171189620437e+00 3.651240974582085214e-02 -1.833824143349450875e+00
1.906774432835248501e+00 -1.002588992326945760e+00 1.229910300816387192e+00 1.826361013036837733e+00
-1.605284190446736314e-01 -8.145835375739685080e-01 5.732582764287657007e-01 1.889730844796732701e+00
2.303336971264431376e+00 9.855040022088266127e-01 2.673809180462641821e-01 7.544341788488836409e-01
1.865591266832679507e+00 2.437062398648061290e+00 8.670262565914289565e-01 6.913759444354168338e-01
-1.801750003115229815e+00 -2.646928705312141084e+00 -1.172766643774788564e+00 -2.175638914942622293e+00
-2.883114123404833418e+00 -3.686084922584577317e+00 -8.704471725920617242e-01 -7.566134693515924603e-01
4.070298688753491989e-01 2.981596090038435842e-01 2.245834818610909167e+00 2.986050090065747842e+00
-1.343376165822576018e+00 9.750559344347573543e-01 -9.856263407064036475e-01 -5.852308189364454627e-01
9.678665642832019467e-01 3.233726026640579843e+00 -1.165113614942742126e-01 -1.435617038483896657e+00
1.792364486593093664e+00 2.750812801619603842e+00 2.695492726219913315e+00 1.793098835354335119e+00
6.111079288169593560e-02 4.590942223335418682e+00 2.739942869365985523e+00 2.404821166917169961e+00
9.116836840235478245e-01 -6.942007728034272906e-01 -6.609537975128150222e-01 -1.576891948506020102e-01
-2.365588808044099878e+00 -1.625941827314983268e+00 -6.364800166644160040e-01 -1.147907577950839642e+00
2.469794482598691499e+00 -4.878043757403107139e-01 4.705610054203608894e-01 1.510510058256269404e-02
-2.114659064502764974e+00 -1.701747377009918516e+00 -1.654416301200219097e+00 -2.600442318264917674e+00
1.900047574533246797e+00 2.518807605509767455e+00 8.758150455740110196e-01 -1.756993600817287615e-01
1.648733974968441096e+00 -2.698249457124936246e+00 6.581231833543221832e-01 2.296026902836175498e+00
7.016767010659031856e-01 8.272482436287629248e-01 -2.920237726778952547e-01 -8.129710106247820534e-01
2.580333688998452391e-01 8.361127129361262122e-01 -4.302126484638141291e-01 9.741949723632273850e-01
1.650532399107827342e+00 1.554124098956521260e+00 1.874350102973782128e+00 2.330240444292233537e+00
1.865577908313896582e+00 2.741933155076595074e+00 1.197209060416372095e+00 2.154314346932159729e+00
2.070907660215108581e-01 -5.076838067798338239e-01 -1.638351363186720810e+00 -1.746583149766277154e+00
3.347479263505510172e+00 -2.843799968994120686e-01 2.051635211932449909e+00 2.570656779444549400e+00
