-7.705076591199161440e-01 1.177218692509652831e+00 -5.850747026651648142e-01 -1.162460210828681006e+00
6.433037961600849286e-01 1.461935506089289794e+00 7.781840526619782095e-01 7.989524698377689083e-01
5.628478924734315880e-01 1.235912569252774373e+00 5.561074942225955331e-01 5.404867262064952937e-01
-3.104993897328426899e-01 1.258388791207533997e+00 -8.403553788781017442e-01 -1.289996487019066329e+00
5.992490137603803842e-03 3.148588515290847711e-01 3.792078703999282041e-01 9.833045908755982945e-01
-1.081017611217802488e+00 -1.027486656460605552e+00 -8.773078431684968592e-01 -5.269685032146727011e-01
-9.202267239705991253e-01 -6.520245454336270896e-02 -7.804216301792047394e-01 -1.252458807274991370e+00
-2.952937369748496188e-01 -2.612700004287721312e-01 2.175184850820866544e-01 3.392798795054813299e-01
-5.680200148227912971e-01 4.430184208528142320e-01 3.135549883302735652e-01 4.136729386150567178e-01
1.353345561981152079e+00 9.684524128336059468e-01 1.636123443679809775e+00 6.086421996429901560e-01
-7.147419105512353710e-01 4.555658303480763505e-01 -7.417340145843778210e-01 -1.770187721449682783e-02
8.798364668257647736e-01 1.302892326678582791e+00 4.100657120255218197e-02 6.680848570017053900e-01
-1.209316901446758408e+00 -1.202949206699933882e+00 -7.575630249799298888e-01 -7.482620369877948097e-01
-8.458746072440517239e-01 -1.056235242922607398e+00 -1.468810845494103567e+00 -9.189913313450415178e-01
-5.631084508923407395e-01 8.220133877054269789e-01 8.632057329285356406e-01 -9.673418468435990292e-01
-8.641302992495596136e-02 -3.860632408891006562e-01 -6.926157335911763413e-01 -3.140515269339920756e-01
4.730533845176198016e-01 -6.588584469403208077e-01 1.256190345433814137e+00 1.149711427108823347e+00
-9.943675565539762395e-01 -4.711684614296661189e-01 -4.878895112544966439e-01 -7.685227117043081924e-01
-3.165030119582082357e-01 -4.875439991994530708e-01 5.703055048628926649e-01 -2.975543020786215048e-02
7.974161452043000420e-01 9.818723906218912445e-01 2.933056081236674606e-01 7.383853470764337734e-01
-1.088420698572904799e+00 -1.634134870832724129e+00 -9.458802190146654576e-01 9.146307927335765031e-01
6.005553888645569494e-01 1.581518147950893072e+00 -5.237343143989183769e-01 8.172603879190803999e-01
4.107228611954223674e-02 -1.984142759685280644e-01 -4.035177065185654999e-01 3.709404035963189683e-01
-1.465772238998009014e+00 -1.445224825588638240e-01 -1.165966035500820980e-01 -4.910669899144534667e-01
-1.174692312831614460e-01 6.195508195711482008e-02 -7.295846635116282064e-02 6.883628638466434690e-01
-1.532927347702894183e+00 -4.942702076796400279e-01 -1.642862942324516407e-01 -5.831012407084918553e-02
7.375265652729863231e-01 7.614905467209427403e-01 8.541166805985977994e-01 -2.000715386206977642e-01
-5.327108156417883489e-01 1.459968760785515240e-01 9.705962240454567291e-02 -7.291021912529982441e-01
-1.564019275236208761e+00 -4.230255343164874282e-01 7.096869533462757396e-01 5.772553278487279060e-01
2.487286877456191259e-01 6.401978507247483297e-01 8.180975429677226352e-01 2.462509352714424282e-01
