-9.112362275964769331e-02 2.974891690900048971e-02 2.546633661682362951e-02 1.066193018199165787e-01 -4.207883424431495267e-02 -7.486741002925202670e-02 -6.384384923398565836e-02 -4.824903831898295220e-02 1.389811597002893473e-02 -7.559839521357000769e-02 7.850811245144728376e-03 -7.417609010096504196e-02
5.601401451679598187e-02 1.041590908751924838e-01 -6.767893805002211938e-02 -1.665417171247204897e-01 6.386885837888454931e-02 1.300552315740657328e-01 1.011864999704467083e-01 1.193379200090952108e-02 1.552485436673950447e-01 -3.575865717486217954e-02 9.731103467356224529e-03 -7.841360015473548828e-02
-8.935707082535927770e-02 -3.976660564569762385e-02 1.556060554681582830e-01 2.559468416153683635e-03 9.995635964501194126e-02 -3.442347614422317653e-02 -2.854056090210460410e-03 4.247623163736212459e-02 1.229428547442938946e-01 -6.561075781935067630e-02 -1.227119008226900398e-01 1.371127397156937100e-01
-9.034435050668968015e-02 -1.299598717911257034e-03 -1.599493000848556945e-01 1.233356613684376824e-01 -5.167540374017184912e-02 -7.716650019823111106e-02 -7.613269056648491739e-02 6.078029330783127349e-02 2.648624916182086564e-02 -2.277948673935640059e-02 9.095530504687167339e-02 -9.327706618045336975e-03
2.985568916965120750e-02 1.769521568202928052e-01 -2.597770727685738690e-01 -5.211324089080135447e-02 6.823204974235230064e-03 -7.551649133418242288e-02 6.222940524143100866e-02 6.682552520466822354e-02 4.251602317877140567e-03 2.516093114092914779e-02 2.308894450511414231e-01 -1.737211769254393828e-02
-2.988009833009364069e-02 4.256571009457153082e-02 5.031136251099989354e-02 -9.087548549785617186e-03 -7.536932644760131750e-02 -6.599824006866325532e-02 2.763702356275044448e-03 2.202119143936667744e-02 5.333353442095649377e-02 3.312304672052113208e-02 1.937566871999177320e-01 4.521602127309543723e-02
-6.960775667135132849e-02 -2.777322418136535589e-02 4.344278409746131497e-02 -6.613978813388551349e-03 -9.685940976738158237e-02 -1.386719260007266558e-02 8.342483167880068717e-02 4.260412465684727812e-02 -8.181276105780727059e-02 1.099540303057850027e-01 5.357920748389803645e-02 -9.948550500307970501e-02
-1.448021938636707973e-02 3.128652805184577168e-02 6.960290729453094682e-02 -6.760343784589847860e-02 -4.278771428052234593e-02 -1.061493383169328786e-01 5.471799192064392969e-02 8.010589504521967164e-02 -3.545072059306218770e-02 1.420356952587036731e-02 -4.845358681841347576e-02 -8.594198669653682621e-02
4.709777955725569926e-02 4.005014073346706283e-02 -7.672186940180732162e-02 5.066673262731869604e-02 4.120801623369933775e-02 1.929438114957128872e-02 5.655959957057535292e-02 -1.480336276044426636e-01 -1.630878048911132971e-02 -5.323848551670437579e-02 1.489327289065237037e-01 -6.781332389638006219e-02
1.165803740395165156e-01 -4.659923018580803405e-02 -4.884697500265314241e-02 1.719779397218169636e-01 1.366826933130188548e-01 1.445626433912941267e-01 -5.879042410405131008e-03 -1.486701274918808893e-02 -1.386604507762177751e-02 9.425221397220667763e-02 -3.065053394986715085e-03 -4.585802178786244077e-02
-1.276839319917628390e-01 -1.496741132962889076e-01 1.537406688553930902e-02 -5.216453926173963973e-02 -8.279694501832914055e-02 1.902408612084221379e-02 -6.555610245560074267e-02 1.034104850069842152e-01 1.040775587951737503e-02 9.620313184467710332e-02 -1.563233569569588977e-01 -8.712592937041210850e-02
2.206148432408489360e-02 -1.065175531766571898e-02 5.157681774622866616e-02 3.334866610163281231e-02 7.277272336565289435e-02 3.641281971867641604e-02 -2.706794691415055631e-02 -2.892280372224187990e-01 -4.423075121587796699e-02 2.943157352231140847e-02 -3.480906722455378438e-02 -5.588040768964455327e-03
-1.120737249547725245e-01 3.904982086304767570e-03 6.088640287590299516e-02 7.011244404967705013e-02 1.788631769008051237e-02 7.144585444596994461e-02 1.708263462059618487e-02 -6.247951302651814226e-02 -2.389155637242850599e-02 6.845841535005872669e-02 6.993421498511218082e-02 7.852430947759479751e-02
1.161699374021151199e-01 9.022892841083277049e-03 5.476041242415460863e-02 1.119716108217742867e-01 -7.146468419644752545e-02 1.397955259424987218e-01 -1.394018094973997930e-02 -1.463135364199020030e-02 -3.526754990383801011e-03 -7.483773619205945360e-02 -6.867555513541814816e-02 -2.972722945741027370e-02
4.637937944480089586e-03 1.169232534990775896e-01 -6.708560906347793562e-02 -1.185804073636877592e-01 -4.888113029800528198e-02 -5.238110284039936004e-02 1.242208049495994449e-01 -3.012960501690743059e-02 1.783025811679837813e-02 -4.475571015793062407e-03 -5.942286586142237620e-02 -1.242315512033480840e-01
-9.069947200994460390e-02 -5.664230862015183976e-04 6.119644182748290584e-02 1.051395182021866992e-01 -4.483012996667316841e-02 9.649742354227391905e-02 1.118892806619802976e-01 -5.555983898386381015e-02 -4.124595374904799217e-02 8.126747727609594241e-03 -2.768864291929445942e-02 -1.124334942619937411e-02
-1.331646599997980407e-01 1.135867146519393663e-03 -3.433742967653276301e-02 1.029513374463248698e-01 8.275518923241756419e-02 -6.024082497342930775e-02 2.479250348969397680e-02 -1.706557359600685900e-02 -8.328372775467039746e-02 1.196514120983551976e-01 -6.801911002791974012e-03 -1.386373040184014568e-02
-2.158005923320671995e-02 -1.313242037563837894e-01 -1.994310113704829135e-01 -6.941802253870008044e-02 -4.042894615927072194e-02 -3.617127259860163091e-02 -1.818295147794518618e-02 3.589028854882221620e-03 -6.297110559400641294e-02 2.472378952657367825e-03 9.750755053153949137e-02 -1.131700121485013782e-01
1.211039155342993473e-01 1.533156709390627592e-01 8.536275063579229494e-02 7.390228386195789312e-03 3.728780859918007229e-02 1.332756284938734770e-01 4.227409118115556252e-02 -8.814557224207743291e-02 -8.833555896376912853e-02 2.801748938272939637e-02 -5.015804042038991654e-03 1.522811366917257714e-01
-3.074705710285987117e-02 3.918821654537883378e-03 1.037302087098900538e-01 -7.416188059233054519e-02 1.267586906468444463e-01 -2.865560264239657220e-02 -4.454585952268581145e-02 1.015394675516642781e-01 -7.885733295104703500e-02 -3.492158396143414667e-02 1.059921372759985159e-01 -7.660755951603230585e-02
1.316681862653189539e-01 -1.089118753782947549e-02 -1.646609177298045401e-01 5.908753853880831242e-02 1.000415603690479466e-01 3.272523316227564372e-02 -3.550174723153889933e-02 -1.912192633924631457e-01 -2.230268368741692570e-02 -1.554567744714956401e-01 -7.769813312645523773e-02 1.599095091241078959e-01
3.838050176551599524e-02 1.915366864623245860e-02 -3.274204007268692596e-02 -5.291167627678313129e-05 1.176398513560519554e-01 -1.587659270922455179e-01 -1.681911482165806410e-02 -3.241234348892579886e-02 -2.404639234959652164e-02 1.023802275087739855e-01 -7.026241661980497932e-02 -1.418172282991868316e-01
1.139441436759592308e-01 2.980904414883497888e-02 1.316410918862211954e-01 -1.146245725865427667e-01 5.251326751970687712e-02 -3.195053239063384842e-02 1.110230742072140925e-01 -1.867696031007889390e-01 -8.851829444636290234e-02 -4.654575122038889790e-02 9.950129388791464913e-02 -1.398698208551198315e-02
3.349735201376565982e-03 -2.021971939181699957e-02 4.900953771997622332e-02 -5.265210975390381687e-02 -4.434800671788696746e-03 -1.803311585011150436e-02 1.353397968780908553e-02 -6.989762770339684461e-02 9.196263466088085148e-02 1.780607382150000140e-01 1.785385995639923729e-01 5.957700776110085028e-02
-6.194519112128082927e-02 6.292672897293431766e-02 1.938803762671370209e-02 1.378368479410141123e-01 4.086386673047502638e-02 -6.229218856322497194e-02 -3.005760997031110549e-01 4.558031612458555287e-02 -8.771308771931370096e-02 -9.397662075813049617e-03 1.129042634358795871e-01 1.472677832604128989e-01
2.366750425885878750e-01 -1.730243321728007766e-01 6.406892718964929401e-02 -9.597013914413246582e-02 -6.068434838194244896e-02 1.805651908973202047e-01 -2.685902202692616939e-02 1.931806108617029809e-04 2.404239476904661832e-01 -1.022202199274643147e-02 6.188413344339399602e-02 8.561381117892566395e-02
-9.010031464996323680e-02 -4.067951008379099009e-02 1.939170835220851430e-01 1.051286393110029971e-01 -2.408797314236267584e-02 1.203151161551766629e-01 -7.545626194357807348e-02 8.351219473340988630e-02 -6.899580955151185524e-02 -7.118107054275793488e-02 4.353390638320525641e-02 5.156779196906239454e-02
-1.954740685180180251e-02 1.270462148678438985e-02 -1.558645991695897237e-01 -2.227634828489167412e-02 2.982737506900380933e-02 1.641019081522929537e-02 -1.616858955920996987e-01 -1.206359650953516514e-03 -9.199733166879897617e-02 -1.380816075595298620e-01 -8.113313546265644993e-02 -5.743462601948234880e-02
9.780801394417932768e-03 6.532104421205291167e-02 -1.321760200453716561e-01 -1.238845856628206232e-01 7.086027197542571487e-02 1.223385637938514681e-01 -8.812425707117016449e-02 1.471420978141653735e-01 -1.262178142148452364e-01 -1.306554897096497830e-02 -8.508545731298401693e-02 -5.330728976022226090e-02
-1.811927029936178865e-02 -1.215788080089612311e-02 1.806531350679342965e-02 -9.902416932850267861e-02 5.090733012506690885e-02 8.164407157879523952e-03 1.135232627298010319e-02 8.597063520666306524e-02 -3.077765006112309111e-03 -1.512842633648424084e-01 6.918174972644393350e-02 1.118114110105160874e-01
-1.318221321007867659e-02 1.925840974702325847e-01 -3.997996374208280523e-02 7.975213023607752305e-02 1.569921262855397681e-02 -1.604337860392962556e-01 3.372868496943948191e-02 1.248730304443344298e-02 -4.348143434071446989e-02 -2.215124097609433643e-02 -4.944048122119757555e-02 2.642686230293625829e-02
2.395286369373512969e-02 4.022337990612262493e-02 2.840313494931135177e-02 -7.876965517232951963e-02 1.022207098027616001e-01 3.533516059596876480e-02 8.837136992136951363e-02 -4.070308737546533828e-02 -7.676540038974610791e-02 -1.817353939962925158e-01 6.802346762976113625e-02 -3.560174713612080603e-03
-5.893723549608041387e-03 -3.157393106000298821e-02 3.585391105733992147e-03 -6.481445393336632277e-02 2.673895531416549745e-02 -7.503660842881237913e-02 -1.099446998526529551e-01 1.170541909774941436e-01 -2.733845749203449305e-02 1.020496396880371109e-01 7.301178768993346613e-02 6.902348131324566316e-02
-1.039608184355314546e-01 8.566844616803306889e-02 6.503646285433347177e-03 1.397207915117169331e-02 1.441022303509073288e-01 2.874302816636311458e-02 -1.027189365888564743e-01 1.269295281949664456e-02 1.223566912846501820e-01 -1.398753420413071935e-01 -7.963193537778920361e-02 1.070964097859358928e-02
-3.983553721935818859e-02 2.537583648804801473e-01 5.214808044685120825e-02 1.687626789638697888e-01 2.318720264071578302e-02 -1.023505033838787992e-01 -2.754578592056549508e-02 -7.392844988181652977e-02 1.819231333714611820e-01 -2.479144846750099690e-02 1.384632594303185880e-03 -2.029405954443475393e-02
4.686406288438664525e-02 -4.780822583843378701e-03 9.591168929349103145e-02 -4.286007186333299496e-02 -4.189478590724094592e-02 -9.141766059006334322e-02 1.175024332210058697e-01 -1.611737040085376663e-03 8.166575715744910091e-03 -2.013067470597952324e-01 1.173778104746364334e-02 -6.596276860959024435e-02
-5.111228174565378424e-02 -1.307337969728304961e-01 1.343810788990564692e-02 3.419270387088994834e-02 2.445862629691524653e-02 4.505788510569934402e-02 -1.678673736007315898e-01 -1.262985679060485977e-01 -4.154040981832987645e-03 4.103219765060688029e-02 4.872226026540826815e-02 -3.025070965830393976e-02
-3.893389651708920041e-02 4.793065617065270928e-02 1.244686137516882729e-01 1.506767378042871974e-01 3.985080490446478441e-02 -6.394099996569284350e-02 -7.461124207660860264e-02 -1.402104071536781071e-01 -1.210608074363586639e-01 7.740585740476639554e-02 8.644279651929961950e-02 -2.394548594214768178e-02
2.869880616808763441e-02 2.222017094629803735e-02 9.452812674703953144e-02 -1.134513825330566578e-01 -2.837626646267237679e-02 -4.986638954225981052e-02 -9.133270245109081920e-02 1.412827946546557911e-01 2.966468402179940969e-02 -9.591817685618828082e-02 5.270970735726338008e-02 -1.247408359427202990e-01
1.053539181823986981e-02 -4.559187195640587720e-02 -2.787814730201295180e-02 -6.120476785887075943e-02 -1.409132066439823527e-01 -1.320056786525971096e-02 4.303769638130995785e-03 -8.157390274120440710e-02 -7.697496229581658744e-02 1.705598385187145349e-01 1.953856328678422495e-03 1.630019830792463487e-01
-7.561423056841462542e-02 1.092378125686866985e-01 5.753155734356338313e-02 1.151338999021936926e-01 -3.863506022637406417e-02 -1.751285777426563744e-02 -6.586355726879006278e-02 -5.140313501308311356e-02 -1.665373209871324339e-02 3.724580784824976787e-02 -1.260450045061291546e-01 1.012559653928741255e-01
-2.301822071070261724e-02 1.731017030650831845e-02 -1.145831778018331359e-01 4.148549606967044667e-02 -6.254844520664638863e-02 7.756547563451782201e-02 -2.016805003768920301e-01 -1.466938448583333110e-01 -1.068047525646501628e-01 -5.374580870516251774e-02 5.535943766864610815e-02 -8.799732181649120438e-03
2.939880959229194957e-02 6.568741099458111354e-02 8.893114219729092440e-02 -1.759951830180999516e-02 6.236871030921188608e-02 -2.223863660542942447e-02 -7.655538552421478626e-02 7.833746271567394726e-02 7.283495488407190632e-02 5.596457882607128176e-02 3.866974993073823280e-02 -1.179647039193308100e-01
-4.919195744748867255e-02 -1.180109594202880807e-01 -5.450991753101222742e-04 -7.006915320412722414e-02 -5.989905832136502989e-02 2.845261534345778012e-02 6.053075554270291548e-04 -4.168228641079597951e-02 1.976548040273967601e-03 -1.171189958278785470e-01 -6.599332844649259677e-02 -2.897921260057254034e-02
-1.145322620100577005e-01 1.909542828472398368e-01 -2.211890555899795330e-02 5.094344152450883123e-02 3.008157016541707085e-02 -5.521209133045828707e-03 3.663539565520673724e-02 3.256685377544409066e-02 1.010696128445026098e-01 1.213324828100463826e-01 9.322931198578483791e-02 2.450620879928513268e-02
8.025673142708546204e-02 -2.582466141126156522e-02 -2.604113880559007915e-02 3.359620066471816994e-03 2.647029462049693693e-02 -1.669054325692378299e-02 5.931856894311516443e-02 3.640008186957360836e-02 -8.731638129418130279e-02 -6.531230214094638220e-02 1.148210460883085093e-01 -5.272203157778963117e-02
7.857229145361360745e-02 8.289374566035892511e-02 -4.197788900752325025e-02 -3.658580901806074426e-02 -3.868729023420890145e-02 -1.771367166169054708e-01 -7.899287988447895037e-02 4.255488467709822586e-02 -1.630622477710763352e-01 -1.171442128568938312e-01 9.091088740396513490e-02 2.008363762093504090e-02
-8.447505100823114732e-03 -2.163967269380123737e-02 -9.270635689953866942e-02 3.942198443561489851e-02 -3.478297966652266204e-02 2.976974469251559424e-02 5.284062507734320346e-02 -1.079586986009835881e-01 1.669136172616447755e-02 6.956639782538860672e-02 8.391808691845720203e-03 -4.814257095051256707e-02
-1.175460121922823481e-01 8.647339068522726102e-02 4.300148205567206651e-03 6.305544869207772851e-02 -1.861093970813051598e-02 -1.262545416318332503e-01 -9.105237252293615219e-03 -1.271253228415946679e-01 1.732666059930786789e-02 -2.168877984942449433e-01 -2.978566628041414213e-02 4.541630555728130847e-02
1.633877895940351044e-01 -1.206259556628803964e-01 9.693140779684564223e-02 7.279847595096550217e-02 -9.267253128721980593e-02 -4.848146731300780055e-02 -2.439263642925224573e-01 -7.570407093523176534e-02 -7.751357121778310044e-02 -7.458818666427759203e-02 -1.084992272829033572e-01 1.005055862711185244e-01
-1.276807574042224808e-03 5.713039860697484255e-04 -2.942836520869163489e-02 1.335200641408110581e-03 1.795536209565869179e-01 8.263881185028021381e-02 -4.431722188782628857e-02 -9.866338449291013613e-02 -1.270428611755333725e-01 1.920404049243120970e-01 1.268592095922514151e-01 6.401179634174193611e-02
1.562049067777867839e-01 -2.778708759294622535e-02 2.247332710223609933e-02 -5.004850491698868004e-02 -8.535218784122743096e-03 1.121489802396643670e-01 5.163780535344015404e-02 -1.290780600480542495e-01 4.395917545068765350e-03 -1.598513383634331958e-02 -8.256184827314633212e-02 -2.182199293109002014e-01
5.582392321260862267e-02 1.624276362491320624e-01 3.908286985261841262e-02 -8.019686930267429237e-02 -5.005411716852345427e-02 -2.057819586833816716e-01 -1.876806595205687128e-02 -7.608842120483315374e-03 5.134770100218233324e-02 8.429136280809826354e-02 -3.259721241226427868e-02 -4.506313894806236731e-02
3.080454863034264024e-02 1.214577453289163028e-01 5.651347995928189538e-02 4.985028805009479938e-03 5.858030847886578837e-03 6.447043609155805877e-02 -4.368520990953012051e-02 8.349652363567791266e-03 -1.862004461869245717e-02 -1.442657837331056542e-02 -9.755970252501601492e-02 3.313131698923706819e-02
8.012563762224400241e-03 9.594114967085612053e-03 1.284461647982722277e-01 -1.301677048252337654e-01 1.972276550119242411e-02 -5.906154755631448650e-02 4.211365445218376996e-02 -5.333038915200675675e-03 4.505369006121315995e-02 -6.085527580632403376e-05 -8.798746140744917454e-02 -1.127290391543271930e-01
4.619996148453502094e-02 -1.831527194665649033e-02 -2.841870762837952341e-02 -1.292534726007834103e-02 -5.082080152453460897e-02 9.873399390131966380e-02 -8.945731662848872834e-02 2.794429952966410308e-02 2.794351448948447034e-03 -1.542683328595375603e-01 -1.387167875767070235e-01 4.672477931472349827e-02
-2.783042759310535089e-02 9.568495215291286660e-02 -1.477129767729276622e-01 -7.241318585792892726e-02 -1.181247018303100971e-01 -5.148435526891237402e-02 5.393418091642566276e-02 1.078363632378122328e-01 6.473549139933515439e-02 1.148297666886884671e-01 1.362675068852916005e-01 5.761365638777386777e-02
3.702471357952574066e-02 -2.367428840795937628e-02 1.565113066163927313e-01 -2.975158685373834391e-02 4.163084067269010036e-02 -8.028378588495656276e-02 6.944435885526412111e-02 3.821508307221704176e-02 1.122306476462201774e-01 -1.085695308062695347e-01 6.009619862292713000e-02 1.045477420394456403e-01
4.769907857355421693e-02 -1.270849149718213111e-01 1.010452283140158003e-01 1.722111934407913672e-02 9.838953051710067066e-02 -7.354744478648457540e-02 8.349972330490038758e-03 -1.189196877113520290e-01 -1.836449641213729334e-01 -2.642222112024693315e-02 1.334511520085813197e-01 -1.093646157897765203e-02
-6.394843838935410085e-02 3.167391248354718171e-03 5.542834345794365319e-02 1.553004946593578364e-02 6.983184060705148466e-02 3.477635429953908341e-02 1.088680799032580859e-01 2.777926938067937918e-02 -1.088171716673993622e-01 -4.720263279102575316e-02 6.650306862550645071e-02 2.484470379333868564e-02
-1.056808139024813936e-02 -9.424127443967322826e-02 -1.221625122141179083e-02 1.005517172259988434e-01 -1.902782619805604147e-01 -2.858668427023628236e-02 -7.733144976331191023e-02 2.655599862954555190e-02 4.716215715832261512e-02 1.628736847810078880e-01 -1.151906622544037473e-01 1.999941708396005269e-02
-8.883702543921642714e-02 1.195448138515287258e-02 7.008881969147345847e-02 -7.865034634206941044e-02 -7.014528052584685647e-02 -1.153090719460766501e-02 4.834185641949378942e-02 5.300073097828995883e-02 1.158707149395637459e-01 -2.950767856938824735e-02 -5.801769648498338039e-02 -6.378490673349390683e-02
1.199646276699486980e-01 1.064279266849981337e-01 -2.441016015739278650e-02 -6.291459819351954974e-02 -4.478979424444802515e-02 -2.069989142713885358e-02 -7.371697227677065367e-02 -3.552931873194229220e-03 1.000648558805421612e-01 -2.365800057957848784e-02 2.127339085871610830e-03 -2.064045237539912092e-01
-6.552580743791135143e-02 8.510906030114741283e-02 -1.700618670756911810e-01 -5.216918209840031018e-02 4.232795647994944815e-02 -2.171216809902832279e-01 -6.242737812508564882e-02 -2.692213517370745796e-02 -1.894752030174522150e-02 4.274495813611900452e-02 -5.844116217318533202e-02 1.230641752241828507e-01
-8.755956284000061818e-03 -3.285472968678793126e-02 -5.098143509449074018e-02 -1.655742553807739437e-01 2.086557921443688360e-02 1.923841015720199887e-02 -2.812319153114442583e-02 -4.344988493268307772e-02 -5.940653573301550583e-02 -1.539349533582464458e-01 3.402420894597851103e-02 1.862803719160939786e-01
-9.832184883025191224e-02 -4.329174153584837426e-02 2.197614872625028304e-03 1.002416836973824520e-02 -4.384253638119697816e-02 -3.990514569127655981e-02 9.645255111887618416e-02 4.306073048024584154e-02 -7.213432424284862976e-02 -2.317969553521435737e-03 -9.805931095479902826e-02 -3.430862925464402829e-02
1.386110807051315133e-02 8.747248928091941322e-02 6.068363949379777800e-02 -3.784588612821344900e-02 9.689071223760638285e-02 3.288446975441505771e-03 -1.245591279020066312e-02 4.355275462679368548e-02 -2.774162391987526968e-02 -3.614708186258595857e-02 1.136100388464715213e-02 -5.552492950154871987e-02
5.410495304209836376e-02 9.363655824340412492e-02 -5.145985514250104448e-02 -7.824784337589006655e-02 -9.678339458230446335e-02 -7.253357080299709103e-02 1.063471007707818827e-01 6.430824329838477627e-02 -3.893641785482583606e-02 -1.204392676225475751e-02 1.059672794422888975e-01 -7.100392393009334613e-02
8.635552697974664682e-02 -1.034086973132754134e-01 9.009289661798855486e-02 -6.644699490741720269e-03 5.905019427889886263e-02 1.214411458077502004e-01 -5.551105069439225825e-02 -3.830741142931648469e-02 8.985626705676977299e-02 -1.162780057446304305e-01 -1.328774654355541762e-01 -5.657526802981928393e-02
-1.898313519937446306e-02 -8.968188170884464072e-02 7.708044674822148515e-03 1.727294870040807159e-02 8.400042248675942957e-02 9.271587812555569241e-03 -1.085299268365608472e-01 9.377187515136534146e-02 -1.318627694375752724e-01 -1.838373592683094360e-03 -2.352625347955377214e-02 -1.083496709201666776e-02
-7.500337321983485683e-02 1.289056841831077993e-02 -3.200620778384784260e-02 -1.351862293133353210e-02 4.424702593315704702e-02 -4.131094886768753305e-02 -1.019226013871760497e-02 -4.897819570679668583e-02 -8.383788934083796079e-03 -2.954137368784182441e-02 -1.064908978621813551e-01 1.225004482119268767e-01
-6.339459917634260311e-02 -3.860290971695978790e-02 7.961430229356905239e-03 -7.717946676810452655e-02 1.202312280396939659e-01 5.040035219374893252e-03 -2.367085666831002244e-02 7.849071606963206604e-02 -3.607789548734742242e-03 6.231291332712236147e-02 -3.820733994169743259e-03 7.766955001915863688e-02
-1.433148974874808024e-02 2.073919736940588177e-02 -1.587800137256502597e-01 1.739447646849806850e-01 -1.415798456313097087e-01 -1.047158221423792890e-01 9.567801745110104950e-02 -1.030333653809810054e-02 -5.475939919595129712e-02 -2.051282019525223644e-04 -1.186741275068367574e-01 7.634442158625462382e-02
-5.805500116673403821e-02 1.044835447390268929e-01 -3.294456515194981588e-02 -8.771410000494672676e-02 -4.288385421906601436e-02 -1.467317635523154307e-01 -5.572647595057168141e-02 -3.157992500681950504e-02 -7.221699812566634291e-02 6.615449008507373607e-02 1.039717060364725582e-01 -7.381459063392624420e-02
5.592627187809091384e-03 9.600472448612551446e-02 8.335221679100290881e-02 -1.786299538250830654e-01 -2.546337345387075096e-02 -1.748053358057647388e-01 -2.759792138357224089e-02 5.671536243103612873e-02 8.547637672812741227e-02 1.054025889766515151e-01 -6.257805229428098359e-02 4.332452934656723202e-03
1.293671144891900271e-01 1.315154448431123668e-01 -2.043505716238062098e-01 -1.334706934161759007e-01 -1.112554135407134992e-01 1.047180733686042947e-01 -2.318210744839364207e-02 -1.522765976399368011e-02 6.819235257065198175e-02 3.483080713108655663e-02 1.627957133100636777e-01 -8.098771232459056613e-02
-9.164634423453145440e-02 1.152435001701304362e-01 -9.792875392839819892e-02 -1.166472922403178625e-01 1.562737092600835764e-01 3.192624282393743268e-02 -3.718421915826725099e-02 -4.322496353218520382e-02 6.151417302580806934e-02 -1.093357526357026377e-01 1.162584479770534807e-01 -1.195659899964045675e-01
-5.512554770848877156e-02 1.390392758099266990e-01 -8.511719123494343453e-02 -6.296078187552885206e-04 -1.095314458676815705e-01 4.959617936297789492e-02 -6.389814495163076424e-02 -1.185943246037731158e-01 5.524344968272286611e-03 -5.484582227147860589e-02 -5.970067104384229467e-03 -1.865836274473735290e-02
1.565276354938249792e-02 2.302757458971415889e-03 1.548237922718186804e-02 7.870653433225055506e-02 4.111008585352351336e-02 -1.434173793874117253e-01 -5.600757183868421835e-02 -1.382999403962795748e-01 1.103787634101135590e-01 2.425263104667915726e-02 -7.065506416144207158e-02 -1.938769432293567388e-03
-5.582760133224660970e-02 -5.373603036006144307e-02 2.163051102831821393e-02 5.723693719506453732e-03 3.611024191653444682e-02 -1.512463762772340292e-01 9.559112030002499261e-02 6.154360925422829032e-02 6.760544604532758850e-02 -9.888385044492255249e-02 -3.272988354017941637e-02 8.525652755948942563e-02
8.623697982917090388e-02 2.974675728701439009e-02 -5.515477814806227230e-03 4.292859966648912562e-02 2.265106186666517724e-02 7.278488743884717338e-02 9.609278922386339794e-03 -1.358966486228388448e-01 7.595851679934219336e-02 -4.129169880630047251e-02 -2.720222179083419973e-03 1.654872998499343217e-02
-4.477730501588829404e-02 -6.033070928766885721e-02 -1.593679672348351228e-01 -3.136293849062055800e-02 -9.463161338792545549e-03 4.735271882124979237e-02 5.021907999910429563e-03 7.389456310852898779e-02 -5.712919664690321343e-03 -1.205111833211037486e-01 -1.567109227496090995e-01 -1.843905397928301618e-02
1.428063964066970948e-01 1.523970939289435167e-01 -3.029078510805363958e-02 -1.877428710137384049e-02 1.095976404835865593e-02 1.996812143774954473e-01 -1.406336659864398410e-02 -1.101436336537179456e-01 -8.135852452132623369e-02 7.493981058975543452e-02 1.807863553608993201e-02 8.245322927334217122e-02
-6.978910166587680430e-02 3.078503348384176164e-02 1.621738508880819080e-02 -1.202287736338976051e-02 -8.223355919143954251e-02 1.105090170904224622e-01 -6.903730197523136325e-02 -6.820953550061412130e-02 -1.546053833713478473e-02 -1.016320168057353313e-01 5.070392948089578328e-02 7.502791272146731860e-02
1.589955192674588902e-01 3.524546510063163163e-02 -5.877372632127223634e-02 1.204869587659241487e-01 1.120649227970528794e-01 2.652916943490804882e-02 -3.623327823835478800e-02 1.185898378434199069e-02 -1.045049116367510050e-02 -9.020372079077033922e-02 1.041286437576121604e-01 5.752317644577135958e-02
6.265372826109812110e-02 -2.039204531212954891e-02 -4.161635749292186270e-02 4.593450573773875251e-02 1.803929980017460188e-01 -4.731840321081079437e-03 -1.037613822839541511e-01 5.811999119390325519e-04 1.237064937417588772e-01 -7.184487683213780507e-02 -2.999483925750043301e-02 -1.544542143382900412e-01
-7.656769607377580944e-02 6.202582515511322059e-02 7.803678320195769902e-02 8.763106098097875329e-02 -5.729361265431688610e-02 -8.670598637538676212e-03 2.547409912858997205e-02 8.037926077079860648e-03 -1.087065229203474093e-01 3.698420306707276423e-02 4.299346155822819648e-02 -7.590827919300859039e-02
-8.878227511627241608e-02 4.250103845419060666e-02 -9.154318031424475699e-02 -1.097460129723338007e-01 -3.578216957372600676e-02 1.347858674010992547e-02 5.701508506690339956e-02 -7.189948485099310893e-02 5.179976363566855639e-03 8.170314297578602780e-02 -5.910029968485373125e-02 9.863541654968549510e-02
6.612349583049823010e-02 1.736342889341810358e-01 -3.282241547899204109e-02 1.051561998469095066e-01 -1.862206302782937195e-02 1.868079667419083115e-02 4.806062215712757386e-03 -4.752102267450661680e-03 7.213459267390043284e-02 -1.578446443730887050e-01 -6.372180332012997162e-02 1.930787638418999391e-02
3.325283199071133334e-03 -1.598367363287927778e-01 7.943865931327506735e-02 1.444731517418755551e-02 5.321087062947230800e-02 -1.544703182133835839e-01 3.181431848449263466e-02 -2.484633196330326976e-01 -6.202914493903816801e-02 5.085959863113066054e-02 1.709197955248456177e-02 -1.586660116471138443e-02
5.281174336553053072e-02 1.971498417352686439e-01 -5.996402820654473526e-02 8.253427975173288633e-02 -1.278956678762277477e-01 4.157409930753207944e-02 -1.091647214638523794e-01 -1.400630900877196557e-02 -5.096273377712873948e-02 -1.247542579664792650e-01 2.339827358557819773e-02 -6.758757525868108740e-02
-2.268957340527152228e-02 1.450492864221607919e-02 1.154322071414454198e-01 1.381407855311811428e-02 -1.644114134514550228e-03 5.463520587772572462e-02 -1.105327175527122119e-01 5.213966616134869253e-02 6.133334661746607519e-02 -7.067133469163011661e-02 1.210631368506782657e-01 3.388433887971594588e-02
2.409598579544582411e-02 -7.775343007897273645e-03 7.044294614060551962e-02 -2.514051215784613227e-02 -1.792683820420044871e-01 2.055564740783125469e-02 -1.188801484074488990e-01 -6.565196130650842454e-02 -9.104095288432609290e-02 -5.399508891105848224e-02 5.735620524701857958e-02 7.231712064278061902e-02
-1.079519505542858755e-02 -9.487177164910964855e-02 -5.482222610139795421e-02 6.533248273785913218e-02 1.071661372368675341e-01 4.975229164433789958e-02 5.426067166361773358e-02 -9.546341082187903559e-02 -2.144479505657819196e-01 -1.595033072422559761e-01 -1.525266908366318397e-02 1.296803792097661889e-01
